delta_wp TPR_B_rho13_imag_RWAanalytical
-4.0 0.0002544719748815719
-3.9919839679358717 0.0002559074874295567
-3.9839679358717435 0.0002573536402702716
-3.975951903807615 0.00025881053053959354
-3.967935871743487 0.00026027825642157507
-3.9599198396793587 0.0002617569171614374
-3.9519038076152304 0.0002632466130787444
-3.943887775551102 0.00026474744558076116
-3.935871743486974 0.00026625951717599883
-3.9278557114228456 0.00026778293148794916
-3.9198396793587174 0.0002693177932690122
-3.911823647294589 0.00027086420841461906
-3.903807615230461 0.00027242228397755325
-3.8957915831663326 0.00027399212818247443
-3.8877755511022043 0.0002755738504406463
-3.879759519038076 0.00027716756136487303
-3.8717434869739478 0.00027877337278464696
-3.8637274549098195 0.00028039139776151064
-3.8557114228456912 0.00028202175060463723
-3.847695390781563 0.00028366454688663243
-3.8396793587174347 0.0002853199034595605
-3.8316633266533064 0.0002869879384711999
-3.823647294589178 0.0002886687713815301
-3.81563126252505 0.00029036252297945424
-3.8076152304609217 0.0002920693153997617
-3.799599198396794 0.0002937892721403331
-3.791583166332665 0.0002955225180795933
-3.7835671342685373 0.00029726917949421427
-3.775551102204409 0.0002990293840770743
-3.7675350701402808 0.00030080326095547515
-3.7595190380761525 0.0003025909407096225
-3.7515030060120242 0.00030439255539137456
-3.743486973947896 0.0003062082385432612
-3.7354709418837677 0.0003080381252177802
-3.7274549098196395 0.0003098823519969729
-3.719438877755511 0.00031174105701228555
-3.711422845691383 0.0003136143799647198
-3.7034068136272547 0.0003155024621452771
-3.6953907815631264 0.00031740544645570274
-3.687374749498998 0.0003193234774295325
-3.67935871743487 0.0003212567012534496
-3.6713426853707416 0.00032320526578895304
-3.6633266533066133 0.00032516932059434685
-3.655310621242485 0.00032714901694705205
-3.647294589178357 0.00032914450786624756
-3.6392785571142285 0.0003311559481358466
-3.6312625250501003 0.0003331834943278122
-3.623246492985972 0.0003352273048258188
-3.6152304609218437 0.0003372875398492644
-3.6072144288577155 0.00033936436147764045
-3.599198396793587 0.00034145793367526377
-3.591182364729459 0.0003435684223163778
-3.5831663326653307 0.00034569599521062797
-3.5751503006012024 0.00034784082212891896
-3.567134268537074 0.0003500030748296585
-3.559118236472946 0.00035218292708539487
-3.5511022044088176 0.0003543805547098551
-3.5430861723446894 0.00035659613558538915
-3.535070140280561 0.00035882984969082894
-3.527054108216433 0.00036108187912976597
-3.5190380761523046 0.0003633524081592583
-3.5110220440881763 0.0003656416232189704
-3.503006012024048 0.0003679497129607561
-3.49498997995992 0.0003702768682786899
-3.4869739478957915 0.00037262328233955526
-3.4789579158316633 0.00037498915061379715
-3.470941883767535 0.00037737467090694717
-3.4629258517034067 0.0003797800433915278
-3.4549098196392785 0.0003822054706394458
-3.44689378757515 0.00038465115765488173
-3.438877755511022 0.00038711731190768374
-3.4308617234468937 0.0003896041433672755
-3.422845691382766 0.00039211186453708466
-3.414829659318637 0.0003946406904895053
-3.4068136272545093 0.00039719083890139536
-3.3987975951903806 0.0003997625300901283
-3.390781563126253 0.0004023559870501993
-3.382765531062124 0.0004049714354904018
-3.3747494989979963 0.0004076091038715794
-3.3667334669338675 0.0004102692234449686
-3.3587174348697397 0.0004129520282911346
-3.350701402805611 0.00041565775535952015
-3.342685370741483 0.0004183866445086073
-3.3346693386773545 0.0004211389385467132
-3.3266533066132267 0.0004239148832734208
-3.3186372745490984 0.00042671472752166495
-3.31062124248497 0.00042953872320047675
-3.302605210420842 0.0004323871253384034
-3.2945891783567136 0.00043526019212761333
-3.2865731462925853 0.00043815818496869733
-3.278557114228457 0.00044108136851617945
-3.270541082164329 0.00044403001072474953
-3.2625250501002006 0.0004470043828962302
-3.2545090180360723 0.0004500047597272897
-3.246492985971944 0.00045303141935791586
-3.2384769539078158 0.00045608464342066293
-3.2304609218436875 0.00045916471709068536
-3.2224448897795592 0.00046227192913657236
-3.214428857715431 0.00046540657197199675
-3.2064128256513027 0.00046856894170819454
-3.1983967935871744 0.00047175933820728594
-3.190380761523046 0.0004749780651364578
-3.182364729458918 0.0004782254300230174
-3.1743486973947896 0.00048150174431033744
-3.1663326653306614 0.00048480732341470595
-3.158316633266533 0.0004881424867830965
-3.150300601202405 0.0004915075579518774
-3.1422845691382766 0.0004949028646064744
-3.1342685370741483 0.0004983287386420063
-3.12625250501002 0.0005017855162249068
-3.118236472945892 0.0005052735378555561
-3.1102204408817635 0.0005087931484319347
-3.1022044088176353 0.0005123446973143218
-3.094188376753507 0.0005159285383910544
-3.0861723446893787 0.0005195450301453685
-3.0781563126252505 0.0005231945357233398
-3.070140280561122 0.0005268774230029456
-3.062124248496994 0.000530594064664267
-3.0541082164328657 0.0005343448382608521
-3.0460921843687374 0.0005381301262922628
-3.038076152304609 0.0005419503162778244
-3.030060120240481 0.0005458058008316019
-3.0220440881763526 0.0005496969777386242
-3.014028056112225 0.0005536242500323797
-3.006012024048096 0.0005575880260736065
-2.9979959919839683 0.0005615887196303988
-2.9899799599198396 0.00056562674995966
-2.9819639278557117 0.0005697025418899162
-2.973947895791583 0.0005738165259055305
-2.965931863727455 0.0005779691382323252
-2.9579158316633265 0.0005821608209246581
-2.9498997995991987 0.0005863920219539601
-2.94188376753507 0.0005906631952987799
-2.933867735470942 0.0005949748010363464
-2.9258517034068134 0.0005993273054356928
-2.9178356713426856 0.0006037211810523558
-2.909819639278557 0.0006081569068246968
-2.901803607214429 0.0006126349681718565
-2.8937875751503004 0.0006171558570933917
-2.8857715430861726 0.0006217200722706095
-2.877755511022044 0.0006263281191696451
-2.869739478957916 0.000630980510146303
-2.8617234468937878 0.0006356777645527078
-2.8537074148296595 0.0006404204088457849
-2.8456913827655312 0.0006452089766976189
-2.837675350701403 0.0006500440091077156
-2.8296593186372747 0.000654926054517208
-2.8216432865731464 0.000659855668925043
-2.813627254509018 0.0006648334160061854
-2.80561122244489 0.000669859867231879
-2.7975951903807617 0.0006749356019920004
-2.7895791583166334 0.0006800612077195523
-2.781563126252505 0.0006852372800173302
-2.773547094188377 0.0006904644227868084
-2.7655310621242486 0.000695743248359286
-2.7575150300601203 0.0007010743776293385
-2.749498997995992 0.0007064584401906159
-2.741482965931864 0.0007118960744740368
-2.7334669338677355 0.0007173879278884213
-2.7254509018036073 0.0007229346569636121
-2.717434869739479 0.0007285369274961311
-2.7094188376753507 0.0007341954146974211
-2.7014028056112225 0.000739910803344723
-2.693386773547094 0.0007456837879346389
-2.685370741482966 0.0007515150728394362
-2.6773547094188377 0.0007574053724661427
-2.6693386773547094 0.0007633554114184905
-2.661322645290581 0.0007693659246617626
-2.6533066132264533 0.0007754376576906001
-2.6452905811623246 0.0007815713666998319
-2.637274549098197 0.0007877678187583738
-2.629258517034068 0.0007940277919862807
-2.6212424849699403 0.0008003520757349857
-2.6132264529058116 0.0008067414707708183
-2.6052104208416837 0.0008131967894618405
-2.597194388777555 0.00081971885596809
-2.589178356713427 0.0008263085064352784
-2.5811623246492985 0.0008329665891920326
-2.5731462925851707 0.0008396939649507283
-2.565130260521042 0.0008464915070120158
-2.557114228456914 0.0008533601014730798
-2.5490981963927855 0.0008603006474397402
-2.5410821643286576 0.0008673140572424446
-2.533066132264529 0.0008744012566562527
-2.525050100200401 0.000881563185124875
-2.5170340681362724 0.0008888007959888658
-2.5090180360721446 0.0008961150567180377
-2.501002004008016 0.0009035069491482009
-2.492985971943888 0.0009109774697222957
-2.4849699398797593 0.0009185276297360335
-2.4769539078156315 0.0009261584555881094
-2.468937875751503 0.0009338709890351095
-2.460921843687375 0.0009416662874511824
-2.4529058116232467 0.0009495454240925985
-2.4448897795591185 0.0009575094883672758
-2.43687374749499 0.0009655595861093924
-2.428857715430862 0.0009736968398591791
-2.4208416833667337 0.000981922389148009
-2.4128256513026054 0.0009902373907888877
-2.404809619238477 0.0009986430191724605
-2.396793587174349 0.0010071404665686519
-2.3887775551102206 0.0010157309434340547
-2.3807615230460923 0.0010244156787251892
-2.372745490981964 0.0010331959202177585
-2.364729458917836 0.001042072934832024
-2.3567134268537075 0.0010510480089644329
-2.3486973947895793 0.0010601224488256276
-2.340681362725451 0.001069297580784977
-2.3326653306613228 0.0010785747517217648
-2.3246492985971945 0.001087955329383178
-2.3166332665330662 0.0010974407027492437
-2.308617234468938 0.001107032282404862
-2.3006012024048097 0.001116731500919085
-2.2925851703406814 0.001126539813231803
-2.284569138276553 0.0011364586970479971
-2.276553106212425 0.0011464896532397178
-2.2685370741482966 0.0011566342062559645
-2.2605210420841684 0.0011668939045406353
-2.25250501002004 0.0011772703209587197
-2.2444889779559123 0.0011877650532309218
-2.2364729458917836 0.0011983797243768977
-2.2284569138276558 0.0012091159831672865
-2.220440881763527 0.0012199755045847525
-2.2124248496993992 0.0012309599902942082
-2.2044088176352705 0.0012420711691224536
-2.1963927855711427 0.0012533107975474115
-2.188376753507014 0.0012646806601972014
-2.180360721442886 0.0012761825703592469
-2.1723446893787575 0.0012878183704996672
-2.1643286573146296 0.0012995899327931581
-2.156312625250501 0.0013114991596636322
-2.148296593186373 0.0013235479843358203
-2.1402805611222444 0.0013357383713981346
-2.1322645290581166 0.0013480723173769976
-2.124248496993988 0.0013605518513229511
-2.11623246492986 0.0013731790354087657
-2.1082164328657313 0.0013859559655398763
-2.1002004008016035 0.0013988847719773833
-2.092184368737475 0.0014119676199739557
-2.084168336673347 0.0014252067104228918
-2.0761523046092183 0.0014386042805206883
-2.0681362725450905 0.0014521626044433952
-2.0601202404809618 0.0014658839940371203
-2.052104208416834 0.0014797707995229756
-2.0440881763527057 0.001493825410216854
-2.0360721442885774 0.0015080502552643434
-2.028056112224449 0.001522447804391177
-2.020040080160321 0.0015370205686695757
-2.0120240480961926 0.0015517711013008618
-2.0040080160320644 0.0015667019984147502
-1.9959919839679365 0.0015818158998857114
-1.9879759519038078 0.001597115490166831
-1.9799599198396791 0.0016126034991415818
-1.9719438877755513 0.0016282827029939627
-1.9639278557114235 0.0016441559250974557
-1.9559118236472948 0.0016602260369232558
-1.947895791583166 0.0016764959589682595
-1.9398797595190382 0.0016929686617033204
-1.9318637274549104 0.0017096471665422638
-1.9238476953907817 0.0017265345468321868
-1.915831663326653 0.0017436339288655846
-1.9078156312625252 0.0017609484929148689
-1.8997995991983974 0.001778481474289846
-1.8917835671342687 0.0017962361644187329
-1.88376753507014 0.0018142159119533309
-1.8757515030060121 0.0018324241238989937
-1.8677354709418843 0.0018508642667700236
-1.8597194388777556 0.0018695398677711632
-1.8517034068136269 0.0018884545160058699
-1.843687374749499 0.0019076118637120984
-1.8356713426853712 0.001927015627526318
-1.8276553106212425 0.0019466695897764985
-1.8196392785571138 0.0019665775998048782
-1.811623246492986 0.0019867435753213036
-1.8036072144288582 0.0020071715037879847
-1.7955911823647295 0.002027865443836507
-1.7875751503006008 0.002048829526718001
-1.779559118236473 0.002070067957787403
-1.7715430861723451 0.0020915850180227348
-1.7635270541082164 0.002113385065580389
-1.7555110220440877 0.0021354725373874408
-1.74749498997996 0.0021578519507720394
-1.739478957915832 0.0021805279051329706
-1.7314629258517034 0.002203505083649495
-1.7234468937875755 0.0022267882550326386
-1.7154308617234477 0.002250382275319166
-1.707414829659319 0.002274292089709445
-1.6993987975951903 0.0022985227344505116
-1.6913827655310625 0.0023230793387657017
-1.6833667334669347 0.0023479671268322047
-1.675350701402806 0.0023731914198080037
-1.6673346693386772 0.0023987576379096666
-1.6593186372745494 0.002424671302542589
-1.6513026052104216 0.0024509380384852585
-1.643286573146293 0.0024775635761292132
-1.6352705410821642 0.0025045537537764354
-1.6272545090180364 0.002531914519995988
-1.6192384769539085 0.0025596519360417537
-1.6112224448897798 0.002587772178333217
-1.6032064128256511 0.002616281541001301
-1.5951903807615233 0.002645186438501381
-1.5871743486973955 0.0026744934082956464
-1.5791583166332668 0.0027042091136070564
-1.571142284569138 0.0027343403462472804
-1.5631262525050102 0.002764894029521066
-1.5551102204408824 0.002795877221209615
-1.5470941883767537 0.0028272971166355795
-1.539078156312625 0.0028591610518124973
-1.5310621242484972 0.002891476506681546
-1.5230460921843694 0.0029242511084386306
-1.5150300601202407 0.00295749263495492
-1.507014028056112 0.0029912090182941248
-1.4989979959919841 0.003025408348329944
-1.4909819639278563 0.0030600988764672367
-1.4829659318637276 0.003095289019470599
-1.474949899799599 0.003130987363404284
-1.466933867735471 0.00316720266768749
-1.4589178356713433 0.0032039438692692645
-1.4509018036072145 0.003241220086927431
-1.4428857715430858 0.003279040625696167
-1.434869739478958 0.0033174149814270987
-1.4268537074148302 0.003356352845488944
-1.4188376753507015 0.0033958641096109854
-1.4108216432865728 0.0034359588708759246
-1.402805611222445 0.0034766474368679236
-1.3947895791583171 0.0035179403309819053
-1.3867735470941884 0.003559848297900424
-1.3787575150300597 0.0036023823092448067
-1.370741482965932 0.0036455535694075595
-1.362725450901804 0.003689373521573322
-1.3547094188376754 0.003733853853936051
-1.3466933867735467 0.0037790065061204833
-1.3386773547094188 0.0038248436758163526
-1.330661322645291 0.003871377825634199
-1.3226452905811623 0.0039186216901920855
-1.3146292585170345 0.003966588283442975
-1.3066132264529067 0.004015290906253126
-1.298597194388778 0.004064743154242204
-1.2905811623246493 0.00411495892589649
-1.2825651302605214 0.004165952430967164
-1.2745490981963936 0.0042177381991661865
-1.266533066132265 0.004270331089172967
-1.2585170340681362 0.004323746297965741
-1.2505010020040084 0.004377999370492344
-1.2424849699398806 0.004433106209695754
-1.2344689378757518 0.004489083086910649
-1.2264529058116231 0.004545946652648122
-1.2184368737474953 0.004603713947786621
-1.2104208416833675 0.004662402415188155
-1.2024048096192388 0.004722029911759813
-1.19438877755511 0.004782614720981814
-1.1863727454909823 0.004844175565924518
-1.1783567134268544 0.004906731622777977
-1.1703406813627257 0.004970302534918984
-1.162324649298597 0.005034908427542022
-1.1543086172344692 0.005100569922882021
-1.1462925851703414 0.005167308156058406
-1.1382765531062127 0.0052351447915715815
-1.130260521042084 0.005304102040484906
-1.1222444889779561 0.005374202678327119
-1.1142284569138283 0.005445470063752221
-1.1062124248496996 0.0055179281579959445
-1.098196392785571 0.005591601545170417
-1.090180360721443 0.005666515453441076
-1.0821643286573153 0.005742695777132504
-1.0741482965931866 0.005820169099812738
-1.0661322645290578 0.0058989627184086214
-1.05811623246493 0.005979104668408123
-1.0501002004008022 0.006060623750208871
-1.0420841683366735 0.00614354955667591
-1.0340681362725448 0.006227912501975697
-1.026052104208417 0.006313743851757619
-1.0180360721442892 0.006401075754758832
-1.0100200400801604 0.006489941275913017
-1.0020040080160317 0.006580374431049053
-0.9939879759519039 0.006672410223271135
-0.9859719438877761 0.006766084681117861
-0.9779559118236474 0.006861434898604256
-0.9699398797595187 0.0069584990772577175
-0.9619238476953909 0.007057316570266355
-0.953907815631263 0.007157927928866092
-0.9458917835671343 0.00726037495110162
-0.9378757515030056 0.007364700733105546
-0.9298597194388778 0.007470949723050233
-0.92184368737475 0.007579167777937436
-0.9138276553106213 0.0076894022234025245
-0.9058116232464934 0.007801701916722704
-0.8977955911823656 0.007916117313232322
-0.8897795591182369 0.008032700536362684
-0.8817635270541082 0.0081515054515399
-0.8737474949899804 0.00827258774419153
-0.8657314629258526 0.008396005002131075
-0.8577154308617239 0.008521816802609643
-0.8496993987975952 0.008650084804345974
-0.8416833667334673 0.008780872844869647
-0.8336673346693395 0.008914247043538001
-0.8256513026052108 0.009050275910615118
-0.8176352705410821 0.009189030462831786
-0.8096192384769543 0.009330584345878388
-0.8016032064128265 0.009475013964318567
-0.7935871743486977 0.009622398619450807
-0.785571142284569 0.009772820655687957
-0.7775551102204412 0.009926365616071572
-0.7695390781563134 0.010083122407588904
-0.7615230460921847 0.010243183477016264
-0.753507014028056 0.010406644998073903
-0.7454909819639282 0.010573607070744529
-0.7374749498998003 0.010744173933681206
-0.7294589178356716 0.010918454190710993
-0.7214428857715429 0.01109656105252972
-0.7134268537074151 0.011278612594781015
-0.7054108216432873 0.011464732033820067
-0.6973947895791586 0.011655048021581224
-0.6893787575150299 0.011849694961099576
-0.681362725450902 0.012048813344381298
-0.6733466933867742 0.012252550114477215
-0.6653306613226455 0.012461059053791267
-0.6573146292585168 0.012674501200851843
-0.649298597194389 0.012893045297992066
-0.6412825651302612 0.013116868272626845
-0.6332665330661325 0.013346155755084082
-0.6252505010020037 0.01358110263624754
-0.6172344689378759 0.013821913668603816
-0.6092184368737481 0.014068804114659574
-0.6012024048096194 0.014322000447113372
-0.5931863727454907 0.014581741105635223
-0.5851703406813629 0.01484827731563253
-0.577154308617235 0.01512187397497111
-0.5691382765531063 0.01540281061528426
-0.5611222444889776 0.015691382445251378
-0.5531062124248498 0.015987901484072226
-0.545090180360722 0.016292697794317655
-0.5370741482965933 0.01660612082441841
-0.5290581162324646 0.016928540872280455
-0.5210420841683367 0.017260350682908442
-0.5130260521042089 0.017601967194504988
-0.5050100200400802 0.017953833449322148
-0.4969939879759524 0.01831642068760887
-0.4889779559118246 0.018690230645364923
-0.48096192384769587 0.019075798079325582
-0.47294589178356716 0.01947369354572373
-0.46492985971943934 0.019884526462971647
-0.4569138276553115 0.020308948492556652
-0.4488977955911828 0.020747657277250187
-0.4408817635270541 0.021201400581304625
-0.4328657314629263 0.02167098088379479
-0.42484969939879846 0.022157260483817987
-0.41683366733466976 0.0226611671850997
-0.40881763527054105 0.023183700637904682
-0.4008016032064132 0.023725939428319992
-0.3927855711422854 0.02428904901931499
-0.3847695390781567 0.0248742906649342
-0.376753507014028 0.025483031439077788
-0.36873747494990017 0.02611675554423267
-0.36072144288577235 0.02677707709404866
-0.35270541082164364 0.02746575459782164
-0.34468937875751493 0.02818470741600838
-0.3366733466933871 0.02893603450542415
-0.3286573146292593 0.029722035832742348
-0.3206412825651306 0.03054523690781013
-0.3126252505010019 0.03140841697727241
-0.30460921843687405 0.03231464152806683
-0.29659318637274623 0.03326729988464942
-0.2885771543086175 0.034270148849935164
-0.2805611222444888 0.03532736354642285
-0.272545090180361 0.036443596871909546
-0.2645290581162332 0.03762404930808394
-0.25651302605210446 0.03887455122918858
-0.24849699398797576 0.04020166037707898
-0.24048096192384794 0.04161277783195334
-0.23246492985972012 0.04311628665974535
-0.2244488977955914 0.044721718518283736
-0.2164328657314627 0.04643995493705858
-0.20841683366733488 0.04828347186206566
-0.20040080160320706 0.050266638531943346
-0.19238476953907835 0.05240608503753823
-0.18436873747494964 0.05472115730999115
-0.17635270541082182 0.05723448419484646
-0.168336673346694 0.05997268927767437
-0.1603206412825653 0.06296729103420852
-0.15230460921843658 0.0662558497999576
-0.14428857715430876 0.06988344051308763
-0.13627254509018094 0.07390455819117459
-0.12825651302605223 0.0783856011285247
-0.12024048096192352 0.08340812737117481
-0.1122244488977957 0.0890731442039006
-0.10420841683366788 0.09550676317688188
-0.09619238476953917 0.10286761059546214
-0.08817635270541135 0.11135634643810167
-0.08016032064128353 0.12122727952059409
-0.07214428857715482 0.13280070128128724
-0.06412825651302612 0.14647025790651005
-0.056112224448898296 0.16268675005946776
-0.048096192384770475 0.18186104398594244
-0.04008016032064177 0.20401177955320793
-0.03206412825651306 0.22763219343479232
-0.024048096192385238 0.24629338925988822
-0.016032064128257417 0.24006273350888274
-0.008016032064128709 0.16605290776080564
0.0 -0.0
0.00801603206412782 -0.16605290776079193
0.01603206412825653 -0.2400627335088793
0.02404809619238435 -0.24629338925988947
0.03206412825651306 -0.22763219343479232
0.04008016032064088 -0.20401177955321056
0.04809619238476959 -0.18186104398594474
0.05611222444889741 -0.1626867500594697
0.06412825651302612 -0.14647025790651005
0.07214428857715394 -0.13280070128128862
0.08016032064128265 -0.12122727952059527
0.08817635270541047 -0.11135634643810267
0.09619238476953917 -0.10286761059546214
0.104208416833667 -0.09550676317688263
0.11222444889779482 -0.08907314420390128
0.12024048096192352 -0.08340812737117481
0.12825651302605134 -0.07838560112852525
0.13627254509018005 -0.07390455819117506
0.14428857715430787 -0.06988344051308805
0.15230460921843658 -0.0662558497999576
0.1603206412825644 -0.06296729103420887
0.1683366733466931 -0.059972689277674684
0.17635270541082093 -0.05723448419484675
0.18436873747494964 -0.05472115730999115
0.19238476953907746 -0.05240608503753847
0.20040080160320617 -0.05026663853194356
0.208416833667334 -0.04828347186206587
0.2164328657314627 -0.04643995493705858
0.22444889779559052 -0.04472171851828392
0.23246492985971923 -0.04311628665974553
0.24048096192384705 -0.041612777831953496
0.24849699398797576 -0.04020166037707898
0.2565130260521036 -0.038874551229188724
0.2645290581162323 -0.03762404930808408
0.2725450901803601 -0.03644359687190967
0.2805611222444888 -0.03532736354642285
0.28857715430861663 -0.03427014884993528
0.29659318637274534 -0.033267299884649534
0.30460921843687316 -0.03231464152806693
0.3126252505010019 -0.03140841697727241
0.3206412825651297 -0.030545236907810226
0.3286573146292584 -0.02972203583274244
0.3366733466933862 -0.02893603450542424
0.34468937875751493 -0.02818470741600838
0.35270541082164275 -0.027465754597821725
0.36072144288577146 -0.026777077094048727
0.3687374749498993 -0.026116755544232744
0.376753507014028 -0.025483031439077788
0.3847695390781558 -0.024874290664934264
0.3927855711422845 -0.024289049019315063
0.40080160320641234 -0.02372593942832005
0.40881763527054105 -0.023183700637904682
0.41683366733466887 -0.022661167185099758
0.4248496993987976 -0.022157260483818043
0.4328657314629254 -0.021670980883794846
0.4408817635270541 -0.021201400581304625
0.4488977955911819 -0.02074765727725024
0.45691382765531063 -0.0203089484925567
0.46492985971943845 -0.019884526462971695
0.47294589178356716 -0.01947369354572373
0.480961923847695 -0.01907579807932563
0.4889779559118237 -0.01869023064536497
0.4969939879759515 -0.018316420687608914
0.5050100200400802 -0.017953833449322148
0.513026052104208 -0.017601967194505026
0.5210420841683359 -0.017260350682908484
0.5290581162324646 -0.016928540872280455
0.5370741482965924 -0.01660612082441845
0.5450901803607211 -0.016292697794317693
0.5531062124248489 -0.01598790148407226
0.5611222444889776 -0.015691382445251378
0.5691382765531054 -0.01540281061528429
0.5771543086172342 -0.015121873974971138
0.585170340681362 -0.01484827731563256
0.5931863727454907 -0.014581741105635223
0.6012024048096185 -0.0143220004471134
0.6092184368737472 -0.0140688041146596
0.617234468937875 -0.013821913668603846
0.6252505010020037 -0.01358110263624754
0.6332665330661316 -0.01334615575508411
0.6412825651302603 -0.013116868272626873
0.6492985971943881 -0.01289304529799209
0.6573146292585168 -0.012674501200851843
0.6653306613226446 -0.012461059053791293
0.6733466933867733 -0.01225255011447724
0.6813627254509012 -0.01204881334438132
0.6893787575150299 -0.011849694961099576
0.6973947895791577 -0.011655048021581245
0.7054108216432864 -0.011464732033820091
0.7134268537074142 -0.011278612594781037
0.7214428857715429 -0.01109656105252972
0.7294589178356707 -0.010918454190711012
0.7374749498997994 -0.010744173933681225
0.7454909819639273 -0.010573607070744548
0.753507014028056 -0.010406644998073903
0.7615230460921838 -0.010243183477016282
0.7695390781563125 -0.01008312240758892
0.7775551102204403 -0.009926365616071587
0.785571142284569 -0.009772820655687957
0.7935871743486969 -0.009622398619450821
0.8016032064128256 -0.009475013964318582
0.8096192384769534 -0.009330584345878403
0.8176352705410821 -0.009189030462831786
0.8256513026052099 -0.009050275910615134
0.8336673346693386 -0.008914247043538017
0.8416833667334664 -0.008780872844869662
0.8496993987975952 -0.008650084804345974
0.857715430861723 -0.008521816802609659
0.8657314629258517 -0.008396005002131087
0.8737474949899795 -0.008272587744191543
0.8817635270541082 -0.0081515054515399
0.889779559118236 -0.008032700536362696
0.8977955911823647 -0.007916117313232338
0.9058116232464926 -0.007801701916722717
0.9138276553106213 -0.0076894022234025245
0.9218436873747491 -0.007579167777937448
0.9298597194388769 -0.007470949723050244
0.9378757515030056 -0.007364700733105546
0.9458917835671334 -0.007260374951101632
0.9539078156312621 -0.007157927928866104
0.96192384769539 -0.007057316570266366
0.9699398797595187 -0.0069584990772577175
0.9779559118236465 -0.006861434898604266
0.9859719438877752 -0.006766084681117871
0.993987975951903 -0.006672410223271145
1.0020040080160317 -0.006580374431049053
1.0100200400801596 -0.006489941275913027
1.0180360721442883 -0.006401075754758841
1.026052104208416 -0.006313743851757629
1.0340681362725448 -0.006227912501975697
1.0420841683366726 -0.0061435495566759205
1.0501002004008013 -0.0060606237502088805
1.0581162324649291 -0.005979104668408131
1.0661322645290578 -0.0058989627184086214
1.0741482965931857 -0.0058201690998127475
1.0821643286573144 -0.005742695777132514
1.0901803607214422 -0.005666515453441084
1.098196392785571 -0.005591601545170417
1.1062124248496987 -0.005517928157995953
1.1142284569138274 -0.005445470063752229
1.1222444889779553 -0.005374202678327129
1.130260521042084 -0.005304102040484906
1.1382765531062118 -0.005235144791571588
1.1462925851703405 -0.0051673081560584125
1.1543086172344683 -0.005100569922882027
1.162324649298597 -0.005034908427542022
1.1703406813627248 -0.004970302534918991
1.1783567134268536 -0.004906731622777985
1.1863727454909814 -0.004844175565924524
1.19438877755511 -0.004782614720981814
1.202404809619238 -0.0047220299117598195
1.2104208416833666 -0.004662402415188162
1.2184368737474944 -0.004603713947786627
1.2264529058116231 -0.004545946652648122
1.234468937875751 -0.004489083086910655
1.2424849699398797 -0.00443310620969576
1.2505010020040075 -0.004377999370492349
1.2585170340681362 -0.004323746297965741
1.266533066132264 -0.004270331089172972
1.2745490981963927 -0.0042177381991661935
1.2825651302605205 -0.00416595243096717
1.2905811623246493 -0.00411495892589649
1.298597194388777 -0.004064743154242209
1.3066132264529058 -0.004015290906253132
1.3146292585170336 -0.00396658828344298
1.3226452905811623 -0.0039186216901920855
1.3306613226452901 -0.0038713778256342043
1.338677354709418 -0.0038248436758163565
1.3466933867735467 -0.0037790065061204833
1.3547094188376745 -0.0037338538539360565
1.3627254509018032 -0.0036893735215733268
1.370741482965931 -0.003645553569407565
1.3787575150300597 -0.0036023823092448067
1.3867735470941875 -0.0035598482979004283
1.3947895791583163 -0.00351794033098191
1.402805611222444 -0.003476647436867929
1.4108216432865728 -0.0034359588708759246
1.4188376753507006 -0.0033958641096109897
1.4268537074148293 -0.0033563528454889488
1.4348697394789571 -0.003317414981427102
1.4428857715430858 -0.003279040625696167
1.4509018036072137 -0.003241220086927435
1.4589178356713424 -0.003203943869269268
1.4669338677354702 -0.0031672026676874943
1.474949899799599 -0.003130987363404284
1.4829659318637267 -0.003095289019470603
1.4909819639278554 -0.0030600988764672406
1.4989979959919832 -0.003025408348329948
1.507014028056112 -0.0029912090182941248
1.5150300601202398 -0.0029574926349549236
1.5230460921843685 -0.0029242511084386345
1.5310621242484963 -0.0028914765066815505
1.539078156312625 -0.0028591610518124973
1.5470941883767528 -0.002827297116635583
1.5551102204408815 -0.002795877221209618
1.5631262525050094 -0.00276489402952107
1.571142284569138 -0.0027343403462472804
1.579158316633266 -0.00270420911360706
1.5871743486973946 -0.0026744934082956495
1.5951903807615224 -0.0026451864385013844
1.6032064128256511 -0.002616281541001301
1.611222444889779 -0.0025877721783332205
1.6192384769539077 -0.0025596519360417567
1.6272545090180355 -0.002531914519995991
1.6352705410821642 -0.0025045537537764354
1.643286573146292 -0.0024775635761292163
1.6513026052104207 -0.002450938038485261
1.6593186372745485 -0.0024246713025425914
1.6673346693386772 -0.0023987576379096666
1.675350701402805 -0.0023731914198080063
1.6833667334669338 -0.0023479671268322073
1.6913827655310616 -0.0023230793387657043
1.6993987975951903 -0.0022985227344505116
1.7074148296593181 -0.002274292089709448
1.7154308617234468 -0.0022503822753191694
1.7234468937875747 -0.0022267882550326412
1.7314629258517034 -0.002203505083649495
1.7394789579158312 -0.0021805279051329727
1.747494989979959 -0.002157851950772042
1.7555110220440877 -0.0021354725373874408
1.7635270541082155 -0.0021133850655803916
1.7715430861723442 -0.002091585018022737
1.779559118236472 -0.0020700679577874055
1.7875751503006008 -0.002048829526718001
1.7955911823647286 -0.002027865443836509
1.8036072144288573 -0.0020071715037879873
1.8116232464929851 -0.0019867435753213062
1.8196392785571138 -0.0019665775998048782
1.8276553106212416 -0.0019466695897765007
1.8356713426853704 -0.0019270156275263202
1.8436873747494982 -0.001907611863712101
1.8517034068136269 -0.0018884545160058699
1.8597194388777547 -0.0018695398677711652
1.8677354709418834 -0.0018508642667700258
1.8757515030060112 -0.0018324241238989955
1.88376753507014 -0.0018142159119533309
1.8917835671342678 -0.0017962361644187346
1.8997995991983965 -0.0017784814742898478
1.9078156312625243 -0.0017609484929148706
1.915831663326653 -0.0017436339288655846
1.9238476953907808 -0.0017265345468321885
1.9318637274549095 -0.0017096471665422658
1.9398797595190373 -0.0016929686617033223
1.947895791583166 -0.0016764959589682595
1.9559118236472939 -0.0016602260369232573
1.9639278557114226 -0.0016441559250974576
1.9719438877755504 -0.0016282827029939645
1.9799599198396791 -0.0016126034991415818
1.987975951903807 -0.0015971154901668326
1.9959919839679356 -0.001581815899885713
2.0040080160320635 -0.0015667019984147517
2.012024048096192 -0.0015517711013008626
2.020040080160321 -0.0015370205686695757
2.028056112224448 -0.0015224478043911794
2.0360721442885765 -0.0015080502552643447
2.0440881763527052 -0.0014938254102168547
2.052104208416832 -0.001479770799522979
2.0601202404809627 -0.0014658839940371187
2.0681362725450896 -0.0014521626044433965
2.0761523046092183 -0.0014386042805206883
2.084168336673347 -0.0014252067104228918
2.092184368737474 -0.0014119676199739572
2.1002004008016026 -0.0013988847719773848
2.1082164328657313 -0.0013859559655398763
2.1162324649298583 -0.0013731790354087683
2.1242484969939888 -0.0013605518513229498
2.1322645290581157 -0.001348072317376999
2.1402805611222444 -0.0013357383713981346
2.148296593186373 -0.0013235479843358203
2.1563126252505 -0.0013114991596636337
2.1643286573146288 -0.0012995899327931599
2.1723446893787575 -0.0012878183704996672
2.1803607214428844 -0.0012761825703592495
2.188376753507013 -0.0012646806601972025
2.196392785571142 -0.0012533107975474128
2.2044088176352687 -0.0012420711691224565
2.2124248496993992 -0.0012309599902942082
2.220440881763526 -0.0012199755045847536
2.228456913827655 -0.0012091159831672878
2.2364729458917836 -0.0011983797243768977
2.2444889779559105 -0.0011877650532309246
2.2525050100200392 -0.0011772703209587208
2.260521042084168 -0.001166893904540636
2.268537074148295 -0.0011566342062559669
2.2765531062124253 -0.001146489653239717
2.2845691382765523 -0.0011364586970479982
2.292585170340681 -0.0011265398132318037
2.3006012024048097 -0.001116731500919085
2.3086172344689366 -0.0011070322824048636
2.3166332665330653 -0.0010974407027492447
2.324649298597194 -0.0010879553293831783
2.332665330661321 -0.0010785747517217668
2.3406813627254515 -0.0010692975807849768
2.3486973947895784 -0.0010601224488256287
2.356713426853707 -0.0010510480089644333
2.364729458917836 -0.001042072934832024
2.3727454909819627 -0.0010331959202177598
2.3807615230460915 -0.0010244156787251903
2.38877755511022 -0.0010157309434340551
2.396793587174347 -0.0010071404665686538
2.4048096192384776 -0.00099864301917246
2.4128256513026045 -0.0009902373907888886
2.420841683366733 -0.0009819223891480095
2.428857715430862 -0.0009736968398591791
2.436873747494989 -0.0009655595861093935
2.4448897795591176 -0.0009575094883672768
2.4529058116232463 -0.0009495454240925989
2.460921843687373 -0.0009416662874511841
2.4689378757515037 -0.0009338709890351088
2.4769539078156306 -0.0009261584555881103
2.4849699398797593 -0.0009185276297360335
2.492985971943888 -0.0009109774697222957
2.501002004008015 -0.0009035069491482016
2.5090180360721437 -0.0008961150567180387
2.5170340681362724 -0.0008888007959888658
2.5250501002003993 -0.0008815631851248764
2.53306613226453 -0.0008744012566562517
2.5410821643286567 -0.0008673140572424453
2.5490981963927855 -0.0008603006474397402
2.557114228456914 -0.0008533601014730798
2.565130260521041 -0.0008464915070120168
2.57314629258517 -0.0008396939649507293
2.5811623246492985 -0.0008329665891920326
2.5891783567134254 -0.0008263085064352802
2.597194388777554 -0.0008197188559680907
2.605210420841683 -0.0008131967894618411
2.61322645290581 -0.0008067414707708198
2.6212424849699403 -0.0008003520757349857
2.629258517034067 -0.0007940277919862813
2.637274549098196 -0.0007877678187583746
2.6452905811623246 -0.0007815713666998319
2.6533066132264516 -0.0007754376576906015
2.6613226452905803 -0.0007693659246617633
2.669338677354709 -0.0007633554114184909
2.677354709418836 -0.0007574053724661441
2.6853707414829664 -0.000751515072839436
2.6933867735470933 -0.0007456837879346395
2.701402805611222 -0.0007399108033447233
2.7094188376753507 -0.0007341954146974211
2.7174348697394777 -0.0007285369274961321
2.7254509018036064 -0.0007229346569636128
2.733466933867735 -0.0007173879278884216
2.741482965931862 -0.000711896074474038
2.7494989979959925 -0.0007064584401906156
2.7575150300601194 -0.000701074377629339
2.765531062124248 -0.0006957432483592862
2.773547094188377 -0.0006904644227868084
2.781563126252504 -0.0006852372800173312
2.7895791583166325 -0.0006800612077195527
2.797595190380761 -0.0006749356019920007
2.805611222444888 -0.0006698598672318801
2.8136272545090186 -0.0006648334160061853
2.8216432865731456 -0.0006598556689250436
2.8296593186372743 -0.0006549260545172082
2.837675350701403 -0.0006500440091077156
2.84569138276553 -0.0006452089766976197
2.8537074148296586 -0.0006404204088457855
2.8617234468937873 -0.000635677764552708
2.8697394789579143 -0.000630980510146304
2.8777555110220447 -0.0006263281191696446
2.8857715430861717 -0.00062172007227061
2.8937875751503004 -0.0006171558570933917
2.901803607214429 -0.0006126349681718565
2.909819639278556 -0.0006081569068246973
2.9178356713426847 -0.0006037211810523563
2.9258517034068134 -0.0005993273054356928
2.9338677354709404 -0.0005949748010363475
2.941883767535071 -0.0005906631952987794
2.949899799599198 -0.0005863920219539603
2.9579158316633265 -0.0005821608209246581
2.965931863727455 -0.0005779691382323252
2.973947895791582 -0.0005738165259055309
2.981963927855711 -0.0005697025418899168
2.9899799599198396 -0.00056562674995966
2.9979959919839665 -0.0005615887196303998
3.006012024048095 -0.0005575880260736071
3.014028056112224 -0.0005536242500323803
3.022044088176351 -0.0005496969777386251
3.0300601202404813 -0.0005458058008316017
3.0380761523046083 -0.0005419503162778248
3.046092184368737 -0.0005381301262922629
3.0541082164328657 -0.0005343448382608521
3.0621242484969926 -0.0005305940646642677
3.0701402805611213 -0.0005268774230029461
3.07815631262525 -0.00052319453572334
3.086172344689377 -0.0005195450301453693
3.0941883767535074 -0.0005159285383910542
3.1022044088176344 -0.0005123446973143223
3.110220440881763 -0.0005087931484319349
3.118236472945892 -0.0005052735378555561
3.1262525050100187 -0.0005017855162249075
3.1342685370741474 -0.0004983287386420066
3.142284569138276 -0.0004949028646064747
3.150300601202403 -0.000491507557951878
3.1583166332665336 -0.0004881424867830963
3.1663326653306605 -0.00048480732341470633
3.174348697394789 -0.00048150174431033766
3.182364729458918 -0.0004782254300230174
3.190380761523045 -0.0004749780651364582
3.1983967935871735 -0.0004717593382072863
3.2064128256513023 -0.0004685689417081947
3.214428857715429 -0.0004654065719719974
3.2224448897795597 -0.0004622719291365722
3.2304609218436866 -0.0004591647170906858
3.2384769539078153 -0.0004560846434206632
3.246492985971944 -0.00045303141935791586
3.254509018036071 -0.00045000475972729014
3.2625250501001997 -0.0004470043828962305
3.2705410821643284 -0.0004440300107247496
3.2785571142284553 -0.00044108136851618
3.286573146292586 -0.0004381581849686971
3.2945891783567127 -0.0004352601921276137
3.3026052104208414 -0.00043238712533840367
3.31062124248497 -0.00042953872320047675
3.318637274549097 -0.0004267147275216654
3.326653306613226 -0.00042391488327342115
3.3346693386773545 -0.0004211389385467132
3.3426853707414814 -0.0004183866445086079
3.350701402805612 -0.0004156577553595199
3.358717434869739 -0.00041295202829113496
3.3667334669338675 -0.0004102692234449686
3.3747494989979963 -0.0004076091038715794
3.382765531062123 -0.0004049714354904021
3.390781563126252 -0.00040235598705019957
3.3987975951903806 -0.0003997625300901283
3.4068136272545075 -0.00039719083890139584
3.4148296593186362 -0.0003946406904895056
3.422845691382765 -0.00039211186453708493
3.430861723446892 -0.000389604143367276
3.4388777555110224 -0.0003871173119076837
3.4468937875751493 -0.00038465115765488206
3.454909819639278 -0.0003822054706394459
3.4629258517034067 -0.0003797800433915278
3.4709418837675337 -0.00037737467090694755
3.4789579158316624 -0.00037498915061379736
3.486973947895791 -0.0003726232823395553
3.494989979959918 -0.00037027686827869043
3.5030060120240485 -0.0003679497129607559
3.5110220440881754 -0.0003656416232189706
3.519038076152304 -0.00036335240815925834
3.527054108216433 -0.00036108187912976597
3.5350701402805598 -0.0003588298496908292
3.5430861723446885 -0.0003565961355853894
3.551102204408817 -0.00035438055470985515
3.559118236472944 -0.0003521829270853954
3.5671342685370746 -0.00035000307482965846
3.5751503006012015 -0.0003478408221289192
3.5831663326653302 -0.0003456959952106281
3.591182364729459 -0.0003435684223163778
3.599198396793586 -0.00034145793367526414
3.6072144288577146 -0.00033936436147764067
3.6152304609218433 -0.0003372875398492645
3.6232464929859702 -0.00033522730482581927
3.6312625250501007 -0.00033318349432781216
3.6392785571142277 -0.0003311559481358468
3.6472945891783564 -0.0003291445078662477
3.655310621242485 -0.00032714901694705205
3.663326653306612 -0.00032516932059434723
3.6713426853707407 -0.0003232052657889533
3.6793587174348694 -0.00032125670125344964
3.6873747494989964 -0.00031932347742953297
3.695390781563127 -0.00031740544645570253
3.7034068136272538 -0.00031550246214527734
3.7114228456913825 -0.0003136143799647199
3.719438877755511 -0.00031174105701228555
3.727454909819638 -0.00030988235199697317
3.735470941883767 -0.0003080381252177803
3.7434869739478955 -0.00030620823854326124
3.7515030060120225 -0.00030439255539137493
3.759519038076153 -0.00030259094070962244
3.76753507014028 -0.0003008032609554753
3.7755511022044086 -0.0002990293840770745
3.7835671342685373 -0.00029726917949421427
3.7915831663326642 -0.0002955225180795934
3.799599198396793 -0.0002937892721403332
3.8076152304609217 -0.0002920693153997617
3.8156312625250486 -0.00029036252297945457
3.8236472945891773 -0.00028866877138153033
3.831663326653306 -0.0002869879384712
3.839679358717433 -0.0002853199034595609
3.8476953907815634 -0.0002836645468866323
3.8557114228456904 -0.00028202175060463745
3.863727454909819 -0.00028039139776151075
3.8717434869739478 -0.00027877337278464696
3.8797595190380747 -0.00027716756136487335
3.8877755511022034 -0.0002755738504406465
3.895791583166332 -0.0002739921281824745
3.903807615230459 -0.00027242228397755363
3.9118236472945895 -0.000270864208414619
3.9198396793587165 -0.0002693177932690124
3.927855711422845 -0.00026778293148794927
3.935871743486974 -0.00026625951717599883
3.943887775551101 -0.00026474744558076143
3.9519038076152295 -0.0002632466130787446
3.9599198396793582 -0.00026175691716143743
3.967935871743485 -0.0002602782564215754
3.9759519038076157 -0.00025881053053959343
3.9839679358717426 -0.0002573536402702717
3.9919839679358713 -0.00025590748742955683
4.0 -0.0002544719748815719
