delta_wp TPR_B_rho13_real_RWAanalytical
-4.0 0.0005625874879584004
-3.9919839679358717 0.0005646219303011756
-3.9839679358717435 0.0005666670099528645
-3.975951903807615 0.0005687227980136467
-3.967935871743487 0.0005707893661478969
-3.9599198396793587 0.0005728667865892001
-3.9519038076152304 0.0005749551321454133
-3.943887775551102 0.0005770544762037723
-3.935871743486974 0.0005791648927360511
-3.9278557114228456 0.0005812864563037632
-3.9198396793587174 0.0005834192420634165
-3.911823647294589 0.0005855633257718139
-3.903807615230461 0.000587718783791405
-3.8957915831663326 0.0005898856930956863
-3.8877755511022043 0.0005920641312746524
-3.879759519038076 0.0005942541765402978
-3.8717434869739478 0.000596455907732169
-3.8637274549098195 0.000598669404322968
-3.8557114228456912 0.0006008947464242092
-3.847695390781563 0.0006031320147919267
-3.8396793587174347 0.0006053812908324354
-3.8316633266533064 0.0006076426566081445
-3.823647294589178 0.0006099161948434262
-3.81563126252505 0.0006122019889305356
-3.8076152304609217 0.0006145001229355889
-3.799599198396794 0.0006168106816045919
-3.791583166332665 0.0006191337503695287
-3.7835671342685373 0.0006214694153545021
-3.775551102204409 0.0006238177633819328
-3.7675350701402808 0.0006261788819788142
-3.7595190380761525 0.0006285528593830239
-3.7515030060120242 0.000630939784549695
-3.743486973947896 0.0006333397471576413
-3.7354709418837677 0.0006357528376158457
-3.7274549098196395 0.0006381791470700032
-3.719438877755511 0.0006406187674091272
-3.711422845691383 0.0006430717912722113
-3.7034068136272547 0.0006455383120549552
-3.6953907815631264 0.000648018423916549
-3.687374749498998 0.0006505122217865184
-3.67935871743487 0.0006530198013716336
-3.6713426853707416 0.0006555412591628771
-3.6633266533066133 0.0006580766924424761
-3.655310621242485 0.0006606261992909983
-3.647294589178357 0.0006631898785945072
-3.6392785571142285 0.0006657678300517856
-3.6312625250501003 0.0006683601541816207
-3.623246492985972 0.0006709669523301537
-3.6152304609218437 0.0006735883266782958
-3.6072144288577155 0.0006762243802492076
-3.599198396793587 0.0006788752169158465
-3.591182364729459 0.0006815409414085784
-3.5831663326653307 0.0006842216593228568
-3.5751503006012024 0.0006869174771269691
-3.567134268537074 0.0006896285021698507
-3.559118236472946 0.000692354842688965
-3.5511022044088176 0.000695096607818254
-3.5430861723446894 0.0006978539075961562
-3.535070140280561 0.0007006268529736937
-3.527054108216433 0.0007034155558226286
-3.5190380761523046 0.0007062201289436894
-3.5110220440881763 0.0007090406860748672
-3.503006012024048 0.0007118773418997825
-3.49498997995992 0.0007147302120561228
-3.4869739478957915 0.0007175994131441511
-3.4789579158316633 0.0007204850627352862
-3.470941883767535 0.0007233872793807551
-3.4629258517034067 0.0007263061826203162
-3.4549098196392785 0.0007292418929910565
-3.44689378757515 0.0007321945320362607
-3.438877755511022 0.0007351642223143536
-3.4308617234468937 0.0007381510874079154
-3.422845691382766 0.0007411552519327699
-3.414829659318637 0.0007441768415471507
-3.4068136272545093 0.000747215982960933
-3.3987975951903806 0.00075027280394495
-3.390781563126253 0.0007533474333403753
-3.382765531062124 0.0007564400010681843
-3.3747494989979963 0.0007595506381386897
-3.3667334669338675 0.0007626794766611528
-3.3587174348697397 0.000765826649853466
-3.350701402805611 0.000768992292051918
-3.342685370741483 0.0007721765387210265
-3.3346693386773545 0.0007753795264634529
-3.3266533066132267 0.0007786013930299873
-3.3186372745490984 0.0007818422773296155
-3.31062124248497 0.0007851023194396545
-3.302605210420842 0.0007883816606159693
-3.2945891783567136 0.0007916804433032638
-3.2865731462925853 0.0007949988111454471
-3.278557114228457 0.0007983369089960755
-3.270541082164329 0.00080169488292887
-3.2625250501002006 0.0008050728802483113
-3.2545090180360723 0.0008084710495003079
-3.246492985971944 0.0008118895404829398
-3.2384769539078158 0.0008153285042572791
-3.2304609218436875 0.0008187880931582836
-3.2224448897795592 0.0008222684608057662
-3.214428857715431 0.0008257697621154372
-3.2064128256513027 0.0008292921533100239
-3.1983967935871744 0.0008328357919304601
-3.190380761523046 0.0008364008368471514
-3.182364729458918 0.0008399874482713131
-3.1743486973947896 0.0008435957877663797
-3.1663326653306614 0.0008472260182594887
-3.158316633266533 0.0008508783040530322
-3.150300601202405 0.0008545528108362831
-3.1422845691382766 0.0008582497056970897
-3.1342685370741483 0.0008619691571336412
-3.12625250501002 0.0008657113350662997
-3.118236472945892 0.0008694764108495038
-3.1102204408817635 0.000873264557283737
-3.1022044088176353 0.0008770759486275635
-3.094188376753507 0.0008809107606097303
-3.0861723446893787 0.0008847691704413319
-3.0781563126252505 0.0008886513568280419
-3.070140280561122 0.0008925574999824039
-3.062124248496994 0.0008964877816361852
-3.0541082164328657 0.0009004423850527914
-3.0460921843687374 0.0009044214950397381
-3.038076152304609 0.0009084252979611821
-3.030060120240481 0.0009124539817505069
-3.0220440881763526 0.0009165077359229645
-3.014028056112225 0.0009205867515883685
-3.006012024048096 0.000924691221463841
-2.9979959919839683 0.0009288213398866055
-2.9899799599198396 0.0009329773028268337
-2.9819639278557117 0.0009371593079005299
-2.973947895791583 0.0009413675543824682
-2.965931863727455 0.0009456022432191654
-2.9579158316633265 0.0009498635770418973
-2.9498997995991987 0.0009541517601797479
-2.94188376753507 0.0009584669986727019
-2.933867735470942 0.0009628095002847595
-2.9258517034068134 0.0009671794745170928
-2.9178356713426856 0.000971577132621217
-2.909819639278557 0.0009760026876121983
-2.901803607214429 0.000980456354281874
-2.8937875751503004 0.0009849383492120992
-2.8857715430861726 0.000989448890788
-2.877755511022044 0.0009939881992112503
-2.869739478957916 0.000998556496513345
-2.8617234468937878 0.0010031540065688893
-2.8537074148296595 0.0010077809551088826
-2.8456913827655312 0.0010124375697340019
-2.837675350701403 0.0010171240799278813
-2.8296593186372747 0.0010218407170703768
-2.8216432865731464 0.0010265877144508201
-2.813627254509018 0.001031365307281252
-2.80561122244489 0.0010361737327096298
-2.7975951903807617 0.001041013229833009
-2.7895791583166334 0.0010458840397106902
-2.781563126252505 0.001050786405377326
-2.773547094188377 0.001055720571855985
-2.7655310621242486 0.0010606867861711663
-2.7575150300601203 0.001065685297361756
-2.749498997995992 0.0010707163564939236
-2.741482965931864 0.001075780216673953
-2.7334669338677355 0.0010808771330609937
-2.7254509018036073 0.001086007362879736
-2.717434869739479 0.001091171165432995
-2.7094188376753507 0.0010963688021142042
-2.7014028056112225 0.0011016005364197997
-2.693386773547094 0.001106866633961501
-2.685370741482966 0.0011121673624784711
-2.6773547094188377 0.0011175029918493494
-2.6693386773547094 0.0011228737941041528
-2.661322645290581 0.0011282800434360318
-2.6533066132264533 0.001133722016212873
-2.6452905811623246 0.0011391999909887442
-2.637274549098197 0.0011447142485151612
-2.629258517034068 0.0011502650717521812
-2.6212424849699403 0.001155852745879297
-2.6132264529058116 0.0011614775583061357
-2.6052104208416837 0.0011671397986829355
-2.597194388777555 0.0011728397589108083
-2.589178356713427 0.0011785777331517534
-2.5811623246492985 0.0011843540178384348
-2.5731462925851707 0.0011901689116836846
-2.565130260521042 0.001196022715689743
-2.557114228456914 0.0012019157331572038
-2.5490981963927855 0.0012078482696936592
-2.5410821643286576 0.0012138206332220304
-2.533066132264529 0.0012198331339885661
-2.525050100200401 0.0012258860845704943
-2.5170340681362724 0.0012319797998833158
-2.5090180360721446 0.0012381145971877138
-2.501002004008016 0.0012442907960960768
-2.492985971943888 0.0012505087185785977
-2.4849699398797593 0.00125676868896896
-2.4769539078156315 0.0012630710339695578
-2.468937875751503 0.0012694160826562636
-2.460921843687375 0.001275804166482696
-2.4529058116232467 0.001282235619283996
-2.4448897795591185 0.0012887107772800602
-2.43687374749499 0.0012952299790782347
-2.428857715430862 0.0013017935656754343
-2.4208416833667337 0.0013084018804596694
-2.4128256513026054 0.001315055269210953
-2.404809619238477 0.0013217540801015687
-2.396793587174349 0.0013284986636956685
-2.3887775551102206 0.0013352893729481835
-2.3807615230460923 0.001342126563203008
-2.372745490981964 0.001349010592190446
-2.364729458917836 0.0013559418200238768
-2.3567134268537075 0.0013629206091956183
-2.3486973947895793 0.00136994732457196
-2.340681362725451 0.0013770223333873278
-2.3326653306613228 0.0013841460052375562
-2.3246492985971945 0.0013913187120722277
-2.3166332665330662 0.0013985408281860555
-2.308617234468938 0.0014058127302092652
-2.3006012024048097 0.0014131347970969426
-2.2925851703406814 0.0014205074101173165
-2.284569138276553 0.0014279309528389323
-2.276553106212425 0.0014354058111166756
-2.2685370741482966 0.0014429323730766148
-2.2605210420841684 0.001450511029099613
-2.25250501002004 0.001458142171803668
-2.2444889779559123 0.0014658261960249408
-2.2364729458917836 0.0014735634987974242
-2.2284569138276558 0.0014813544793312022
-2.220440881763527 0.0014891995389892613
-2.2124248496993992 0.0014970990812627934
-2.2044088176352705 0.0015050535117449484
-2.1963927855711427 0.0015130632381029805
-2.188376753507014 0.0015211286700487362
-2.180360721442886 0.0015292502193074225
-2.1723446893787575 0.0015374282995846147
-2.1643286573146296 0.0015456633265314192
-2.156312625250501 0.0015539557177077655
-2.148296593186373 0.0015623058925437253
-2.1402805611222444 0.001570714272298837
-2.1322645290581166 0.0015791812800193315
-2.124248496993988 0.001587707340493227
-2.11623246492986 0.0015962928802031881
-2.1082164328657313 0.0016049383272771155
-2.1002004008016035 0.0016136441114363565
-2.092184368737475 0.0016224106639414944
-2.084168336673347 0.0016312384175356082
-2.0761523046092183 0.0016401278063849529
-2.0681362725450905 0.0016490792660169495
-2.0601202404809618 0.0016580932332554276
-2.052104208416834 0.0016671701461530093
-2.0440881763527057 0.0016763104439205692
-2.0360721442885774 0.0016855145668536557
-2.028056112224449 0.0016947829562557963
-2.020040080160321 0.0017041160543585863
-2.0120240480961926 0.001713514304238455
-2.0040080160320644 0.0017229781497300131
-1.9959919839679365 0.0017325080353358783
-1.9879759519038078 0.0017421044061328645
-1.9799599198396791 0.001751767707674424
-1.9719438877755513 0.0017614983858892381
-1.9639278557114235 0.0017712968869758284
-1.9559118236472948 0.001781163657293073
-1.947895791583166 0.0017910991432464965
-1.9398797595190382 0.0018011037911702236
-1.9318637274549104 0.0018111780472044481
-1.9238476953907817 0.0018213223571682895
-1.915831663326653 0.0018315371664278978
-1.9078156312625252 0.0018418229197596692
-1.8997995991983974 0.001852180061208425
-1.8917835671342687 0.0018626090339403955
-1.88376753507014 0.001873110280090866
-1.8757515030060121 0.0018836842406063214
-1.8677354709418843 0.0018943313550809314
-1.8597194388777556 0.0019050520615872062
-1.8517034068136269 0.0019158467965006392
-1.843687374749499 0.0019267159943181869
-1.8356713426853712 0.00193766008747039
-1.8276553106212425 0.0019486795061269388
-1.8196392785571138 0.00195977467799551
-1.811623246492986 0.001970946028113675
-1.8036072144288582 0.0019821939786336716
-1.7955911823647295 0.0019935189485998377
-1.7875751503006008 0.002004921353718485
-1.779559118236473 0.002016401606120008
-1.7715430861723451 0.002027960114113002
-1.7635270541082164 0.00203959728193014
-1.7555110220440877 0.0020513135094655946
-1.74749498997996 0.0020631091920037528
-1.739478957915832 0.002074984719938972
-1.7314629258517034 0.002086940478486121
-1.7234468937875755 0.0020989768473816373
-1.7154308617234477 0.0021110942005748484
-1.707414829659319 0.0021232929059092466
-1.6993987975951903 0.0021355733247934564
-1.6913827655310625 0.002147935811861595
-1.6833667334669347 0.0021603807146227125
-1.675350701402806 0.0021729083730990164
-1.6673346693386772 0.002185519119452534
-1.6593186372745494 0.002198213277599924
-1.6513026052104216 0.0022109911628150672
-1.643286573146293 0.0022238530813190912
-1.6352705410821642 0.0022367993298574866
-1.6272545090180364 0.0022498301952639382
-1.6192384769539085 0.0022629459540104914
-1.6112224448897798 0.0022761468717436713
-1.6032064128256511 0.0022894332028061386
-1.5951903807615233 0.0023028051897434907
-1.5871743486973955 0.0023162630627957814
-1.5791583166332668 0.002329807039373295
-1.571142284569138 0.0023434373235161647
-1.5631262525050102 0.0023571541053373393
-1.5551102204408824 0.0023709575604484554
-1.5470941883767537 0.0023848478493680826
-1.539078156312625 0.0023988251169118663
-1.5310621242484972 0.002412889491564039
-1.5230460921843694 0.002427041084829764
-1.5150300601202407 0.002441279990567737
-1.507014028056112 0.002455606284302498
-1.4989979959919841 0.0024700200225158606
-1.4909819639278563 0.0024845212419168285
-1.4829659318637276 0.002499109958689388
-1.474949899799599 0.0025137861677175196
-1.466933867735471 0.00252854984178675
-1.4589178356713433 0.002543400930761572
-1.4509018036072145 0.0025583393607379774
-1.4428857715430858 0.0025733650331703915
-1.434869739478958 0.002588477823972212
-1.4268537074148302 0.002603677582589193
-1.4188376753507015 0.002618964131044796
-1.4108216432865728 0.0026343372629566877
-1.402805611222445 0.002649796742523489
-1.3947895791583171 0.0026653423034808566
-1.3867735470941884 0.002680973648025912
-1.3787575150300597 0.0026966904457090615
-1.370741482965932 0.002712492332292151
-1.362725450901804 0.002728378908571884
-1.3547094188376754 0.0027443497391673836
-1.3466933867735467 0.002760404351270726
-1.3386773547094188 0.0027765422333592524
-1.330661322645291 0.0027927628338683653
-1.3226452905811623 0.002809065559823502
-1.3146292585170345 0.002825449775429896
-1.3066132264529067 0.002841914800618705
-1.298597194388778 0.0028584599095479693
-1.2905811623246493 0.002875084329056825
-1.2825651302605214 0.0028917872370713502
-1.2745490981963936 0.0029085677609602817
-1.266533066132265 0.002925424975838784
-1.2585170340681362 0.002942357902818375
-1.2505010020040084 0.002959365507201015
-1.2424849699398806 0.002976446696615233
-1.2344689378757518 0.002993600319092086
-1.2264529058116231 0.0030108251610786053
-1.2184368737474953 0.003028119945386302
-1.2104208416833675 0.003045483329072118
-1.2024048096192388 0.003062913901249082
-1.19438877755511 0.003080410180823799
-1.1863727454909823 0.003097970614157719
-1.1783567134268544 0.0031155935726489502
-1.1703406813627257 0.003133277350231199
-1.162324649298597 0.003151020160786207
-1.1543086172344692 0.0031688201354658743
-1.1462925851703414 0.0031866753199199663
-1.1382765531062127 0.003204583671425091
-1.130260521042084 0.0032225430559103332
-1.1222444889779561 0.0032405512448746964
-1.1142284569138283 0.0032586059121911134
-1.1062124248496996 0.0032767046307914903
-1.098196392785571 0.003294844869226889
-1.090180360721443 0.003313023988096553
-1.0821643286573153 0.003331239236339042
-1.0741482965931866 0.0033494877473783033
-1.0661322645290578 0.0033677665351170044
-1.05811623246493 0.0033860724897689185
-1.0501002004008022 0.003404402373521595
-1.0420841683366735 0.003422752816019886
-1.0340681362725448 0.003441120309660253
-1.026052104208417 0.0034595012046850643
-1.0180360721442892 0.003477891704065267
-1.0100200400801604 0.0034962878581589678
-1.0020040080160317 0.0035146855591325554
-0.9939879759519039 0.0035330805351299777
-0.9859719438877761 0.00355146834417469
-0.9779559118236474 0.0035698443677876
-0.9699398797595187 0.003588203804303064
-0.9619238476953909 0.0036065416618636134
-0.953907815631263 0.0036248527510725085
-0.9458917835671343 0.003643131677281629
-0.9378757515030056 0.0036613728324903613
-0.9298597194388778 0.0036795703868292328
-0.92184368737475 0.0036977182795998914
-0.9138276553106213 0.003715810209840657
-0.9058116232464934 0.003733839626384416
-0.8977955911823656 0.003751799717372814
-0.8897795591182369 0.003769683399187662
-0.8817635270541082 0.0037874833047572033
-0.8737474949899804 0.0038051917711912665
-0.8657314629258526 0.0038228008266953445
-0.8577154308617239 0.003840302176709323
-0.8496993987975952 0.003857687189211847
-0.8416833667334673 0.003874946879126099
-0.8336673346693395 0.0038920718917570115
-0.8256513026052108 0.003909052485183713
-0.8176352705410821 0.0039258785115240495
-0.8096192384769543 0.003942539396980465
-0.8016032064128265 0.003959024120568172
-0.7935871743486977 0.003975321191417244
-0.785571142284569 0.003991418624530223
-0.7775551102204412 0.004007303914865505
-0.7695390781563134 0.004022964009604426
-0.7615230460921847 0.004038385278446233
-0.753507014028056 0.004053553481759921
-0.7454909819639282 0.004068453736405161
-0.7374749498998003 0.004083070479015795
-0.7294589178356716 0.004097387426518673
-0.7214428857715429 0.00411138753363759
-0.7134268537074151 0.004125052947106422
-0.7054108216432873 0.004138364956286978
-0.6973947895791586 0.0041513039398552165
-0.6893787575150299 0.004163849308183934
-0.681362725450902 0.0041759794410102125
-0.6733466933867742 0.004187671619931373
-0.6653306613226455 0.004198901955223306
-0.6573146292585168 0.004209645306418995
-0.649298597194389 0.0042198751960221305
-0.6412825651302612 0.004229563715659856
-0.6332665330661325 0.00423868142389886
-0.6252505010020037 0.004247197234858969
-0.6172344689378759 0.004255078296656573
-0.6092184368737481 0.004262289858594998
-0.6012024048096194 0.004268795125888343
-0.5931863727454907 0.004274555100556929
-0.5851703406813629 0.004279528406963966
-0.577154308617235 0.004283671100270784
-0.5691382765531063 0.004286936455868878
-0.5611222444889776 0.004289274737596308
-0.5531062124248498 0.004290632942259075
-0.545090180360722 0.004290954517648826
-0.5370741482965933 0.004290179050869714
-0.5290581162324646 0.004288241923351391
-0.5210420841683367 0.004285073928421965
-0.5130260521042089 0.004280600846732942
-0.5050100200400802 0.0042747429741538945
-0.4969939879759524 0.004267414595971302
-0.4889779559118246 0.00425852340031428
-0.48096192384769587 0.004247969822665872
-0.47294589178356716 0.004235646312074058
-0.46492985971943934 0.004221436508217238
-0.4569138276553115 0.0042052143167632524
-0.4488977955911828 0.004186842868438643
-0.4408817635270541 0.004166173344834305
-0.4328657314629263 0.004143043651140339
-0.42484969939879846 0.004117276912634311
-0.41683366733466976 0.0040886797677305835
-0.40881763527054105 0.004057040425593803
-0.4008016032064132 0.004022126450553955
-0.3927855711422854 0.003983682228617935
-0.3847695390781567 0.003941426062984017
-0.376753507014028 0.003895046835292654
-0.36873747494990017 0.003844200156963948
-0.36072144288577235 0.003788503919839439
-0.35270541082164364 0.0037275331367775926
-0.34468937875751493 0.003660813939971927
-0.3366733466933871 0.003587816576441749
-0.3286573146292593 0.0035079472049339617
-0.3206412825651306 0.0034205382544815295
-0.3126252505010019 0.003324837049623818
-0.30460921843687405 0.0032199923375655715
-0.29659318637274623 0.003105038264050862
-0.2885771543086175 0.0029788752317540107
-0.2805611222444888 0.002840246929901112
-0.272545090180361 0.0026877126363216144
-0.2645290581162332 0.0025196136491659835
-0.25651302605210446 0.0023340323858893125
-0.24849699398797576 0.002128742265219833
-0.24048096192384794 0.0019011459266513534
-0.23246492985972012 0.0016481985893664563
-0.2244488977955914 0.001366312334285188
-0.2164328657314627 0.0010512357026879681
-0.20841683366733488 0.0006979010880199252
-0.20040080160320706 0.0003002297270210715
-0.19238476953907835 -0.00014911966535176773
-0.18436873747494964 -0.0006590779342540371
-0.17635270541082182 -0.0012405952519133547
-0.168336673346694 -0.0019072119884707237
-0.1603206412825653 -0.002675825860915804
-0.15230460921843658 -0.003567735852006363
-0.14428857715430876 -0.004610082184771628
-0.13627254509018094 -0.0058378621492963054
-0.12825651302605223 -0.0072967977906732
-0.12024048096192352 -0.009047487628232827
-0.1122244488977957 -0.011171533708758117
-0.10420841683366788 -0.013780775589242893
-0.09619238476953917 -0.017031529948436108
-0.08817635270541135 -0.021147106472686254
-0.08016032064128353 -0.026454390171687322
-0.07214428857715482 -0.033445024030505775
-0.06412825651302612 -0.04288083098624294
-0.056112224448898296 -0.05598065141412817
-0.048096192384770475 -0.0747582028127687
-0.04008016032064177 -0.10262977471612308
-0.03206412825651306 -0.14541483401595762
-0.024048096192385238 -0.21233336111487844
-0.016032064128257417 -0.3131080293412622
-0.008016032064128709 -0.43536993008703745
0.0 -0.5
0.00801603206412782 -0.4353699300870499
0.01603206412825653 -0.31310802934127524
0.02404809619238435 -0.21233336111488757
0.03206412825651306 -0.14541483401595762
0.04008016032064088 -0.10262977471612687
0.04809619238476959 -0.07475820281277121
0.05611222444889741 -0.05598065141412989
0.06412825651302612 -0.04288083098624294
0.07214428857715394 -0.03344502403050667
0.08016032064128265 -0.02645439017168799
0.08817635270541047 -0.021147106472686767
0.09619238476953917 -0.017031529948436108
0.104208416833667 -0.013780775589243212
0.11222444889779482 -0.011171533708758381
0.12024048096192352 -0.009047487628232827
0.12825651302605134 -0.007296797790673378
0.13627254509018005 -0.005837862149296455
0.14428857715430787 -0.004610082184771754
0.15230460921843658 -0.003567735852006363
0.1603206412825644 -0.0026758258609158973
0.1683366733466931 -0.0019072119884708026
0.17635270541082093 -0.0012405952519134234
0.18436873747494964 -0.0006590779342540371
0.19238476953907746 -0.00014911966535181986
0.20040080160320617 0.0003002297270210244
0.208416833667334 0.000697901088019884
0.2164328657314627 0.0010512357026879681
0.22444889779559052 0.0013663123342851557
0.23246492985971923 0.001648198589366426
0.24048096192384705 0.001901145926651327
0.24849699398797576 0.002128742265219833
0.2565130260521036 0.0023340323858892916
0.2645290581162323 0.002519613649165964
0.2725450901803601 0.0026877126363215966
0.2805611222444888 0.002840246929901112
0.28857715430861663 0.0029788752317539964
0.29659318637274534 0.003105038264050849
0.30460921843687316 0.0032199923375655594
0.3126252505010019 0.003324837049623818
0.3206412825651297 0.003420538254481519
0.3286573146292584 0.003507947204933952
0.3366733466933862 0.0035878165764417404
0.34468937875751493 0.003660813939971927
0.35270541082164275 0.0037275331367775857
0.36072144288577146 0.003788503919839432
0.3687374749498993 0.0038442001569639417
0.376753507014028 0.003895046835292654
0.3847695390781558 0.0039414260629840134
0.3927855711422845 0.003983682228617931
0.40080160320641234 0.00402212645055395
0.40881763527054105 0.004057040425593803
0.41683366733466887 0.004088679767730579
0.4248496993987976 0.004117276912634307
0.4328657314629254 0.004143043651140336
0.4408817635270541 0.004166173344834305
0.4488977955911819 0.00418684286843864
0.45691382765531063 0.004205214316763251
0.46492985971943845 0.004221436508217235
0.47294589178356716 0.004235646312074058
0.480961923847695 0.004247969822665873
0.4889779559118237 0.004258523400314279
0.4969939879759515 0.004267414595971302
0.5050100200400802 0.0042747429741538945
0.513026052104208 0.004280600846732942
0.5210420841683359 0.004285073928421964
0.5290581162324646 0.004288241923351391
0.5370741482965924 0.0042901790508697146
0.5450901803607211 0.004290954517648826
0.5531062124248489 0.004290632942259076
0.5611222444889776 0.004289274737596308
0.5691382765531054 0.004286936455868878
0.5771543086172342 0.004283671100270784
0.585170340681362 0.004279528406963966
0.5931863727454907 0.004274555100556929
0.6012024048096185 0.004268795125888343
0.6092184368737472 0.004262289858594999
0.617234468937875 0.004255078296656573
0.6252505010020037 0.004247197234858969
0.6332665330661316 0.0042386814238988615
0.6412825651302603 0.0042295637156598564
0.6492985971943881 0.004219875196022131
0.6573146292585168 0.004209645306418995
0.6653306613226446 0.004198901955223308
0.6733466933867733 0.004187671619931375
0.6813627254509012 0.004175979441010214
0.6893787575150299 0.004163849308183934
0.6973947895791577 0.004151303939855217
0.7054108216432864 0.00413836495628698
0.7134268537074142 0.004125052947106424
0.7214428857715429 0.00411138753363759
0.7294589178356707 0.0040973874265186755
0.7374749498997994 0.004083070479015797
0.7454909819639273 0.004068453736405162
0.753507014028056 0.004053553481759921
0.7615230460921838 0.004038385278446235
0.7695390781563125 0.004022964009604429
0.7775551102204403 0.0040073039148655065
0.785571142284569 0.003991418624530223
0.7935871743486969 0.003975321191417245
0.8016032064128256 0.003959024120568173
0.8096192384769534 0.003942539396980467
0.8176352705410821 0.0039258785115240495
0.8256513026052099 0.003909052485183716
0.8336673346693386 0.0038920718917570137
0.8416833667334664 0.0038749468791261002
0.8496993987975952 0.003857687189211847
0.857715430861723 0.0038403021767093246
0.8657314629258517 0.0038228008266953466
0.8737474949899795 0.003805191771191269
0.8817635270541082 0.0037874833047572033
0.889779559118236 0.0037696833991876636
0.8977955911823647 0.0037517997173728166
0.9058116232464926 0.003733839626384419
0.9138276553106213 0.003715810209840657
0.9218436873747491 0.0036977182795998927
0.9298597194388769 0.003679570386829234
0.9378757515030056 0.0036613728324903613
0.9458917835671334 0.0036431316772816327
0.9539078156312621 0.0036248527510725115
0.96192384769539 0.0036065416618636156
0.9699398797595187 0.003588203804303064
0.9779559118236465 0.0035698443677876016
0.9859719438877752 0.0035514683441746917
0.993987975951903 0.00353308053512998
1.0020040080160317 0.0035146855591325554
1.0100200400801596 0.00349628785815897
1.0180360721442883 0.003477891704065269
1.026052104208416 0.0034595012046850673
1.0340681362725448 0.003441120309660253
1.0420841683366726 0.003422752816019888
1.0501002004008013 0.0034044023735215964
1.0581162324649291 0.00338607248976892
1.0661322645290578 0.0033677665351170044
1.0741482965931857 0.003349487747378306
1.0821643286573144 0.0033312392363390435
1.0901803607214422 0.0033130239880965547
1.098196392785571 0.003294844869226889
1.1062124248496987 0.0032767046307914925
1.1142284569138274 0.0032586059121911155
1.1222444889779553 0.003240551244874699
1.130260521042084 0.0032225430559103332
1.1382765531062118 0.0032045836714250926
1.1462925851703405 0.003186675319919969
1.1543086172344683 0.0031688201354658765
1.162324649298597 0.003151020160786207
1.1703406813627248 0.0031332773502312007
1.1783567134268536 0.003115593572648953
1.1863727454909814 0.00309797061415772
1.19438877755511 0.003080410180823799
1.202404809619238 0.0030629139012490845
1.2104208416833666 0.0030454833290721197
1.2184368737474944 0.0030281199453863037
1.2264529058116231 0.0030108251610786053
1.234468937875751 0.002993600319092088
1.2424849699398797 0.0029764466966152353
1.2505010020040075 0.0029593655072010163
1.2585170340681362 0.002942357902818375
1.266533066132264 0.0029254249758387855
1.2745490981963927 0.0029085677609602843
1.2825651302605205 0.0028917872370713524
1.2905811623246493 0.002875084329056825
1.298597194388777 0.00285845990954797
1.3066132264529058 0.0028419148006187073
1.3146292585170336 0.0028254497754298977
1.3226452905811623 0.002809065559823502
1.3306613226452901 0.0027927628338683666
1.338677354709418 0.002776542233359254
1.3466933867735467 0.002760404351270726
1.3547094188376745 0.0027443497391673854
1.3627254509018032 0.002728378908571886
1.370741482965931 0.0027124923322921534
1.3787575150300597 0.0026966904457090615
1.3867735470941875 0.002680973648025913
1.3947895791583163 0.002665342303480858
1.402805611222444 0.0026497967425234917
1.4108216432865728 0.0026343372629566877
1.4188376753507006 0.0026189641310447975
1.4268537074148293 0.0026036775825891956
1.4348697394789571 0.0025884778239722134
1.4428857715430858 0.0025733650331703915
1.4509018036072137 0.002558339360737979
1.4589178356713424 0.002543400930761573
1.4669338677354702 0.002528549841786752
1.474949899799599 0.0025137861677175196
1.4829659318637267 0.0024991099586893907
1.4909819639278554 0.0024845212419168303
1.4989979959919832 0.0024700200225158623
1.507014028056112 0.002455606284302498
1.5150300601202398 0.0024412799905677387
1.5230460921843685 0.0024270410848297656
1.5310621242484963 0.0024128894915640417
1.539078156312625 0.0023988251169118663
1.5470941883767528 0.002384847849368084
1.5551102204408815 0.0023709575604484562
1.5631262525050094 0.002357154105337341
1.571142284569138 0.0023434373235161647
1.579158316633266 0.002329807039373297
1.5871743486973946 0.0023162630627957823
1.5951903807615224 0.0023028051897434924
1.6032064128256511 0.0022894332028061386
1.611222444889779 0.0022761468717436735
1.6192384769539077 0.0022629459540104927
1.6272545090180355 0.00224983019526394
1.6352705410821642 0.0022367993298574866
1.643286573146292 0.002223853081319093
1.6513026052104207 0.002210991162815069
1.6593186372745485 0.0021982132775999258
1.6673346693386772 0.002185519119452534
1.675350701402805 0.0021729083730990173
1.6833667334669338 0.0021603807146227142
1.6913827655310616 0.0021479358118615967
1.6993987975951903 0.0021355733247934564
1.7074148296593181 0.002123292905909248
1.7154308617234468 0.00211109420057485
1.7234468937875747 0.002098976847381639
1.7314629258517034 0.002086940478486121
1.7394789579158312 0.002074984719938973
1.747494989979959 0.0020631091920037545
1.7555110220440877 0.0020513135094655946
1.7635270541082155 0.0020395972819301418
1.7715430861723442 0.002027960114113003
1.779559118236472 0.0020164016061200093
1.7875751503006008 0.002004921353718485
1.7955911823647286 0.0019935189485998394
1.8036072144288573 0.001982193978633673
1.8116232464929851 0.0019709460281136758
1.8196392785571138 0.00195977467799551
1.8276553106212416 0.0019486795061269397
1.8356713426853704 0.0019376600874703913
1.8436873747494982 0.0019267159943181882
1.8517034068136269 0.0019158467965006392
1.8597194388777547 0.0019050520615872077
1.8677354709418834 0.0018943313550809332
1.8757515030060112 0.0018836842406063218
1.88376753507014 0.001873110280090866
1.8917835671342678 0.0018626090339403968
1.8997995991983965 0.0018521800612084256
1.9078156312625243 0.0018418229197596705
1.915831663326653 0.0018315371664278978
1.9238476953907808 0.0018213223571682906
1.9318637274549095 0.001811178047204449
1.9398797595190373 0.001801103791170225
1.947895791583166 0.0017910991432464965
1.9559118236472939 0.001781163657293074
1.9639278557114226 0.0017712968869758301
1.9719438877755504 0.0017614983858892394
1.9799599198396791 0.001751767707674424
1.987975951903807 0.0017421044061328656
1.9959919839679356 0.0017325080353358794
2.0040080160320635 0.001722978149730014
2.012024048096192 0.0017135143042384556
2.020040080160321 0.0017041160543585863
2.028056112224448 0.0016947829562557976
2.0360721442885765 0.0016855145668536566
2.0440881763527052 0.0016763104439205694
2.052104208416832 0.0016671701461530117
2.0601202404809627 0.0016580932332554265
2.0681362725450896 0.0016490792660169501
2.0761523046092183 0.0016401278063849529
2.084168336673347 0.0016312384175356082
2.092184368737474 0.0016224106639414954
2.1002004008016026 0.001613644111436357
2.1082164328657313 0.0016049383272771155
2.1162324649298583 0.0015962928802031899
2.1242484969939888 0.0015877073404932265
2.1322645290581157 0.0015791812800193326
2.1402805611222444 0.001570714272298837
2.148296593186373 0.0015623058925437253
2.1563126252505 0.0015539557177077664
2.1643286573146288 0.0015456633265314205
2.1723446893787575 0.0015374282995846147
2.1803607214428844 0.0015292502193074244
2.188376753507013 0.001521128670048737
2.196392785571142 0.0015130632381029816
2.2044088176352687 0.0015050535117449506
2.2124248496993992 0.0014970990812627934
2.220440881763526 0.0014891995389892624
2.228456913827655 0.001481354479331203
2.2364729458917836 0.0014735634987974242
2.2444889779559105 0.0014658261960249427
2.2525050100200392 0.001458142171803669
2.260521042084168 0.0014505110290996138
2.268537074148295 0.0014429323730766168
2.2765531062124253 0.001435405811116675
2.2845691382765523 0.001427930952838933
2.292585170340681 0.001420507410117317
2.3006012024048097 0.0014131347970969426
2.3086172344689366 0.001405812730209266
2.3166332665330653 0.0013985408281860564
2.324649298597194 0.001391318712072228
2.332665330661321 0.0013841460052375575
2.3406813627254515 0.0013770223333873276
2.3486973947895784 0.0013699473245719605
2.356713426853707 0.0013629206091956185
2.364729458917836 0.0013559418200238768
2.3727454909819627 0.001349010592190447
2.3807615230460915 0.0013421265632030087
2.38877755511022 0.0013352893729481835
2.396793587174347 0.0013284986636956703
2.4048096192384776 0.0013217540801015682
2.4128256513026045 0.001315055269210954
2.420841683366733 0.0013084018804596696
2.428857715430862 0.0013017935656754343
2.436873747494989 0.0012952299790782355
2.4448897795591176 0.001288710777280061
2.4529058116232463 0.001282235619283997
2.460921843687373 0.0012758041664826976
2.4689378757515037 0.001269416082656263
2.4769539078156306 0.0012630710339695584
2.4849699398797593 0.00125676868896896
2.492985971943888 0.0012505087185785977
2.501002004008015 0.0012442907960960772
2.5090180360721437 0.0012381145971877149
2.5170340681362724 0.0012319797998833158
2.5250501002003993 0.0012258860845704954
2.53306613226453 0.0012198331339885653
2.5410821643286567 0.0012138206332220306
2.5490981963927855 0.0012078482696936592
2.557114228456914 0.0012019157331572038
2.565130260521041 0.001196022715689744
2.57314629258517 0.0011901689116836853
2.5811623246492985 0.0011843540178384348
2.5891783567134254 0.0011785777331517551
2.597194388777554 0.001172839758910809
2.605210420841683 0.0011671397986829362
2.61322645290581 0.0011614775583061372
2.6212424849699403 0.001155852745879297
2.629258517034067 0.0011502650717521816
2.637274549098196 0.0011447142485151616
2.6452905811623246 0.0011391999909887442
2.6533066132264516 0.0011337220162128743
2.6613226452905803 0.0011282800434360325
2.669338677354709 0.0011228737941041532
2.677354709418836 0.0011175029918493507
2.6853707414829664 0.001112167362478471
2.6933867735470933 0.0011068666339615015
2.701402805611222 0.0011016005364198
2.7094188376753507 0.0010963688021142042
2.7174348697394777 0.001091171165432996
2.7254509018036064 0.0010860073628797364
2.733466933867735 0.001080877133060994
2.741482965931862 0.001075780216673954
2.7494989979959925 0.0010707163564939233
2.7575150300601194 0.0010656852973617561
2.765531062124248 0.0010606867861711665
2.773547094188377 0.001055720571855985
2.781563126252504 0.001050786405377327
2.7895791583166325 0.0010458840397106906
2.797595190380761 0.0010410132298330095
2.805611222444888 0.0010361737327096309
2.8136272545090186 0.001031365307281252
2.8216432865731456 0.0010265877144508208
2.8296593186372743 0.0010218407170703768
2.837675350701403 0.0010171240799278813
2.84569138276553 0.001012437569734003
2.8537074148296586 0.0010077809551088833
2.8617234468937873 0.0010031540065688898
2.8697394789579143 0.0009985564965133461
2.8777555110220447 0.0009939881992112498
2.8857715430861717 0.0009894488907880008
2.8937875751503004 0.0009849383492120992
2.901803607214429 0.000980456354281874
2.909819639278556 0.0009760026876121989
2.9178356713426847 0.0009715771326212173
2.9258517034068134 0.0009671794745170928
2.9338677354709404 0.0009628095002847605
2.941883767535071 0.0009584669986727012
2.949899799599198 0.0009541517601797481
2.9579158316633265 0.0009498635770418973
2.965931863727455 0.0009456022432191654
2.973947895791582 0.0009413675543824688
2.981963927855711 0.0009371593079005304
2.9899799599198396 0.0009329773028268337
2.9979959919839665 0.0009288213398866066
3.006012024048095 0.0009246912214638415
3.014028056112224 0.000920586751588369
3.022044088176351 0.0009165077359229655
3.0300601202404813 0.0009124539817505069
3.0380761523046083 0.0009084252979611827
3.046092184368737 0.0009044214950397382
3.0541082164328657 0.0009004423850527914
3.0621242484969926 0.000896487781636186
3.0701402805611213 0.0008925574999824041
3.07815631262525 0.000888651356828042
3.086172344689377 0.0008847691704413329
3.0941883767535074 0.00088091076060973
3.1022044088176344 0.0008770759486275641
3.110220440881763 0.0008732645572837373
3.118236472945892 0.0008694764108495038
3.1262525050100187 0.0008657113350663002
3.1342685370741474 0.0008619691571336415
3.142284569138276 0.0008582497056970898
3.150300601202403 0.0008545528108362836
3.1583166332665336 0.0008508783040530321
3.1663326653306605 0.0008472260182594892
3.174348697394789 0.0008435957877663802
3.182364729458918 0.0008399874482713131
3.190380761523045 0.0008364008368471519
3.1983967935871735 0.0008328357919304605
3.2064128256513023 0.0008292921533100243
3.214428857715429 0.0008257697621154379
3.2224448897795597 0.0008222684608057659
3.2304609218436866 0.0008187880931582841
3.2384769539078153 0.0008153285042572795
3.246492985971944 0.0008118895404829398
3.254509018036071 0.0008084710495003083
3.2625250501001997 0.0008050728802483116
3.2705410821643284 0.0008016948829288701
3.2785571142284553 0.0007983369089960761
3.286573146292586 0.0007949988111454469
3.2945891783567127 0.0007916804433032643
3.3026052104208414 0.0007883816606159694
3.31062124248497 0.0007851023194396545
3.318637274549097 0.0007818422773296161
3.326653306613226 0.0007786013930299878
3.3346693386773545 0.0007753795264634529
3.3426853707414814 0.0007721765387210272
3.350701402805612 0.0007689922920519178
3.358717434869739 0.0007658266498534666
3.3667334669338675 0.0007626794766611528
3.3747494989979963 0.0007595506381386897
3.382765531062123 0.0007564400010681846
3.390781563126252 0.0007533474333403752
3.3987975951903806 0.00075027280394495
3.4068136272545075 0.0007472159829609334
3.4148296593186362 0.0007441768415471509
3.422845691382765 0.0007411552519327702
3.430861723446892 0.0007381510874079158
3.4388777555110224 0.0007351642223143534
3.4468937875751493 0.0007321945320362611
3.454909819639278 0.0007292418929910565
3.4629258517034067 0.0007263061826203162
3.4709418837675337 0.0007233872793807556
3.4789579158316624 0.0007204850627352865
3.486973947895791 0.0007175994131441511
3.494989979959918 0.0007147302120561235
3.5030060120240485 0.0007118773418997823
3.5110220440881754 0.0007090406860748675
3.519038076152304 0.0007062201289436894
3.527054108216433 0.0007034155558226286
3.5350701402805598 0.0007006268529736939
3.5430861723446885 0.0006978539075961564
3.551102204408817 0.000695096607818254
3.559118236472944 0.0006923548426889658
3.5671342685370746 0.0006896285021698506
3.5751503006012015 0.0006869174771269695
3.5831663326653302 0.000684221659322857
3.591182364729459 0.0006815409414085784
3.599198396793586 0.0006788752169158472
3.6072144288577146 0.0006762243802492079
3.6152304609218433 0.000673588326678296
3.6232464929859702 0.0006709669523301544
3.6312625250501007 0.0006683601541816205
3.6392785571142277 0.0006657678300517859
3.6472945891783564 0.0006631898785945073
3.655310621242485 0.0006606261992909983
3.663326653306612 0.0006580766924424766
3.6713426853707407 0.0006555412591628773
3.6793587174348694 0.0006530198013716338
3.6873747494989964 0.000650512221786519
3.695390781563127 0.0006480184239165489
3.7034068136272538 0.0006455383120549556
3.7114228456913825 0.0006430717912722115
3.719438877755511 0.0006406187674091272
3.727454909819638 0.0006381791470700036
3.735470941883767 0.0006357528376158459
3.7434869739478955 0.0006333397471576414
3.7515030060120225 0.0006309397845496953
3.759519038076153 0.0006285528593830239
3.76753507014028 0.0006261788819788143
3.7755511022044086 0.000623817763381933
3.7835671342685373 0.0006214694153545021
3.7915831663326642 0.0006191337503695289
3.799599198396793 0.0006168106816045921
3.8076152304609217 0.0006145001229355889
3.8156312625250486 0.0006122019889305361
3.8236472945891773 0.0006099161948434264
3.831663326653306 0.0006076426566081447
3.839679358717433 0.0006053812908324359
3.8476953907815634 0.0006031320147919267
3.8557114228456904 0.0006008947464242096
3.863727454909819 0.0005986694043229683
3.8717434869739478 0.000596455907732169
3.8797595190380747 0.0005942541765402983
3.8877755511022034 0.0005920641312746527
3.895791583166332 0.0005898856930956863
3.903807615230459 0.0005877187837914055
3.9118236472945895 0.0005855633257718138
3.9198396793587165 0.0005834192420634167
3.927855711422845 0.0005812864563037634
3.935871743486974 0.0005791648927360511
3.943887775551101 0.0005770544762037727
3.9519038076152295 0.0005749551321454134
3.9599198396793582 0.0005728667865892002
3.967935871743485 0.0005707893661478973
3.9759519038076157 0.0005687227980136466
3.9839679358717426 0.0005666670099528648
3.9919839679358713 0.0005646219303011757
4.0 0.0005625874879584004
