delta_wp TPR_B_rho13_real
-4.0 0.0005625874764986376
-3.75 0.0006313887702735381
-3.5 0.0007129452506955353
-3.25 0.0008103914297462502
-3.0 0.0009277863851059618
-2.75 0.0010704009481337913
-2.5 0.0012450657380612786
-2.25 0.0014605377224645557
-2.0 0.0017277348022913183
-1.75 0.002059414476207437
-1.5 0.0024682135157421516
-1.25 0.00296043093281863
-1.0 0.003519284725474475
-0.75 0.004060106213428335
-0.5 0.004270340772410416
-0.25 0.002168849349402754
0.0 -0.49999999944714557
0.25 0.0021688493494056134
0.5 0.004270340772394685
0.75 0.0040601062134163176
1.0 0.0035192847254587713
1.25 0.0029604309328033315
1.5 0.0024682135157269966
1.75 0.002059414476190846
2.0 0.00172773480227451
2.25 0.0014605377224494835
2.5 0.0012450657380443804
2.75 0.001070400948117999
3.0 0.0009277863850913461
3.25 0.0008103914297316592
3.5 0.0007129452506815045
3.75 0.0006313887702594289
4.0 0.0005625874764854474
