times B_I_closed_error
0.0 0.0
0.00614192112138767 0.004329359419609955
0.01228384224277534 0.008627615534615997
0.01842576336416301 0.01288906982646028
0.02456768448555068 0.01710809332913238
0.030709605606938348 0.02127912680659762
0.03685152672832602 0.025396681876474043
0.042993447849713685 0.02945534326892659
0.04913536897110136 0.033449772372875344
0.05527729009248903 0.03737471218128847
0.061419211213876695 0.04122499370458052
0.06756113233526437 0.04499554387700933
0.07370305345665204 0.048681394936506715
0.07984497457803971 0.052277695214597734
0.08598689569942737 0.05577972123091111
0.09212881682081504 0.05918289094713419
0.09827073794220272 0.06248277799889797
0.10441265906359039 0.0656751266916679
0.11055458018497806 0.06875586751883325
0.11669650130636572 0.071721132937286
0.12283842242775339 0.07456727311821153
0.12898034354914106 0.07729087137882219
0.13512226467052874 0.07988875899450434
0.1412641857919164 0.08235802909038455
0.14740610691330408 0.08469604931664307
0.15354802803469175 0.08690047302293258
0.15968994915607942 0.08896924866386316
0.16583187027746707 0.09090062718950301
0.17197379139885474 0.09269316720198065
0.17811571252024241 0.09434573769127946
0.1842576336416301 0.09585751819986106
0.19039955476301776 0.09722799630646899
0.19654147588440543 0.09845696236391463
0.2026833970057931 0.09954450147335392
0.20882531812718078 0.10049098272796154
0.21496723924856845 0.10129704581137687
0.22110916036995612 0.10196358509010896
0.2272510814913438 0.1024917313934505
0.23339300261273144 0.10288283172845772
0.2395349237341191 0.10313842723022969
0.24567684485550678 0.10326022969798879
0.25181876597689445 0.10325009711420352
0.2579606870982821 0.10311000858602644
0.2641026082196698 0.10284203918447031
0.27024452934105747 0.10244833518587794
0.27638645046244514 0.1019310902413058
0.2825283715838328 0.10129252301155127
0.2886702927052205 0.10053485680804695
0.29481221382660816 0.09966030177234966
0.30095413494799583 0.098671040109499
0.3070960560693835 0.09756921486357129
0.3132379771907712 0.09635692268833002
0.31937989831215885 0.09503621102359947
0.3255218194335465 0.0936090800411723
0.33166374055493414 0.09207748967579624
0.3378056616763218 0.09044337201102118
0.3439475827977095 0.08870864925137309
0.35008950391909716 0.08687525748758429
0.35623142504048483 0.08494517645803751
0.3623733461618725 0.08292046553663543
0.3685152672832602 0.08080330624698
0.37465718840464785 0.07859605173053234
0.3807991095260355 0.07630128380278826
0.3869410306474232 0.07392187854406138
0.39308295176881086 0.07146108182818724
0.39922487289019853 0.0689225968463746
0.4053667940115862 0.0663106866093806
0.4115087151329739 0.06363029571548487
0.41765063625436155 0.06088719750541431
0.4237925573757492 0.0580881753014784
0.4299344784971369 0.05524125004170102
0.43607639961852457 0.05235597166345783
0.44221832073991224 0.04944379854664307
0.4483602418612999 0.04651859867424321
0.4545021629826876 0.04359731807711067
0.4606440841040752 0.04070087559404846
0.4667860052254629 0.03785535367089727
0.47292792634685055 0.03509355029639881
0.4790698474682382 0.032456906453971694
0.4852117685896259 0.029997660984495262
0.49135368971101356 0.02778069538891096
0.49749561083240124 0.025883787344115207
0.5036375319537889 0.024393980299765406
0.5097794530751766 0.02339735398854158
0.5159213741965643 0.022961620642859875
0.5220632953179519 0.023116827837736862
0.5282052164393396 0.023844794215771185
0.5343471375607273 0.025084613077303156
0.5404890586821149 0.02675037119910207
0.5466309798035026 0.028750286256904012
0.5527729009248903 0.030999606791611536
0.558914822046278 0.03342619660246444
0.5650567431676656 0.03597123180160486
0.5711986642890533 0.038587635631144764
0.577340585410441 0.04123789038559515
0.5834825065318286 0.04389197970622377
0.5896244276532163 0.04652570695310854
0.595766348774604 0.04911940824898123
0.6019082698959917 0.051656999723728454
0.6080501910173793 0.054125283802705385
0.614192112138767 0.05651344778328228
0.6203340332601547 0.05881270190098686
0.6264759543815424 0.0610160172032822
0.63261787550293 0.06311793407196871
0.6387597966243177 0.06511442012530161
0.6449017177457054 0.06700276195854171
0.651043638867093 0.06878147927769884
0.6571855599884806 0.07045025289641205
0.6633274811098683 0.07200986014611474
0.669469402231256 0.07346211274889847
0.6756113233526436 0.07480979330431108
0.6817532444740313 0.0760565873780093
0.687895165595419 0.07720700884789755
0.6940370867168066 0.07826631673281134
0.7001790078381943 0.07924042225224968
0.706320928959582 0.0801357853813765
0.7124628500809697 0.08095930069992678
0.7186047712023573 0.08171817290215239
0.724746692323745 0.08241978294170454
0.7308886134451327 0.08307154642276617
0.7370305345665203 0.08368076649707584
0.743172455687908 0.0842544841542146
0.7493143768092957 0.08479932935807677
0.7554562979306834 0.08532137693751607
0.761598219052071 0.08582601143380496
0.7677401401734587 0.08631780519671631
0.7738820612948464 0.08680041387165732
0.780023982416234 0.08727649301792191
0.7861659035376217 0.0877476389516907
0.7923078246590094 0.08821435605090279
0.7984497457803971 0.0886760517495429
0.8045916669017847 0.08913105936042581
0.8107335880231724 0.08957668778082901
0.8168755091445601 0.09000929613522947
0.8230174302659478 0.09042439056334924
0.8291593513873354 0.09081673972001938
0.8353012725087231 0.09118050514290788
0.8414431936301108 0.09150938246776595
0.8475851147514984 0.09179674951013066
0.8537270358728861 0.09203581745291677
0.8598689569942738 0.09221978173691703
0.8660108781156615 0.09234196969846183
0.8721527992370491 0.09239598248999562
0.8782947203584368 0.09237582931565425
0.8844366414798245 0.09227605248371863
0.8905785626012122 0.09209184219846245
0.8967204837225998 0.09181914037097516
0.9028624048439875 0.09145473301448691
0.9090043259653752 0.09099633100217658
0.9151462470867628 0.09044263910547848
0.9212881682081504 0.08979341330143197
0.9274300893295381 0.0890495063421492
0.9335720104509257 0.08821290152123946
0.9397139315723134 0.08728673445354666
0.9458558526937011 0.08627530250771237
0.9519977738150888 0.08518406129768334
0.9581396949364764 0.08401960735231026
0.9642816160578641 0.08278964574765929
0.9704235371792518 0.08150294111643763
0.9765654583006395 0.08016925006432096
0.9827073794220271 0.07879923265915188
0.9888493005434148 0.07740434036983185
0.9949912216648025 0.07599667769413014
1.0011331427861903 0.07458883483058745
1.0072750639075778 0.07319368924379144
1.0134169850289656 0.07182417498115956
1.0195589061503532 0.07049302024955821
1.025700827271741 0.0692124561323528
1.0318427483931285 0.06799390240847454
1.0379846695145163 0.06684764006433613
1.0441265906359039 0.06578248391745231
1.0502685117572914 0.06480547225135591
1.0564104328786792 0.06392159280315549
1.0625523540000668 0.06313356513302676
1.0686942751214545 0.06244169778317483
1.074836196242842 0.06184383450171139
1.0809781173642299 0.06133539745898423
1.0871200384856174 0.06090952762377597
1.0932619596070052 0.06055731446284164
1.0994038807283928 0.060268100140749764
1.1055458018497806 0.06002983847092609
1.1116877229711681 0.05982948658607384
1.117829644092556 0.05965340768589995
1.1239715652139435 0.05948776582717876
1.1301134863353313 0.0593188977914414
1.1362554074567188 0.059133651766920994
1.1423973285781066 0.058919687188189816
1.1485392496994942 0.058665734076864706
1.154681170820882 0.05836181334646763
1.1608230919422695 0.057999421705500674
1.1669650130636573 0.05757168608736726
1.1731069341850449 0.05707349309876049
1.1792488553064326 0.05650159896967219
1.1853907764278202 0.05585472504323746
1.191532697549208 0.05513364304736878
1.1976746186705955 0.05434125326466296
1.2038165397919833 0.05348265721581318
1.209958460913371 0.052565224479172695
1.2161003820347587 0.051598650607703626
1.2222423031561462 0.050594999556173186
1.228384224277534 0.049568719387370966
1.2345261453989216 0.04853661418753461
1.2406680665203094 0.04751774827716261
1.246809987641697 0.04653325170368994
1.2529519087630847 0.045605990301361345
1.2590938298844723 0.044760062153298384
1.26523575100586 0.04402008910066394
1.2713776721272476 0.043410291358552566
1.2775195932486354 0.04295336797947758
1.283661514370023 0.0426692537486325
1.2898034354914107 0.04257387442345155
1.2959453566127983 0.042678059901409375
1.302087277734186 0.042986779752800484
1.3082291988555736 0.0434988264441786
1.3143711199769612 0.044206994375578366
1.320513041098349 0.04509871093880024
1.3266549622197366 0.0461569995729269
1.3327968833411243 0.04736161652061022
1.338938804462512 0.048690207335523455
1.3450807255838997 0.05011936468766992
1.3512226467052872 0.05162551720054407
1.357364567826675 0.05318562390766482
1.3635064889480626 0.05477768159487306
1.3696484100694504 0.05638107095472039
1.375790331190838 0.05797677457532337
1.3819322523122257 0.059547499257705784
1.3880741734336133 0.061077730628792536
1.394216094555001 0.06255374208436029
1.4003580156763886 0.06396357428468522
1.4064999367977764 0.06529699645576037
1.412641857919164 0.06654545683545954
1.4187837790405518 0.0677020266945497
1.4249257001619393 0.06876134029332877
1.431067621283327 0.06971953171818951
1.4372095424047147 0.07057416860858724
1.4433514635261024 0.07132418219661302
1.44949338464749 0.07196979273613806
1.4556353057688778 0.07251242922432026
1.4617772268902653 0.07295464226787199
1.4679191480116531 0.0733000089916022
1.4740610691330407 0.0735530290131311
1.4802029902544285 0.073719010710936
1.486344911375816 0.0738039472948417
1.4924868324972038 0.07381438255337917
1.4986287536185914 0.07375726660525973
1.5047706747399792 0.07363980252275155
1.5109125958613667 0.0734692853157795
1.5170545169827545 0.07325293544918271
1.523196438104142 0.07299772978062148
1.5293383592255299 0.07271023350767838
1.5354802803469174 0.07239643734106144
1.5416222014683052 0.07206160460845056
1.5477641225896928 0.07171013327002589
1.5539060437110805 0.07134543782885025
1.560047964832468 0.07096985580207824
1.5661898859538559 0.07058458276615727
1.5723318070752434 0.07018963902076719
1.578473728196631 0.06978386969086839
1.5846156493180188 0.06936497869708166
1.5907575704394064 0.0689295955888455
1.5968994915607941 0.0684733728780883
1.6030414126821817 0.06799111035055239
1.6091833338035695 0.06747690196021545
1.615325254924957 0.06692430038721126
1.6214671760463448 0.0663264941797116
1.6276090971677324 0.06567649258718176
1.6337510182891202 0.06496731367954695
1.6398929394105077 0.06419217207035713
1.6460348605318955 0.06334466345346569
1.652176781653283 0.06241894415957427
1.6583187027746709 0.0614099049929873
1.6644606238960584 0.06031333969089522
1.6706025450174462 0.059126109449064004
1.6767444661388338 0.05784630609028446
1.6828863872602216 0.05647341764268804
1.6890283083816091 0.05500850138071857
1.695170229502997 0.05345437079599112
1.7013121506243845 0.051815804517542516
1.7074540717457722 0.05009978683404757
1.7135959928671598 0.04831579098403849
1.7197379139885476 0.04647611728852718
1.7258798351099351 0.04459629748351072
1.732021756231323 0.04269557229971529
1.7381636773527105 0.040797437904193955
1.7443055984740983 0.03893023244567724
1.7504475195954858 0.037127688186718216
1.7565894407168736 0.03542929802673596
1.7627313618382612 0.033880233702490034
1.768873282959649 0.03253042495593403
1.7750152040810365 0.031432332711297584
1.7811571252024243 0.030637062335927005
1.7872990463238119 0.03018892518727504
1.7934409674451997 0.030119371677648464
1.7995828885665872 0.030442008762218063
1.805724809687975 0.03115049755445233
1.8118667308093626 0.032220137632527394
1.8180086519307503 0.03361241642048799
1.824150573052138 0.035280787494307166
1.8302924941735257 0.037175982188932484
1.8364344152949132 0.0392499076307067
1.8425763364163008 0.04145797684667687
1.8487182575376886 0.043760177976300565
1.8548601786590762 0.04612131495638576
1.861002099780464 0.04851079074585763
1.8671440209018515 0.050902187835314194
1.8732859420232393 0.05327279634862363
1.8794278631446268 0.05560316678933048
1.8855697842660146 0.05787671989660258
1.8917117053874022 0.0600794217210989
1.89785362650879 0.062199520137929745
1.9039955476301775 0.06422733411198354
1.9101374687515653 0.06615508574029436
1.9162793898729529 0.06797676549370502
1.9224213109943407 0.06968802214141849
1.9285632321157282 0.0712860700577822
1.934705153237116 0.07276960775138995
1.9408470743585036 0.07413874243811569
1.9469889954798913 0.0753949162895268
1.953130916601279 0.0765408306470246
1.9592728377226667 0.07758036503478304
1.9654147588440543 0.07851848827069324
1.971556679965442 0.07936115940430245
1.9776986010868296 0.08011521664299164
1.9838405222082174 0.0807882528983133
1.989982443329605 0.08138847712478849
1.9961243644509927 0.08192456125765764
2.0022662855723805 0.0824054732977061
2.008408206693768 0.08284029793960114
2.0145501278151556 0.08323804707622803
2.020692048936543 0.08360746349523013
2.026833970057931 0.08395682205344106
2.0329758911793188 0.08429373348892251
2.0391178123007063 0.08462495671508918
2.045259733422094 0.08495622584153573
2.051401654543482 0.08529209819904703
2.0575435756648695 0.08563582925748926
2.063685496786257 0.08598927950222666
2.0698274179076446 0.08635285711473722
2.0759693390290326 0.08672549877364162
2.08211126015042 0.0871046891819356
2.0882531812718077 0.08748651818744786
2.0943951023931953 0.08786577275134859
2.100537023514583 0.0882360596691041
2.106678944635971 0.08858995395729806
2.1128208657573584 0.08891916723823845
2.118962786878746 0.08921473028332881
2.1251047080001335 0.0894671840746397
2.1312466291215215 0.08966677424081947
2.137388550242909 0.08980364443172995
2.1435304713642966 0.08986802502752618
2.149672392485684 0.08985041445290533
2.155814313607072 0.08974175122250248
2.1619562347284598 0.0895335756344134
2.1680981558498473 0.08921818072969728
2.174240076971235 0.0887887527366882
2.180381998092623 0.08823950172257305
2.1865239192140105 0.08756578359174497
2.192665840335398 0.08676421491587338
2.1988077614567856 0.08583278236989211
2.2049496825781736 0.0847709487937219
2.211091603699561 0.08357975810751886
2.2172335248209487 0.08226194147388903
2.2233754459423363 0.08082202720280712
2.2295173670637243 0.07926645688852575
2.235659288185112 0.07760371007118735
2.2418012093064994 0.07584443919548797
2.247943130427887 0.07400161558689375
2.254085051549275 0.07209068527477937
2.2602269726706625 0.07012973032820342
2.26636889379205 0.0681396263648026
2.2725108149134376 0.06614417937631394
2.2786527360348257 0.06417021435112209
2.284794657156213 0.062247574095080846
2.2909365782776008 0.06040896988344071
2.2970784993989883 0.058689608843830836
2.3032204205203763 0.057126512215284066
2.309362341641764 0.05575744378314793
2.3155042627631515 0.054619401648629044
2.321646183884539 0.0537466997298572
2.327788105005927 0.05316877693755777
2.3339300261273146 0.05290799823702512
2.340071947248702 0.052977804442117846
2.3462138683700897 0.053381570456947594
2.3523557894914777 0.05411241558417227
2.3584977106128653 0.05515400173142821
2.364639631734253 0.05648213443612204
2.3707815528556404 0.05806683355394614
2.376923473977028 0.0598745089399316
2.383065395098416 0.06186994628037982
2.3892073162198035 0.06401792773891207
2.395349237341191 0.06628442898846147
2.4014911584625787 0.06863741805552713
2.4076330795839667 0.0710473256926791
2.4137750007053542 0.07348726980408311
2.419916921826742 0.07593311020221145
2.4260588429481293 0.07836339530299967
2.4322007640695174 0.08075924613290097
2.438342685190905 0.08310420869391595
2.4444846063122925 0.08538409451934595
2.45062652743368 0.08758682114594607
2.456768448555068 0.08970225871167957
2.4629103696764556 0.09172208533066
2.469052290797843 0.09363965172851599
2.4751942119192307 0.09544985439303091
2.4813361330406187 0.0971490158786278
2.4874780541620063 0.09873477067205956
2.493619975283394 0.10020595502949324
2.4997618964047814 0.1015624993349193
2.5059038175261694 0.10280532174597025
2.512045738647557 0.10393622214930637
2.5181876597689445 0.10495777572241649
2.524329580890332 0.10587322567981408
2.53047150201172 0.10668637506213566
2.5366134231331077 0.1074014777019339
2.5427553442544952 0.10802312876608579
2.548897265375883 0.10855615552740601
2.555039186497271 0.10900550925200017
2.5611811076186584 0.10937615929768273
2.567323028740046 0.10967299069491533
2.5734649498614335 0.10990070661702729
2.5796068709828215 0.11006373723273784
2.585748792104209 0.11016615646375151
2.5918907132255966 0.11021160813762794
2.598032634346984 0.11020324292798178
2.604174555468372 0.11014366731040294
2.6103164765897597 0.11003490553722513
2.6164583977111473 0.10987837535536539
2.622600318832535 0.10967487787069005
2.6287422399539224 0.10942460161468488
2.6348841610753104 0.10912714051171939
2.641026082196698 0.10878152509585239
2.6471680033180855 0.10838626600231953
2.653309924439473 0.10793940847602725
2.659451845560861 0.10743859640991485
2.6655937666822487 0.10688114425839056
2.6717356878036362 0.10626411506934562
2.677877608925024 0.10558440284238214
2.684019530046412 0.10483881744690332
2.6901614511677994 0.10402417041453715
2.696303372289187 0.10313736004674486
2.7024452934105745 0.10217545443991166
2.7085872145319625 0.10113577121594834
2.71472913565335 0.10001595294613215
2.7208710567747376 0.09881403746035193
2.727012977896125 0.09752852243531042
2.733154899017513 0.09615842384742031
2.7392968201389007 0.09470332805459483
2.7454387412602883 0.09316343743282092
2.751580662381676 0.09153960963649846
2.757722583503064 0.08983339067508729
2.7638645046244514 0.0880470421021944
2.770006425745839 0.08618356269648372
2.7761483468672266 0.08424670507594906
2.7822902679886146 0.08224098772647241
2.788432189110002 0.08017170293899648
2.7945741102313897 0.0780449211316404
2.8007160313527772 0.0758674919751619
2.8068579524741653 0.07364704262970831
2.812999873595553 0.0713919732199538
2.8191417947169404 0.06911144940023238
2.825283715838328 0.06681539145953565
2.831425636959716 0.06451445884915541
2.8375675580811035 0.062220028238383907
2.843709479202491 0.05994416217045432
2.8498514003238786 0.05769956406693627
2.8559933214452666 0.055499513711066845
2.862135242566654 0.05335777549298703
2.8682771636880418 0.051288469805700794
2.8744190848094293 0.04930589640909244
2.8805610059308173 0.04742429795364389
2.886702927052205 0.045657553084593495
2.8928448481735924 0.04401879275700759
2.89898676929498 0.042519941666944776
2.9051286904163676 0.04117119956951193
2.9112706115377556 0.039980493942217345
2.917412532659143 0.0389529532041666
2.9235544537805307 0.03809046364338797
2.9296963749019183 0.03739137736156189
2.9358382960233063 0.036850428156392674
2.941980217144694 0.03645888658466913
2.9481221382660814 0.03620494938750871
2.954264059387469 0.03607432149973567
2.960405980508857 0.036050921363258895
2.9665479016302445 0.036117629046633286
2.972689822751632 0.03625700252925753
2.9788317438730196 0.036451905806299194
2.9849736649944076 0.0366860160330032
2.991115586115795 0.03694419919319069
2.9972575072371828 0.03721276069060117
3.0033994283585703 0.03747958754564046
3.0095413494799583 0.03773420325340909
3.015683270601346 0.03796775647654643
3.0218251917227335 0.03817296236714734
3.027967112844121 0.0383440118514396
3.034109033965509 0.038476460612158404
3.0402509550868966 0.03856710628878003
3.046392876208284 0.03861385980423306
3.0525347973296717 0.038615614752199864
3.0586767184510597 0.038572117379751074
3.0648186395724473 0.038483838776340595
3.070960560693835 0.03835185032767459
3.0771024818152224 0.03817770321748793
3.0832444029366104 0.03796331268294869
3.089386324057998 0.03771084778630429
3.0955282451793855 0.03742262760495647
3.101670166300773 0.03710102492233058
3.107812087422161 0.03674837868773012
3.1139540085435486 0.03636691667556591
3.120095929664936 0.03595868988897994
3.1262378507863238 0.035525520301917655
3.1323797719077118 0.03506896350620381
3.1385216930290993 0.034590287723722565
3.144663614150487 0.03409047046560177
3.1508055352718745 0.03357021388755091
3.156947456393262 0.03302997962956521
3.16308937751465 0.03247004367240527
3.1692312986360376 0.031890571529125486
3.175373219757425 0.03129171395206441
3.1815151408788127 0.030673723300187496
3.1876570620002007 0.030037090787673457
3.1937989831215883 0.02938270500349927
3.199940904242976 0.028712032291640224
3.2060828253643634 0.028027319684643778
3.2122247464857514 0.0273318208626928
3.218366667607139 0.026630044692047477
3.2245085887285265 0.02592802370104654
3.230650509849914 0.025233595537110222
3.236792430971302 0.024556682908204744
3.2429343520926897 0.023909545536632805
3.249076273214077 0.02330696045618665
3.2552181943354648 0.02276626538593456
3.261360115456853 0.02230717835424913
3.2675020365782403 0.02195129566095078
3.273643957699628 0.021721186798793934
3.2797858788210155 0.02163906797344501
3.2859277999424035 0.02172515162468309
3.292069721063791 0.021995911862509716
3.2982116421851786 0.022462610089847835
3.304353563306566 0.02313041643008624
3.310495484427954 0.023998314719941072
3.3166374055493417 0.02505975134033715
3.3227793266707293 0.026303793165363635
3.328921247792117 0.02771648133449101
3.335063168913505 0.029282110201386675
3.3412050900348924 0.03098426873002322
3.34734701115628 0.032806591047342105
3.3534889322776675 0.034733237856771904
3.3596308533990555 0.03674916558191545
3.365772774520443 0.03884024642082023
3.3719146956418307 0.04099329375200776
3.3780566167632182 0.043196033688193664
3.3841985378846062 0.04543705051094322
3.390340459005994 0.047705723355828684
3.3964823801273814 0.049992164134668435
3.402624301248769 0.05228716180222021
3.4087662223701565 0.05458213504330759
3.4149081434915445 0.05686909368506168
3.421050064612932 0.059140608179821766
3.4271919857343196 0.061389786044721756
3.433333906855707 0.0636102539781685
3.439475827977095 0.06579614437129964
3.4456177490984827 0.06794208501494389
3.4517596702198703 0.07004319092317036
3.457901591341258 0.07209505732713474
3.464043512462646 0.07409375302389515
3.4701854335840334 0.07603581338772873
3.476327354705421 0.07791823246393322
3.4824692758268085 0.07973845366708944
3.4886111969481965 0.08149435869837496
3.494753118069584 0.08318425438129308
3.5008950391909717 0.08480685719376654
3.5070369603123592 0.0863612753484683
3.5131788814337472 0.0878469883438313
3.519320802555135 0.08926382397640678
3.5254627236765224 0.09061193287182523
3.53160464479791 0.09189176065690965
3.537746565919298 0.09310401795951466
3.5438884870406855 0.09424964848509268
3.550030408162073 0.0953297954791666
3.5561723292834606 0.09634576694186711
3.5623142504048486 0.09729900001325165
3.568456171526236 0.09819102499483441
3.5745980926476237 0.09902342951204758
3.5807400137690113 0.09979782335260673
3.5868819348903993 0.10051580453537652
3.593023856011787 0.10117892717191539
3.5991657771331744 0.10178867167725168
3.605307698254562 0.10234641786683764
3.61144961937595 0.10285342144272987
3.6175915404973376 0.10331079432409206
3.623733461618725 0.10371948921592737
3.6298753827401127 0.10408028873692939
3.6360173038615007 0.10439379934445078
3.6421592249828882 0.10466045020425102
3.648301146104276 0.10488049705768705
3.6544430672256634 0.10505403104234354
3.6605849883470514 0.10518099232681626
3.666726909468439 0.10526118832939083
3.6728688305898265 0.10529431620635744
3.679010751711214 0.10527998922091816
3.6851526728326016 0.10521776653979967
3.6912945939539896 0.10510718595291073
3.697436515075377 0.10494779897219056
3.7035784361967647 0.10473920773906331
3.7097203573181523 0.10448110315496122
3.7158622784395403 0.10417330364500153
3.722004199560928 0.10381579396948971
3.7281461206823154 0.10340876350953931
3.734288041803703 0.10295264346961469
3.740429962925091 0.10244814245898162
3.7465718840464786 0.10189627993366557
3.752713805167866 0.10129841699845776
3.7588557262892537 0.10065628408286346
3.7649976474106417 0.09997200501407817
3.7711395685320293 0.09924811701293552
3.777281489653417 0.09848758613470748
3.7834234107748044 0.09769381766575626
3.7895653318961924 0.09687066097034859
3.79570725301758 0.09602240826154233
3.8018491741389675 0.09515378674936771
3.807991095260355 0.0942699436035047
3.814133016381743 0.09337642316298887
3.8202749375031306 0.09247913584063965
3.826416858624518 0.09158431821509538
3.8325587797459058 0.09069848389011081
3.8387007008672938 0.08982836484128576
3.8448426219886813 0.08898084317621276
3.850984543110069 0.08816287351436351
3.8571264642314564 0.0873813965524552
3.8632683853528444 0.08664324481691081
3.869410306474232 0.0859550421048125
3.8755522275956196 0.08532309865393695
3.881694148717007 0.08475330462361474
3.887836069838395 0.0842510249619349
3.8939779909597827 0.08382099912351064
3.9001199120811703 0.0834672493258212
3.906261833202558 0.08319300103767892
3.912403754323946 0.08300061914339923
3.9185456754453334 0.08289156270858201
3.924687596566721 0.08286636050697666
3.9308295176881085 0.08292460850397945
3.936971438809496 0.08306498941001918
3.943113359930884 0.08328531331330997
3.9492552810522716 0.08358257737714284
3.955397202173659 0.08395304173233874
3.9615391232950468 0.08439231807780818
3.9676810444164348 0.08489546715731329
3.9738229655378223 0.08545710121126066
3.97996488665921 0.08607148768174604
3.9861068077805974 0.08673265082832876
3.9922487289019855 0.08743446843024902
3.998390650023373 0.08817076134481835
4.004532571144761 0.08893537430396126
4.010674492266149 0.0897222469147774
4.016816413387536 0.09052547435239641
4.022958334508924 0.09133935767464536
4.029100255630311 0.09215844404031248
4.035242176751699 0.09297755737742817
4.041384097873086 0.09379182023269
4.047526018994474 0.09459666764927148
4.053667940115862 0.09538785398058497
4.05980986123725 0.09616145356479036
4.0659517823586375 0.0969138561704505
4.072093703480025 0.09764175808750587
4.078235624601413 0.0983421496875167
4.0843775457228 0.09901230021886862
4.090519466844188 0.09964974054066181
4.096661387965575 0.10025224443619085
4.102803309086964 0.1008178090850755
4.108945230208351 0.10134463521318497
4.115087151329739 0.1018311073819021
4.1212290724511265 0.10227577482302483
4.127370993572514 0.10267733317251998
4.133512914693902 0.10303460740515863
4.139654835815289 0.10334653622253012
4.145796756936677 0.10361215809885177
4.151938678058065 0.10383059914228444
4.158080599179453 0.10400106288414385
4.16422252030084 0.10412282206460383
4.170364441422228 0.10419521244144604
4.176506362543615 0.10421762860842908
4.182648283665003 0.10418952177228259
4.1887902047863905 0.1041103994025593
4.194932125907778 0.10397982663696989
4.201074047029166 0.10379742929672543
4.207215968150554 0.10356289834210793
4.213357889271942 0.10327599557820016
4.219499810393329 0.10293656040456783
4.225641731514717 0.10254451739074494
4.231783652636104 0.10209988445158696
4.237925573757492 0.10160278139279137
4.2440674948788795 0.10105343859693253
4.250209416000267 0.10045220562393897
4.2563513371216555 0.09979955950672004
4.262493258243043 0.09909611253225374
4.268635179364431 0.09834261931047852
4.274777100485818 0.09753998294738615
4.280919021607206 0.0966892601543848
4.287060942728593 0.09579166514292352
4.293202863849981 0.09484857217118424
4.299344784971368 0.0938615166280652
4.305486706092757 0.09283219455844305
4.311628627214144 0.09176246055262083
4.317770548335532 0.09065432394182317
4.3239124694569195 0.08950994326051508
4.330054390578307 0.0883316189552094
4.336196311699695 0.08712178433834722
4.342338232821082 0.08588299480491297
4.34848015394247 0.08461791534885196
4.354622075063858 0.08332930643630454
4.360763996185246 0.08202000831339534
4.366905917306633 0.08069292384805661
4.373047838428021 0.07935100002834303
4.3791897595494085 0.07799720826408621
4.385331680670796 0.07663452366462874
4.391473601792184 0.07526590349274245
4.397615522913571 0.07389426502348435
4.40375744403496 0.07252246306628611
4.409899365156347 0.07115326743837946
4.416041286277735 0.06978934070683937
4.422183207399122 0.06843321654389717
4.42832512852051 0.06708727906428694
4.434467049641897 0.0657537435325412
4.440608970763285 0.06443463884046009
4.4467508918846725 0.06313179215848456
4.452892813006061 0.06184681615748704
4.4590347341274486 0.06058109917785546
4.465176655248836 0.05933579868938055
4.471318576370224 0.058111838337639374
4.477460497491611 0.05690990881033057
4.483602418612999 0.05573047268126418
4.489744339734386 0.05457377330229811
4.495886260855774 0.05343984771721905
4.5020281819771615 0.0523285434699833
4.50817010309855 0.051239539077053795
4.5143120242199375 0.05017236783430669
4.520453945341325 0.0491264445376127
4.526595866462713 0.048101094616812196
4.5327377875841 0.04709558511873819
4.538879708705488 0.046109156928517143
4.545021629826875 0.04514105759068325
4.551163550948263 0.04419057408248072
4.557305472069651 0.04325706489961847
4.563447393191039 0.04233999083712685
4.569589314312426 0.04143894388140183
4.575731235433814 0.040553673670046746
4.5818731565552016 0.0396841110195744
4.588015077676589 0.038830388063469196
4.594156998797977 0.03799285458113443
4.600298919919364 0.03717209012946132
4.606440841040753 0.03636891161202989
4.61258276216214 0.035584375936900364
4.618724683283528 0.03481977742520144
4.624866604404915 0.034076639644300556
4.631008525526303 0.03335670135887157
4.6371504466476905 0.03266189633097367
4.643292367769078 0.03199432676901338
4.649434288890466 0.0313562303394585
4.655576210011854 0.03074994082872068
4.661718131133242 0.03017784278756027
4.667860052254629 0.0296423208126651
4.674001973376017 0.029145704515647942
4.680143894497404 0.028690210680364443
4.686285815618792 0.028277884579661
4.692427736740179 0.027910542859176556
4.698569657861567 0.0275897207312941
4.7047115789829554 0.027316626383966616
4.710853500104343 0.02709210543206312
4.716995421225731 0.026916617881947637
4.723137342347118 0.02679022944021227
4.729279263468506 0.026712618118194184
4.735421184589893 0.0266830960530341
4.741563105711281 0.02670064540310141
4.747705026832668 0.026763966209863703
4.753846947954056 0.02687153336376943
4.759988869075444 0.027021659345987922
4.766130790196832 0.027212559270096
4.7722727113182195 0.027442414898742003
4.778414632439607 0.02770943470247584
4.784556553560995 0.028011907582085417
4.790698474682382 0.028348248508372996
4.79684039580377 0.028717034970650524
4.802982316925157 0.029117033712114715
4.809124238046546 0.02954721773273167
4.815266159167933 0.030006773943841568
4.821408080289321 0.030495102163855977
4.8275500014107084 0.031011806361138986
4.833691922532096 0.03155667919289378
4.839833843653484 0.032129680972688514
4.845975764774871 0.032730914237360756
4.852117685896259 0.03336059508663959
4.858259607017647 0.03401902244293133
4.864401528139035 0.03470654632870029
4.870543449260422 0.03542353618731529
4.87668537038181 0.03617035018190052
4.882827291503197 0.0369473062974352
4.888969212624585 0.037754655946572645
4.8951111337459725 0.038592560642873204
4.90125305486736 0.0394610721608719
4.9073949759887485 0.04036011645592043
4.913536897110136 0.04128948147372461
4.919678818231524 0.04224880884548098
4.925820739352911 0.04323758934441243
4.931962660474299 0.04425516187718974
4.938104581595686 0.0453007157017691
4.944246502717074 0.046373295502733905
4.9503884238384614 0.04747180891610244
4.95653034495985 0.04859503607637232
4.9626722660812375 0.04974164075704421
4.968814187202625 0.05091018268912871
4.974956108324013 0.05209913066703925
4.9810980294454 0.05330687608464667
4.987239950566788 0.05453174658315222
4.993381871688175 0.05577201953422915
4.999523792809563 0.057025935124409816
5.00566571393095 0.05829170884827355
5.011807635052339 0.05956754325737096
5.017949556173726 0.0608516388481829
5.024091477295114 0.06214220400527506
5.0302333984165015 0.06343746394498101
5.036375319537889 0.06473566863043363
5.042517240659277 0.06603509965073665
5.048659161780664 0.06733407607577485
5.054801082902052 0.0686309593139082
5.06094300402344 0.06992415701290501
5.067084925144828 0.07121212605525043
5.073226846266215 0.07249337470770992
5.079368767387603 0.07376646399198775
5.0855106885089905 0.07503000834871006
5.091652609630378 0.07628267567096805
5.097794530751766 0.07752318678641541
5.103936451873153 0.07875031446854247
5.110078372994542 0.07996288205833761
5.116220294115929 0.08115976177715507
5.122362215237317 0.08233987281030074
5.128504136358704 0.0835021792386623
5.134646057480092 0.08464568789269175
5.140787978601479 0.0857694461992428
5.146929899722867 0.08687254008721372
5.1530718208442545 0.08795409201270794
5.159213741965643 0.08901325915855979
5.1653556630870305 0.09004923185665235
5.171497584208418 0.09106123227456328
5.177639505329806 0.09204851340080338
5.183781426451193 0.09301035835535931
5.189923347572581 0.09394608004452563
5.196065268693968 0.09485502117122191
5.202207189815356 0.09573655460425164
5.208349110936744 0.09659008410238357
5.214491032058132 0.0974150453818365
5.2206329531795195 0.09821090750882537
5.226774874300907 0.09897717459238364
5.232916795422295 0.09971338774679743
5.239058716543682 0.10041912728775071
5.24520063766507 0.10109401512174887
5.251342558786457 0.10173771728461399
5.257484479907845 0.10234994658186002
5.263626401029233 0.10293046528158432
5.269768322150621 0.10347908780915957
5.275910243272008 0.103995683392468
5.282052164393396 0.10448017860666839
5.2881940855147835 0.10493255976849929
5.294336006636171 0.1053528751318436
5.300477927757559 0.10574123683867764
5.306619848878946 0.10609782258252526
5.312761770000335 0.10642287694508448
5.318903691121722 0.10671671237071188
5.32504561224311 0.10697970974787684
5.331187533364497 0.10721231857145078
5.337329454485885 0.10741505666471543
5.3434713756072725 0.10758850944517574
5.34961329672866 0.10773332872358611
5.355755217850048 0.10785023103097419
5.361897138971436 0.10793999547380861
5.368039060092824 0.10800346112274911
5.374180981214211 0.10804152394558247
5.380322902335599 0.10805513329993306
5.386464823456986 0.10804528800609729
5.392606744578374 0.10801303202483875
5.398748665699761 0.10795944976916251
5.404890586821149 0.10788566108291969
5.411032507942537 0.10779281592255077
5.417174429063925 0.10768208878132726
5.4233163501853126 0.10755467289806968
5.4294582713067 0.1074117742944896
5.435600192428088 0.10725460568699846
5.441742113549475 0.10708438032004085
5.447884034670863 0.10690230576872851
5.45402595579225 0.10670957775877066
5.460167876913639 0.10650737405141417
5.466309798035026 0.10629684844033145
5.472451719156414 0.10607912490612625
5.4785936402778015 0.10585529197239409
5.484735561399189 0.10562639730508787
5.490877482520577 0.10539344259433374
5.497019403641964 0.10515737875485043
5.503161324763352 0.10491910147778867
5.509303245884739 0.10467944716317289
5.515445167006128 0.10443918925824748
5.521587088127515 0.10419903502296418
5.527729009248903 0.10395962273964865
5.53387093037029 0.10372151937962779
5.540012851491678 0.10348521873533259
5.5461547726130656 0.10325114002219266
5.552296693734453 0.10301962695055326
5.558438614855841 0.10279094726393886
5.564580535977229 0.10256529273630413
5.570722457098617 0.10234277961749662
5.576864378220004 0.1021234495130404
5.583006299341392 0.10190727068156236
5.589148220462779 0.10169413973073468
5.595290141584167 0.10148388369051173
5.6014320627055545 0.1012762624406862
5.607573983826942 0.10107097146837236
5.6137159049483305 0.10086764492992288
5.619857826069718 0.10066585899097229
5.625999747191106 0.10046513541775126
5.632141668312493 0.10026494539248837
5.638283589433881 0.10006471352558738
5.644425510555268 0.09986382203729187
5.650567431676656 0.09966161508170013
5.656709352798043 0.09945740318623952
5.662851273919432 0.09925046778002228
5.668993195040819 0.09904006578486498
5.675135116162207 0.0988254342431471
5.681277037283595 0.09860579495709451
5.687418958404982 0.0983803591145033
5.69356087952637 0.09814833187636327
5.699702800647757 0.09790891690230731
5.705844721769145 0.0976613207903097
5.711986642890533 0.0974047574076007
5.718128564011921 0.0971384520903643
5.724270485133308 0.09686164569046538
5.730412406254696 0.09657359844822345
5.7365543273760835 0.09627359367113192
5.742696248497471 0.09596094119942901
5.748838169618859 0.09563498064057316
5.754980090740246 0.09529508435597091
5.761122011861635 0.09494066018476023
5.767263932983022 0.09457115389106682
5.77340585410441 0.09418605132292854
5.779547775225797 0.09378488027301993
5.785689696347185 0.09336721203339675
5.7918316174685724 0.09293266263870911
5.79797353858996 0.09248089379468857
5.804115459711348 0.09201161349118021
5.810257380832735 0.09152457630154522
5.816399301954124 0.09101958337288343
5.822541223075511 0.09049648211418868
5.828683144196899 0.0899551655922333
5.834825065318286 0.08939557164764901
5.840966986439674 0.08881768174630396
5.847108907561061 0.08822151958364154
5.853250828682449 0.0876071494621187
5.8593927498038365 0.08697467446422602
5.865534670925225 0.08632423444576971
5.8716765920466125 0.08565600387611297
5.877818513168 0.08497018955388842
5.883960434289388 0.08426702822828186
5.890102355410775 0.08354678415732514
5.896244276532163 0.08280974663570377
5.90238619765355 0.08205622752536768
5.908528118774938 0.08128655882270912
5.914670039896326 0.08050109029623798
5.920811961017714 0.07970018722852129
5.9269538821391015 0.07888422829566497
5.933095803260489 0.07805360361679321
5.939237724381877 0.07720871300482968
5.945379645503264 0.076349964448411
5.951521566624652 0.07547777285297765
5.957663487746039 0.07459255906700427
5.963805408867428 0.0736947492169752
5.969947329988815 0.07278477437209814
5.976089251110203 0.07186307055691617
5.98223117223159 0.07093007912695266
5.988373093352978 0.06998624751933934
5.9945150144743655 0.06903203038707661
6.000656935595753 0.06806789112219178
6.006798856717141 0.06709430376963271
6.012940777838529 0.06611175533030184
6.019082698959917 0.06512074844822702
6.025224620081304 0.06412180447351126
6.031366541202692 0.06311546688942023
6.037508462324079 0.06210230508876303
6.043650383445467 0.06108291848159306
6.0497923045668545 0.06005794091317499
6.055934225688242 0.0590280453680871
6.06207614680963 0.057993948933182604
6.068218067931018 0.05695641798881645
6.074359989052406 0.05591627359411052
6.080501910173793 0.05487439702790312
6.086643831295181 0.0538317354421711
6.092785752416568 0.05278930757884082
6.098927673537956 0.05174820949367456
6.105069594659343 0.05070962022192183
6.111211515780731 0.049674807309202366
6.117353436902119 0.04864513211711477
6.123495358023507 0.04762205479579629
6.1296372791448945 0.046607138794537005
6.135779200266282 0.04560205475606661
6.14192112138767 0.04460858360990388
6.148063042509057 0.043628618645039696
6.154204963630445 0.04266416630246288
6.160346884751832 0.04171734538448195
6.166488805873221 0.040790384332147475
6.172630726994608 0.039885616177198074
6.178772648115996 0.03900547073518236
6.1849145692373835 0.03815246357785891
6.191056490358771 0.03732918131374479
6.197198411480159 0.0365382627257875
6.203340332601546 0.03578237537614799
6.209482253722934 0.0350641874021494
6.215624174844322 0.03438633440561687
6.22176609596571 0.0337513815876215
6.227908017087097 0.03316178160285498
6.234049938208485 0.032619828993151356
6.240191859329872 0.032127612485495866
6.24633378045126 0.03168696686890518
6.2524757015726475 0.03129942654588144
6.258617622694035 0.030966183127977158
6.2647595438154235 0.030688049551544954
6.270901464936811 0.030465433080951985
6.277043386058199 0.030298319218617333
