delta_wp rho11
-4.0 0.8854921650994975
-3.75 0.8802227068197688
-3.5 0.8828239539219195
-3.25 0.8775029597217753
-3.0 0.8658918417824762
-2.75 0.8497153661669146
-2.5 0.8289072646101083
-2.25 0.8026134479852411
-2.0 0.7598721113646281
-1.75 0.7279820898986379
-1.5 0.6764215884004204
-1.25 0.6142138438871791
-1.0 0.5444991193300928
-0.75 0.48046901280727744
-0.5 0.45423813403550817
-0.25 0.5000420069488384
0.0 0.5562020160920523
0.25 0.5213378906117355
0.5 0.47251769000706384
0.75 0.4791188098063351
1.0 0.5282037831894643
1.25 0.5922499380402548
1.5 0.6548126147030717
1.75 0.7094616701113529
2.0 0.7549775150009423
2.25 0.7920675891280745
2.5 0.8221984670380794
2.75 0.8466994309286348
3.0 0.8667319507627679
3.25 0.8832302903215354
3.5 0.8969269661467504
3.75 0.9083907814764314
4.0 0.9180628063095199
