delta_wp rho11_exactRWA
-4.0 0.9239039749460044
-3.9919839679358717 0.9236279344983813
-3.9839679358717435 0.9233504459300723
-3.975951903807615 0.9230714995355428
-3.967935871743487 0.922791085532204
-3.9599198396793587 0.9225091940597302
-3.9519038076152304 0.9222258151793729
-3.943887775551102 0.9219409388732652
-3.935871743486974 0.9216545550437237
-3.9278557114228456 0.9213666535125401
-3.9198396793587174 0.9210772240202689
-3.911823647294589 0.9207862562255078
-3.903807615230461 0.9204937397041721
-3.8957915831663326 0.9201996639487616
-3.8877755511022043 0.9199040183676217
-3.879759519038076 0.9196067922841968
-3.8717434869739478 0.919307974936279
-3.8637274549098195 0.9190075554752468
-3.8557114228456912 0.9187055229652998
-3.847695390781563 0.9184018663826861
-3.8396793587174347 0.918096574614921
-3.8316633266533064 0.9177896364599998
-3.823647294589178 0.9174810406256049
-3.81563126252505 0.9171707757283029
-3.8076152304609217 0.9168588302927377
-3.799599198396794 0.916545192750813
-3.791583166332665 0.9162298514408712
-3.7835671342685373 0.915912794606862
-3.775551102204409 0.9155940103975051
-3.7675350701402808 0.9152734868654456
-3.7595190380761525 0.9149512119664012
-3.7515030060120242 0.9146271735583023
-3.743486973947896 0.9143013594004242
-3.7354709418837677 0.9139737571525136
-3.7274549098196395 0.9136443543739032
-3.719438877755511 0.9133131385226236
-3.711422845691383 0.912980096954504
-3.7034068136272547 0.9126452169222665
-3.6953907815631264 0.9123084855746123
-3.687374749498998 0.9119698899553004
-3.67935871743487 0.9116294170022167
-3.6713426853707416 0.9112870535464379
-3.6633266533066133 0.9109427863112856
-3.655310621242485 0.9105966019113718
-3.647294589178357 0.9102484868516377
-3.6392785571142285 0.909898427526384
-3.6312625250501003 0.9095464102182922
-3.623246492985972 0.9091924210974385
-3.6152304609218437 0.9088364462202997
-3.6072144288577155 0.9084784715287492
-3.599198396793587 0.908118482849047
-3.591182364729459 0.9077564658908182
-3.5831663326653307 0.9073924062460272
-3.5751503006012024 0.9070262893879396
-3.567134268537074 0.9066581006700776
-3.559118236472946 0.9062878253251665
-3.5511022044088176 0.9059154484640722
-3.5430861723446894 0.9055409550747314
-3.535070140280561 0.9051643300210711
-3.527054108216433 0.9047855580419221
-3.5190380761523046 0.9044046237499208
-3.5110220440881763 0.9040215116304052
-3.503006012024048 0.9036362060403004
-3.49498997995992 0.9032486912069957
-3.4869739478957915 0.9028589512272134
-3.4789579158316633 0.9024669700658686
-3.470941883767535 0.9020727315549202
-3.4629258517034067 0.9016762193922128
-3.4549098196392785 0.9012774171403098
-3.44689378757515 0.9008763082253197
-3.438877755511022 0.9004728759357092
-3.4308617234468937 0.9000671034211132
-3.422845691382766 0.89965897369113
-3.414829659318637 0.8992484696141123
-3.4068136272545093 0.8988355739159479
-3.3987975951903806 0.8984202691788306
-3.390781563126253 0.898002537840023
-3.382765531062124 0.897582362190612
-3.3747494989979963 0.8971597243742526
-3.3667334669338675 0.8967346063859056
-3.3587174348697397 0.8963069900705648
-3.350701402805611 0.8958768571219766
-3.342685370741483 0.8954441890813515
-3.3346693386773545 0.8950089673360636
-3.3266533066132267 0.894571173118347
-3.3186372745490984 0.8941307875039782
-3.31062124248497 0.8936877914109541
-3.302605210420842 0.8932421655981592
-3.2945891783567136 0.892793890664025
-3.2865731462925853 0.892342947045181
-3.278557114228457 0.8918893150150992
-3.270541082164329 0.8914329746827272
-3.2625250501002006 0.8909739059911148
-3.2545090180360723 0.8905120887160346
-3.246492985971944 0.8900475024645904
-3.2384769539078158 0.889580126673822
-3.2304609218436875 0.8891099406092987
-3.2224448897795592 0.8886369233637085
-3.214428857715431 0.8881610538554358
-3.2064128256513027 0.8876823108271372
-3.1983967935871744 0.8872006728443037
-3.190380761523046 0.886716118293821
-3.182364729458918 0.8862286253825199
-3.1743486973947896 0.8857381721357203
-3.1663326653306614 0.8852447363957701
-3.158316633266533 0.8847482958205748
-3.150300601202405 0.8842488278821241
-3.1422845691382766 0.8837463098650089
-3.1342685370741483 0.8832407188649347
-3.12625250501002 0.8827320317872294
-3.118236472945892 0.8822202253453428
-3.1102204408817635 0.8817052760593446
-3.1022044088176353 0.8811871602544138
-3.094188376753507 0.8806658540593264
-3.0861723446893787 0.880141333404935
-3.0781563126252505 0.8796135740226481
-3.070140280561122 0.8790825514429016
-3.062124248496994 0.8785482409936292
-3.0541082164328657 0.878010617798727
-3.0460921843687374 0.877469656776519
-3.038076152304609 0.8769253326382133
-3.030060120240481 0.8763776198863632
-3.0220440881763526 0.8758264928133203
-3.014028056112225 0.8752719254996891
-3.006012024048096 0.8747138918127795
-2.9979959919839683 0.8741523654050573
-2.9899799599198396 0.8735873197125964
-2.9819639278557117 0.8730187279535288
-2.973947895791583 0.8724465631264952
-2.965931863727455 0.8718707980090988
-2.9579158316633265 0.8712914051563572
-2.9498997995991987 0.8707083568991578
-2.94188376753507 0.8701216253427161
-2.933867735470942 0.8695311823650361
-2.9258517034068134 0.868936999615374
-2.9178356713426856 0.8683390485127059
-2.909819639278557 0.8677373002442025
-2.901803607214429 0.8671317257637058
-2.8937875751503004 0.8665222957902136
-2.8857715430861726 0.8659089808063712
-2.877755511022044 0.865291751056969
-2.869739478957916 0.8646705765474498
-2.8617234468937878 0.8640454270424236
-2.8537074148296595 0.863416272064194
-2.8456913827655312 0.8627830808912929
-2.837675350701403 0.8621458225570277
-2.8296593186372747 0.8615044658480416
-2.8216432865731464 0.8608589793028864
-2.813627254509018 0.8602093312106075
-2.80561122244489 0.8595554896093487
-2.7975951903807617 0.8588974222849672
-2.7895791583166334 0.8582350967696715
-2.781563126252505 0.8575684803406735
-2.773547094188377 0.8568975400188612
-2.7655310621242486 0.8562222425674937
-2.7575150300601203 0.8555425544909148
-2.749498997995992 0.8548584420332918
-2.741482965931864 0.8541698711773783
-2.7334669338677355 0.853476807643302
-2.7254509018036073 0.8527792168873796
-2.717434869739479 0.8520770641009605
-2.7094188376753507 0.8513703142093005
-2.7014028056112225 0.8506589318704652
-2.693386773547094 0.8499428814742692
-2.685370741482966 0.8492221271412475
-2.6773547094188377 0.8484966327216638
-2.6693386773547094 0.8477663617945569
-2.661322645290581 0.8470312776668273
-2.6533066132264533 0.8462913433723644
-2.6452905811623246 0.8455465216712177
-2.637274549098197 0.8447967750488136
-2.629258517034068 0.8440420657152188
-2.6212424849699403 0.8432823556044549
-2.6132264529058116 0.8425176063738627
-2.6052104208416837 0.8417477794035227
-2.597194388777555 0.840972835795729
-2.589178356713427 0.8401927363745244
-2.5811623246492985 0.8394074416852957
-2.5731462925851707 0.8386169119944313
-2.565130260521042 0.8378211072890485
-2.557114228456914 0.8370199872767845
-2.5490981963927855 0.8362135113856637
-2.5410821643286576 0.8354016387640373
-2.533066132264529 0.8345843282806009
-2.525050100200401 0.8337615385244926
-2.5170340681362724 0.8329332278054744
-2.5090180360721446 0.8320993541542012
-2.501002004008016 0.8312598753225797
-2.492985971943888 0.8304147487842205
-2.4849699398797593 0.8295639317349885
-2.4769539078156315 0.8287073810936534
-2.468937875751503 0.8278450535026451
-2.460921843687375 0.8269769053289174
-2.4529058116232467 0.8261028926649252
-2.4448897795591185 0.825222971329717
-2.43687374749499 0.8243370968701498
-2.428857715430862 0.823445224562228
-2.4208416833667337 0.8225473094125735
-2.4128256513026054 0.8216433061600293
-2.404809619238477 0.820733169277403
-2.396793587174349 0.819816852973354
-2.3887775551102206 0.8188943111944316
-2.3807615230460923 0.8179654976272647
-2.372745490981964 0.8170303657009153
-2.364729458917836 0.8160888685893954
-2.3567134268537075 0.8151409592143537
-2.3486973947895793 0.8141865902479446
-2.340681362725451 0.8132257141158744
-2.3326653306613228 0.8122582830006418
-2.3246492985971945 0.8112842488449721
-2.3166332665330662 0.8103035633554545
-2.308617234468938 0.8093161780063893
-2.3006012024048097 0.808322044043851
-2.2925851703406814 0.8073211124899764
-2.284569138276553 0.8063133341474817
-2.276553106212425 0.8052986596044216
-2.2685370741482966 0.8042770392391917
-2.2605210420841684 0.8032484232257894
-2.25250501002004 0.8022127615393353
-2.2444889779559123 0.801170003961868
-2.2364729458917836 0.8001201000884187
-2.2284569138276558 0.7990629993333773
-2.220440881763527 0.7979986509371549
-2.2124248496993992 0.7969270039731591
-2.2044088176352705 0.7958480073550832
-2.1963927855711427 0.7947616098445298
-2.188376753507014 0.7936677600589698
-2.180360721442886 0.7925664064800525
-2.1723446893787575 0.7914574974622783
-2.1643286573146296 0.7903409812420441
-2.156312625250501 0.7892168059470704
-2.148296593186373 0.7880849196062293
-2.1402805611222444 0.7869452701597771
-2.1322645290581166 0.7857978054700128
-2.124248496993988 0.7846424733323666
-2.11623246492986 0.783479221486941
-2.1082164328657313 0.782307997630511
-2.1002004008016035 0.7811287494290022
-2.092184368737475 0.7799414245304581
-2.084168336673347 0.7787459705785151
-2.0761523046092183 0.7775423352263967
-2.0681362725450905 0.7763304661514467
-2.0601202404809618 0.7751103110702134
-2.052104208416834 0.7738818177541069
-2.0440881763527057 0.7726449340456387
-2.0360721442885774 0.7713996078752717
-2.028056112224449 0.7701457872788883
-2.020040080160321 0.7688834204159013
-2.0120240480961926 0.7676124555880262
-2.0040080160320644 0.7663328412587316
-1.9959919839679365 0.7650445260733895
-1.9879759519038078 0.7637474588801476
-1.9799599198396791 0.7624415887515421
-1.9719438877755513 0.7611268650068713
-1.9639278557114235 0.759803237235359
-1.9559118236472948 0.7584706553201215
-1.947895791583166 0.75712906946297
-1.9398797595190382 0.7557784302100631
-1.9318637274549104 0.7544186884784452
-1.9238476953907817 0.7530497955834842
-1.915831663326653 0.7516717032672431
-1.9078156312625252 0.750284363727808
-1.8997995991983974 0.748887729649598
-1.8917835671342687 0.7474817542346903
-1.88376753507014 0.7460663912351825
-1.8757515030060121 0.7446415949866249
-1.8677354709418843 0.7432073204425509
-1.8597194388777556 0.7417635232101374
-1.8517034068136269 0.7403101595870253
-1.843687374749499 0.7388471865993312
-1.8356713426853712 0.7373745620408836
-1.8276553106212425 0.7358922445137179
-1.8196392785571138 0.7344001934698631
-1.811623246492986 0.7328983692544546
-1.8036072144288582 0.7313867331502086
-1.7955911823647295 0.7298652474232968
-1.7875751503006008 0.7283338753706563
-1.779559118236473 0.7267925813687701
-1.7715430861723451 0.7252413309239649
-1.7635270541082164 0.7236800907242551
-1.7555110220440877 0.7221088286927831
-1.74749498997996 0.7205275140428905
-1.739478957915832 0.718936117334863
-1.7314629258517034 0.7173346105343948
-1.7234468937875755 0.7157229670728144
-1.7154308617234477 0.7141011619091119
-1.707414829659319 0.7124691715938212
-1.6993987975951903 0.7108269743347964
-1.6913827655310625 0.7091745500649291
-1.6833667334669347 0.7075118805118603
-1.675350701402806 0.7058389492697273
-1.6673346693386772 0.704155741873
-1.6593186372745494 0.7024622458724541
-1.6513026052104216 0.7007584509133324
-1.643286573146293 0.6990443488157437
-1.6352705410821642 0.6973199336573567
-1.6272545090180364 0.6955852018584333
-1.6192384769539085 0.6938401522692607
-1.6112224448897798 0.6920847862600341
-1.6032064128256511 0.690319107813246
-1.5951903807615233 0.6885431236186341
-1.5871743486973955 0.6867568431707463
-1.5791583166332668 0.6849602788691761
-1.571142284569138 0.6831534461215305
-1.5631262525050102 0.6813363634491787
-1.5551102204408824 0.6795090525958462
-1.5470941883767537 0.6776715386391083
-1.539078156312625 0.675823850104842
-1.5310621242484972 0.6739660190846927
-1.5230460921843694 0.6720980813566135
-1.5150300601202407 0.6702200765085383
-1.507014028056112 0.6683320480652426
-1.4989979959919841 0.6664340436184487
-1.4909819639278563 0.6645261149602377
-1.4829659318637276 0.6626083182198187
-1.474949899799599 0.6606807140037173
-1.466933867735471 0.6587433675394331
-1.4589178356713433 0.6567963488226237
-1.4509018036072145 0.6548397327678698
-1.4428857715430858 0.6528735993630721
-1.434869739478958 0.6508980338275311
-1.4268537074148302 0.6489131267737579
-1.4188376753507015 0.6469189743730692
-1.4108216432865728 0.6449156785250059
-1.402805611222445 0.6429033470306237
-1.3947895791583171 0.6408820937696929
-1.3867735470941884 0.6388520388818514
-1.3787575150300597 0.6368133089517423
-1.370741482965932 0.6347660371981699
-1.362725450901804 0.6327103636673035
-1.3547094188376754 0.6306464354299545
-1.3466933867735467 0.6285744067829475
-1.3386773547094188 0.626494439454602
-1.330661322645291 0.6244067028143329
-1.3226452905811623 0.6223113740863838
-1.3146292585170345 0.6202086385676856
-1.3066132264529067 0.6180986898498368
-1.298597194388778 0.6159817300451944
-1.2905811623246493 0.6138579700170551
-1.2825651302605214 0.6117276296138964
-1.2745490981963936 0.6095909379076428
-1.266533066132265 0.6074481334359139
-1.2585170340681362 0.6052994644481953
-1.2505010020040084 0.60314518915587
-1.2424849699398806 0.6009855759860321
-1.2344689378757518 0.5988209038389939
-1.2264529058116231 0.5966514623493895
-1.2184368737474953 0.5944775521507542
-1.2104208416833675 0.592299485143453
-1.2024048096192388 0.5901175847658163
-1.19438877755511 0.5879321862683196
-1.1863727454909823 0.5857436369906281
-1.1783567134268544 0.5835522966413105
-1.1703406813627257 0.5813585375800068
-1.162324649298597 0.5791627451018116
-1.1543086172344692 0.5769653177236131
-1.1462925851703414 0.5747666674721043
-1.1382765531062127 0.5725672201731605
-1.130260521042084 0.5703674157422497
-1.1222444889779561 0.5681677084755082
-1.1142284569138283 0.565968567341096
-1.1062124248496996 0.5637704762704061
-1.098196392785571 0.5615739344486731
-1.090180360721443 0.5593794566044894
-1.0821643286573153 0.5571875732977005
-1.0741482965931866 0.5549988312051178
-1.0661322645290578 0.5528137934034381
-1.05811623246493 0.5506330396487193
-1.0501002004008022 0.5484571666517205
-1.0420841683366735 0.5462867883483606
-1.0340681362725448 0.5441225361645051
-1.026052104208417 0.541965059274233
-1.0180360721442892 0.5398150248506837
-1.0100200400801604 0.5376731183085264
-1.0020040080160317 0.5355400435370335
-0.9939879759519039 0.5334165231226696
-0.9859719438877761 0.5313032985600519
-0.9779559118236474 0.5292011304500596
-0.9699398797595187 0.5271107986838022
-0.9619238476953909 0.525033102611075
-0.953907815631263 0.5229688611918556
-0.9458917835671343 0.5209189131293118
-0.9378757515030056 0.5188841169827046
-0.9298597194388778 0.5168653512584759
-0.92184368737475 0.5148635144777268
-0.9138276553106213 0.5128795252181877
-0.9058116232464934 0.5109143221286867
-0.8977955911823656 0.508968863914013
-0.8897795591182369 0.5070441292879737
-0.8817635270541082 0.5051411168923262
-0.8737474949899804 0.5032608451791538
-0.8657314629258526 0.5014043522541394
-0.8577154308617239 0.49957269567807455
-0.8496993987975952 0.4977669522238096
-0.8416833667334673 0.49598821758573364
-0.8336673346693395 0.4942376060387442
-0.8256513026052108 0.4925162500435368
-0.8176352705410821 0.4908252997949133
-0.8096192384769543 0.48916592270967696
-0.8016032064128265 0.4875393028505512
-0.7935871743486977 0.48594664028242696
-0.785571142284569 0.48438915035711294
-0.7775551102204412 0.4828680629226311
-0.7695390781563134 0.4813846214529787
-0.7615230460921847 0.47994008209415295
-0.753507014028056 0.4785357126221168
-0.7454909819639282 0.47717279130827134
-0.7374749498998003 0.4758526056879032
-0.7294589178356716 0.47457645122697256
-0.7214428857715429 0.4733456298825337
-0.7134268537074151 0.47216144855200154
-0.7054108216432873 0.47102521740642944
-0.6973947895791586 0.4699382481029269
-0.6893787575150299 0.46890185187132544
-0.681362725450902 0.4679173374702116
-0.6733466933867742 0.4669860090074795
-0.6653306613226455 0.4661091636206174
-0.6573146292585168 0.4652880890120377
-0.649298597194389 0.46452406083489883
-0.6412825651302612 0.463818339925033
-0.6332665330661325 0.4631721693748247
-0.6252505010020037 0.46258677144514615
-0.6172344689378759 0.4620633443117873
-0.6092184368737481 0.46160305864320156
-0.6012024048096194 0.4612070540068383
-0.5931863727454907 0.46087643510186316
-0.5851703406813629 0.460612267816655
-0.577154308617235 0.46041557511016207
-0.5691382765531063 0.4602873327169647
-0.5611222444889776 0.4602284646767623
-0.5531062124248498 0.4602398386899627
-0.545090180360722 0.4603222613021335
-0.5370741482965933 0.46047647292125543
-0.5290581162324646 0.4607031426730202
-0.5210420841683367 0.46100286310084465
-0.5130260521042089 0.46137614471881855
-0.5050100200400802 0.461823410427492
-0.4969939879759524 0.462344989804212
-0.4889779559118246 0.46294111328167653
-0.48096192384769587 0.4636119062304413
-0.47294589178356716 0.46435738296334117
-0.46492985971943934 0.46517744068211314
-0.4569138276553115 0.4660718533889862
-0.4488977955911828 0.4670402657885686
-0.4408817635270541 0.46808218720805106
-0.4328657314629263 0.4691969855665192
-0.42484969939879846 0.4703838814270075
-0.41683366733466976 0.4716419421678324
-0.40881763527054105 0.47297007631266824
-0.4008016032064132 0.4743670280617627
-0.3927855711422854 0.47583137206958415
-0.3847695390781567 0.4773615085170271
-0.376753507014028 0.47895565852902594
-0.36873747494990017 0.4806118599909961
-0.36072144288577235 0.48232796381988846
-0.35270541082164364 0.4841016307477514
-0.34468937875751493 0.4859303286774871
-0.3366733466933871 0.48781133067190996
-0.3286573146292593 0.4897417136381881
-0.3206412825651306 0.49171835777021783
-0.3126252505010019 0.493737946811378
-0.30460921843687405 0.4957969691993649
-0.29659318637274623 0.49789172015334876
-0.2885771543086175 0.5000183047614634
-0.2805611222444888 0.5021726421235776
-0.272545090180361 0.5043504706003497
-0.2645290581162332 0.50654735421467
-0.25651302605210446 0.5087586902457475
-0.24849699398797576 0.5109797180492349
-0.24048096192384794 0.513205529128928
-0.23246492985972012 0.5154310784766996
-0.2244488977955914 0.5176511971874803
-0.2164328657314627 0.5198606063453043
-0.20841683366733488 0.5220539321647684
-0.20040080160320706 0.5242257223597805
-0.19238476953907835 0.5263704636983251
-0.18436873747494964 0.5284826006882556
-0.17635270541082182 0.5305565553250214
-0.168336673346694 0.5325867478178798
-0.1603206412825653 0.5345676181967822
-0.15230460921843658 0.5364936486879254
-0.14428857715430876 0.5383593867321826
-0.13627254509018094 0.5401594685075014
-0.12825651302605223 0.5418886428041205
-0.12024048096192352 0.5435417950903937
-0.1122244488977957 0.5451139715973139
-0.10420841683366788 0.5466004032417932
-0.09619238476953917 0.5479965292025518
-0.08817635270541135 0.5492980199583427
-0.08016032064128353 0.5505007995963199
-0.07214428857715482 0.5516010671988176
-0.06412825651302612 0.5525953171197316
-0.056112224448898296 0.5534803579671377
-0.048096192384770475 0.5542533301167663
-0.04008016032064177 0.5549117215914222
-0.03206412825651306 0.5554533821543259
-0.024048096192385238 0.5558765354794974
-0.016032064128257417 0.5561797892795325
-0.008016032064128709 0.5563621432902015
0.0 0.5564229950319376
0.00801603206412782 0.5563621432902016
0.01603206412825653 0.5561797892795326
0.02404809619238435 0.5558765354794972
0.03206412825651306 0.5554533821543259
0.04008016032064088 0.5549117215914222
0.04809619238476959 0.5542533301167664
0.05611222444889741 0.5534803579671378
0.06412825651302612 0.5525953171197316
0.07214428857715394 0.5516010671988179
0.08016032064128265 0.5505007995963199
0.08817635270541047 0.5492980199583427
0.09619238476953917 0.5479965292025518
0.104208416833667 0.5466004032417933
0.11222444889779482 0.5451139715973141
0.12024048096192352 0.5435417950903937
0.12825651302605134 0.5418886428041207
0.13627254509018005 0.5401594685075015
0.14428857715430787 0.538359386732183
0.15230460921843658 0.5364936486879254
0.1603206412825644 0.5345676181967826
0.1683366733466931 0.5325867478178801
0.17635270541082093 0.5305565553250216
0.18436873747494964 0.5284826006882556
0.19238476953907746 0.5263704636983253
0.20040080160320617 0.5242257223597809
0.208416833667334 0.5220539321647685
0.2164328657314627 0.5198606063453043
0.22444889779559052 0.5176511971874805
0.23246492985971923 0.5154310784766998
0.24048096192384705 0.5132055291289283
0.24849699398797576 0.5109797180492349
0.2565130260521036 0.5087586902457477
0.2645290581162323 0.5065473542146702
0.2725450901803601 0.50435047060035
0.2805611222444888 0.5021726421235776
0.28857715430861663 0.5000183047614636
0.29659318637274534 0.497891720153349
0.30460921843687316 0.4957969691993651
0.3126252505010019 0.493737946811378
0.3206412825651297 0.4917183577702181
0.3286573146292584 0.4897417136381883
0.3366733466933862 0.4878113306719102
0.34468937875751493 0.4859303286774871
0.35270541082164275 0.4841016307477517
0.36072144288577146 0.4823279638198887
0.3687374749498993 0.48061185999099626
0.376753507014028 0.47895565852902594
0.3847695390781558 0.47736150851702724
0.3927855711422845 0.4758313720695843
0.40080160320641234 0.47436702806176284
0.40881763527054105 0.47297007631266824
0.41683366733466887 0.47164194216783256
0.4248496993987976 0.47038388142700777
0.4328657314629254 0.46919698556651945
0.4408817635270541 0.46808218720805106
0.4488977955911819 0.46704026578856866
0.45691382765531063 0.46607185338898627
0.46492985971943845 0.4651774406821132
0.47294589178356716 0.46435738296334117
0.480961923847695 0.4636119062304415
0.4889779559118237 0.46294111328167653
0.4969939879759515 0.4623449898042121
0.5050100200400802 0.461823410427492
0.513026052104208 0.46137614471881866
0.5210420841683359 0.46100286310084465
0.5290581162324646 0.4607031426730202
0.5370741482965924 0.4604764729212553
0.5450901803607211 0.4603222613021335
0.5531062124248489 0.46023983868996265
0.5611222444889776 0.4602284646767623
0.5691382765531054 0.4602873327169647
0.5771543086172342 0.4604155751101619
0.585170340681362 0.46061226781665493
0.5931863727454907 0.46087643510186316
0.6012024048096185 0.4612070540068383
0.6092184368737472 0.4616030586432015
0.617234468937875 0.4620633443117873
0.6252505010020037 0.46258677144514615
0.6332665330661316 0.4631721693748245
0.6412825651302603 0.46381833992503296
0.6492985971943881 0.46452406083489867
0.6573146292585168 0.4652880890120377
0.6653306613226446 0.4661091636206172
0.6733466933867733 0.46698600900747955
0.6813627254509012 0.4679173374702115
0.6893787575150299 0.46890185187132544
0.6973947895791577 0.46993824810292684
0.7054108216432864 0.47102521740642933
0.7134268537074142 0.47216144855200143
0.7214428857715429 0.4733456298825337
0.7294589178356707 0.4745764512269724
0.7374749498997994 0.4758526056879029
0.7454909819639273 0.47717279130827117
0.753507014028056 0.4785357126221168
0.7615230460921838 0.4799400820941528
0.7695390781563125 0.48138462145297845
0.7775551102204403 0.4828680629226309
0.785571142284569 0.48438915035711294
0.7935871743486969 0.48594664028242673
0.8016032064128256 0.4875393028505509
0.8096192384769534 0.48916592270967674
0.8176352705410821 0.4908252997949133
0.8256513026052099 0.4925162500435367
0.8336673346693386 0.49423760603874406
0.8416833667334664 0.49598821758573347
0.8496993987975952 0.4977669522238096
0.857715430861723 0.4995726956780744
0.8657314629258517 0.5014043522541392
0.8737474949899795 0.5032608451791535
0.8817635270541082 0.5051411168923262
0.889779559118236 0.5070441292879735
0.8977955911823647 0.5089688639140126
0.9058116232464926 0.5109143221286865
0.9138276553106213 0.5128795252181877
0.9218436873747491 0.5148635144777265
0.9298597194388769 0.5168653512584757
0.9378757515030056 0.5188841169827046
0.9458917835671334 0.5209189131293116
0.9539078156312621 0.5229688611918554
0.96192384769539 0.5250331026110747
0.9699398797595187 0.5271107986838022
0.9779559118236465 0.5292011304500592
0.9859719438877752 0.5313032985600515
0.993987975951903 0.5334165231226695
1.0020040080160317 0.5355400435370335
1.0100200400801596 0.537673118308526
1.0180360721442883 0.5398150248506834
1.026052104208416 0.5419650592742329
1.0340681362725448 0.5441225361645051
1.0420841683366726 0.5462867883483604
1.0501002004008013 0.5484571666517204
1.0581162324649291 0.5506330396487191
1.0661322645290578 0.5528137934034381
1.0741482965931857 0.5549988312051176
1.0821643286573144 0.5571875732977003
1.0901803607214422 0.5593794566044892
1.098196392785571 0.5615739344486731
1.1062124248496987 0.5637704762704058
1.1142284569138274 0.5659685673410959
1.1222444889779553 0.568167708475508
1.130260521042084 0.5703674157422497
1.1382765531062118 0.5725672201731603
1.1462925851703405 0.574766667472104
1.1543086172344683 0.5769653177236128
1.162324649298597 0.5791627451018116
1.1703406813627248 0.5813585375800064
1.1783567134268536 0.5835522966413103
1.1863727454909814 0.5857436369906278
1.19438877755511 0.5879321862683196
1.202404809619238 0.590117584765816
1.2104208416833666 0.5922994851434528
1.2184368737474944 0.594477552150754
1.2264529058116231 0.5966514623493895
1.234468937875751 0.5988209038389936
1.2424849699398797 0.6009855759860318
1.2505010020040075 0.60314518915587
1.2585170340681362 0.6052994644481953
1.266533066132264 0.6074481334359136
1.2745490981963927 0.6095909379076425
1.2825651302605205 0.6117276296138962
1.2905811623246493 0.6138579700170551
1.298597194388777 0.6159817300451942
1.3066132264529058 0.6180986898498366
1.3146292585170336 0.6202086385676856
1.3226452905811623 0.6223113740863838
1.3306613226452901 0.6244067028143326
1.338677354709418 0.6264944394546016
1.3466933867735467 0.6285744067829475
1.3547094188376745 0.6306464354299541
1.3627254509018032 0.6327103636673032
1.370741482965931 0.6347660371981697
1.3787575150300597 0.6368133089517423
1.3867735470941875 0.6388520388818512
1.3947895791583163 0.6408820937696927
1.402805611222444 0.6429033470306235
1.4108216432865728 0.6449156785250059
1.4188376753507006 0.646918974373069
1.4268537074148293 0.6489131267737578
1.4348697394789571 0.6508980338275309
1.4428857715430858 0.6528735993630721
1.4509018036072137 0.6548397327678694
1.4589178356713424 0.6567963488226234
1.4669338677354702 0.6587433675394327
1.474949899799599 0.6606807140037173
1.4829659318637267 0.6626083182198185
1.4909819639278554 0.6645261149602373
1.4989979959919832 0.6664340436184485
1.507014028056112 0.6683320480652426
1.5150300601202398 0.6702200765085382
1.5230460921843685 0.6720980813566133
1.5310621242484963 0.6739660190846923
1.539078156312625 0.675823850104842
1.5470941883767528 0.6776715386391081
1.5551102204408815 0.679509052595846
1.5631262525050094 0.6813363634491785
1.571142284569138 0.6831534461215305
1.579158316633266 0.684960278869176
1.5871743486973946 0.6867568431707461
1.5951903807615224 0.688543123618634
1.6032064128256511 0.690319107813246
1.611222444889779 0.6920847862600338
1.6192384769539077 0.6938401522692604
1.6272545090180355 0.6955852018584333
1.6352705410821642 0.6973199336573567
1.643286573146292 0.6990443488157433
1.6513026052104207 0.700758450913332
1.6593186372745485 0.7024622458724541
1.6673346693386772 0.704155741873
1.675350701402805 0.7058389492697272
1.6833667334669338 0.7075118805118603
1.6913827655310616 0.7091745500649289
1.6993987975951903 0.7108269743347964
1.7074148296593181 0.712469171593821
1.7154308617234468 0.7141011619091118
1.7234468937875747 0.7157229670728141
1.7314629258517034 0.7173346105343948
1.7394789579158312 0.7189361173348627
1.747494989979959 0.7205275140428905
1.7555110220440877 0.7221088286927831
1.7635270541082155 0.7236800907242549
1.7715430861723442 0.7252413309239646
1.779559118236472 0.72679258136877
1.7875751503006008 0.7283338753706563
1.7955911823647286 0.7298652474232968
1.8036072144288573 0.7313867331502085
1.8116232464929851 0.7328983692544545
1.8196392785571138 0.7344001934698631
1.8276553106212416 0.7358922445137176
1.8356713426853704 0.7373745620408835
1.8436873747494982 0.738847186599331
1.8517034068136269 0.7403101595870253
1.8597194388777547 0.7417635232101373
1.8677354709418834 0.7432073204425507
1.8757515030060112 0.7446415949866246
1.88376753507014 0.7460663912351825
1.8917835671342678 0.7474817542346902
1.8997995991983965 0.7488877296495979
1.9078156312625243 0.7502843637278077
1.915831663326653 0.7516717032672431
1.9238476953907808 0.7530497955834841
1.9318637274549095 0.7544186884784452
1.9398797595190373 0.7557784302100627
1.947895791583166 0.75712906946297
1.9559118236472939 0.7584706553201214
1.9639278557114226 0.7598032372353589
1.9719438877755504 0.7611268650068712
1.9799599198396791 0.7624415887515421
1.987975951903807 0.7637474588801477
1.9959919839679356 0.7650445260733894
2.0040080160320635 0.7663328412587312
2.012024048096192 0.7676124555880259
2.020040080160321 0.7688834204159013
2.028056112224448 0.7701457872788879
2.0360721442885765 0.7713996078752717
2.0440881763527052 0.7726449340456386
2.052104208416832 0.7738818177541065
2.0601202404809627 0.7751103110702137
2.0681362725450896 0.7763304661514467
2.0761523046092183 0.7775423352263967
2.084168336673347 0.7787459705785151
2.092184368737474 0.779941424530458
2.1002004008016026 0.7811287494290021
2.1082164328657313 0.782307997630511
2.1162324649298583 0.7834792214869406
2.1242484969939888 0.7846424733323666
2.1322645290581157 0.7857978054700127
2.1402805611222444 0.7869452701597771
2.148296593186373 0.7880849196062293
2.1563126252505 0.7892168059470703
2.1643286573146288 0.7903409812420442
2.1723446893787575 0.7914574974622783
2.1803607214428844 0.7925664064800525
2.188376753507013 0.7936677600589699
2.196392785571142 0.7947616098445299
2.2044088176352687 0.795848007355083
2.2124248496993992 0.7969270039731591
2.220440881763526 0.7979986509371548
2.228456913827655 0.7990629993333771
2.2364729458917836 0.8001201000884187
2.2444889779559105 0.8011700039618678
2.2525050100200392 0.8022127615393351
2.260521042084168 0.8032484232257893
2.268537074148295 0.8042770392391914
2.2765531062124253 0.8052986596044216
2.2845691382765523 0.8063133341474816
2.292585170340681 0.8073211124899763
2.3006012024048097 0.808322044043851
2.3086172344689366 0.8093161780063891
2.3166332665330653 0.8103035633554544
2.324649298597194 0.811284248844972
2.332665330661321 0.8122582830006415
2.3406813627254515 0.8132257141158742
2.3486973947895784 0.8141865902479445
2.356713426853707 0.8151409592143537
2.364729458917836 0.8160888685893954
2.3727454909819627 0.8170303657009154
2.3807615230460915 0.8179654976272647
2.38877755511022 0.8188943111944316
2.396793587174347 0.8198168529733539
2.4048096192384776 0.8207331692774031
2.4128256513026045 0.8216433061600292
2.420841683366733 0.8225473094125735
2.428857715430862 0.823445224562228
2.436873747494989 0.8243370968701497
2.4448897795591176 0.825222971329717
2.4529058116232463 0.8261028926649251
2.460921843687373 0.8269769053289172
2.4689378757515037 0.8278450535026451
2.4769539078156306 0.8287073810936534
2.4849699398797593 0.8295639317349885
2.492985971943888 0.8304147487842205
2.501002004008015 0.8312598753225795
2.5090180360721437 0.8320993541542012
2.5170340681362724 0.8329332278054744
2.5250501002003993 0.8337615385244925
2.53306613226453 0.8345843282806011
2.5410821643286567 0.8354016387640373
2.5490981963927855 0.8362135113856637
2.557114228456914 0.8370199872767845
2.565130260521041 0.8378211072890486
2.57314629258517 0.8386169119944314
2.5811623246492985 0.8394074416852957
2.5891783567134254 0.8401927363745243
2.597194388777554 0.840972835795729
2.605210420841683 0.8417477794035226
2.61322645290581 0.8425176063738625
2.6212424849699403 0.8432823556044549
2.629258517034067 0.8440420657152186
2.637274549098196 0.8447967750488135
2.6452905811623246 0.8455465216712177
2.6533066132264516 0.8462913433723643
2.6613226452905803 0.8470312776668273
2.669338677354709 0.8477663617945569
2.677354709418836 0.8484966327216634
2.6853707414829664 0.8492221271412477
2.6933867735470933 0.8499428814742693
2.701402805611222 0.850658931870465
2.7094188376753507 0.8513703142093005
2.7174348697394777 0.8520770641009605
2.7254509018036064 0.8527792168873796
2.733466933867735 0.8534768076433019
2.741482965931862 0.8541698711773783
2.7494989979959925 0.8548584420332919
2.7575150300601194 0.8555425544909145
2.765531062124248 0.8562222425674937
2.773547094188377 0.8568975400188612
2.781563126252504 0.8575684803406731
2.7895791583166325 0.8582350967696716
2.797595190380761 0.8588974222849672
2.805611222444888 0.8595554896093484
2.8136272545090186 0.8602093312106077
2.8216432865731456 0.8608589793028864
2.8296593186372743 0.8615044658480417
2.837675350701403 0.8621458225570277
2.84569138276553 0.8627830808912927
2.8537074148296586 0.8634162720641939
2.8617234468937873 0.8640454270424236
2.8697394789579143 0.8646705765474497
2.8777555110220447 0.8652917510569691
2.8857715430861717 0.865908980806371
2.8937875751503004 0.8665222957902136
2.901803607214429 0.8671317257637058
2.909819639278556 0.8677373002442026
2.9178356713426847 0.8683390485127059
2.9258517034068134 0.868936999615374
2.9338677354709404 0.8695311823650359
2.941883767535071 0.8701216253427162
2.949899799599198 0.8707083568991577
2.9579158316633265 0.8712914051563572
2.965931863727455 0.8718707980090988
2.973947895791582 0.872446563126495
2.981963927855711 0.8730187279535286
2.9899799599198396 0.8735873197125964
2.9979959919839665 0.8741523654050571
3.006012024048095 0.8747138918127794
3.014028056112224 0.8752719254996891
3.022044088176351 0.8758264928133203
3.0300601202404813 0.8763776198863632
3.0380761523046083 0.8769253326382132
3.046092184368737 0.8774696567765189
3.0541082164328657 0.878010617798727
3.0621242484969926 0.8785482409936288
3.0701402805611213 0.8790825514429017
3.07815631262525 0.8796135740226481
3.086172344689377 0.880141333404935
3.0941883767535074 0.8806658540593263
3.1022044088176344 0.8811871602544137
3.110220440881763 0.8817052760593445
3.118236472945892 0.8822202253453428
3.1262525050100187 0.8827320317872293
3.1342685370741474 0.8832407188649348
3.142284569138276 0.8837463098650088
3.150300601202403 0.884248827882124
3.1583166332665336 0.8847482958205751
3.1663326653306605 0.88524473639577
3.174348697394789 0.8857381721357204
3.182364729458918 0.8862286253825199
3.190380761523045 0.8867161182938208
3.1983967935871735 0.8872006728443037
3.2064128256513023 0.887682310827137
3.214428857715429 0.8881610538554356
3.2224448897795597 0.8886369233637084
3.2304609218436866 0.8891099406092988
3.2384769539078153 0.8895801266738219
3.246492985971944 0.8900475024645904
3.254509018036071 0.8905120887160346
3.2625250501001997 0.8909739059911147
3.2705410821643284 0.891432974682727
3.2785571142284553 0.891889315015099
3.286573146292586 0.8923429470451811
3.2945891783567127 0.8927938906640249
3.3026052104208414 0.893242165598159
3.31062124248497 0.8936877914109541
3.318637274549097 0.8941307875039779
3.326653306613226 0.8945711731183469
3.3346693386773545 0.8950089673360636
3.3426853707414814 0.8954441890813514
3.350701402805612 0.8958768571219768
3.358717434869739 0.8963069900705646
3.3667334669338675 0.8967346063859056
3.3747494989979963 0.8971597243742526
3.382765531062123 0.8975823621906119
3.390781563126252 0.8980025378400232
3.3987975951903806 0.8984202691788306
3.4068136272545075 0.8988355739159478
3.4148296593186362 0.8992484696141123
3.422845691382765 0.8996589736911299
3.430861723446892 0.9000671034211131
3.4388777555110224 0.9004728759357095
3.4468937875751493 0.9008763082253196
3.454909819639278 0.90127741714031
3.4629258517034067 0.9016762193922128
3.4709418837675337 0.9020727315549201
3.4789579158316624 0.9024669700658686
3.486973947895791 0.9028589512272133
3.494989979959918 0.9032486912069955
3.5030060120240485 0.9036362060403004
3.5110220440881754 0.9040215116304052
3.519038076152304 0.9044046237499209
3.527054108216433 0.9047855580419221
3.5350701402805598 0.9051643300210711
3.5430861723446885 0.9055409550747313
3.551102204408817 0.9059154484640723
3.559118236472944 0.9062878253251664
3.5671342685370746 0.9066581006700777
3.5751503006012015 0.9070262893879397
3.5831663326653302 0.907392406246027
3.591182364729459 0.9077564658908182
3.599198396793586 0.9081184828490468
3.6072144288577146 0.9084784715287493
3.6152304609218433 0.9088364462202997
3.6232464929859702 0.9091924210974385
3.6312625250501007 0.9095464102182922
3.6392785571142277 0.9098984275263838
3.6472945891783564 0.9102484868516376
3.655310621242485 0.9105966019113718
3.663326653306612 0.9109427863112856
3.6713426853707407 0.9112870535464379
3.6793587174348694 0.9116294170022167
3.6873747494989964 0.9119698899553
3.695390781563127 0.9123084855746123
3.7034068136272538 0.9126452169222664
3.7114228456913825 0.912980096954504
3.719438877755511 0.9133131385226236
3.727454909819638 0.9136443543739033
3.735470941883767 0.9139737571525135
3.7434869739478955 0.9143013594004242
3.7515030060120225 0.9146271735583021
3.759519038076153 0.9149512119664012
3.76753507014028 0.9152734868654455
3.7755511022044086 0.9155940103975052
3.7835671342685373 0.915912794606862
3.7915831663326642 0.9162298514408711
3.799599198396793 0.9165451927508131
3.8076152304609217 0.9168588302927377
3.8156312625250486 0.9171707757283029
3.8236472945891773 0.9174810406256048
3.831663326653306 0.9177896364599998
3.839679358717433 0.9180965746149207
3.8476953907815634 0.9184018663826862
3.8557114228456904 0.9187055229652997
3.863727454909819 0.9190075554752466
3.8717434869739478 0.919307974936279
3.8797595190380747 0.919606792284197
3.8877755511022034 0.9199040183676217
3.895791583166332 0.9201996639487616
3.903807615230459 0.9204937397041721
3.9118236472945895 0.9207862562255078
3.9198396793587165 0.9210772240202688
3.927855711422845 0.9213666535125402
3.935871743486974 0.9216545550437237
3.943887775551101 0.9219409388732652
3.9519038076152295 0.9222258151793726
3.9599198396793582 0.9225091940597302
3.967935871743485 0.9227910855322037
3.9759519038076157 0.9230714995355428
3.9839679358717426 0.9233504459300722
3.9919839679358713 0.9236279344983813
4.0 0.9239039749460044
