delta_wp rho11_RWA
-4.0 0.9239039748255135
-3.75 0.9145662189288488
-3.5 0.9034911476389573
-3.25 0.890251100902706
-3.0 0.8742930758436143
-2.75 0.8549013292786368
-2.5 0.8311545442084122
-2.25 0.8018876643967489
-2.0 0.765689774463814
-1.75 0.7210227565417774
-1.5 0.6666718380077493
-1.25 0.6030103668733193
-1.0 0.5350082390736146
-0.75 0.47793425876488316
-0.5 0.4621406720457737
-0.25 0.5105627610500976
0.0 0.5564229950317783
0.25 0.5105627610505153
0.5 0.4621406720470972
0.75 0.47793425876584755
1.0 0.5350082390727596
1.25 0.6030103668743941
1.5 0.6666718380069387
1.75 0.7210227565478081
2.0 0.7656897744698239
2.25 0.8018876644028051
2.5 0.8311545442142665
2.75 0.854901329284498
3.0 0.874293075840059
3.25 0.8902511009085603
3.5 0.9034911476342861
3.75 0.9145662189338546
4.0 0.9239039748302014
