delta_wp rho22
-4.0 0.03629340395673444
-3.75 0.03819079685048748
-3.5 0.03882907610283581
-3.25 0.041419809294562356
-3.0 0.04560697806155607
-2.75 0.05109060793124165
-2.5 0.05795502710054179
-2.25 0.06643992319804734
-2.0 0.07828593425104724
-1.75 0.08943482055860576
-1.5 0.10415558026088821
-1.25 0.12000724488006972
-1.0 0.1334944359044109
-0.75 0.1354758355291946
-0.5 0.10853262744474503
-0.25 0.044790797913145684
0.0 0.006358510413359265
0.25 0.054055135200660576
0.5 0.11750577674762855
0.75 0.14608762122701527
1.0 0.14589687297803755
1.25 0.1323941670337001
1.5 0.11518825132765852
1.75 0.09858295189067821
2.0 0.08405130855811037
2.25 0.07185191784529882
2.5 0.06176304791976715
2.75 0.05345686174467799
3.0 0.04660554112966446
3.25 0.04092633392133053
3.5 0.03618840485071868
3.75 0.03220778807770464
4.0 0.028839256986741398
