delta_wp rho33
-4.0 0.07821443094380226
-3.75 0.08158649632971436
-3.5 0.07834696997522447
-3.25 0.08107723098372026
-3.0 0.08850118015597841
-2.75 0.09919402590188789
-2.5 0.11313770828936591
-2.25 0.1309466288166524
-2.0 0.16184195438437815
-1.75 0.1825830895427358
-1.5 0.21942283133869156
-1.25 0.2657789112327474
-1.0 0.3220064447654855
-0.75 0.38405515166351056
-0.5 0.43722923851970247
-0.25 0.4551671951380668
0.0 0.4374394734945845
0.25 0.4246069741875899
0.5 0.4099765332452954
0.75 0.37479356896667304
1.0 0.32589934383252417
1.25 0.2753558949260384
1.5 0.22999913396926897
1.75 0.19195537799793233
2.0 0.16097117644093842
2.25 0.136080493026603
2.5 0.11603848504207688
2.75 0.09984370732673234
3.0 0.08666250810763913
3.25 0.07584337575716063
3.5 0.06688462900255113
3.75 0.059401430445885944
4.0 0.05309793670375858
