delta_wp rho33_RWA
-4.0 0.04956996324066695
-3.75 0.05569817475561009
-3.5 0.06298107007127707
-3.25 0.07170924702446103
-3.0 0.08226221441371069
-2.75 0.09513789879229394
-2.5 0.11098994588573252
-2.25 0.13067028047816465
-2.0 0.15526486064194536
-1.75 0.1860851246727951
-1.5 0.22451513397159956
-1.25 0.27147671072824114
-1.0 0.3260365571974211
-0.75 0.382572473940663
-0.5 0.42752274582312133
-0.25 0.4448951648487853
0.0 0.4435770049662358
0.25 0.44489516484830616
0.5 0.4275227458221155
0.75 0.3825724739401428
1.0 0.32603655719574715
1.25 0.271476710727074
1.5 0.22451513396993364
1.75 0.1860851246727196
2.0 0.1552648606413753
2.25 0.13067028047754944
2.5 0.1109899458850246
2.75 0.09513789879147395
3.0 0.08226221441193916
3.25 0.07170924702346279
3.5 0.0629810700695385
3.75 0.055698174754504746
4.0 0.04956996323950356
