delta_wp rho11
-4.0 0.9227485046610946
-3.75 0.9367794340962099
-3.5 0.9308174774760177
-3.25 0.9234178567845106
-3.0 0.9142943407366029
-2.75 0.9030124816041015
-2.5 0.8889924491574386
-2.25 0.8714744295661312
-2.0 0.8491724341447491
-1.75 0.8218139610511088
-1.5 0.787115821275351
-1.25 0.7441869909695339
-1.0 0.692758451269973
-0.75 0.6350477376289633
-0.5 0.5779067812032961
-0.25 0.5336597120836927
0.0 0.5023468405305621
0.25 0.533320651024363
0.5 0.5771096733805672
0.75 0.6343059020261437
1.0 0.6924134035934364
1.25 0.7444253662005411
1.5 0.7880198184507086
1.75 0.8234120273636273
2.0 0.8517816366757105
2.25 0.87447661743361
2.5 0.8927026320676495
2.75 0.9074417009698241
3.0 0.9194615793944972
3.25 0.9293520632491393
3.5 0.9375637773125739
3.75 0.9444413858699352
4.0 0.9502497445262998
