delta_wp rho11_RWA
-4.0 0.9526146917400365
-3.75 0.9468020825475624
-3.5 0.939906135099127
-3.25 0.9316580625340658
-3.0 0.9217082559919447
-2.75 0.9095999318587987
-2.5 0.8947357666873704
-2.25 0.8763391295249567
-2.0 0.8534181375844399
-1.75 0.8247577070214798
-1.5 0.7890031694733586
-1.25 0.7449755982114051
-1.0 0.6924723150730295
-0.75 0.6338390884819516
-0.5 0.5761032131889962
-0.25 0.5317443192071706
0.0 0.5000000004807805
0.25 0.5317443192075342
0.5 0.5761032131894026
0.75 0.633839088482279
1.0 0.6924723150728321
1.25 0.7449755982116039
1.5 0.789003169473408
1.75 0.8247577070206652
2.0 0.8534181375833814
2.25 0.8763391295246161
2.5 0.8947357666851212
2.75 0.9095999318562111
3.0 0.9217082559895813
3.25 0.9316580625308813
3.5 0.9399061350956802
3.75 0.9468020825429417
4.0 0.9526146917357953
