delta_wp rho22
-4.0 0.0015313459807286987
-3.75 0.0014481853590634754
-3.5 0.0015852879988291638
-3.25 0.001754958355773062
-3.0 0.0019640683205807904
-2.75 0.0022226128659085255
-2.5 0.0025438849600198077
-2.25 0.0029452902778057634
-2.0 0.0034517344596153355
-1.75 0.004083060278664154
-1.5 0.004877870997415269
-1.25 0.005860946909443564
-1.0 0.0070379940694916335
-0.75 0.00835684964765391
-0.5 0.009655141027085874
-0.25 0.010608167818590138
0.0 0.000225677108512487
0.25 0.010622329085751059
0.5 0.009676180593882805
0.75 0.008375460939227702
1.0 0.007046939386535484
1.25 0.005856194749879081
1.5 0.004857663936475103
1.75 0.004046818276145916
2.0 0.0033967817924224386
2.25 0.00287672885663794
2.5 0.002459062123277824
2.75 0.002121291010936463
3.0 0.001845828390228151
3.25 0.0016191617514496827
3.5 0.0014309661213024697
3.75 0.0012733438625495313
4.0 0.0011402258015346788
