delta_wp rho22_exactRWA
-4.0 0.0010714609468697764
-3.9919839679358717 0.0010753458811510958
-3.9839679358717435 0.001079251211596456
-3.975951903807615 0.0010831770753940589
-3.967935871743487 0.001087123610831597
-3.9599198396793587 0.0010910909573061919
-3.9519038076152304 0.0010950792553344247
-3.943887775551102 0.001099088646562468
-3.935871743486974 0.0011031192737763142
-3.9278557114228456 0.0011071712809120988
-3.9198396793587174 0.0011112448130665288
-3.911823647294589 0.0011153400165074072
-3.903807615230461 0.0011194570386842608
-3.8957915831663326 0.0011235960282390683
-3.8877755511022043 0.0011277571350170948
-3.879759519038076 0.0011319405100778275
-3.8717434869739478 0.0011361463057060182
-3.8637274549098195 0.0011403746754228299
-3.8557114228456912 0.0011446257739970932
-3.847695390781563 0.0011488997574566695
-3.8396793587174347 0.0011531967830999217
-3.8316633266533064 0.0011575170095072971
-3.823647294589178 0.0011618605965530208
-3.81563126252505 0.0011662277054168989
-3.8076152304609217 0.0011706184985962394
-3.799599198396794 0.0011750331399178811
-3.791583166332665 0.0011794717945503438
-3.7835671342685373 0.0011839346290160881
-3.775551102204409 0.0011884218112038984
-3.7675350701402808 0.0011929335103813804
-3.7595190380761525 0.001197469897207577
-3.7515030060120242 0.0012020311437457088
-3.743486973947896 0.0012066174234760297
-3.7354709418837677 0.001211228911308812
-3.7274549098196395 0.0012158657835974467
-3.719438877755511 0.0012205282181516762
-3.711422845691383 0.0012252163942509465
-3.7034068136272547 0.0012299304926578888
-3.6953907815631264 0.0012346706956319288
-3.687374749498998 0.0012394371869430226
-3.67935871743487 0.0012442301518855257
-3.6713426853707416 0.0012490497772921889
-3.6633266533066133 0.0012538962515482883
-3.655310621242485 0.0012587697646058917
-3.647294589178357 0.0012636705079982504
-3.6392785571142285 0.0012685986748543349
-3.6312625250501003 0.0012735544599135026
-3.623246492985972 0.0012785380595403024
-3.6152304609218437 0.001283549671739422
-3.6072144288577155 0.0012885894961707687
-3.599198396793587 0.0012936577341646953
-3.591182364729459 0.0012987545887373673
-3.5831663326653307 0.0013038802646062712
-3.5751503006012024 0.0013090349682058674
-3.567134268537074 0.0013142189077033906
-3.559118236472946 0.0013194322930147905
-3.5511022044088176 0.0013246753358208273
-3.5430861723446894 0.00132994824958331
-3.535070140280561 0.0013352512495614854
-3.527054108216433 0.0013405845528285797
-3.5190380761523046 0.0013459483782884876
-3.5110220440881763 0.0013513429466926192
-3.503006012024048 0.0013567684806568962
-3.49498997995992 0.0013622252046789054
-3.4869739478957915 0.0013677133451552078
-3.4789579158316633 0.0013732331303988017
-3.470941883767535 0.0013787847906567504
-3.4629258517034067 0.0013843685581279614
-3.4549098196392785 0.0013899846669811298
-3.44689378757515 0.0013956333533728439
-3.438877755511022 0.0014013148554658484
-3.4308617234468937 0.0014070294134474752
-3.422845691382766 0.001412777269548235
-3.414829659318637 0.0014185586680605783
-3.4068136272545093 0.001424373855357815
-3.3987975951903806 0.0014302230799132108
-3.390781563126253 0.0014361065923192437
-3.382765531062124 0.0014420246453070312
-3.3747494989979963 0.0014479774937659312
-3.3667334669338675 0.0014539653947633101
-3.3587174348697397 0.0014599886075644798
-3.350701402805611 0.0014660473936528168
-3.342685370741483 0.0014721420167500413
-3.3346693386773545 0.0014782727428366857
-3.3266533066132267 0.0014844398401727215
-3.3186372745490984 0.0014906435793183783
-3.31062124248497 0.0014968842331551265
-3.302605210420842 0.0015031620769068428
-3.2945891783567136 0.0015094773881611568
-3.2865731462925853 0.0015158304468909688
-3.278557114228457 0.0015222215354761517
-3.270541082164329 0.0015286509387254326
-3.2625250501002006 0.0015351189438984555
-3.2545090180360723 0.0015416258407280215
-3.246492985971944 0.0015481719214425137
-3.2384769539078158 0.0015547574807885062
-3.2304609218436875 0.001561382816053549
-3.2224448897795592 0.0015680482270891433
-3.214428857715431 0.001574754016333895
-3.2064128256513027 0.0015815004888368551
-3.1983967935871744 0.0015882879522810432
-3.190380761523046 0.0015951167170071528
-3.182364729458918 0.0016019870960374467
-3.1743486973947896 0.0016088994050998302
-3.1663326653306614 0.0016158539626521158
-3.158316633266533 0.001622851089906466
-3.150300601202405 0.0016298911108540265
-3.1422845691382766 0.0016369743522897417
-3.1342685370741483 0.0016441011438373546
-3.12625250501002 0.0016512718179745908
-3.118236472945892 0.0016584867100585283
-3.1102204408817635 0.0016657461583511502
-3.1022044088176353 0.00167305050404508
-3.094188376753507 0.0016804000912895016
-3.0861723446893787 0.0016877952672162586
-3.0781563126252505 0.0016952363819661427
-3.070140280561122 0.0017027237887153525
-3.062124248496994 0.001710257843702141
-3.0541082164328657 0.0017178389062536413
-3.0460921843687374 0.0017254673388128667
-3.038076152304609 0.0017331435069658932
-3.030060120240481 0.0017408677794692163
-3.0220440881763526 0.001748640528277282
-3.014028056112225 0.0017564621285701917
-3.006012024048096 0.0017643329587815838
-2.9979959919839683 0.0017722534006266782
-2.9899799599198396 0.001780223839130498
-2.9819639278557117 0.0017882446626562504
-2.973947895791583 0.0017963162629338828
-2.965931863727455 0.001804439035088791
-2.9579158316633265 0.0018126133776706996
-2.9498997995991987 0.0018208396926826902
-2.94188376753507 0.0018291183856103976
-2.933867735470942 0.0018374498654513472
-2.9258517034068134 0.0018458345447444605
-2.9178356713426856 0.0018542728395996837
-2.909819639278557 0.001862765169727792
-2.901803607214429 0.0018713119584703054
-2.8937875751503004 0.00187991363282957
-2.8857715430861726 0.0018885706234989513
-2.877755511022044 0.0018972833648931763
-2.869739478957916 0.0019060522951787914
-2.8617234468937878 0.0019148778563047501
-2.8537074148296595 0.0019237604940331142
-2.8456913827655312 0.0019327006579698744
-2.837675350701403 0.0019416988015958769
-2.8296593186372747 0.0019507553822978544
-2.8216432865731464 0.001959870861399558
-2.813627254509018 0.001969045704192985
-2.80561122244489 0.001978280379969688
-2.7975951903807617 0.001987575362052173
-2.7895791583166334 0.0019969311278253705
-2.781563126252505 0.0020063481587681772
-2.773547094188377 0.0020158269404850606
-2.7655310621242486 0.002025367962737717
-2.7575150300601203 0.002034971719476785
-2.749498997995992 0.0020446387088735897
-2.741482965931864 0.00205436943335193
-2.7334669338677355 0.0020641643996198856
-2.7254509018036073 0.002074024118701641
-2.717434869739479 0.002083949105969315
-2.7094188376753507 0.002093939881174799
-2.7014028056112225 0.0021039969684815665
-2.693386773547094 0.0021141208964964766
-2.685370741482966 0.002124312198301539
-2.6773547094188377 0.002134571411485638
-2.6693386773547094 0.002144899078176204
-2.661322645290581 0.002155295745070817
-2.6533066132264533 0.002165761963468737
-2.6452905811623246 0.0021762982893023483
-2.637274549098197 0.002186905283168485
-2.629258517034068 0.002197583510359667
-2.6212424849699403 0.0022083335408951826
-2.6132264529058116 0.0022191559495520455
-2.6052104208416837 0.002230051315895776
-2.597194388777555 0.002241020224311032
-2.589178356713427 0.002252063264032022
-2.5811623246492985 0.002263181029172741
-2.5731462925851707 0.0022743741187569574
-2.565130260521042 0.0022856431367479805
-2.557114228456914 0.0022969886920781567
-2.5490981963927855 0.002308411398678092
-2.5410821643286576 0.0023199118755055795
-2.533066132264529 0.002331490746574208
-2.525050100200401 0.0023431486409816317
-2.5170340681362724 0.0023548861929374863
-2.5090180360721446 0.0023667040417909148
-2.501002004008016 0.0023786028320577045
-2.492985971943888 0.0023905832134469697
-2.4849699398797593 0.0024026458408874197
-2.4769539078156315 0.0024147913745531133
-2.468937875751503 0.0024270204798887353
-2.460921843687375 0.0024393338276343258
-2.4529058116232467 0.0024517320938494684
-2.4448897795591185 0.002464215959936877
-2.43687374749499 0.0024767861126653756
-2.428857715430862 0.002489443244192227
-2.4208416833667337 0.0025021880520847907
-2.4128256513026054 0.002515021239341464
-2.404809619238477 0.0025279435144118824
-2.396793587174349 0.0025409555912163442
-2.3887775551102206 0.0025540581891644208
-2.3807615230460923 0.002567252033172714
-2.372745490981964 0.0025805378536817346
-2.364729458917836 0.002593916386671846
-2.3567134268537075 0.002607388373678247
-2.3486973947895793 0.002620954561804948
-2.340681362725451 0.0026346157037376934
-2.3326653306613228 0.002648372557755795
-2.3246492985971945 0.0026622258877428257
-2.3166332665330662 0.0026761764631961305
-2.308617234468938 0.0026902250592351048
-2.3006012024048097 0.0027043724566081844
-2.2925851703406814 0.0027186194416985187
-2.284569138276553 0.0027329668065282503
-2.276553106212425 0.002747415348761353
-2.2685370741482966 0.0027619658717049933
-2.2605210420841684 0.0027766191843093275
-2.25250501002004 0.002791376101165702
-2.2444889779559123 0.002806237442503181
-2.2364729458917836 0.002821204034183352
-2.2284569138276558 0.0028362767076933297
-2.220440881763527 0.0028514563001369175
-2.2124248496993992 0.002866743654223829
-2.2044088176352705 0.0028821396182569328
-2.1963927855711427 0.0028976450461174206
-2.188376753507014 0.0029132607972478515
-2.180360721442886 0.002928987736632973
-2.1723446893787575 0.0029448267347782706
-2.1643286573146296 0.002960778667686133
-2.156312625250501 0.0029768444168295923
-2.148296593186373 0.0029930248691235097
-2.1402805611222444 0.0030093209168931714
-2.1322645290581166 0.0030257334578401556
-2.124248496993988 0.003042263395005439
-2.11623246492986 0.003058911636729579
-2.1082164328657313 0.0030756790966099566
-2.1002004008016035 0.003092566693454905
-2.092184368737475 0.003109575351234701
-2.084168336673347 0.003126705999029233
-2.0761523046092183 0.00314395957097233
-2.0681362725450905 0.0031613370061925623
-2.0601202404809618 0.0031788392487504687
-2.052104208416834 0.0031964672475720437
-2.0440881763527057 0.003214221956378423
-2.0360721442885774 0.0032321043336115875
-2.028056112224449 0.0032501153423560203
-2.020040080160321 0.0032682559502561596
-2.0120240480961926 0.003286527129429523
-2.0040080160320644 0.0033049298563753832
-1.9959919839679365 0.00332346511187885
-1.9879759519038078 0.0033421338809102343
-1.9799599198396791 0.003360937152519529
-1.9719438877755513 0.0033798759197258927
-1.9639278557114235 0.003398951179401977
-1.9559118236472948 0.003418163932152933
-1.947895791583166 0.003437515182189955
-1.9398797595190382 0.003457005937198216
-1.9318637274549104 0.0034766372081990148
-1.9238476953907817 0.003496410009405969
-1.915831663326653 0.0035163253580750946
-1.9078156312625252 0.0035363842743486034
-1.8997995991983974 0.0035565877810922364
-1.8917835671342687 0.0035769369037259445
-1.88376753507014 0.0035974326700477393
-1.8757515030060121 0.00361807611005054
-1.8677354709418843 0.003638868255731806
-1.8597194388777556 0.00365981014089577
-1.8517034068136269 0.0036809028009480507
-1.843687374749499 0.0037021472726824823
-1.8356713426853712 0.003723544594059926
-1.8276553106212425 0.0037450958039788353
-1.8196392785571138 0.0037668019420373992
-1.811623246492986 0.003788664048287013
-1.8036072144288582 0.003810683162976874
-1.7955911823647295 0.003832860326289442
-1.7875751503006008 0.0038551965780665685
-1.779559118236473 0.0038776929575260292
-1.7715430861723451 0.0039003505029682477
-1.7635270541082164 0.00392317025147293
-1.7555110220440877 0.003946153238585376
-1.74749498997996 0.003969300497992233
-1.739478957915832 0.003992613061186413
-1.7314629258517034 0.004016091957120903
-1.7234468937875755 0.004039738211851217
-1.7154308617234477 0.004063552848166243
-1.707414829659319 0.004087536885207146
-1.6993987975951903 0.0041116913380741145
-1.6913827655310625 0.004136017217420637
-1.6833667334669347 0.004160515529035024
-1.675350701402806 0.004185187273408906
-1.6673346693386772 0.004210033445292359
-1.6593186372745494 0.004235055033235447
-1.6513026052104216 0.004260253019115819
-1.643286573146293 0.0042856283776520525
-1.6352705410821642 0.0043111820759024816
-1.6272545090180364 0.004336915072749166
-1.6192384769539085 0.004362828318366709
-1.6112224448897798 0.004388922753675576
-1.6032064128256511 0.0044151993097796445
-1.5951903807615233 0.0044416589073876175
-1.5871743486973955 0.00446830245621802
-1.5791583166332668 0.00449513085438743
-1.571142284569138 0.004522144987781599
-1.5631262525050102 0.004549345729409202
-1.5551102204408824 0.004576733938737817
-1.5470941883767537 0.004604310461011851
-1.539078156312625 0.004632076126552047
-1.5310621242484972 0.004660031750036286
-1.5230460921843694 0.004688178129761335
-1.5150300601202407 0.004716516046885182
-1.507014028056112 0.004745046264649681
-1.4989979959919841 0.004773769527583164
-1.4909819639278563 0.004802686560682681
-1.4829659318637276 0.004831798068575558
-1.474949899799599 0.004861104734659958
-1.466933867735471 0.0048906072202241175
-1.4589178356713433 0.004920306163543984
-1.4509018036072145 0.004950202178958886
-1.4428857715430858 0.004980295855924986
-1.434869739478958 0.0050105877580462034
-1.4268537074148302 0.005041078422082332
-1.4188376753507015 0.005071768356934033
-1.4108216432865728 0.005102658042604472
-1.402805611222445 0.00513374792913732
-1.3947895791583171 0.005165038435530867
-1.3867735470941884 0.005196529948627979
-1.3787575150300597 0.0052282228219817034
-1.370741482965932 0.005260117374696279
-1.362725450901804 0.005292213890243349
-1.3547094188376754 0.005324512615253182
-1.3466933867735467 0.005357013758280697
-1.3386773547094188 0.005389717488546194
-1.330661322645291 0.005422623934650584
-1.3226452905811623 0.005455733183265007
-1.3146292585170345 0.005489045277794731
-1.3066132264529067 0.005522560217017277
-1.298597194388778 0.005556277953694652
-1.2905811623246493 0.005590198393159665
-1.2825651302605214 0.005624321391876355
-1.2745490981963936 0.005658646755974469
-1.266533066132265 0.005693174239758077
-1.2585170340681362 0.005727903544188346
-1.2505010020040084 0.005762834315340625
-1.2424849699398806 0.005797966142835923
-1.2344689378757518 0.005833298558246938
-1.2264529058116231 0.005868831033478854
-1.2184368737474953 0.005904562979125127
-1.2104208416833675 0.00594049374279854
-1.2024048096192388 0.005976622607437798
-1.19438877755511 0.006012948789590046
-1.1863727454909823 0.0060494714376696885
-1.1783567134268544 0.006086189630193972
-1.1703406813627257 0.006123102373995755
-1.162324649298597 0.006160208602414033
-1.1543086172344692 0.00619750717346281
-1.1462925851703414 0.006234996867978925
-1.1382765531062127 0.006272676387749519
-1.130260521042084 0.006310544353619843
-1.1222444889779561 0.006348599303582296
-1.1142284569138283 0.006386839690847457
-1.1062124248496996 0.0064252638818980325
-1.098196392785571 0.0064638701545267135
-1.090180360721443 0.006502656695858973
-1.0821643286573153 0.0065416216003618905
-1.0741482965931866 0.006580762867840161
-1.0661322645290578 0.0066200784014204955
-1.05811623246493 0.006659566005525767
-1.0501002004008022 0.006699223383840208
-1.0420841683366735 0.006739048137267112
-1.0340681362725448 0.006779037761880517
-1.026052104208417 0.006819189646872485
-1.0180360721442892 0.006859501072497602
-1.0100200400801604 0.006899969208016372
-1.0020040080160317 0.0069405911096393335
-0.9939879759519039 0.006981363718473754
-0.9859719438877761 0.007022283858474823
-0.9779559118236474 0.0070633482344032855
-0.9699398797595187 0.007104553429791657
-0.9619238476953909 0.007145895904921108
-0.953907815631263 0.007187371994811227
-0.9458917835671343 0.007228977907224902
-0.9378757515030056 0.0072707097206906315
-0.9298597194388778 0.007312563382544686
-0.92184368737475 0.007354534706995513
-0.9138276553106213 0.0073966193732128505
-0.9058116232464934 0.007438812923444075
-0.8977955911823656 0.007481110761160393
-0.8897795591182369 0.0075235081492353835
-0.8817635270541082 0.007566000208158542
-0.8737474949899804 0.0076085819142864865
-0.8657314629258526 0.007651248098134433
-0.8577154308617239 0.007693993442710537
-0.8496993987975952 0.007736812481895777
-0.8416833667334673 0.0077796995988719635
-0.8336673346693395 0.007822649024600383
-0.8256513026052108 0.007865654836353613
-0.8176352705410821 0.007908710956302856
-0.8096192384769543 0.007951811150163213
-0.8016032064128265 0.007994949025899022
-0.7935871743486977 0.008038118032491343
-0.785571142284569 0.008081311458769494
-0.7775551102204412 0.008124522432308346
-0.7695390781563134 0.008167743918392876
-0.7615230460921847 0.008210968719051118
-0.753507014028056 0.008254189472156495
-0.7454909819639282 0.008297398650600077
-0.7374749498998003 0.008340588561532936
-0.7294589178356716 0.00838375134567831
-0.7214428857715429 0.008426878976712791
-0.7134268537074151 0.008469963260715205
-0.7054108216432873 0.00851299583568119
-0.6973947895791586 0.00855596817110066
-0.6893787575150299 0.00859887156759467
-0.681362725450902 0.008641697156607198
-0.6733466933867742 0.00868443590014629
-0.6653306613226455 0.008727078590567879
-0.6573146292585168 0.008769615850394269
-0.649298597194389 0.008812038132157855
-0.6412825651302612 0.008854335718258824
-0.6332665330661325 0.008896498720823905
-0.6252505010020037 0.008938517081550957
-0.6172344689378759 0.008980380571521944
-0.6092184368737481 0.009022078790964064
-0.6012024048096194 0.009063601168935792
-0.5931863727454907 0.009104936962911137
-0.5851703406813629 0.009146075258231622
-0.577154308617235 0.00918700496739096
-0.5691382765531063 0.009227714829112397
-0.5611222444889776 0.009268193407173046
-0.5531062124248498 0.009308429088922973
-0.545090180360722 0.009348410083439314
-0.5370741482965933 0.0093881244192472
-0.5290581162324646 0.009427559941529454
-0.5210420841683367 0.00946670430873578
-0.5130260521042089 0.009505544988489151
-0.5050100200400802 0.009544069252672044
-0.4969939879759524 0.009582264171557862
-0.4889779559118246 0.00962011660683272
-0.48096192384769587 0.009657613203329066
-0.47294589178356716 0.00969474037926548
-0.46492985971943934 0.009731484314754619
-0.4569138276553115 0.00976783093830382
-0.4488977955911828 0.009803765910988391
-0.4408817635270541 0.009839274607925363
-0.4328657314629263 0.009874342096613605
-0.42484969939879846 0.009908953111632578
-0.41683366733466976 0.009943092025104404
-0.40881763527054105 0.009976742812219292
-0.4008016032064132 0.010009889010998849
-0.3927855711422854 0.01004251367532064
-0.3847695390781567 0.01007459932004508
-0.376753507014028 0.010106127856864515
-0.36873747494990017 0.010137080519225435
-0.36072144288577235 0.0101674377743461
-0.35270541082164364 0.01019717921994856
-0.34468937875751493 0.010226283462827635
-0.3366733466933871 0.010254727975764714
-0.3286573146292593 0.010282488928530233
-0.3206412825651306 0.010309540987764215
-0.3126252505010019 0.010335857079326008
-0.30460921843687405 0.010361408105191778
-0.29659318637274623 0.010386162605058806
-0.2885771543086175 0.010410086350365298
-0.2805611222444888 0.01043314185528783
-0.272545090180361 0.010455287785211905
-0.2645290581162332 0.010476478237880168
-0.25651302605210446 0.010496661865491284
-0.24849699398797576 0.010515780796873306
-0.24048096192384794 0.010533769306685805
-0.23246492985972012 0.010550552162283466
-0.2244488977955914 0.010566042556793132
-0.2164328657314627 0.010580139506807978
-0.20841683366733488 0.010592724551534299
-0.20040080160320706 0.010603657532315897
-0.19238476953907835 0.010612771149886457
-0.18436873747494964 0.010619863880432824
-0.17635270541082182 0.010624690663741155
-0.168336673346694 0.010626950531219629
-0.1603206412825653 0.010626269977294983
-0.15230460921843658 0.010622180328650498
-0.14428857715430876 0.010614086524506518
-0.13627254509018094 0.010601223408922885
-0.12825651302605223 0.01058259354967954
-0.12024048096192352 0.0105568772118352
-0.1122244488977957 0.010522299494606981
-0.10420841683366788 0.010476430092179904
-0.09619238476953917 0.010415874503917703
-0.08817635270541135 0.010335785767907401
-0.08016032064128353 0.01022907115456982
-0.07214428857715482 0.010085065385774443
-0.06412825651302612 0.009887244495323966
-0.056112224448898296 0.009609174141261759
-0.048096192384770475 0.00920718290404536
-0.04008016032064177 0.008607184033465266
-0.03206412825651306 0.007682976679583759
-0.024048096192385238 0.006234618017337235
-0.016032064128257417 0.004051264356230715
-0.008016032064128709 0.0014011425610025528
0.0 0.0
0.00801603206412782 0.0014011425610022817
0.01603206412825653 0.004051264356230432
0.02404809619238435 0.006234618017337037
0.03206412825651306 0.007682976679583759
0.04008016032064088 0.008607184033465184
0.04809619238476959 0.009207182904045307
0.05611222444889741 0.009609174141261723
0.06412825651302612 0.009887244495323966
0.07214428857715394 0.010085065385774425
0.08016032064128265 0.010229071154569806
0.08817635270541047 0.01033578576790739
0.09619238476953917 0.010415874503917703
0.104208416833667 0.0104764300921799
0.11222444889779482 0.010522299494606976
0.12024048096192352 0.0105568772118352
0.12825651302605134 0.01058259354967954
0.13627254509018005 0.010601223408922885
0.14428857715430787 0.010614086524506516
0.15230460921843658 0.010622180328650498
0.1603206412825644 0.010626269977294982
0.1683366733466931 0.01062695053121963
0.17635270541082093 0.010624690663741155
0.18436873747494964 0.010619863880432824
0.19238476953907746 0.01061277114988646
0.20040080160320617 0.010603657532315895
0.208416833667334 0.0105927245515343
0.2164328657314627 0.010580139506807978
0.22444889779559052 0.010566042556793134
0.23246492985971923 0.010550552162283467
0.24048096192384705 0.010533769306685807
0.24849699398797576 0.010515780796873306
0.2565130260521036 0.010496661865491285
0.2645290581162323 0.010476478237880171
0.2725450901803601 0.010455287785211908
0.2805611222444888 0.01043314185528783
0.28857715430861663 0.0104100863503653
0.29659318637274534 0.010386162605058811
0.30460921843687316 0.010361408105191783
0.3126252505010019 0.010335857079326008
0.3206412825651297 0.010309540987764217
0.3286573146292584 0.010282488928530236
0.3366733466933862 0.010254727975764717
0.34468937875751493 0.010226283462827635
0.35270541082164275 0.010197179219948563
0.36072144288577146 0.010167437774346103
0.3687374749498993 0.010137080519225438
0.376753507014028 0.010106127856864515
0.3847695390781558 0.010074599320045086
0.3927855711422845 0.010042513675320643
0.40080160320641234 0.010009889010998849
0.40881763527054105 0.009976742812219292
0.41683366733466887 0.009943092025104407
0.4248496993987976 0.009908953111632582
0.4328657314629254 0.009874342096613609
0.4408817635270541 0.009839274607925363
0.4488977955911819 0.009803765910988395
0.45691382765531063 0.009767830938303825
0.46492985971943845 0.009731484314754624
0.47294589178356716 0.00969474037926548
0.480961923847695 0.009657613203329073
0.4889779559118237 0.009620116606832724
0.4969939879759515 0.009582264171557869
0.5050100200400802 0.009544069252672044
0.513026052104208 0.009505544988489155
0.5210420841683359 0.009466704308735785
0.5290581162324646 0.009427559941529454
0.5370741482965924 0.009388124419247206
0.5450901803607211 0.00934841008343932
0.5531062124248489 0.009308429088922978
0.5611222444889776 0.009268193407173046
0.5691382765531054 0.009227714829112402
0.5771543086172342 0.009187004967390963
0.585170340681362 0.009146075258231625
0.5931863727454907 0.009104936962911137
0.6012024048096185 0.009063601168935799
0.6092184368737472 0.009022078790964068
0.617234468937875 0.008980380571521947
0.6252505010020037 0.008938517081550957
0.6332665330661316 0.008896498720823908
0.6412825651302603 0.00885433571825883
0.6492985971943881 0.008812038132157859
0.6573146292585168 0.008769615850394269
0.6653306613226446 0.008727078590567884
0.6733466933867733 0.008684435900146297
0.6813627254509012 0.008641697156607203
0.6893787575150299 0.00859887156759467
0.6973947895791577 0.008555968171100664
0.7054108216432864 0.008512995835681195
0.7134268537074142 0.00846996326071521
0.7214428857715429 0.008426878976712791
0.7294589178356707 0.008383751345678318
0.7374749498997994 0.00834058856153294
0.7454909819639273 0.00829739865060008
0.753507014028056 0.008254189472156495
0.7615230460921838 0.008210968719051122
0.7695390781563125 0.00816774391839288
0.7775551102204403 0.008124522432308353
0.785571142284569 0.008081311458769494
0.7935871743486969 0.008038118032491348
0.8016032064128256 0.007994949025899025
0.8096192384769534 0.007951811150163217
0.8176352705410821 0.007908710956302856
0.8256513026052099 0.007865654836353618
0.8336673346693386 0.00782264902460039
0.8416833667334664 0.007779699598871969
0.8496993987975952 0.007736812481895777
0.857715430861723 0.0076939934427105415
0.8657314629258517 0.007651248098134437
0.8737474949899795 0.007608581914286492
0.8817635270541082 0.007566000208158542
0.889779559118236 0.007523508149235389
0.8977955911823647 0.007481110761160399
0.9058116232464926 0.007438812923444081
0.9138276553106213 0.0073966193732128505
0.9218436873747491 0.007354534706995516
0.9298597194388769 0.00731256338254469
0.9378757515030056 0.0072707097206906315
0.9458917835671334 0.007228977907224907
0.9539078156312621 0.007187371994811232
0.96192384769539 0.007145895904921111
0.9699398797595187 0.007104553429791657
0.9779559118236465 0.00706334823440329
0.9859719438877752 0.007022283858474826
0.993987975951903 0.00698136371847376
1.0020040080160317 0.0069405911096393335
1.0100200400801596 0.0068999692080163755
1.0180360721442883 0.006859501072497607
1.026052104208416 0.006819189646872491
1.0340681362725448 0.006779037761880517
1.0420841683366726 0.006739048137267116
1.0501002004008013 0.006699223383840212
1.0581162324649291 0.0066595660055257695
1.0661322645290578 0.0066200784014204955
1.0741482965931857 0.006580762867840166
1.0821643286573144 0.006541621600361895
1.0901803607214422 0.006502656695858976
1.098196392785571 0.0064638701545267135
1.1062124248496987 0.006425263881898037
1.1142284569138274 0.006386839690847462
1.1222444889779553 0.006348599303582302
1.130260521042084 0.006310544353619843
1.1382765531062118 0.006272676387749522
1.1462925851703405 0.0062349968679789305
1.1543086172344683 0.006197507173462813
1.162324649298597 0.006160208602414033
1.1703406813627248 0.00612310237399576
1.1783567134268536 0.006086189630193977
1.1863727454909814 0.006049471437669692
1.19438877755511 0.006012948789590046
1.202404809619238 0.005976622607437802
1.2104208416833666 0.005940493742798544
1.2184368737474944 0.005904562979125129
1.2264529058116231 0.005868831033478854
1.234468937875751 0.0058332985582469415
1.2424849699398797 0.005797966142835926
1.2505010020040075 0.005762834315340628
1.2585170340681362 0.005727903544188346
1.266533066132264 0.005693174239758079
1.2745490981963927 0.005658646755974473
1.2825651302605205 0.005624321391876359
1.2905811623246493 0.005590198393159665
1.298597194388777 0.005556277953694654
1.3066132264529058 0.005522560217017281
1.3146292585170336 0.005489045277794734
1.3226452905811623 0.005455733183265007
1.3306613226452901 0.0054226239346505875
1.338677354709418 0.005389717488546198
1.3466933867735467 0.005357013758280697
1.3547094188376745 0.005324512615253186
1.3627254509018032 0.005292213890243353
1.370741482965931 0.005260117374696283
1.3787575150300597 0.0052282228219817034
1.3867735470941875 0.005196529948627982
1.3947895791583163 0.00516503843553087
1.402805611222444 0.0051337479291373245
1.4108216432865728 0.005102658042604472
1.4188376753507006 0.005071768356934035
1.4268537074148293 0.005041078422082334
1.4348697394789571 0.005010587758046207
1.4428857715430858 0.004980295855924986
1.4509018036072137 0.004950202178958889
1.4589178356713424 0.004920306163543986
1.4669338677354702 0.004890607220224121
1.474949899799599 0.004861104734659958
1.4829659318637267 0.004831798068575562
1.4909819639278554 0.004802686560682685
1.4989979959919832 0.004773769527583168
1.507014028056112 0.004745046264649681
1.5150300601202398 0.0047165160468851846
1.5230460921843685 0.004688178129761337
1.5310621242484963 0.00466003175003629
1.539078156312625 0.004632076126552047
1.5470941883767528 0.004604310461011854
1.5551102204408815 0.00457673393873782
1.5631262525050094 0.004549345729409205
1.571142284569138 0.004522144987781599
1.579158316633266 0.004495130854387432
1.5871743486973946 0.004468302456218024
1.5951903807615224 0.00444165890738762
1.6032064128256511 0.0044151993097796445
1.611222444889779 0.004388922753675579
1.6192384769539077 0.0043628283183667115
1.6272545090180355 0.00433691507274917
1.6352705410821642 0.0043111820759024816
1.643286573146292 0.004285628377652056
1.6513026052104207 0.004260253019115821
1.6593186372745485 0.004235055033235451
1.6673346693386772 0.004210033445292359
1.675350701402805 0.004185187273408908
1.6833667334669338 0.004160515529035027
1.6913827655310616 0.004136017217420638
1.6993987975951903 0.0041116913380741145
1.7074148296593181 0.004087536885207149
1.7154308617234468 0.004063552848166245
1.7234468937875747 0.004039738211851221
1.7314629258517034 0.004016091957120903
1.7394789579158312 0.003992613061186414
1.747494989979959 0.003969300497992236
1.7555110220440877 0.003946153238585376
1.7635270541082155 0.003923170251472933
1.7715430861723442 0.0039003505029682507
1.779559118236472 0.003877692957526032
1.7875751503006008 0.0038551965780665685
1.7955911823647286 0.0038328603262894447
1.8036072144288573 0.0038106831629768764
1.8116232464929851 0.0037886640482870165
1.8196392785571138 0.0037668019420373992
1.8276553106212416 0.003745095803978838
1.8356713426853704 0.003723544594059928
1.8436873747494982 0.003702147272682485
1.8517034068136269 0.0036809028009480507
1.8597194388777547 0.003659810140895772
1.8677354709418834 0.0036388682557318085
1.8757515030060112 0.003618076110050541
1.88376753507014 0.0035974326700477393
1.8917835671342678 0.0035769369037259467
1.8997995991983965 0.003556587781092238
1.9078156312625243 0.003536384274348605
1.915831663326653 0.0035163253580750946
1.9238476953907808 0.0034964100094059714
1.9318637274549095 0.003476637208199017
1.9398797595190373 0.0034570059371982187
1.947895791583166 0.003437515182189955
1.9559118236472939 0.0034181639321529344
1.9639278557114226 0.0033989511794019797
1.9719438877755504 0.003379875919725895
1.9799599198396791 0.003360937152519529
1.987975951903807 0.0033421338809102364
1.9959919839679356 0.0033234651118788524
2.0040080160320635 0.003304929856375385
2.012024048096192 0.003286527129429524
2.020040080160321 0.0032682559502561596
2.028056112224448 0.0032501153423560233
2.0360721442885765 0.0032321043336115893
2.0440881763527052 0.0032142219563784237
2.052104208416832 0.0031964672475720485
2.0601202404809627 0.0031788392487504665
2.0681362725450896 0.0031613370061925636
2.0761523046092183 0.00314395957097233
2.084168336673347 0.003126705999029233
2.092184368737474 0.003109575351234703
2.1002004008016026 0.003092566693454907
2.1082164328657313 0.0030756790966099566
2.1162324649298583 0.0030589116367295823
2.1242484969939888 0.0030422633950054376
2.1322645290581157 0.0030257334578401578
2.1402805611222444 0.0030093209168931714
2.148296593186373 0.0029930248691235097
2.1563126252505 0.0029768444168295945
2.1643286573146288 0.002960778667686135
2.1723446893787575 0.0029448267347782706
2.1803607214428844 0.0029289877366329765
2.188376753507013 0.0029132607972478532
2.196392785571142 0.0028976450461174227
2.2044088176352687 0.002882139618256937
2.2124248496993992 0.002866743654223829
2.220440881763526 0.0028514563001369193
2.228456913827655 0.0028362767076933314
2.2364729458917836 0.002821204034183352
2.2444889779559105 0.0028062374425031848
2.2525050100200392 0.0027913761011657038
2.260521042084168 0.002776619184309329
2.268537074148295 0.0027619658717049967
2.2765531062124253 0.0027474153487613523
2.2845691382765523 0.0027329668065282516
2.292585170340681 0.0027186194416985196
2.3006012024048097 0.0027043724566081844
2.3086172344689366 0.002690225059235107
2.3166332665330653 0.0026761764631961327
2.324649298597194 0.002662225887742826
2.332665330661321 0.0026483725577557977
2.3406813627254515 0.002634615703737693
2.3486973947895784 0.0026209545618049498
2.356713426853707 0.0026073883736782485
2.364729458917836 0.002593916386671846
2.3727454909819627 0.0025805378536817368
2.3807615230460915 0.0025672520331727153
2.38877755511022 0.0025540581891644208
2.396793587174347 0.002540955591216347
2.4048096192384776 0.002527943514411881
2.4128256513026045 0.0025150212393414656
2.420841683366733 0.0025021880520847916
2.428857715430862 0.002489443244192227
2.436873747494989 0.002476786112665377
2.4448897795591176 0.002464215959936879
2.4529058116232463 0.0024517320938494697
2.460921843687373 0.0024393338276343284
2.4689378757515037 0.0024270204798887344
2.4769539078156306 0.002414791374553115
2.4849699398797593 0.0024026458408874197
2.492985971943888 0.0023905832134469697
2.501002004008015 0.0023786028320577053
2.5090180360721437 0.0023667040417909174
2.5170340681362724 0.0023548861929374863
2.5250501002003993 0.0023431486409816343
2.53306613226453 0.002331490746574207
2.5410821643286567 0.0023199118755055804
2.5490981963927855 0.002308411398678092
2.557114228456914 0.0022969886920781567
2.565130260521041 0.0022856431367479827
2.57314629258517 0.0022743741187569587
2.5811623246492985 0.002263181029172741
2.5891783567134254 0.002252063264032025
2.597194388777554 0.002241020224311033
2.605210420841683 0.0022300513158957777
2.61322645290581 0.0022191559495520477
2.6212424849699403 0.0022083335408951826
2.629258517034067 0.002197583510359668
2.637274549098196 0.0021869052831684863
2.6452905811623246 0.0021762982893023483
2.6533066132264516 0.0021657619634687392
2.6613226452905803 0.002155295745070818
2.669338677354709 0.0021448990781762047
2.677354709418836 0.0021345714114856407
2.6853707414829664 0.0021243121983015385
2.6933867735470933 0.002114120896496478
2.701402805611222 0.002103996968481567
2.7094188376753507 0.002093939881174799
2.7174348697394777 0.002083949105969317
2.7254509018036064 0.0020740241187016412
2.733466933867735 0.002064164399619886
2.741482965931862 0.002054369433351932
2.7494989979959925 0.002044638708873589
2.7575150300601194 0.002034971719476786
2.765531062124248 0.0020253679627377174
2.773547094188377 0.0020158269404850606
2.781563126252504 0.002006348158768179
2.7895791583166325 0.0019969311278253713
2.797595190380761 0.001987575362052174
2.805611222444888 0.0019782803799696905
2.8136272545090186 0.001969045704192985
2.8216432865731456 0.0019598708613995596
2.8296593186372743 0.0019507553822978546
2.837675350701403 0.0019416988015958769
2.84569138276553 0.0019327006579698764
2.8537074148296586 0.0019237604940331153
2.8617234468937873 0.0019148778563047504
2.8697394789579143 0.0019060522951787934
2.8777555110220447 0.0018972833648931756
2.8857715430861717 0.0018885706234989523
2.8937875751503004 0.00187991363282957
2.901803607214429 0.0018713119584703054
2.909819639278556 0.0018627651697277928
2.9178356713426847 0.0018542728395996846
2.9258517034068134 0.0018458345447444605
2.9338677354709404 0.0018374498654513494
2.941883767535071 0.0018291183856103965
2.949899799599198 0.0018208396926826906
2.9579158316633265 0.0018126133776706996
2.965931863727455 0.001804439035088791
2.973947895791582 0.0017963162629338837
2.981963927855711 0.0017882446626562515
2.9899799599198396 0.001780223839130498
2.9979959919839665 0.0017722534006266802
3.006012024048095 0.001764332958781585
3.014028056112224 0.0017564621285701926
3.022044088176351 0.0017486405282772836
3.0300601202404813 0.0017408677794692163
3.0380761523046083 0.0017331435069658943
3.046092184368737 0.0017254673388128667
3.0541082164328657 0.0017178389062536413
3.0621242484969926 0.0017102578437021424
3.0701402805611213 0.001702723788715353
3.07815631262525 0.001695236381966143
3.086172344689377 0.0016877952672162606
3.0941883767535074 0.0016804000912895008
3.1022044088176344 0.0016730505040450812
3.110220440881763 0.0016657461583511506
3.118236472945892 0.0016584867100585283
3.1262525050100187 0.0016512718179745919
3.1342685370741474 0.0016441011438373552
3.142284569138276 0.0016369743522897419
3.150300601202403 0.0016298911108540276
3.1583166332665336 0.0016228510899064655
3.1663326653306605 0.0016158539626521162
3.174348697394789 0.0016088994050998309
3.182364729458918 0.0016019870960374467
3.190380761523045 0.001595116717007154
3.1983967935871735 0.0015882879522810438
3.2064128256513023 0.0015815004888368558
3.214428857715429 0.0015747540163338963
3.2224448897795597 0.001568048227089143
3.2304609218436866 0.00156138281605355
3.2384769539078153 0.0015547574807885072
3.246492985971944 0.0015481719214425137
3.254509018036071 0.0015416258407280226
3.2625250501001997 0.001535118943898456
3.2705410821643284 0.0015286509387254328
3.2785571142284553 0.0015222215354761524
3.286573146292586 0.001515830446890968
3.2945891783567127 0.001509477388161158
3.3026052104208414 0.0015031620769068435
3.31062124248497 0.0014968842331551265
3.318637274549097 0.0014906435793183793
3.326653306613226 0.0014844398401727221
3.3346693386773545 0.0014782727428366857
3.3426853707414814 0.0014721420167500426
3.350701402805612 0.0014660473936528161
3.358717434869739 0.0014599886075644809
3.3667334669338675 0.0014539653947633101
3.3747494989979963 0.0014479774937659312
3.382765531062123 0.0014420246453070319
3.390781563126252 0.001436106592319244
3.3987975951903806 0.0014302230799132108
3.4068136272545075 0.0014243738553578157
3.4148296593186362 0.0014185586680605787
3.422845691382765 0.0014127772695482353
3.430861723446892 0.0014070294134474763
3.4388777555110224 0.0014013148554658478
3.4468937875751493 0.0013956333533728445
3.454909819639278 0.0013899846669811302
3.4629258517034067 0.0013843685581279614
3.4709418837675337 0.0013787847906567513
3.4789579158316624 0.001373233130398802
3.486973947895791 0.0013677133451552076
3.494989979959918 0.0013622252046789067
3.5030060120240485 0.0013567684806568955
3.5110220440881754 0.0013513429466926196
3.519038076152304 0.0013459483782884878
3.527054108216433 0.0013405845528285797
3.5350701402805598 0.0013352512495614862
3.5430861723446885 0.0013299482495833105
3.551102204408817 0.0013246753358208275
3.559118236472944 0.0013194322930147918
3.5671342685370746 0.0013142189077033901
3.5751503006012015 0.0013090349682058683
3.5831663326653302 0.0013038802646062715
3.591182364729459 0.0012987545887373673
3.599198396793586 0.0012936577341646962
3.6072144288577146 0.001288589496170769
3.6152304609218433 0.0012835496717394225
3.6232464929859702 0.0012785380595403037
3.6312625250501007 0.0012735544599135023
3.6392785571142277 0.0012685986748543355
3.6472945891783564 0.0012636705079982508
3.655310621242485 0.0012587697646058917
3.663326653306612 0.0012538962515482894
3.6713426853707407 0.0012490497772921893
3.6793587174348694 0.001244230151885526
3.6873747494989964 0.0012394371869430237
3.695390781563127 0.0012346706956319284
3.7034068136272538 0.0012299304926578895
3.7114228456913825 0.0012252163942509467
3.719438877755511 0.0012205282181516762
3.727454909819638 0.0012158657835974473
3.735470941883767 0.0012112289113088124
3.7434869739478955 0.0012066174234760302
3.7515030060120225 0.0012020311437457095
3.759519038076153 0.001197469897207577
3.76753507014028 0.0011929335103813808
3.7755511022044086 0.0011884218112038988
3.7835671342685373 0.0011839346290160881
3.7915831663326642 0.001179471794550344
3.799599198396793 0.0011750331399178813
3.8076152304609217 0.0011706184985962394
3.8156312625250486 0.0011662277054168997
3.8236472945891773 0.0011618605965530212
3.831663326653306 0.0011575170095072976
3.839679358717433 0.0011531967830999228
3.8476953907815634 0.0011488997574566695
3.8557114228456904 0.0011446257739970939
3.863727454909819 0.00114037467542283
3.8717434869739478 0.0011361463057060182
3.8797595190380747 0.0011319405100778286
3.8877755511022034 0.0011277571350170952
3.895791583166332 0.0011235960282390683
3.903807615230459 0.0011194570386842617
3.9118236472945895 0.0011153400165074072
3.9198396793587165 0.0011112448130665292
3.927855711422845 0.001107171280912099
3.935871743486974 0.0011031192737763142
3.943887775551101 0.0010990886465624687
3.9519038076152295 0.0010950792553344251
3.9599198396793582 0.001091090957306192
3.967935871743485 0.0010871236108315981
3.9759519038076157 0.0010831770753940585
3.9839679358717426 0.0010792512115964563
3.9919839679358713 0.0010753458811510962
4.0 0.0010714609468697764
