delta_wp rho33_exactRWA
-4.0 0.046313828937594316
-3.9919839679358717 0.04648176037005926
-3.9839679358717435 0.04665057349739208
-3.975951903807615 0.04682027425047642
-3.967935871743487 0.046990868607734465
-3.9599198396793587 0.04716236259555669
-3.9519038076152304 0.04733476228873566
-3.943887775551102 0.047508073810904196
-3.935871743486974 0.047682303334977694
-3.9278557114228456 0.04785745708360055
-3.9198396793587174 0.04803354132959721
-3.911823647294589 0.048210562396427244
-3.903807615230461 0.048388526658645
-3.8957915831663326 0.048567440542363546
-3.8877755511022043 0.048747310525723245
-3.879759519038076 0.04892814313936465
-3.8717434869739478 0.04910994496690612
-3.8637274549098195 0.049292722645425835
-3.8557114228456912 0.049476482865948614
-3.847695390781563 0.04966123237393737
-3.8396793587174347 0.04984697796978914
-3.8316633266533064 0.050033726509336095
-3.823647294589178 0.05022148490435122
-3.81563126252505 0.050410260123058784
-3.8076152304609217 0.05060005919064988
-3.799599198396794 0.0507908891898027
-3.791583166332665 0.050982757261208
-3.7835671342685373 0.051175670604099346
-3.775551102204409 0.05136963647678861
-3.7675350701402808 0.051564662197206575
-3.7595190380761525 0.05176075514344846
-3.7515030060120242 0.05195792275432505
-3.743486973947896 0.05215617252991866
-3.7354709418837677 0.052355512032144676
-3.7274549098196395 0.05255594888531829
-3.719438877755511 0.0527574907767267
-3.711422845691383 0.05296014545720669
-3.7034068136272547 0.05316392074172767
-3.6953907815631264 0.05336882450998034
-3.687374749498998 0.05357486470697072
-3.67935871743487 0.05378204934362012
-3.6713426853707416 0.05399038649737037
-3.6633266533066133 0.054199884312795134
-3.655310621242485 0.05441055100221675
-3.647294589178357 0.05462239484632894
-3.6392785571142285 0.05483542419482536
-3.6312625250501003 0.055049647467034106
-3.623246492985972 0.05526507315255808
-3.6152304609218437 0.055481709811921416
-3.6072144288577155 0.05569956607722191
-3.599198396793587 0.05591865065278955
-3.591182364729459 0.05613897231585123
-3.5831663326653307 0.0563605399172015
-3.5751503006012024 0.05658336238187972
-3.567134268537074 0.05680744870985347
-3.559118236472946 0.0570328079767081
-3.5511022044088176 0.05725944933434294
-3.5430861723446894 0.05748738201167365
-3.535070140280561 0.057716615315341294
-3.527054108216433 0.05794715863042772
-3.5190380761523046 0.058179021421177625
-3.5110220440881763 0.05841221323172721
-3.503006012024048 0.05864674368683943
-3.49498997995992 0.05888262249264598
-3.4869739478957915 0.05911985943739618
-3.4789579158316633 0.059358464392212276
-3.470941883767535 0.05959844731185207
-3.4629258517034067 0.05983981823547799
-3.4549098196392785 0.06008258728743337
-3.44689378757515 0.060326764678025654
-3.438877755511022 0.06057236070431651
-3.4308617234468937 0.06081938575091912
-3.422845691382766 0.06106785029080249
-3.414829659318637 0.06131776488610315
-3.4068136272545093 0.06156914018894346
-3.3987975951903806 0.06182198694225802
-3.390781563126253 0.062076315980626524
-3.382765531062124 0.062332138231114435
-3.3747494989979963 0.0625894647141208
-3.3667334669338675 0.06284830654423366
-3.3587174348697397 0.06310867493109251
-3.350701402805611 0.06337058118025882
-3.342685370741483 0.06363403669409327
-3.3346693386773545 0.06389905297264153
-3.3266533066132267 0.06416564161452658
-3.3186372745490984 0.06443381431784942
-3.31062124248497 0.06470358288109712
-3.302605210420842 0.06497495920405841
-3.2945891783567136 0.06524795528874734
-3.2865731462925853 0.06552258324033443
-3.278557114228457 0.06579885526808554
-3.270541082164329 0.0660767836863088
-3.2625250501002006 0.0663563809153091
-3.2545090180360723 0.06663765948235062
-3.246492985971944 0.06692063202262705
-3.2384769539078158 0.06720531128023986
-3.2304609218436875 0.06749171010918448
-3.2224448897795592 0.06777984147434425
-3.214428857715431 0.06806971845249246
-3.2064128256513027 0.06836135423330238
-3.1983967935871744 0.06865476212036517
-3.190380761523046 0.06894995553221578
-3.182364729458918 0.06924694800336698
-3.1743486973947896 0.06954575318535118
-3.1663326653306614 0.06984638484777056
-3.158316633266533 0.07014885687935485
-3.150300601202405 0.07045318328902737
-3.1422845691382766 0.0707593782069791
-3.1342685370741483 0.07106745588575061
-3.12625250501002 0.07137743070132202
-3.118236472945892 0.0716893171542111
-3.1102204408817635 0.07200312987057907
-3.1022044088176353 0.07231888360334467
-3.094188376753507 0.07263659323330596
-3.0861723446893787 0.07295627377026997
-3.0781563126252505 0.07327794035419069
-3.070140280561122 0.07360160825631426
-3.062124248496994 0.07392729288033248
-3.0541082164328657 0.074255009763544
-3.0460921843687374 0.07458477457802318
-3.038076152304609 0.07491660313179666
-3.030060120240481 0.07525051137002768
-3.0220440881763526 0.07558651537620811
-3.014028056112225 0.0759246313733575
-3.006012024048096 0.07626487572523045
-2.9979959919839683 0.07660726493753056
-2.9899799599198396 0.07695181565913245
-2.9819639278557117 0.07729854468331042
-2.973947895791583 0.0776474689489749
-2.965931863727455 0.07799860554191543
-2.9579158316633265 0.07835197169605121
-2.9498997995991987 0.07870758479468794
-2.94188376753507 0.07906546237178218
-2.933867735470942 0.07942562211321168
-2.9258517034068134 0.07978808185805304
-2.9178356713426856 0.08015285959986493
-2.909819639278557 0.08051997348797868
-2.901803607214429 0.08088944182879398
-2.8937875751503004 0.08126128308708158
-2.8857715430861726 0.08163551588729111
-2.877755511022044 0.08201215901486521
-2.869739478957916 0.08239123141755877
-2.8617234468937878 0.08277275220676392
-2.8537074148296595 0.08315674065883985
-2.8456913827655312 0.083543216216448
-2.837675350701403 0.08393219848989171
-2.8296593186372747 0.08432370725846074
-2.8216432865731464 0.08471776247177984
-2.813627254509018 0.08511438425116183
-2.80561122244489 0.08551359289096422
-2.7975951903807617 0.08591540885994955
-2.7895791583166334 0.08631985280264926
-2.781563126252505 0.0867269455407304
-2.773547094188377 0.0871367080743654
-2.7655310621242486 0.08754916158360396
-2.7575150300601203 0.08796432742974757
-2.749498997995992 0.0883822271567256
-2.741482965931864 0.08880288249247298
-2.7334669338677355 0.08922631535030899
-2.7254509018036073 0.08965254783031702
-2.717434869739479 0.09008160222072453
-2.7094188376753507 0.09051350099928324
-2.7014028056112225 0.09094826683464872
-2.693386773547094 0.09138592258775935
-2.685370741482966 0.09182649131321385
-2.6773547094188377 0.0922699962606473
-2.6693386773547094 0.09271646087610473
-2.661322645290581 0.0931659088034122
-2.6533066132264533 0.09361836388554437
-2.6452905811623246 0.09407385016598897
-2.637274549098197 0.09453239189010604
-2.629258517034068 0.09499401350648326
-2.6212424849699403 0.09545873966828494
-2.6132264529058116 0.09592659523459583
-2.6052104208416837 0.09639760527175727
-2.597194388777555 0.09687179505469681
-2.589178356713427 0.09734919006824919
-2.5811623246492985 0.09782981600846898
-2.5731462925851707 0.09831369878393319
-2.565130260521042 0.0988008645170344
-2.557114228456914 0.09929133954526213
-2.5490981963927855 0.09978515042247285
-2.5410821643286576 0.10028232392014705
-2.533066132264529 0.10078288702863303
-2.525050100200401 0.10128686695837588
-2.5170340681362724 0.1017942911411317
-2.5090180360721446 0.10230518723116482
-2.501002004008016 0.10281958310642847
-2.492985971943888 0.10333750686972633
-2.4849699398797593 0.10385898684985566
-2.4769539078156315 0.10438405160272914
-2.468937875751503 0.10491272991247588
-2.460921843687375 0.10544505079251905
-2.4529058116232467 0.10598104348663025
-2.4448897795591185 0.10652073746995831
-2.43687374749499 0.10706416245003193
-2.428857715430862 0.10761134836773449
-2.4208416833667337 0.10816232539824992
-2.4128256513026054 0.10871712395197806
-2.404809619238477 0.10927577467541826
-2.396793587174349 0.10983830845201938
-2.3887775551102206 0.1104047564029952
-2.3807615230460923 0.1109751498881032
-2.372745490981964 0.11154952050638542
-2.364729458917836 0.11212790009686938
-2.3567134268537075 0.11271032073922771
-2.3486973947895793 0.11329681475439451
-2.340681362725451 0.11388741470513675
-2.3326653306613228 0.11448215339657844
-2.3246492985971945 0.11508106387667637
-2.3166332665330662 0.11568417943664465
-2.308617234468938 0.11629153361132656
-2.3006012024048097 0.11690316017951112
-2.2925851703406814 0.11751909316419284
-2.284569138276553 0.11813936683277199
-2.276553106212425 0.11876401569719251
-2.2685370741482966 0.11939307451401683
-2.2605210420841684 0.12002657828443343
-2.25250501002004 0.12066456225419579
-2.2444889779559123 0.12130706191348921
-2.2364729458917836 0.1219541129967242
-2.2284569138276558 0.12260575148225196
-2.220440881763527 0.12326201359200087
-2.2124248496993992 0.12392293579102971
-2.2044088176352705 0.12458855478699583
-2.1963927855711427 0.12525890752953414
-2.188376753507014 0.12593403120954474
-2.180360721442886 0.12661396325838511
-2.1723446893787575 0.12729874134696473
-2.1643286573146296 0.12798840338473685
-2.156312625250501 0.1286829875185869
-2.148296593186373 0.1293825321316098
-2.1402805611222444 0.1300870758417774
-2.1322645290581166 0.13079665750048744
-2.124248496993988 0.13151131619099468
-2.11623246492986 0.1322310912267159
-2.1082164328657313 0.13295602214940846
-2.1002004008016035 0.13368614872721574
-2.092184368737475 0.13442151095257665
-2.084168336673347 0.13516214903999335
-2.0761523046092183 0.13590810342365445
-2.0681362725450905 0.13665941475490762
-2.0601202404809618 0.13741612389957755
-2.052104208416834 0.1381782719351239
-2.0440881763527057 0.1389459001476354
-2.0360721442885774 0.13971905002865329
-2.028056112224449 0.14049776327182006
-2.020040080160321 0.1412820817693484
-2.0120240480961926 0.14207204760830316
-2.0040080160320644 0.14286770306669297
-1.9959919839679365 0.1436690906093638
-1.9879759519038078 0.14447625288368987
-1.9799599198396791 0.14528923271505495
-1.9719438877755513 0.14610807310211854
-1.9639278557114235 0.14693281721186063
-1.9559118236472948 0.1477635083743977
-1.947895791583166 0.14860019007756398
-1.9398797595190382 0.1494429059612517
-1.9318637274549104 0.15029169981150242
-1.9238476953907817 0.15114661555434283
-1.915831663326653 0.15200769724935745
-1.9078156312625252 0.15287498908299169
-1.8997995991983974 0.1537485353615769
-1.8917835671342687 0.15462838050406963
-1.88376753507014 0.1555145690344977
-1.8757515030060121 0.15640714557410473
-1.8677354709418843 0.15730615483318555
-1.8597194388777556 0.1582116416026027
-1.8517034068136269 0.15912365074497656
-1.843687374749499 0.1600422271855404
-1.8356713426853712 0.16096741590265132
-1.8276553106212425 0.16189926191794707
-1.8196392785571138 0.16283781028614067
-1.811623246492986 0.16378310608444316
-1.8036072144288582 0.16473519440160453
-1.7955911823647295 0.16569412032656322
-1.7875751503006008 0.16665992893669385
-1.779559118236473 0.16763266528564372
-1.7715430861723451 0.16861237439074783
-1.7635270541082164 0.16959910122001054
-1.7555110220440877 0.17059289067864458
-1.74749498997996 0.17159378759515642
-1.739478957915832 0.17260183670696658
-1.7314629258517034 0.17361708264555334
-1.7234468937875755 0.1746395699211091
-1.7154308617234477 0.17566934290669825
-1.707414829659319 0.17670644582190337
-1.6993987975951903 0.177750922715949
-1.6913827655310625 0.1788028174502912
-1.6833667334669347 0.17986217368065957
-1.675350701402806 0.18092903483854056
-1.6673346693386772 0.18200344411208813
-1.6593186372745494 0.18308544442645086
-1.6513026052104216 0.18417507842350198
-1.643286573146293 0.1852723884409582
-1.6352705410821642 0.18637741649087608
-1.6272545090180364 0.18749020423751206
-1.6192384769539085 0.18861079297453295
-1.6112224448897798 0.18973922360156276
-1.6032064128256511 0.1908755366000533
-1.5951903807615233 0.1920197720084647
-1.5871743486973955 0.19317196939674258
-1.5791583166332668 0.19433216784007673
-1.571142284569138 0.19550040589192882
-1.5631262525050102 0.19667672155631521
-1.5551102204408824 0.19786115225933104
-1.5470941883767537 0.19905373481990038
-1.539078156312625 0.2002545054197402
-1.5310621242484972 0.2014634995725235
-1.5230460921843694 0.2026807520922286
-1.5150300601202407 0.2039062970606589
-1.507014028056112 0.20514016779412106
-1.4989979959919841 0.20638239680924753
-1.4909819639278563 0.20763301578795046
-1.4829659318637276 0.20889205554149123
-1.474949899799599 0.2101595459736556
-1.466933867735471 0.21143551604301836
-1.4589178356713433 0.2127199937242877
-1.4509018036072145 0.2140130059687133
-1.4428857715430858 0.21531457866354775
-1.434869739478958 0.2166247365905492
-1.4268537074148302 0.2179435033835128
-1.4188376753507015 0.2192709014848191
-1.4108216432865728 0.22060695210098893
-1.402805611222445 0.22195167515723427
-1.3947895791583171 0.22330508925099457
-1.3867735470941884 0.22466721160444814
-1.3787575150300597 0.22603805801599042
-1.370741482965932 0.22741764281067003
-1.362725450901804 0.22880597878957465
-1.3547094188376754 0.2302030771781593
-1.3466933867735467 0.2316089475735097
-1.3386773547094188 0.23302359789053675
-1.330661322645291 0.23444703430709468
-1.3226452905811623 0.23587926120802055
-1.3146292585170345 0.2373202811280896
-1.3066132264529067 0.23877009469388713
-1.298597194388778 0.240228700564593
-1.2905811623246493 0.2416960953716785
-1.2825651302605214 0.24317227365751917
-1.2745490981963936 0.2446572278129227
-1.266533066132265 0.24615094801357706
-1.2585170340681362 0.24765342215542174
-1.2505010020040084 0.24916463578895134
-1.2424849699398806 0.2506845720524563
-1.2344689378757518 0.2522132116042114
-1.2264529058116231 0.25375053255362123
-1.2184368737474953 0.255296510391338
-1.2104208416833675 0.256851117918364
-1.2024048096192388 0.2584143251741546
-1.19438877755511 0.2599860993637407
-1.1863727454909823 0.2615664047838911
-1.1783567134268544 0.2631552027483373
-1.1703406813627257 0.26475245151208304
-1.162324649298597 0.2663581061948277
-1.1543086172344692 0.267972118703532
-1.1462925851703414 0.269594437654158
-1.1382765531062127 0.2712250082926163
-1.130260521042084 0.27286377241495774
-1.1222444889779561 0.2745106682868508
-1.1142284569138283 0.2761656305623851
-1.1062124248496996 0.2778285902022474
-1.098196392785571 0.27949947439131684
-1.090180360721443 0.2811782064557335
-1.0821643286573153 0.28286470577949363
-1.0741482965931866 0.2845588877206287
-1.0661322645290578 0.28626066352702967
-1.05811623246493 0.28796994025198336
-1.0501002004008022 0.2896866206694874
-1.0420841683366735 0.29141060318941625
-1.0340681362725448 0.2931417817726124
-1.026052104208417 0.2948800458459861
-1.0180360721442892 0.2966252802177048
-1.0100200400801604 0.2983773649925573
-1.0020040080160317 0.30013617548758825
-0.9939879759519039 0.30190158214809676
-0.9859719438877761 0.3036734504640987
-0.9779559118236474 0.30545164088735605
-0.9699398797595187 0.3072360087490819
-0.9619238476953909 0.3090264041784348
-0.953907815631263 0.31082267202191866
-0.9458917835671343 0.3126246517638078
-0.9378757515030056 0.3144321774477248
-0.9298597194388778 0.31624507759950077
-0.92184368737475 0.31806317515145377
-0.9138276553106213 0.3198862873682215
-0.9058116232464934 0.32171422577429387
-0.8977955911823656 0.3235467960833944
-0.8897795591182369 0.3253837981298604
-0.8817635270541082 0.327225025802179
-0.8737474949899804 0.32907026697884245
-0.8657314629258526 0.330919303466686
-0.8577154308617239 0.3327719109418767
-0.8496993987975952 0.33462785889372837
-0.8416833667334673 0.33648691057152225
-0.8336673346693395 0.3383488229345098
-0.8256513026052108 0.3402133466052869
-0.8176352705410821 0.34208022582672587
-0.8096192384769543 0.34394919842266003
-0.8016032064128265 0.34581999576251404
-0.7935871743486977 0.347692342730079
-0.785571142284569 0.3495659576966351
-0.7775551102204412 0.3514405524986246
-0.7695390781563134 0.35331583242008385
-0.7615230460921847 0.3551914961800402
-0.753507014028056 0.3570672359250867
-0.7454909819639282 0.35894273722734815
-0.7374749498998003 0.36081767908805007
-0.7294589178356716 0.3626917339469074
-0.7214428857715429 0.36456456769754697
-0.7134268537074151 0.3664358397091837
-0.7054108216432873 0.36830520285476503
-0.6973947895791586 0.3701723035457986
-0.6893787575150299 0.37203678177408284
-0.681362725450902 0.3738982711605547
-0.6733466933867742 0.3757563990114688
-0.6653306613226455 0.3776107863821213
-0.6573146292585168 0.3794610481483302
-0.649298597194389 0.381306793085884
-0.6412825651302612 0.3831476239581636
-0.6332665330661325 0.384983137612147
-0.6252505010020037 0.38681292508299536
-0.6172344689378759 0.3886365717074284
-0.6092184368737481 0.3904536572460828
-0.6012024048096194 0.3922637560150526
-0.5931863727454907 0.3940664370268052
-0.5851703406813629 0.3958612641406694
-0.577154308617235 0.39764779622308366
-0.5691382765531063 0.3994255873177984
-0.5611222444889776 0.4011941868262245
-0.5531062124248498 0.4029531396981209
-0.545090180360722 0.40470198663282114
-0.5370741482965933 0.40644026429119523
-0.5290581162324646 0.4081675055185621
-0.5210420841683367 0.4098832395787683
-0.5130260521042089 0.41158699239966734
-0.5050100200400802 0.41327828683024787
-0.4969939879759524 0.41495664290968504
-0.4889779559118246 0.41662157814861717
-0.48096192384769587 0.41827260782298076
-0.47294589178356716 0.41990924528079066
-0.46492985971943934 0.4215310022622973
-0.4569138276553115 0.4231373892340288
-0.4488977955911828 0.42472791573730345
-0.4408817635270541 0.4263020907519003
-0.4328657314629263 0.42785942307570474
-0.42484969939879846 0.42939942172129086
-0.41683366733466976 0.430921596330587
-0.40881763527054105 0.43242545760900014
-0.4008016032064132 0.4339105177806456
-0.3927855711422854 0.43537629106666
-0.3847695390781567 0.43682229418898827
-0.376753507014028 0.4382480469025298
-0.36873747494990017 0.43965307255914876
-0.36072144288577235 0.44103689870780244
-0.35270541082164364 0.4423990577359718
-0.34468937875751493 0.44373908755873703
-0.3366733466933871 0.4450565323632645
-0.3286573146292593 0.44635094341826376
-0.3206412825651306 0.44762187996020286
-0.3126252505010019 0.448868910170889
-0.30460921843687405 0.4500916122645747
-0.29659318637274623 0.4512895757072719
-0.2885771543086175 0.45246240259672776
-0.2805611222444888 0.45360970923894156
-0.272545090180361 0.4547311279666992
-0.2645290581162332 0.45582630925809126
-0.25651302605210446 0.45689492422935424
-0.24849699398797576 0.4579366675979872
-0.24048096192384794 0.45895126124085256
-0.23246492985972012 0.4599384585105351
-0.2244488977955914 0.46089804952541424
-0.2164328657314627 0.46182986772016094
-0.20841683366733488 0.4627337980416056
-0.20040080160320706 0.4636097873117993
-0.19238476953907835 0.46445785747288426
-0.18436873747494964 0.46527812270319
-0.17635270541082182 0.4660708117905888
-0.168336673346694 0.46683629772932944
-0.1603206412825653 0.4675751373675712
-0.15230460921843658 0.46828812523046554
-0.14428857715430876 0.4689763676319317
-0.13627254509018094 0.46964138628967267
-0.12825651302605223 0.47028526558915307
-0.12024048096192352 0.47091086564602275
-0.1122244488977957 0.47152213659781345
-0.10420841683366788 0.47212459212211366
-0.09619238476953917 0.47272603949483555
-0.08817635270541135 0.47333773381863503
-0.08016032064128353 0.47397625318411685
-0.07214428857715482 0.47466663465813763
-0.06412825651302612 0.47544777765666646
-0.056112224448898296 0.47638202009433006
-0.048096192384770475 0.4775724548647532
-0.04008016032064177 0.47919407618022836
-0.03206412825651306 0.48154506374774697
-0.024048096192385238 0.4850978993733824
-0.016032064128257417 0.490350844926356
-0.008016032064128709 0.4966699171308991
0.0 0.5
0.00801603206412782 0.4966699171308997
0.01603206412825653 0.4903508449263566
0.02404809619238435 0.485097899373383
0.03206412825651306 0.48154506374774697
0.04008016032064088 0.4791940761802286
0.04809619238476959 0.47757245486475347
0.05611222444889741 0.4763820200943302
0.06412825651302612 0.47544777765666646
0.07214428857715394 0.47466663465813774
0.08016032064128265 0.47397625318411696
0.08817635270541047 0.47333773381863503
0.09619238476953917 0.47272603949483555
0.104208416833667 0.4721245921221138
0.11222444889779482 0.47152213659781356
0.12024048096192352 0.47091086564602275
0.12825651302605134 0.4702852655891532
0.13627254509018005 0.46964138628967256
0.14428857715430787 0.4689763676319318
0.15230460921843658 0.46828812523046554
0.1603206412825644 0.46757513736757134
0.1683366733466931 0.4668362977293295
0.17635270541082093 0.46607081179058885
0.18436873747494964 0.46527812270319
0.19238476953907746 0.4644578574728843
0.20040080160320617 0.46360978731179936
0.208416833667334 0.46273379804160564
0.2164328657314627 0.46182986772016094
0.22444889779559052 0.46089804952541436
0.23246492985971923 0.4599384585105352
0.24048096192384705 0.45895126124085267
0.24849699398797576 0.4579366675979872
0.2565130260521036 0.4568949242293544
0.2645290581162323 0.4558263092580914
0.2725450901803601 0.45473112796669934
0.2805611222444888 0.45360970923894156
0.28857715430861663 0.4524624025967278
0.29659318637274534 0.4512895757072721
0.30460921843687316 0.4500916122645749
0.3126252505010019 0.448868910170889
0.3206412825651297 0.447621879960203
0.3286573146292584 0.4463509434182638
0.3366733466933862 0.4450565323632646
0.34468937875751493 0.44373908755873703
0.35270541082164275 0.442399057735972
0.36072144288577146 0.44103689870780255
0.3687374749498993 0.439653072559149
0.376753507014028 0.4382480469025298
0.3847695390781558 0.43682229418898844
0.3927855711422845 0.43537629106666015
0.40080160320641234 0.4339105177806457
0.40881763527054105 0.43242545760900014
0.41683366733466887 0.4309215963305872
0.4248496993987976 0.42939942172129103
0.4328657314629254 0.42785942307570496
0.4408817635270541 0.4263020907519003
0.4488977955911819 0.4247279157373036
0.45691382765531063 0.423137389234029
0.46492985971943845 0.42153100226229756
0.47294589178356716 0.41990924528079066
0.480961923847695 0.41827260782298104
0.4889779559118237 0.41662157814861733
0.4969939879759515 0.4149566429096854
0.5050100200400802 0.41327828683024787
0.513026052104208 0.4115869923996675
0.5210420841683359 0.40988323957876854
0.5290581162324646 0.4081675055185621
0.5370741482965924 0.4064402642911955
0.5450901803607211 0.4047019866328213
0.5531062124248489 0.40295313969812124
0.5611222444889776 0.4011941868262245
0.5691382765531054 0.3994255873177985
0.5771543086172342 0.3976477962230838
0.585170340681362 0.3958612641406696
0.5931863727454907 0.3940664370268052
0.6012024048096185 0.39226375601505276
0.6092184368737472 0.39045365724608294
0.617234468937875 0.3886365717074286
0.6252505010020037 0.38681292508299536
0.6332665330661316 0.38498313761214714
0.6412825651302603 0.38314762395816393
0.6492985971943881 0.38130679308588417
0.6573146292585168 0.3794610481483302
0.6653306613226446 0.3776107863821216
0.6733466933867733 0.375756399011469
0.6813627254509012 0.3738982711605549
0.6893787575150299 0.37203678177408284
0.6973947895791577 0.3701723035457988
0.7054108216432864 0.3683052028547653
0.7134268537074142 0.36643583970918403
0.7214428857715429 0.36456456769754697
0.7294589178356707 0.3626917339469077
0.7374749498997994 0.3608176790880503
0.7454909819639273 0.3589427372273483
0.753507014028056 0.3570672359250867
0.7615230460921838 0.35519149618004026
0.7695390781563125 0.3533158324200841
0.7775551102204403 0.3514405524986248
0.785571142284569 0.3495659576966351
0.7935871743486969 0.34769234273007926
0.8016032064128256 0.3458199957625142
0.8096192384769534 0.34394919842266025
0.8176352705410821 0.34208022582672587
0.8256513026052099 0.34021334660528707
0.8336673346693386 0.3383488229345101
0.8416833667334664 0.3364869105715225
0.8496993987975952 0.33462785889372837
0.857715430861723 0.3327719109418768
0.8657314629258517 0.33091930346668624
0.8737474949899795 0.32907026697884273
0.8817635270541082 0.327225025802179
0.889779559118236 0.3253837981298605
0.8977955911823647 0.3235467960833946
0.9058116232464926 0.3217142257742941
0.9138276553106213 0.3198862873682215
0.9218436873747491 0.318063175151454
0.9298597194388769 0.316245077599501
0.9378757515030056 0.3144321774477248
0.9458917835671334 0.3126246517638081
0.9539078156312621 0.3108226720219189
0.96192384769539 0.309026404178435
0.9699398797595187 0.3072360087490819
0.9779559118236465 0.3054516408873563
0.9859719438877752 0.30367345046409894
0.993987975951903 0.301901582148097
1.0020040080160317 0.30013617548758825
1.0100200400801596 0.2983773649925574
1.0180360721442883 0.296625280217705
1.026052104208416 0.29488004584598637
1.0340681362725448 0.2931417817726124
1.0420841683366726 0.2914106031894164
1.0501002004008013 0.28968662066948764
1.0581162324649291 0.28796994025198347
1.0661322645290578 0.28626066352702967
1.0741482965931857 0.28455888772062893
1.0821643286573144 0.2828647057794939
1.0901803607214422 0.2811782064557336
1.098196392785571 0.27949947439131684
1.1062124248496987 0.2778285902022476
1.1142284569138274 0.2761656305623853
1.1222444889779553 0.274510668286851
1.130260521042084 0.27286377241495774
1.1382765531062118 0.2712250082926165
1.1462925851703405 0.26959443765415825
1.1543086172344683 0.26797211870353216
1.162324649298597 0.2663581061948277
1.1703406813627248 0.26475245151208326
1.1783567134268536 0.26315520274833754
1.1863727454909814 0.26156640478389126
1.19438877755511 0.2599860993637407
1.202404809619238 0.25841432517415475
1.2104208416833666 0.2568511179183642
1.2184368737474944 0.2552965103913381
1.2264529058116231 0.25375053255362123
1.234468937875751 0.2522132116042116
1.2424849699398797 0.25068457205245653
1.2505010020040075 0.24916463578895148
1.2585170340681362 0.24765342215542174
1.266533066132264 0.24615094801357723
1.2745490981963927 0.24465722781292287
1.2825651302605205 0.24317227365751934
1.2905811623246493 0.2416960953716785
1.298597194388777 0.24022870056459314
1.3066132264529058 0.23877009469388732
1.3146292585170336 0.2373202811280897
1.3226452905811623 0.23587926120802055
1.3306613226452901 0.23444703430709482
1.338677354709418 0.23302359789053684
1.3466933867735467 0.2316089475735097
1.3547094188376745 0.2302030771781595
1.3627254509018032 0.2288059787895748
1.370741482965931 0.2274176428106702
1.3787575150300597 0.22603805801599042
1.3867735470941875 0.22466721160444827
1.3947895791583163 0.22330508925099465
1.402805611222444 0.22195167515723443
1.4108216432865728 0.22060695210098893
1.4188376753507006 0.2192709014848192
1.4268537074148293 0.21794350338351295
1.4348697394789571 0.21662473659054934
1.4428857715430858 0.21531457866354775
1.4509018036072137 0.2140130059687134
1.4589178356713424 0.21271999372428782
1.4669338677354702 0.21143551604301852
1.474949899799599 0.2101595459736556
1.4829659318637267 0.20889205554149146
1.4909819639278554 0.20763301578795057
1.4989979959919832 0.20638239680924772
1.507014028056112 0.20514016779412106
1.5150300601202398 0.20390629706065908
1.5230460921843685 0.20268075209222872
1.5310621242484963 0.20146349957252366
1.539078156312625 0.2002545054197402
1.5470941883767528 0.1990537348199005
1.5551102204408815 0.19786115225933115
1.5631262525050094 0.19667672155631533
1.571142284569138 0.19550040589192882
1.579158316633266 0.19433216784007684
1.5871743486973946 0.19317196939674275
1.5951903807615224 0.19201977200846485
1.6032064128256511 0.1908755366000533
1.611222444889779 0.18973922360156292
1.6192384769539077 0.18861079297453306
1.6272545090180355 0.1874902042375122
1.6352705410821642 0.18637741649087608
1.643286573146292 0.1852723884409583
1.6513026052104207 0.18417507842350211
1.6593186372745485 0.183085444426451
1.6673346693386772 0.18200344411208813
1.675350701402805 0.18092903483854064
1.6833667334669338 0.17986217368065965
1.6913827655310616 0.1788028174502913
1.6993987975951903 0.177750922715949
1.7074148296593181 0.17670644582190348
1.7154308617234468 0.1756693429066984
1.7234468937875747 0.1746395699211092
1.7314629258517034 0.17361708264555334
1.7394789579158312 0.17260183670696666
1.747494989979959 0.17159378759515656
1.7555110220440877 0.17059289067864458
1.7635270541082155 0.16959910122001062
1.7715430861723442 0.16861237439074794
1.779559118236472 0.16763266528564386
1.7875751503006008 0.16665992893669385
1.7955911823647286 0.16569412032656333
1.8036072144288573 0.16473519440160464
1.8116232464929851 0.16378310608444327
1.8196392785571138 0.16283781028614067
1.8276553106212416 0.1618992619179472
1.8356713426853704 0.16096741590265146
1.8436873747494982 0.1600422271855405
1.8517034068136269 0.15912365074497656
1.8597194388777547 0.15821164160260281
1.8677354709418834 0.15730615483318566
1.8757515030060112 0.15640714557410484
1.88376753507014 0.1555145690344977
1.8917835671342678 0.15462838050406974
1.8997995991983965 0.15374853536157695
1.9078156312625243 0.15287498908299177
1.915831663326653 0.15200769724935745
1.9238476953907808 0.15114661555434292
1.9318637274549095 0.1502916998115025
1.9398797595190373 0.14944290596125184
1.947895791583166 0.14860019007756398
1.9559118236472939 0.14776350837439778
1.9639278557114226 0.14693281721186077
1.9719438877755504 0.14610807310211865
1.9799599198396791 0.14528923271505495
1.987975951903807 0.14447625288368995
1.9959919839679356 0.14366909060936386
2.0040080160320635 0.14286770306669302
2.012024048096192 0.1420720476083032
2.020040080160321 0.1412820817693484
2.028056112224448 0.1404977632718202
2.0360721442885765 0.13971905002865337
2.0440881763527052 0.13894590014763541
2.052104208416832 0.13817827193512408
2.0601202404809627 0.13741612389957747
2.0681362725450896 0.1366594147549077
2.0761523046092183 0.13590810342365445
2.084168336673347 0.13516214903999335
2.092184368737474 0.13442151095257673
2.1002004008016026 0.1336861487272158
2.1082164328657313 0.13295602214940846
2.1162324649298583 0.132231091226716
2.1242484969939888 0.13151131619099463
2.1322645290581157 0.13079665750048755
2.1402805611222444 0.1300870758417774
2.148296593186373 0.1293825321316098
2.1563126252505 0.12868298751858698
2.1643286573146288 0.12798840338473697
2.1723446893787575 0.12729874134696473
2.1803607214428844 0.12661396325838525
2.188376753507013 0.12593403120954483
2.196392785571142 0.12525890752953422
2.2044088176352687 0.12458855478699603
2.2124248496993992 0.12392293579102971
2.220440881763526 0.12326201359200092
2.228456913827655 0.12260575148225204
2.2364729458917836 0.1219541129967242
2.2444889779559105 0.12130706191348938
2.2525050100200392 0.12066456225419586
2.260521042084168 0.12002657828443349
2.268537074148295 0.11939307451401697
2.2765531062124253 0.11876401569719247
2.2845691382765523 0.11813936683277206
2.292585170340681 0.11751909316419291
2.3006012024048097 0.11690316017951112
2.3086172344689366 0.11629153361132663
2.3166332665330653 0.11568417943664473
2.324649298597194 0.1150810638766764
2.332665330661321 0.11448215339657858
2.3406813627254515 0.1138874147051367
2.3486973947895784 0.11329681475439458
2.356713426853707 0.11271032073922774
2.364729458917836 0.11212790009686938
2.3727454909819627 0.11154952050638552
2.3807615230460915 0.11097514988810327
2.38877755511022 0.11040475640299521
2.396793587174347 0.10983830845201949
2.4048096192384776 0.10927577467541824
2.4128256513026045 0.10871712395197813
2.420841683366733 0.10816232539824994
2.428857715430862 0.10761134836773449
2.436873747494989 0.10706416245003199
2.4448897795591176 0.10652073746995838
2.4529058116232463 0.10598104348663027
2.460921843687373 0.10544505079251917
2.4689378757515037 0.10491272991247584
2.4769539078156306 0.10438405160272919
2.4849699398797593 0.10385898684985566
2.492985971943888 0.10333750686972633
2.501002004008015 0.10281958310642852
2.5090180360721437 0.1023051872311649
2.5170340681362724 0.1017942911411317
2.5250501002003993 0.10128686695837599
2.53306613226453 0.10078288702863297
2.5410821643286567 0.10028232392014709
2.5490981963927855 0.09978515042247285
2.557114228456914 0.09929133954526213
2.565130260521041 0.09880086451703449
2.57314629258517 0.09831369878393323
2.5811623246492985 0.09782981600846898
2.5891783567134254 0.09734919006824932
2.597194388777554 0.09687179505469687
2.605210420841683 0.09639760527175732
2.61322645290581 0.09592659523459594
2.6212424849699403 0.09545873966828494
2.629258517034067 0.09499401350648329
2.637274549098196 0.09453239189010611
2.6452905811623246 0.09407385016598897
2.6533066132264516 0.09361836388554447
2.6613226452905803 0.09316590880341226
2.669338677354709 0.09271646087610479
2.677354709418836 0.09226999626064741
2.6853707414829664 0.09182649131321384
2.6933867735470933 0.09138592258775938
2.701402805611222 0.09094826683464875
2.7094188376753507 0.09051350099928324
2.7174348697394777 0.0900816022207246
2.7254509018036064 0.08965254783031705
2.733466933867735 0.089226315350309
2.741482965931862 0.08880288249247306
2.7494989979959925 0.08838222715672557
2.7575150300601194 0.08796432742974761
2.765531062124248 0.08754916158360396
2.773547094188377 0.0871367080743654
2.781563126252504 0.08672694554073049
2.7895791583166325 0.0863198528026493
2.797595190380761 0.08591540885994958
2.805611222444888 0.08551359289096433
2.8136272545090186 0.08511438425116183
2.8216432865731456 0.0847177624717799
2.8296593186372743 0.08432370725846075
2.837675350701403 0.08393219848989171
2.84569138276553 0.08354321621644807
2.8537074148296586 0.0831567406588399
2.8617234468937873 0.08277275220676393
2.8697394789579143 0.08239123141755886
2.8777555110220447 0.08201215901486517
2.8857715430861717 0.08163551588729116
2.8937875751503004 0.08126128308708158
2.901803607214429 0.08088944182879398
2.909819639278556 0.08051997348797872
2.9178356713426847 0.08015285959986497
2.9258517034068134 0.07978808185805304
2.9338677354709404 0.07942562211321176
2.941883767535071 0.07906546237178214
2.949899799599198 0.07870758479468795
2.9579158316633265 0.07835197169605121
2.965931863727455 0.07799860554191543
2.973947895791582 0.07764746894897494
2.981963927855711 0.07729854468331046
2.9899799599198396 0.07695181565913245
2.9979959919839665 0.07660726493753064
3.006012024048095 0.07626487572523048
3.014028056112224 0.07592463137335755
3.022044088176351 0.07558651537620818
3.0300601202404813 0.07525051137002768
3.0380761523046083 0.07491660313179668
3.046092184368737 0.07458477457802316
3.0541082164328657 0.074255009763544
3.0621242484969926 0.07392729288033253
3.0701402805611213 0.07360160825631427
3.07815631262525 0.07327794035419072
3.086172344689377 0.07295627377027007
3.0941883767535074 0.07263659323330592
3.1022044088176344 0.07231888360334472
3.110220440881763 0.0720031298705791
3.118236472945892 0.0716893171542111
3.1262525050100187 0.07137743070132208
3.1342685370741474 0.07106745588575064
3.142284569138276 0.07075937820697913
3.150300601202403 0.07045318328902743
3.1583166332665336 0.07014885687935482
3.1663326653306605 0.0698463848477706
3.174348697394789 0.06954575318535122
3.182364729458918 0.06924694800336698
3.190380761523045 0.06894995553221582
3.1983967935871735 0.06865476212036521
3.2064128256513023 0.0683613542333024
3.214428857715429 0.06806971845249253
3.2224448897795597 0.06777984147434422
3.2304609218436866 0.0674917101091845
3.2384769539078153 0.06720531128023989
3.246492985971944 0.06692063202262705
3.254509018036071 0.06663765948235066
3.2625250501001997 0.06635638091530913
3.2705410821643284 0.06607678368630882
3.2785571142284553 0.0657988552680856
3.286573146292586 0.06552258324033441
3.2945891783567127 0.06524795528874738
3.3026052104208414 0.06497495920405844
3.31062124248497 0.06470358288109712
3.318637274549097 0.06443381431784947
3.326653306613226 0.0641656416145266
3.3346693386773545 0.06389905297264153
3.3426853707414814 0.06363403669409333
3.350701402805612 0.06337058118025878
3.358717434869739 0.06310867493109255
3.3667334669338675 0.06284830654423366
3.3747494989979963 0.0625894647141208
3.382765531062123 0.062332138231114456
3.390781563126252 0.06207631598062653
3.3987975951903806 0.06182198694225802
3.4068136272545075 0.061569140188943494
3.4148296593186362 0.06131776488610316
3.422845691382765 0.061067850290802535
3.430861723446892 0.06081938575091916
3.4388777555110224 0.060572360704316486
3.4468937875751493 0.060326764678025675
3.454909819639278 0.06008258728743337
3.4629258517034067 0.05983981823547799
3.4709418837675337 0.05959844731185211
3.4789579158316624 0.059358464392212304
3.486973947895791 0.05911985943739618
3.494989979959918 0.058882622492646045
3.5030060120240485 0.0586467436868394
3.5110220440881754 0.05841221323172723
3.519038076152304 0.05817902142117764
3.527054108216433 0.05794715863042772
3.5350701402805598 0.05771661531534132
3.5430861723446885 0.05748738201167367
3.551102204408817 0.05725944933434294
3.559118236472944 0.057032807976708164
3.5671342685370746 0.056807448709853464
3.5751503006012015 0.05658336238187976
3.5831663326653302 0.05636053991720151
3.591182364729459 0.05613897231585123
3.599198396793586 0.0559186506527896
3.6072144288577146 0.05569956607722193
3.6152304609218433 0.05548170981192143
3.6232464929859702 0.05526507315255813
3.6312625250501007 0.0550496474670341
3.6392785571142277 0.05483542419482538
3.6472945891783564 0.054622394846328956
3.655310621242485 0.05441055100221675
3.663326653306612 0.05419988431279517
3.6713426853707407 0.0539903864973704
3.6793587174348694 0.05378204934362012
3.6873747494989964 0.053574864706970766
3.695390781563127 0.05336882450998032
3.7034068136272538 0.053163920741727703
3.7114228456913825 0.0529601454572067
3.719438877755511 0.0527574907767267
3.727454909819638 0.05255594888531832
3.735470941883767 0.05235551203214468
3.7434869739478955 0.052156172529918665
3.7515030060120225 0.0519579227543251
3.759519038076153 0.05176075514344846
3.76753507014028 0.05156466219720659
3.7755511022044086 0.05136963647678864
3.7835671342685373 0.051175670604099346
3.7915831663326642 0.05098275726120801
3.799599198396793 0.05079088918980271
3.8076152304609217 0.05060005919064988
3.8156312625250486 0.05041026012305882
3.8236472945891773 0.05022148490435125
3.831663326653306 0.05003372650933611
3.839679358717433 0.04984697796978918
3.8476953907815634 0.04966123237393735
3.8557114228456904 0.04947648286594864
3.863727454909819 0.04929272264542584
3.8717434869739478 0.04910994496690612
3.8797595190380747 0.04892814313936471
3.8877755511022034 0.048747310525723266
3.895791583166332 0.048567440542363546
3.903807615230459 0.048388526658645035
3.9118236472945895 0.04821056239642724
3.9198396793587165 0.04803354132959724
3.927855711422845 0.04785745708360056
3.935871743486974 0.047682303334977694
3.943887775551101 0.04750807381090423
3.9519038076152295 0.047334762288735684
3.9599198396793582 0.047162362595556694
3.967935871743485 0.046990868607734514
3.9759519038076157 0.046820274250476406
3.9839679358717426 0.0466505734973921
3.9919839679358713 0.04648176037005927
4.0 0.046313828937594316
