delta_wp rho33
-4.0 0.07572014935856697
-3.75 0.061772380545199936
-3.5 0.06759723452535378
-3.25 0.07482718485967262
-3.0 0.08374159094339688
-2.75 0.09476490552907381
-2.5 0.10846366588325654
-2.25 0.1255802801563717
-2.0 0.14737583139628668
-1.75 0.17410297867065133
-1.5 0.20800630772790218
-1.25 0.24995206212138663
-1.0 0.30020355466079246
-0.75 0.35659541272301976
-0.5 0.4124380777690136
-0.25 0.4557321200972476
0.0 0.49742748236026796
0.25 0.4560570198898569
0.5 0.4132141460254695
0.75 0.35731863703439876
1.0 0.3005396570207302
1.25 0.2497184390495761
1.5 0.20712251761245004
1.75 0.17254115436142392
2.0 0.1448215815323893
2.25 0.12264665370937337
2.5 0.10483830580899645
2.75 0.09043700801965053
3.0 0.07869259221535804
3.25 0.06902877499914033
3.5 0.06100525656610703
3.75 0.05428527026764648
4.0 0.04861002967294371
