delta_wp TPR_C_rho13_imag_RWAanalytical
-4.0 0.07426560158226678
-3.9919839679358717 0.07352544004339011
-3.9839679358717435 0.0727936090346638
-3.975951903807615 0.07207003936927123
-3.967935871743487 0.07135466065401454
-3.9599198396793587 0.07064740140086177
-3.9519038076152304 0.06994818913341175
-3.943887775551102 0.06925695048844195
-3.935871743486974 0.0685736113127032
-3.9278557114228456 0.06789809675512329
-3.9198396793587174 0.06723033135457814
-3.911823647294589 0.06657023912338647
-3.903807615230461 0.06591774362668203
-3.8957915831663326 0.06527276805781138
-3.8877755511022043 0.06463523530990653
-3.879759519038076 0.06400506804377391
-3.8717434869739478 0.06338218875224015
-3.8637274549098195 0.06276651982109105
-3.8557114228456912 0.062157983586737235
-3.847695390781563 0.061556502390734805
-3.8396793587174347 0.06096199863128735
-3.8316633266533064 0.060374394811851265
-3.823647294589178 0.059793613586963196
-3.81563126252505 0.059219577805403774
-3.8076152304609217 0.05865221055081012
-3.799599198396794 0.05809143517984416
-3.791583166332665 0.057537175358021254
-3.7835671342685373 0.05698935509330144
-3.775551102204409 0.056447898767537814
-3.7675350701402808 0.05591273116588065
-3.7595190380761525 0.05538377750422394
-3.7515030060120242 0.05486096345478556
-3.743486973947896 0.054344215169903315
-3.7354709418837677 0.053833459304130415
-3.7274549098196395 0.053328623034707555
-3.719438877755511 0.052829634080487936
-3.711422845691383 0.05233642071938844
-3.7034068136272547 0.05184891180443595
-3.6953907815631264 0.05136703677847776
-3.687374749498998 0.050890725687619355
-3.67935871743487 0.050419909193452656
-3.6713426853707416 0.04995451858413443
-3.6633266533066133 0.0494944857843721
-3.655310621242485 0.0490397433643718
-3.647294589178357 0.04859022454780192
-3.6392785571142285 0.048145863218822624
-3.6312625250501003 0.047706593928229554
-3.623246492985972 0.047272351898758724
-3.6152304609218437 0.046843073029596914
-3.6072144288577155 0.04641869390014008
-3.599198396793587 0.04599915177304078
-3.591182364729459 0.045584384596583746
-3.5831663326653307 0.04517433100642661
-3.5751503006012024 0.04476893032674185
-3.567134268537074 0.044368122570794186
-3.559118236472946 0.04397184844098527
-3.5511022044088176 0.04358004932839806
-3.5430861723446894 0.043192667311869534
-3.535070140280561 0.042809645156620606
-3.527054108216433 0.042430926312470654
-3.5190380761523046 0.04205645491166168
-3.5110220440881763 0.04168617576631773
-3.503006012024048 0.04132003436556236
-3.49498997995992 0.04095797687231674
-3.4869739478957915 0.0405999501198001
-3.4789579158316633 0.040245901607752044
-3.470941883767535 0.039895779498397066
-3.4629258517034067 0.03954953261216886
-3.4549098196392785 0.039207110423212316
-3.44689378757515 0.03886846305467977
-3.438877755511022 0.03853354127383746
-3.4308617234468937 0.038202296486996995
-3.422845691382766 0.037874680734286396
-3.414829659318637 0.03755064668427387
-3.4068136272545093 0.03723014762845795
-3.3987975951903806 0.03691313747563513
-3.390781563126253 0.03659957074615773
-3.382765531062124 0.0362894025660919
-3.3747494989979963 0.03598258866128726
-3.3667334669338675 0.03567908535136684
-3.3587174348697397 0.03537884954364776
-3.350701402805611 0.03508183872700061
-3.342685370741483 0.03478801096565646
-3.3346693386773545 0.034497324892968924
-3.3266533066132267 0.03420973970513918
-3.3186372745490984 0.03392521515491045
-3.31062124248497 0.033643711545239076
-3.302605210420842 0.03336518972294805
-3.2945891783567136 0.03308961107236911
-3.2865731462925853 0.032816937508978704
-3.278557114228457 0.03254713147303346
-3.270541082164329 0.03228015592320942
-3.2625250501002006 0.032015974330250316
-3.2545090180360723 0.03175455067062858
-3.246492985971944 0.031495849420223626
-3.2384769539078158 0.03123983554802078
-3.2304609218436875 0.030986474509834758
-3.2224448897795592 0.03073573224206062
-3.214428857715431 0.03048757515545562
-3.2064128256513027 0.03024197012895456
-3.1983967935871744 0.029998884503521544
-3.190380761523046 0.02975828607604024
-3.182364729458918 0.02952014309324547
-3.1743486973947896 0.029284424245697764
-3.1663326653306614 0.029051098661803134
-3.158316633266533 0.028820135901879703
-3.150300601202405 0.028591505952272958
-3.1422845691382766 0.028365179219521097
-3.1342685370741483 0.028141126524571868
-3.12625250501002 0.02791931909705208
-3.118236472945892 0.027699728569591107
-3.1102204408817635 0.027482326972199187
-3.1022044088176353 0.02726708672670166
-3.094188376753507 0.02705398064122979
-3.0861723446893787 0.02684298190476896
-3.0781563126252505 0.026634064081764993
-3.070140280561122 0.026427201106788884
-3.062124248496994 0.026222367279260684
-3.0541082164328657 0.026019537258232868
-3.0460921843687374 0.025818686057233246
-3.038076152304609 0.025619789039168218
-3.030060120240481 0.02542282191128595
-3.0220440881763526 0.025227760720200124
-3.014028056112225 0.025034581846973956
-3.006012024048096 0.02484326200226476
-2.9979959919839683 0.02465377822152902
-2.9899799599198396 0.024466107860287592
-2.9819639278557117 0.024280228589451516
-2.973947895791583 0.024096118390707508
-2.965931863727455 0.02391375555196381
-2.9579158316633265 0.023733118662855324
-2.9498997995991987 0.023554186610308475
-2.94188376753507 0.023376938574164997
-2.933867735470942 0.02320135402286474
-2.9258517034068134 0.023027412709186703
-2.9178356713426856 0.022855094666048414
-2.909819639278557 0.022684380202362787
-2.901803607214429 0.022515249898952514
-2.8937875751503004 0.022347684604521013
-2.8857715430861726 0.022181665431680125
-2.877755511022044 0.022017173753033394
-2.869739478957916 0.02185419119731513
-2.8617234468937878 0.021692699645584103
-2.8537074148296595 0.02153268122747193
-2.8456913827655312 0.021374118317485268
-2.837675350701403 0.02121699353136136
-2.8296593186372747 0.02106128972247654
-2.8216432865731464 0.02090698997830689
-2.813627254509018 0.02075407761694077
-2.80561122244489 0.020602536183642366
-2.7975951903807617 0.020452349447466045
-2.7895791583166334 0.020303501397920528
-2.781563126252505 0.020155976241682673
-2.773547094188377 0.02000975839936004
-2.7655310621242486 0.01986483250230178
-2.7575150300601203 0.019721183389457258
-2.749498997995992 0.019578796104281697
-2.741482965931864 0.019437655891688475
-2.7334669338677355 0.019297748195047277
-2.7254509018036073 0.01915905865322762
-2.717434869739479 0.019021573097687178
-2.7094188376753507 0.01888527754960426
-2.7014028056112225 0.018750158217053888
-2.693386773547094 0.018616201492226925
-2.685370741482966 0.01848339394869159
-2.6773547094188377 0.01835172233869688
-2.6693386773547094 0.01822117359051727
-2.661322645290581 0.018091734805838092
-2.6533066132264533 0.01796339325718112
-2.6452905811623246 0.017836136385369683
-2.637274549098197 0.017709951797032886
-2.629258517034068 0.01758482726214815
-2.6212424849699403 0.017460750711621887
-2.6132264529058116 0.017337710234907325
-2.6052104208416837 0.017215694077659324
-2.597194388777555 0.017094690639425373
-2.589178356713427 0.016974688471372467
-2.5811623246492985 0.016855676274049054
-2.5731462925851707 0.01673764289518188
-2.565130260521042 0.016620577327506814
-2.557114228456914 0.016504468706633624
-2.5490981963927855 0.016389306308943596
-2.5410821643286576 0.016275079549520174
-2.533066132264529 0.016161777980111477
-2.525050100200401 0.01604939128712475
-2.5170340681362724 0.01593790928965183
-2.5090180360721446 0.015827321937525486
-2.501002004008016 0.015717619309405902
-2.492985971943888 0.015608791610897073
-2.4849699398797593 0.015500829172692373
-2.4769539078156315 0.01539372244874919
-2.468937875751503 0.015287462014491776
-2.460921843687375 0.015182038565042303
-2.4529058116232467 0.015077442913479231
-2.4448897795591185 0.014973665989123008
-2.43687374749499 0.01487069883584831
-2.428857715430862 0.01476853261042261
-2.4208416833667337 0.014667158580870589
-2.4128256513026054 0.014566568124863993
-2.404809619238477 0.014466752728136542
-2.396793587174349 0.014367703982923453
-2.3887775551102206 0.014269413586425255
-2.3807615230460923 0.014171873339295456
-2.372745490981964 0.014075075144151693
-2.364729458917836 0.013979011004109981
-2.3567134268537075 0.013883673021341738
-2.3486973947895793 0.013789053395653183
-2.340681362725451 0.013695144423086699
-2.3326653306613228 0.013601938494543941
-2.3246492985971945 0.013509428094430224
-2.3166332665330662 0.013417605799319877
-2.308617234468938 0.013326464276642242
-2.3006012024048097 0.013235996283387993
-2.2925851703406814 0.01314619466483543
-2.284569138276553 0.013057052353296407
-2.276553106212425 0.012968562366881611
-2.2685370741482966 0.012880717808284883
-2.2605210420841684 0.012793511863586224
-2.25250501002004 0.012706937801073239
-2.2444889779559123 0.012620988970080701
-2.2364729458917836 0.012535658799847893
-2.2284569138276558 0.012450940798393588
-2.220440881763527 0.012366828551408113
-2.2124248496993992 0.012283315721162587
-2.2044088176352705 0.012200396045434648
-2.1963927855711427 0.012118063336450782
-2.188376753507014 0.012036311479844665
-2.180360721442886 0.011955134433631524
-2.1723446893787575 0.011874526227198015
-2.1643286573146296 0.011794480960307606
-2.156312625250501 0.011714992802120957
-2.148296593186373 0.011636055990231344
-2.1402805611222444 0.01155766482971456
-2.1322645290581166 0.011479813692193381
-2.124248496993988 0.011402497014916066
-2.11623246492986 0.011325709299848932
-2.1082164328657313 0.011249445112782508
-2.1002004008016035 0.011173699082451322
-2.092184368737475 0.011098465899666829
-2.084168336673347 0.011023740316463526
-2.0761523046092183 0.010949517145257789
-2.0681362725450905 0.010875791258019468
-2.0601202404809618 0.01080255758545581
-2.052104208416834 0.010729811116207705
-2.0440881763527057 0.01065754689605788
-2.0360721442885774 0.010585760027151005
-2.028056112224449 0.010514445667225408
-2.020040080160321 0.010443599028856247
-2.0120240480961926 0.010373215378709971
-2.0040080160320644 0.010303290036809857
-1.9959919839679365 0.010233818375812475
-1.9879759519038078 0.010164795820294845
-1.9799599198396791 0.010096217846052228
-1.9719438877755513 0.010028079979406246
-1.9639278557114235 0.009960377796523222
-1.9559118236472948 0.009893106922742619
-1.947895791583166 0.009826263031915368
-1.9398797595190382 0.009759841845751896
-1.9318637274549104 0.009693839133179753
-1.9238476953907817 0.009628250709710663
-1.915831663326653 0.009563072436816884
-1.9078156312625252 0.009498300221316617
-1.8997995991983974 0.009433930014768447
-1.8917835671342687 0.009369957812874596
-1.88376753507014 0.0093063796548929
-1.8757515030060121 0.009243191623057288
-1.8677354709418843 0.009180389842006698
-1.8597194388777556 0.009117970478222272
-1.8517034068136269 0.009055929739472729
-1.843687374749499 0.008994263874267707
-1.8356713426853712 0.008932969171318994
-1.8276553106212425 0.008872041959009569
-1.8196392785571138 0.008811478604870245
-1.811623246492986 0.008751275515063854
-1.8036072144288582 0.008691429133876768
-1.7955911823647295 0.008631935943217782
-1.7875751503006008 0.008572792462124125
-1.779559118236473 0.008513995246274506
-1.7715430861723451 0.008455540887509098
-1.7635270541082164 0.008397426013356375
-1.7555110220440877 0.008339647286566668
-1.74749498997996 0.008282201404652302
-1.739478957915832 0.008225085099434258
-1.7314629258517034 0.00816829513659523
-1.7234468937875755 0.008111828315239048
-1.7154308617234477 0.00805568146745618
-1.707414829659319 0.007999851457895458
-1.6993987975951903 0.00794433518334177
-1.6913827655310625 0.007889129572299645
-1.6833667334669347 0.007834231584582688
-1.675350701402806 0.007779638210908731
-1.6673346693386772 0.0077253464725006455
-1.6593186372745494 0.007671353420692683
-1.6513026052104216 0.007617656136542275
-1.643286573146293 0.007564251730447229
-1.6352705410821642 0.007511137341768232
-1.6272545090180364 0.007458310138456529
-1.6192384769539085 0.007405767316686748
-1.6112224448897798 0.007353506100494769
-1.6032064128256511 0.007301523741420597
-1.5951903807615233 0.0072498175181560836
-1.5871743486973955 0.007198384736197469
-1.5791583166332668 0.007147222727502696
-1.571142284569138 0.0070963288501533816
-1.5631262525050102 0.00704570048802137
-1.5551102204408824 0.006995335050439801
-1.5470941883767537 0.006945229971878665
-1.539078156312625 0.006895382711624731
-1.5310621242484972 0.006845790753465777
-1.5230460921843694 0.0067964516053790665
-1.5150300601202407 0.006747362799224035
-1.507014028056112 0.0066985218904390825
-1.4989979959919841 0.006649926457742422
-1.4909819639278563 0.006601574102836897
-1.4829659318637276 0.00655346245011877
-1.474949899799599 0.006505589146390374
-1.466933867735471 0.006457951860576546
-1.4589178356713433 0.006410548283444833
-1.4509018036072145 0.00636337612732939
-1.4428857715430858 0.00631643312585853
-1.434869739478958 0.006269717033685841
-1.4268537074148302 0.006223225626224806
-1.4188376753507015 0.006176956699386943
-1.4108216432865728 0.006130908069323344
-1.402805611222445 0.006085077572169576
-1.3947895791583171 0.006039463063793887
-1.3867735470941884 0.005994062419548702
-1.3787575150300597 0.005948873534025333
-1.370741482965932 0.005903894320811834
-1.362725450901804 0.005859122712253976
-1.3547094188376754 0.005814556659219305
-1.3466933867735467 0.0057701941308642354
-1.3386773547094188 0.005726033114404085
-1.330661322645291 0.005682071614886061
-1.3226452905811623 0.005638307654965124
-1.3146292585170345 0.00559473927468274
-1.3066132264529067 0.0055513645312483435
-1.298597194388778 0.005508181498823645
-1.2905811623246493 0.005465188268309609
-1.2825651302605214 0.005422382947136122
-1.2745490981963936 0.005379763659054268
-1.266533066132265 0.005337328543931235
-1.2585170340681362 0.005295075757547756
-1.2505010020040084 0.005253003471398074
-1.2424849699398806 0.005211109872492359
-1.2344689378757518 0.005169393163161593
-1.2264529058116231 0.005127851560864868
-1.2184368737474953 0.005086483297999011
-1.2104208416833675 0.0050452866217105645
-1.2024048096192388 0.005004259793710057
-1.19438877755511 0.004963401090088551
-1.1863727454909823 0.004922708801136397
-1.1783567134268544 0.004882181231164171
-1.1703406813627257 0.004841816698325803
-1.162324649298597 0.00480161353444382
-1.1543086172344692 0.00476157008483668
-1.1462925851703414 0.004721684708148152
-1.1382765531062127 0.0046819557761787695
-1.130260521042084 0.0046423816737192584
-1.1222444889779561 0.004602960798385939
-1.1142284569138283 0.004563691560458062
-1.1062124248496996 0.004524572382717076
-1.098196392785571 0.004485601700287774
-1.090180360721443 0.0044467779604812786
-1.0821643286573153 0.004408099622639866
-1.0741482965931866 0.004369565157983581
-1.0661322645290578 0.004331173049458651
-1.05811623246493 0.0042929217915876105
-1.0501002004008022 0.004254809890321151
-1.0420841683366735 0.004216835862891677
-1.0340681362725448 0.004178998237668535
-1.026052104208417 0.004141295554014858
-1.0180360721442892 0.004103726362146039
-1.0100200400801604 0.0040662892229898035
-1.0020040080160317 0.004028982708047848
-0.9939879759519039 0.003991805399259022
-0.9859719438877761 0.00395475588886401
-0.9779559118236474 0.003917832779271548
-0.9699398797595187 0.0038810346829260944
-0.9619238476953909 0.0038443602221769546
-0.953907815631263 0.003807808029148825
-0.9458917835671343 0.0037713767456137655
-0.9378757515030056 0.0037350650228645593
-0.9298597194388778 0.003698871521589418
-0.92184368737475 0.0036627949117480378
-0.9138276553106213 0.0036268338724489897
-0.9058116232464934 0.00359098709182842
-0.8977955911823656 0.0035552532669299993
-0.8897795591182369 0.00351963110358617
-0.8817635270541082 0.003484119316300632
-0.8737474949899804 0.0034487166281320417
-0.8657314629258526 0.003413421770578916
-0.8577154308617239 0.003378233483465733
-0.8496993987975952 0.0033431505148302154
-0.8416833667334673 0.003308171620811731
-0.8336673346693395 0.003273295565540844
-0.8256513026052108 0.0032385211210299815
-0.8176352705410821 0.0032038470670652077
-0.8096192384769543 0.003169272191099058
-0.8016032064128265 0.003134795288144439
-0.7935871743486977 0.003100415160669586
-0.785571142284569 0.003066130618494058
-0.7775551102204412 0.003031940478685721
-0.7695390781563134 0.002997843565458739
-0.7615230460921847 0.002963838710072552
-0.753507014028056 0.0029299247507318282
-0.7454909819639282 0.002896100532487345
-0.7374749498998003 0.002862364907137808
-0.7294589178356716 0.002828716733132607
-0.7214428857715429 0.0027951548754754684
-0.7134268537074151 0.002761678205628995
-0.7054108216432873 0.002728285601420069
-0.6973947895791586 0.0026949759469461422
-0.6893787575150299 0.0026617481324823643
-0.681362725450902 0.0026286010543895345
-0.6733466933867742 0.0025955336150228704
-0.6653306613226455 0.0025625447226415997
-0.6573146292585168 0.0025296332913193375
-0.649298597194389 0.0024967982408552365
-0.6412825651302612 0.002464038496685895
-0.6332665330661325 0.002431352989798035
-0.6252505010020037 0.0023987406566419226
-0.6172344689378759 0.0023662004390454933
-0.6092184368737481 0.0023337312841291992
-0.6012024048096194 0.0023013321442215697
-0.5931863727454907 0.0022690019767754584
-0.5851703406813629 0.002236739744284959
-0.577154308617235 0.002204544414202981
-0.5691382765531063 0.002172414958859499
-0.5611222444889776 0.002140350355380436
-0.5531062124248498 0.002108349585607172
-0.545090180360722 0.0020764116360166614
-0.5370741482965933 0.0020445354976421797
-0.5290581162324646 0.002012720165994664
-0.5210420841683367 0.0019809646409846213
-0.5130260521042089 0.0019492679268446136
-0.5050100200400802 0.0019176290320523208
-0.4969939879759524 0.001886046969254157
-0.4889779559118246 0.0018545207551893983
-0.48096192384769587 0.0018230494106148726
-0.47294589178356716 0.0017916319602301668
-0.46492985971943934 0.0017602674326033306
-0.4569138276553115 0.0017289548600970788
-0.4488977955911828 0.0016976932787954985
-0.4408817635270541 0.0016664817284312375
-0.4328657314629263 0.001635319252313145
-0.42484969939879846 0.001604204897254376
-0.41683366733466976 0.0015731377135009563
-0.40881763527054105 0.0015421167546607927
-0.4008016032064132 0.0015111410776330937
-0.3927855711422854 0.0014802097425382185
-0.3847695390781567 0.001449321812647947
-0.376753507014028 0.0014184763543161534
-0.36873747494990017 0.0013876724369098613
-0.36072144288577235 0.0013569091327406803
-0.35270541082164364 0.0013261855169966342
-0.34468937875751493 0.0012955006676743513
-0.3366733466933871 0.0012648536655116025
-0.3286573146292593 0.0012342435939201835
-0.3206412825651306 0.0012036695389191533
-0.3126252505010019 0.0011731305890683996
-0.30460921843687405 0.0011426258354025169
-0.29659318637274623 0.0011121543713649923
-0.2885771543086175 0.0010817152927427146
-0.2805611222444888 0.0010513076976007758
-0.272545090180361 0.0010209306862175487
-0.2645290581162332 0.0009905833610200415
-0.25651302605210446 0.0009602648265195399
-0.24849699398797576 0.0009299741892475084
-0.24048096192384794 0.000899710557691734
-0.23246492985972012 0.000869473042232716
-0.2244488977955914 0.0008392607550803063
-0.2164328657314627 0.0008090728102105805
-0.20841683366733488 0.0007789083233029153
-0.20040080160320706 0.0007487664116772825
-0.19238476953907835 0.0007186461942317589
-0.18436873747494964 0.0006885467913802365
-0.17635270541082182 0.0006584673249903067
-0.168336673346694 0.0006284069183213291
-0.1603206412825653 0.0005983646959626855
-0.15230460921843658 0.0005683397837722007
-0.14428857715430876 0.0005383313088147099
-0.13627254509018094 0.000508338399300774
-0.12825651302605223 0.0004783601845255547
-0.12024048096192352 0.00044839579480782224
-0.1122244488977957 0.00041844436142907847
-0.10420841683366788 0.00038850501657280057
-0.09619238476953917 0.0003585768932638093
-0.08817635270541135 0.0003286591253077465
-0.08016032064128353 0.00029875084723061934
-0.07214428857715482 0.0002688511942184645
-0.06412825651302612 0.0002389593020570909
-0.056112224448898296 0.0002090743070718842
-0.048096192384770475 0.00017919534606767825
-0.04008016032064177 0.0001493215562686993
-0.03206412825651306 0.00011945207525856275
-0.024048096192385238 8.958604092030116e-05
-0.016032064128257417 5.9722591376429504e-05
-0.008016032064128709 2.9860864929053437e-05
0.0 -0.0
0.00801603206412782 -2.986086492905013e-05
0.01603206412825653 -5.97225913764262e-05
0.02404809619238435 -8.958604092029785e-05
0.03206412825651306 -0.00011945207525856275
0.04008016032064088 -0.00014932155626869596
0.04809619238476959 -0.00017919534606767492
0.05611222444889741 -0.00020907430707188093
0.06412825651302612 -0.0002389593020570909
0.07214428857715394 -0.0002688511942184612
0.08016032064128265 -0.00029875084723061604
0.08817635270541047 -0.00032865912530774316
0.09619238476953917 -0.0003585768932638093
0.104208416833667 -0.00038850501657279726
0.11222444889779482 -0.0004184443614290752
0.12024048096192352 -0.00044839579480782224
0.12825651302605134 -0.00047836018452555135
0.13627254509018005 -0.0005083383993007706
0.14428857715430787 -0.0005383313088147065
0.15230460921843658 -0.0005683397837722007
0.1603206412825644 -0.0005983646959626822
0.1683366733466931 -0.0006284069183213257
0.17635270541082093 -0.0006584673249903034
0.18436873747494964 -0.0006885467913802365
0.19238476953907746 -0.0007186461942317557
0.20040080160320617 -0.0007487664116772792
0.208416833667334 -0.0007789083233029119
0.2164328657314627 -0.0008090728102105805
0.22444889779559052 -0.0008392607550803031
0.23246492985971923 -0.0008694730422327126
0.24048096192384705 -0.0008997105576917306
0.24849699398797576 -0.0009299741892475084
0.2565130260521036 -0.0009602648265195366
0.2645290581162323 -0.0009905833610200383
0.2725450901803601 -0.0010209306862175452
0.2805611222444888 -0.0010513076976007758
0.28857715430861663 -0.0010817152927427114
0.29659318637274534 -0.0011121543713649889
0.30460921843687316 -0.0011426258354025134
0.3126252505010019 -0.0011731305890683996
0.3206412825651297 -0.0012036695389191499
0.3286573146292584 -0.0012342435939201803
0.3366733466933862 -0.001264853665511599
0.34468937875751493 -0.0012955006676743513
0.35270541082164275 -0.0013261855169966307
0.36072144288577146 -0.001356909132740677
0.3687374749498993 -0.0013876724369098579
0.376753507014028 -0.0014184763543161534
0.3847695390781558 -0.0014493218126479435
0.3927855711422845 -0.001480209742538215
0.40080160320641234 -0.0015111410776330904
0.40881763527054105 -0.0015421167546607927
0.41683366733466887 -0.0015731377135009528
0.4248496993987976 -0.0016042048972543723
0.4328657314629254 -0.0016353192523131416
0.4408817635270541 -0.0016664817284312375
0.4488977955911819 -0.0016976932787954953
0.45691382765531063 -0.0017289548600970754
0.46492985971943845 -0.0017602674326033273
0.47294589178356716 -0.0017916319602301668
0.480961923847695 -0.0018230494106148691
0.4889779559118237 -0.0018545207551893947
0.4969939879759515 -0.0018860469692541532
0.5050100200400802 -0.0019176290320523208
0.513026052104208 -0.00194926792684461
0.5210420841683359 -0.001980964640984618
0.5290581162324646 -0.002012720165994664
0.5370741482965924 -0.0020445354976421767
0.5450901803607211 -0.002076411636016658
0.5531062124248489 -0.0021083495856071685
0.5611222444889776 -0.002140350355380436
0.5691382765531054 -0.002172414958859495
0.5771543086172342 -0.002204544414202977
0.585170340681362 -0.002236739744284955
0.5931863727454907 -0.0022690019767754584
0.6012024048096185 -0.002301332144221566
0.6092184368737472 -0.0023337312841291958
0.617234468937875 -0.00236620043904549
0.6252505010020037 -0.0023987406566419226
0.6332665330661316 -0.0024313529897980316
0.6412825651302603 -0.002464038496685891
0.6492985971943881 -0.0024967982408552326
0.6573146292585168 -0.0025296332913193375
0.6653306613226446 -0.002562544722641596
0.6733466933867733 -0.002595533615022867
0.6813627254509012 -0.0026286010543895306
0.6893787575150299 -0.0026617481324823643
0.6973947895791577 -0.0026949759469461388
0.7054108216432864 -0.0027282856014200652
0.7134268537074142 -0.0027616782056289913
0.7214428857715429 -0.0027951548754754684
0.7294589178356707 -0.0028287167331326026
0.7374749498997994 -0.002862364907137804
0.7454909819639273 -0.0028961005324873407
0.753507014028056 -0.0029299247507318282
0.7615230460921838 -0.0029638387100725484
0.7695390781563125 -0.0029978435654587354
0.7775551102204403 -0.0030319404786857177
0.785571142284569 -0.003066130618494058
0.7935871743486969 -0.0031004151606695827
0.8016032064128256 -0.003134795288144435
0.8096192384769534 -0.0031692721910990544
0.8176352705410821 -0.0032038470670652077
0.8256513026052099 -0.0032385211210299776
0.8336673346693386 -0.00327329556554084
0.8416833667334664 -0.0033081716208117275
0.8496993987975952 -0.0033431505148302154
0.857715430861723 -0.0033782334834657297
0.8657314629258517 -0.0034134217705789113
0.8737474949899795 -0.0034487166281320382
0.8817635270541082 -0.003484119316300632
0.889779559118236 -0.0035196311035861657
0.8977955911823647 -0.0035552532669299954
0.9058116232464926 -0.003590987091828416
0.9138276553106213 -0.0036268338724489897
0.9218436873747491 -0.003662794911748034
0.9298597194388769 -0.0036988715215894143
0.9378757515030056 -0.0037350650228645593
0.9458917835671334 -0.0037713767456137616
0.9539078156312621 -0.003807808029148821
0.96192384769539 -0.0038443602221769507
0.9699398797595187 -0.0038810346829260944
0.9779559118236465 -0.0039178327792715436
0.9859719438877752 -0.003954755888864007
0.993987975951903 -0.0039918053992590175
1.0020040080160317 -0.004028982708047848
1.0100200400801596 -0.004066289222989799
1.0180360721442883 -0.0041037263621460365
1.026052104208416 -0.004141295554014854
1.0340681362725448 -0.004178998237668535
1.0420841683366726 -0.0042168358628916726
1.0501002004008013 -0.004254809890321146
1.0581162324649291 -0.004292921791587606
1.0661322645290578 -0.004331173049458651
1.0741482965931857 -0.0043695651579835765
1.0821643286573144 -0.004408099622639862
1.0901803607214422 -0.004446777960481275
1.098196392785571 -0.004485601700287774
1.1062124248496987 -0.004524572382717072
1.1142284569138274 -0.004563691560458058
1.1222444889779553 -0.0046029607983859334
1.130260521042084 -0.0046423816737192584
1.1382765531062118 -0.004681955776178765
1.1462925851703405 -0.004721684708148149
1.1543086172344683 -0.004761570084836675
1.162324649298597 -0.00480161353444382
1.1703406813627248 -0.004841816698325799
1.1783567134268536 -0.004882181231164166
1.1863727454909814 -0.004922708801136393
1.19438877755511 -0.004963401090088551
1.202404809619238 -0.005004259793710052
1.2104208416833666 -0.00504528662171056
1.2184368737474944 -0.0050864832979990076
1.2264529058116231 -0.005127851560864868
1.234468937875751 -0.005169393163161589
1.2424849699398797 -0.005211109872492354
1.2505010020040075 -0.005253003471398069
1.2585170340681362 -0.005295075757547756
1.266533066132264 -0.005337328543931229
1.2745490981963927 -0.005379763659054264
1.2825651302605205 -0.005422382947136117
1.2905811623246493 -0.005465188268309609
1.298597194388777 -0.0055081814988236395
1.3066132264529058 -0.005551364531248339
1.3146292585170336 -0.0055947392746827345
1.3226452905811623 -0.005638307654965124
1.3306613226452901 -0.005682071614886056
1.338677354709418 -0.005726033114404082
1.3466933867735467 -0.0057701941308642354
1.3547094188376745 -0.005814556659219299
1.3627254509018032 -0.005859122712253971
1.370741482965931 -0.005903894320811828
1.3787575150300597 -0.005948873534025333
1.3867735470941875 -0.005994062419548697
1.3947895791583163 -0.006039463063793882
1.402805611222444 -0.006085077572169571
1.4108216432865728 -0.006130908069323344
1.4188376753507006 -0.006176956699386937
1.4268537074148293 -0.006223225626224801
1.4348697394789571 -0.006269717033685836
1.4428857715430858 -0.00631643312585853
1.4509018036072137 -0.006363376127329384
1.4589178356713424 -0.006410548283444827
1.4669338677354702 -0.006457951860576541
1.474949899799599 -0.006505589146390374
1.4829659318637267 -0.0065534624501187655
1.4909819639278554 -0.006601574102836891
1.4989979959919832 -0.0066499264577424165
1.507014028056112 -0.0066985218904390825
1.5150300601202398 -0.006747362799224029
1.5230460921843685 -0.006796451605379061
1.5310621242484963 -0.006845790753465771
1.539078156312625 -0.006895382711624731
1.5470941883767528 -0.006945229971878659
1.5551102204408815 -0.006995335050439796
1.5631262525050094 -0.007045700488021364
1.571142284569138 -0.0070963288501533816
1.579158316633266 -0.00714722272750269
1.5871743486973946 -0.007198384736197463
1.5951903807615224 -0.0072498175181560775
1.6032064128256511 -0.007301523741420597
1.611222444889779 -0.007353506100494763
1.6192384769539077 -0.0074057673166867425
1.6272545090180355 -0.007458310138456525
1.6352705410821642 -0.007511137341768232
1.643286573146292 -0.007564251730447223
1.6513026052104207 -0.00761765613654227
1.6593186372745485 -0.007671353420692677
1.6673346693386772 -0.0077253464725006455
1.675350701402805 -0.007779638210908724
1.6833667334669338 -0.007834231584582683
1.6913827655310616 -0.00788912957229964
1.6993987975951903 -0.00794433518334177
1.7074148296593181 -0.007999851457895451
1.7154308617234468 -0.008055681467456175
1.7234468937875747 -0.008111828315239041
1.7314629258517034 -0.00816829513659523
1.7394789579158312 -0.00822508509943425
1.747494989979959 -0.008282201404652297
1.7555110220440877 -0.008339647286566668
1.7635270541082155 -0.008397426013356368
1.7715430861723442 -0.00845554088750909
1.779559118236472 -0.008513995246274497
1.7875751503006008 -0.008572792462124125
1.7955911823647286 -0.008631935943217775
1.8036072144288573 -0.008691429133876761
1.8116232464929851 -0.008751275515063847
1.8196392785571138 -0.008811478604870245
1.8276553106212416 -0.008872041959009562
1.8356713426853704 -0.008932969171318987
1.8436873747494982 -0.008994263874267699
1.8517034068136269 -0.009055929739472729
1.8597194388777547 -0.009117970478222265
1.8677354709418834 -0.00918038984200669
1.8757515030060112 -0.009243191623057282
1.88376753507014 -0.0093063796548929
1.8917835671342678 -0.00936995781287459
1.8997995991983965 -0.009433930014768442
1.9078156312625243 -0.009498300221316612
1.915831663326653 -0.009563072436816884
1.9238476953907808 -0.009628250709710656
1.9318637274549095 -0.009693839133179744
1.9398797595190373 -0.009759841845751887
1.947895791583166 -0.009826263031915368
1.9559118236472939 -0.009893106922742612
1.9639278557114226 -0.009960377796523215
1.9719438877755504 -0.010028079979406237
1.9799599198396791 -0.010096217846052228
1.987975951903807 -0.010164795820294838
1.9959919839679356 -0.010233818375812467
2.0040080160320635 -0.01030329003680985
2.012024048096192 -0.010373215378709966
2.020040080160321 -0.010443599028856247
2.028056112224448 -0.010514445667225395
2.0360721442885765 -0.010585760027150998
2.0440881763527052 -0.010657546896057876
2.052104208416832 -0.01072981111620769
2.0601202404809627 -0.010802557585455818
2.0681362725450896 -0.010875791258019461
2.0761523046092183 -0.010949517145257789
2.084168336673347 -0.011023740316463526
2.092184368737474 -0.01109846589966682
2.1002004008016026 -0.011173699082451314
2.1082164328657313 -0.011249445112782508
2.1162324649298583 -0.011325709299848915
2.1242484969939888 -0.011402497014916075
2.1322645290581157 -0.01147981369219337
2.1402805611222444 -0.01155766482971456
2.148296593186373 -0.011636055990231344
2.1563126252505 -0.011714992802120948
2.1643286573146288 -0.011794480960307597
2.1723446893787575 -0.011874526227198015
2.1803607214428844 -0.011955134433631508
2.188376753507013 -0.012036311479844655
2.196392785571142 -0.012118063336450774
2.2044088176352687 -0.012200396045434629
2.2124248496993992 -0.012283315721162587
2.220440881763526 -0.012366828551408103
2.228456913827655 -0.012450940798393578
2.2364729458917836 -0.012535658799847893
2.2444889779559105 -0.012620988970080682
2.2525050100200392 -0.012706937801073232
2.260521042084168 -0.01279351186358622
2.268537074148295 -0.012880717808284864
2.2765531062124253 -0.012968562366881618
2.2845691382765523 -0.013057052353296397
2.292585170340681 -0.013146194664835426
2.3006012024048097 -0.013235996283387993
2.3086172344689366 -0.013326464276642224
2.3166332665330653 -0.013417605799319866
2.324649298597194 -0.013509428094430221
2.332665330661321 -0.01360193849454392
2.3406813627254515 -0.0136951444230867
2.3486973947895784 -0.013789053395653172
2.356713426853707 -0.013883673021341737
2.364729458917836 -0.013979011004109981
2.3727454909819627 -0.014075075144151678
2.3807615230460915 -0.01417187333929545
2.38877755511022 -0.014269413586425247
2.396793587174347 -0.014367703982923427
2.4048096192384776 -0.014466752728136549
2.4128256513026045 -0.014566568124863984
2.420841683366733 -0.014667158580870582
2.428857715430862 -0.01476853261042261
2.436873747494989 -0.014870698835848293
2.4448897795591176 -0.014973665989122996
2.4529058116232463 -0.015077442913479226
2.460921843687373 -0.015182038565042277
2.4689378757515037 -0.015287462014491786
2.4769539078156306 -0.015393722448749177
2.4849699398797593 -0.015500829172692373
2.492985971943888 -0.015608791610897073
2.501002004008015 -0.015717619309405885
2.5090180360721437 -0.015827321937525472
2.5170340681362724 -0.01593790928965183
2.5250501002003993 -0.01604939128712473
2.53306613226453 -0.01616177798011149
2.5410821643286567 -0.01627507954952016
2.5490981963927855 -0.016389306308943596
2.557114228456914 -0.016504468706633624
2.565130260521041 -0.016620577327506804
2.57314629258517 -0.016737642895181863
2.5811623246492985 -0.016855676274049054
2.5891783567134254 -0.016974688471372446
2.597194388777554 -0.01709469063942536
2.605210420841683 -0.01721569407765931
2.61322645290581 -0.017337710234907294
2.6212424849699403 -0.017460750711621887
2.629258517034067 -0.017584827262148134
2.637274549098196 -0.017709951797032872
2.6452905811623246 -0.017836136385369683
2.6533066132264516 -0.017963393257181094
2.6613226452905803 -0.018091734805838075
2.669338677354709 -0.018221173590517264
2.677354709418836 -0.018351722338696853
2.6853707414829664 -0.018483393948691598
2.6933867735470933 -0.01861620149222691
2.701402805611222 -0.018750158217053885
2.7094188376753507 -0.01888527754960426
2.7174348697394777 -0.019021573097687153
2.7254509018036064 -0.019159058653227607
2.733466933867735 -0.019297748195047267
2.741482965931862 -0.019437655891688443
2.7494989979959925 -0.019578796104281704
2.7575150300601194 -0.01972118338945724
2.765531062124248 -0.019864832502301772
2.773547094188377 -0.02000975839936004
2.781563126252504 -0.02015597624168265
2.7895791583166325 -0.020303501397920514
2.797595190380761 -0.020452349447466035
2.805611222444888 -0.02060253618364233
2.8136272545090186 -0.020754077616940772
2.8216432865731456 -0.020906989978306877
2.8296593186372743 -0.021061289722476534
2.837675350701403 -0.02121699353136136
2.84569138276553 -0.02137411831748524
2.8537074148296586 -0.02153268122747191
2.8617234468937873 -0.021692699645584092
2.8697394789579143 -0.021854191197315097
2.8777555110220447 -0.02201717375303341
2.8857715430861717 -0.022181665431680105
2.8937875751503004 -0.022347684604521013
2.901803607214429 -0.022515249898952514
2.909819639278556 -0.022684380202362762
2.9178356713426847 -0.02285509466604839
2.9258517034068134 -0.023027412709186703
2.9338677354709404 -0.023201354022864704
2.941883767535071 -0.023376938574165017
2.949899799599198 -0.02355418661030845
2.9579158316633265 -0.023733118662855324
2.965931863727455 -0.02391375555196381
2.973947895791582 -0.024096118390707487
2.981963927855711 -0.024280228589451495
2.9899799599198396 -0.024466107860287592
2.9979959919839665 -0.02465377822152897
3.006012024048095 -0.02484326200226473
3.014028056112224 -0.025034581846973936
3.022044088176351 -0.025227760720200082
3.0300601202404813 -0.025422821911285975
3.0380761523046083 -0.025619789039168197
3.046092184368737 -0.025818686057233236
3.0541082164328657 -0.026019537258232868
3.0621242484969926 -0.02622236727926066
3.0701402805611213 -0.026427201106788856
3.07815631262525 -0.026634064081764983
3.086172344689377 -0.026842981904768918
3.0941883767535074 -0.027053980641229793
3.1022044088176344 -0.02726708672670163
3.110220440881763 -0.02748232697219917
3.118236472945892 -0.027699728569591107
3.1262525050100187 -0.027919319097052038
3.1342685370741474 -0.028141126524571847
3.142284569138276 -0.02836517921952108
3.150300601202403 -0.028591505952272903
3.1583166332665336 -0.028820135901879724
3.1663326653306605 -0.029051098661803117
3.174348697394789 -0.02928442424569776
3.182364729458918 -0.02952014309324547
3.190380761523045 -0.02975828607604019
3.1983967935871735 -0.029998884503521523
3.2064128256513023 -0.030241970128954555
3.214428857715429 -0.030487575155455547
3.2224448897795597 -0.030735732242060623
3.2304609218436866 -0.03098647450983472
3.2384769539078153 -0.03123983554802077
3.246492985971944 -0.031495849420223626
3.254509018036071 -0.03175455067062855
3.2625250501001997 -0.03201597433025028
3.2705410821643284 -0.0322801559232094
3.2785571142284553 -0.03254713147303339
3.286573146292586 -0.032816937508978725
3.2945891783567127 -0.03308961107236907
3.3026052104208414 -0.033365189722948045
3.31062124248497 -0.033643711545239076
3.318637274549097 -0.0339252151549104
3.326653306613226 -0.03420973970513914
3.3346693386773545 -0.034497324892968924
3.3426853707414814 -0.03478801096565639
3.350701402805612 -0.035081838727000644
3.358717434869739 -0.03537884954364774
3.3667334669338675 -0.03567908535136684
3.3747494989979963 -0.03598258866128726
3.382765531062123 -0.036289402566091866
3.390781563126252 -0.03659957074615768
3.3987975951903806 -0.03691313747563513
3.4068136272545075 -0.037230147628457874
3.4148296593186362 -0.03755064668427383
3.422845691382765 -0.03787468073428636
3.430861723446892 -0.038202296486996926
3.4388777555110224 -0.038533541273837464
3.4468937875751493 -0.03886846305467972
3.454909819639278 -0.03920711042321228
3.4629258517034067 -0.03954953261216886
3.4709418837675337 -0.039895779498397024
3.4789579158316624 -0.040245901607752
3.486973947895791 -0.04059995011980007
3.494989979959918 -0.04095797687231668
3.5030060120240485 -0.04132003436556238
3.5110220440881754 -0.04168617576631769
3.519038076152304 -0.04205645491166166
3.527054108216433 -0.042430926312470654
3.5350701402805598 -0.04280964515662054
3.5430861723446885 -0.04319266731186948
3.551102204408817 -0.04358004932839804
3.559118236472944 -0.043971848440985166
3.5671342685370746 -0.04436812257079417
3.5751503006012015 -0.04476893032674181
3.5831663326653302 -0.045174331006426566
3.591182364729459 -0.045584384596583746
3.599198396793586 -0.045999151773040745
3.6072144288577146 -0.04641869390014002
3.6152304609218433 -0.04684307302959689
3.6232464929859702 -0.04727235189875863
3.6312625250501007 -0.04770659392822956
3.6392785571142277 -0.048145863218822596
3.6472945891783564 -0.048590224547801916
3.655310621242485 -0.0490397433643718
3.663326653306612 -0.04949448578437202
3.6713426853707407 -0.0499545185841344
3.6793587174348694 -0.05041990919345261
3.6873747494989964 -0.05089072568761922
3.695390781563127 -0.05136703677847783
3.7034068136272538 -0.05184891180443592
3.7114228456913825 -0.052336420719388384
3.719438877755511 -0.052829634080487936
3.727454909819638 -0.05332862303470749
3.735470941883767 -0.05383345930413038
3.7434869739478955 -0.05434421516990328
3.7515030060120225 -0.054860963454785396
3.759519038076153 -0.05538377750422398
3.76753507014028 -0.05591273116588058
3.7755511022044086 -0.05644789876753778
3.7835671342685373 -0.05698935509330144
3.7915831663326642 -0.05753717535802121
3.799599198396793 -0.05809143517984409
3.8076152304609217 -0.05865221055081012
3.8156312625250486 -0.059219577805403704
3.8236472945891773 -0.05979361358696309
3.831663326653306 -0.06037439481185122
3.839679358717433 -0.06096199863128717
3.8476953907815634 -0.06155650239073481
3.8557114228456904 -0.06215798358673719
3.863727454909819 -0.06276651982109105
3.8717434869739478 -0.06338218875224015
3.8797595190380747 -0.06400506804377386
3.8877755511022034 -0.06463523530990645
3.895791583166332 -0.06527276805781126
3.903807615230459 -0.06591774362668187
3.9118236472945895 -0.06657023912338658
3.9198396793587165 -0.06723033135457808
3.927855711422845 -0.06789809675512329
3.935871743486974 -0.0685736113127032
3.943887775551101 -0.06925695048844178
3.9519038076152295 -0.06994818913341166
3.9599198396793582 -0.07064740140086165
3.967935871743485 -0.07135466065401443
3.9759519038076157 -0.07207003936927127
3.9839679358717426 -0.07279360903466374
3.9919839679358713 -0.0735254400433901
4.0 -0.07426560158226678
