delta_wp TPR_C_rho13_imag
-4.0 -0.020897253125708493
-3.75 -0.015283162897681852
-3.5 -0.010495979494693547
-3.25 -0.005773412359641145
-3.0 0.00011729180688888343
-2.75 0.008923972214404522
-2.5 0.02168671489744261
-2.25 0.028230858956580254
-2.0 -0.05259505821464428
-1.75 0.01917429761303638
-1.5 0.013404686033299973
-1.25 0.008428117259082166
-1.0 0.005386370717970002
-0.75 0.0035994896873843257
-0.5 0.002500347748388637
-0.25 0.0017884586426371234
0.0 0.001384945589748733
0.25 0.0007673270286806827
0.5 0.000227070890918596
0.75 -0.00048171592580012446
1.0 -0.0015869289956393752
1.25 -0.003433916643755022
1.5 -0.006394904816422039
1.75 -0.010137997927798867
2.0 -0.005343860920045957
2.25 -0.019202103151440924
2.5 -0.01972097759107836
2.75 -0.013764320892607401
3.0 -0.006920973488946257
3.25 -0.0013352404772666439
3.5 0.0032399667531649748
3.75 0.0076879245049561494
4.0 0.012660786752371764
