delta_wp TPR_C_rho13_imag
-4.0 -0.07426560158190236
-3.75 -0.054763613328746456
-3.5 -0.0411837870928234
-3.25 -0.03160869848950173
-3.0 -0.024700978279509907
-2.75 -0.0195876586220964
-2.5 -0.015703968198831592
-2.25 -0.012680011938203136
-2.0 -0.010268497783352162
-1.75 -0.008300117686056131
-1.5 -0.006655987544571626
-1.25 -0.005250379905219228
-1.0 -0.004019676322962318
-0.75 -0.002915115680747463
-0.5 -0.0018978836453247998
-0.25 -0.0009356515998303875
0.0 -2.8654277642556644e-14
0.25 0.0009356515997718765
0.5 0.0018978836452631948
0.75 0.0029151156806785706
1.0 0.004019676322887594
1.25 0.005250379905129575
1.5 0.006655987544459485
1.75 0.008300117685993981
2.0 0.010268497783274206
2.25 0.01268001193810662
2.5 0.015703968198704815
2.75 0.019587658621905805
3.0 0.02470097827905748
3.25 0.03160869848915653
3.5 0.04118378709198165
3.75 0.054763613328086776
4.0 0.07426560158112437
