delta_wp TPR_C_rho13_real
-4.0 -0.1028947284897684
-3.75 -0.09652356601590593
-3.5 -0.09258077405261149
-3.25 -0.08987380065658242
-3.0 -0.08821424927130596
-2.75 -0.08608472826574834
-2.5 -0.07826352740701387
-2.25 -0.058754823459957424
-2.0 -0.13956459018228806
-1.75 -0.03834120767200671
-1.5 -0.03365172617517965
-1.25 -0.0337639082821431
-1.0 -0.034915507213394516
-0.75 -0.03586862723755818
-0.5 -0.03643872140705289
-0.25 -0.03663465625840669
0.0 -0.03580808363817135
0.25 -0.036012613201750615
0.5 -0.03513183548939816
0.75 -0.03370479003845756
1.0 -0.03150916467851147
1.25 -0.028533535748302755
1.5 -0.026131028143599036
1.75 -0.02701845538389219
2.0 -0.0602441434638921
2.25 -0.03507436042485635
2.5 -0.049871812337313894
2.75 -0.06587697675258612
3.0 -0.07579844867181063
3.25 -0.0820748075058371
3.5 -0.08732130606462174
3.75 -0.09276481269965293
4.0 -0.09907076739932945
