delta_wp TPR_C_rho13_real
-4.0 -0.18356728198721245
-3.75 -0.17390515681603072
-3.5 -0.16237270515028873
-3.25 -0.15132980047528846
-3.0 -0.14153467715372062
-2.75 -0.13312076756098337
-2.5 -0.12600036411292842
-2.25 -0.12002354190770892
-2.0 -0.11503786657829648
-1.75 -0.11090862710991903
-1.5 -0.1075237158168352
-1.25 -0.1047928832825218
-1.0 -0.1026452686619711
-0.75 -0.1010267291311098
-0.5 -0.09989752269783747
-0.25 -0.09923051065114297
0.0 -0.09900990098996695
0.25 -0.09923051065090499
0.5 -0.09989752269743243
0.75 -0.10102672913065608
1.0 -0.1026452686612987
1.25 -0.10479288328172234
1.5 -0.10752371581591094
1.75 -0.11090862710967704
2.0 -0.11503786657797081
2.25 -0.1200235419071229
2.5 -0.12600036411203258
2.75 -0.1331207675599521
3.0 -0.14153467715108695
3.25 -0.1513298004734878
3.5 -0.16237270514699106
3.75 -0.17390515681362606
4.0 -0.18356728198477845
