delta_wp TPR_C_rho13_real_RWAanalytical
-4.0 -0.1835672819872563
-3.9919839679358717 -0.18333368207649187
-3.9839679358717435 -0.1830928123140875
-3.975951903807615 -0.1828449464886998
-3.967935871743487 -0.1825903511921709
-3.9599198396793587 -0.18232928595700842
-3.9519038076152304 -0.18206200339412837
-3.943887775551102 -0.18178874933062594
-3.935871743486974 -0.18150976294735305
-3.9278557114228456 -0.1812252769161053
-3.9198396793587174 -0.18093551753622983
-3.911823647294589 -0.18064070487048492
-3.903807615230461 -0.1803410528799962
-3.8957915831663326 -0.18003676955816222
-3.8877755511022043 -0.17972805706338527
-3.879759519038076 -0.17941511185050446
-3.8717434869739478 -0.17909812480082565
-3.8637274549098195 -0.1787772813506508
-3.8557114228456912 -0.17845276161822257
-3.847695390781563 -0.1781247405290043
-3.8396793587174347 -0.17779338793922758
-3.8316633266533064 -0.17745886875764819
-3.823647294589178 -0.17712134306545727
-3.81563126252505 -0.17678096623430076
-3.8076152304609217 -0.17643788904237148
-3.799599198396794 -0.17609225778853851
-3.791583166332665 -0.17574421440448798
-3.7835671342685373 -0.17539389656485624
-3.775551102204409 -0.17504143779533365
-3.7675350701402808 -0.17468696757873567
-3.7595190380761525 -0.17433061145902412
-3.7515030060120242 -0.17397249114328425
-3.743486973947896 -0.17361272460165106
-3.7354709418837677 -0.17325142616519382
-3.7274549098196395 -0.172888706621761
-3.719438877755511 -0.17252467330979843
-3.711422845691383 -0.172159430210152
-3.7034068136272547 -0.17179307803586782
-3.6953907815631264 -0.1714257143200095
-3.687374749498998 -0.17105743350150884
-3.67935871743487 -0.17068832700907027
-3.6713426853707416 -0.17031848334315325
-3.6633266533066133 -0.16994798815605333
-3.655310621242485 -0.16957692433010838
-3.647294589178357 -0.16920537205405423
-3.6392785571142285 -0.16883340889755818
-3.6312625250501003 -0.16846110988395607
-3.623246492985972 -0.16808854756122266
-3.6152304609218437 -0.1677157920712035
-3.6072144288577155 -0.16734291121713804
-3.599198396793587 -0.16696997052950338
-3.591182364729459 -0.16659703333020998
-3.5831663326653307 -0.16622416079517788
-3.5751503006012024 -0.16585141201532624
-3.567134268537074 -0.1654788440560065
-3.559118236472946 -0.16510651201490714
-3.5511022044088176 -0.16473446907846664
-3.5430861723446894 -0.16436276657681936
-3.535070140280561 -0.16399145403730878
-3.527054108216433 -0.16362057923659803
-3.5190380761523046 -0.16325018825140655
-3.5110220440881763 -0.16288032550790515
-3.503006012024048 -0.1625110338297977
-3.49498997995992 -0.16214235448511963
-3.4869739478957915 -0.16177432723178317
-3.4789579158316633 -0.16140699036189612
-3.470941883767535 -0.16104038074488633
-3.4629258517034067 -0.16067453386945618
-3.4549098196392785 -0.16030948388439747
-3.44689378757515 -0.1599452636382933
-3.438877755511022 -0.15958190471813363
-3.4308617234468937 -0.15921943748687148
-3.422845691382766 -0.15885789111994614
-3.414829659318637 -0.15849729364079734
-3.4068136272545093 -0.1581376719553989
-3.3987975951903806 -0.15777905188583222
-3.390781563126253 -0.15742145820292805
-3.382765531062124 -0.15706491465799716
-3.3747494989979963 -0.15670944401367543
-3.3667334669338675 -0.15635506807390492
-3.3587174348697397 -0.15600180771307326
-3.350701402805611 -0.15564968290433473
-3.342685370741483 -0.15529871274713228
-3.3346693386773545 -0.15494891549394352
-3.3266533066132267 -0.1546003085762699
-3.3186372745490984 -0.1542529086298897
-3.31062124248497 -0.15390673151939413
-3.302605210420842 -0.1535617923620262
-3.2945891783567136 -0.15321810555084037
-3.2865731462925853 -0.1528756847772018
-3.278557114228457 -0.15253454305264327
-3.270541082164329 -0.1521946927300961
-3.2625250501002006 -0.15185614552451343
-3.2545090180360723 -0.1515189125329015
-3.246492985971944 -0.15118300425377573
-3.2384769539078158 -0.1508484306060564
-3.2304609218436875 -0.15051520094742113
-3.2224448897795592 -0.15018332409212687
-3.214428857715431 -0.1498528083283181
-3.2064128256513027 -0.1495236614348341
-3.1983967935871744 -0.14919589069753003
-3.190380761523046 -0.1488695029251244
-3.182364729458918 -0.14854450446458772
-3.1743486973947896 -0.14822090121608295
-3.1663326653306614 -0.14789869864747252
-3.158316633266533 -0.14757790180840255
-3.150300601202405 -0.1472585153439765
-3.1422845691382766 -0.1469405435080302
-3.1342685370741483 -0.14662399017601926
-3.12625250501002 -0.1463088588575292
-3.118236472945892 -0.1459951527084202
-3.1102204408817635 -0.14568287454261541
-3.1022044088176353 -0.14537202684354414
-3.094188376753507 -0.1450626117752488
-3.0861723446893787 -0.14475463119316537
-3.0781563126252505 -0.14444808665458755
-3.070140280561122 -0.1441429794288217
-3.062124248496994 -0.14383931050704332
-3.0541082164328657 -0.14353708061186282
-3.0460921843687374 -0.14323629020660775
-3.038076152304609 -0.14293693950433228
-3.030060120240481 -0.14263902847655852
-3.0220440881763526 -0.14234255686176
-3.014028056112225 -0.14204752417359287
-3.006012024048096 -0.14175392970888334
-2.9979959919839683 -0.14146177255537748
-2.9899799599198396 -0.14117105159926038
-2.9819639278557117 -0.1408817655324519
-2.973947895791583 -0.14059391285968437
-2.965931863727455 -0.14030749190536923
-2.9579158316633265 -0.14002250082025888
-2.9498997995991987 -0.13973893758790865
-2.94188376753507 -0.13945680003094574
-2.933867735470942 -0.13917608581715007
-2.9258517034068134 -0.13889679246535253
-2.9178356713426856 -0.13861891735115583
-2.909819639278557 -0.1383424577124835
-2.901803607214429 -0.13806741065496153
-2.8937875751503004 -0.13779377315713745
-2.8857715430861726 -0.13752154207554226
-2.877755511022044 -0.13725071414959836
-2.869739478957916 -0.13698128600637982
-2.8617234468937878 -0.13671325416522734
-2.8537074148296595 -0.13644661504222344
-2.8456913827655312 -0.1361813649545314
-2.837675350701403 -0.13591750012460185
-2.8296593186372747 -0.13565501668425112
-2.8216432865731464 -0.13539391067861475
-2.813627254509018 -0.13513417806997988
-2.80561122244489 -0.1348758147415002
-2.7975951903807617 -0.13461881650079677
-2.7895791583166334 -0.13436317908344766
-2.781563126252505 -0.13410889815637037
-2.773547094188377 -0.13385596932109936
-2.7655310621242486 -0.13360438811696232
-2.7575150300601203 -0.13335415002415787
-2.749498997995992 -0.13310525046673727
-2.741482965931864 -0.13285768481549373
-2.7334669338677355 -0.13261144839076108
-2.7254509018036073 -0.13236653646512522
-2.717434869739479 -0.13212294426604998
-2.7094188376753507 -0.131880666978421
-2.7014028056112225 -0.13163969974700915
-2.693386773547094 -0.13140003767885608
-2.685370741482966 -0.13116167584558436
-2.6773547094188377 -0.1309246092856339
-2.6693386773547094 -0.13068883300642783
-2.661322645290581 -0.13045434198646833
-2.6533066132264533 -0.130221131177366
-2.6452905811623246 -0.12998919550580365
-2.637274549098197 -0.12975852987543718
-2.629258517034068 -0.12952912916873446
-2.6212424849699403 -0.12930098824875524
-2.6132264529058116 -0.1290741019608725
-2.6052104208416837 -0.12884846513443804
-2.597194388777555 -0.1286240725843934
-2.589178356713427 -0.1284009191128276
-2.5811623246492985 -0.1281789995104838
-2.5731462925851707 -0.12795830855821572
-2.565130260521042 -0.1277388410283955
-2.557114228456914 -0.12752059168627547
-2.5490981963927855 -0.1273035552913026
-2.5410821643286576 -0.12708772659839046
-2.533066132264529 -0.12687310035914665
-2.525050100200401 -0.1266596713230593
-2.5170340681362724 -0.12644743423864296
-2.5090180360721446 -0.12623638385454494
-2.501002004008016 -0.1260265149206135
-2.492985971943888 -0.12581782218892923
-2.4849699398797593 -0.1256103004148001
-2.4769539078156315 -0.125403944357722
-2.468937875751503 -0.12519874878230508
-2.460921843687375 -0.12499470845916753
-2.4529058116232467 -0.12479181816579697
-2.4448897795591185 -0.12459007268738158
-2.43687374749499 -0.12438946681761066
-2.428857715430862 -0.12418999535944618
-2.4208416833667337 -0.12399165312586619
-2.4128256513026054 -0.12379443494058061
-2.404809619238477 -0.12359833563872058
-2.396793587174349 -0.12340335006750176
-2.3887775551102206 -0.12320947308686268
-2.3807615230460923 -0.12301669957007903
-2.372745490981964 -0.12282502440435389
-2.364729458917836 -0.12263444249138539
-2.3567134268537075 -0.12244494874791208
-2.3486973947895793 -0.12225653810623703
-2.340681362725451 -0.1220692055147305
-2.3326653306613228 -0.12188294593831292
-2.3246492985971945 -0.12169775435891796
-2.3166332665330662 -0.12151362577593655
-2.308617234468938 -0.12133055520664257
-2.3006012024048097 -0.12114853768660036
-2.2925851703406814 -0.12096756827005527
-2.284569138276553 -0.12078764203030702
-2.276553106212425 -0.12060875406006684
-2.2685370741482966 -0.12043089947179886
-2.2605210420841684 -0.12025407339804606
-2.25250501002004 -0.12007827099174143
-2.2444889779559123 -0.11990348742650458
-2.2364729458917836 -0.11972971789692449
-2.2284569138276558 -0.11955695761882891
-2.220440881763527 -0.1193852018295399
-2.2124248496993992 -0.11921444578811784
-2.2044088176352705 -0.11904468477559184
-2.1963927855711427 -0.11887591409517921
-2.188376753507014 -0.11870812907249277
-2.180360721442886 -0.1185413250557373
-2.1723446893787575 -0.11837549741589484
-2.1643286573146296 -0.11821064154689984
-2.156312625250501 -0.11804675286580359
-2.148296593186373 -0.11788382681292958
-2.1402805611222444 -0.11772185885201841
-2.1322645290581166 -0.11756084447036426
-2.124248496993988 -0.11740077917894186
-2.11623246492986 -0.1172416585125251
-2.1082164328657313 -0.1170834780297971
-2.1002004008016035 -0.11692623331345241
-2.092184368737475 -0.11676991997029089
-2.084168336673347 -0.11661453363130465
-2.0761523046092183 -0.11646006995175702
-2.0681362725450905 -0.1163065246112549
-2.0601202404809618 -0.11615389331381389
-2.052104208416834 -0.11600217178791708
-2.0440881763527057 -0.11585135578656712
-2.0360721442885774 -0.11570144108733231
-2.028056112224449 -0.11555242349238665
-2.020040080160321 -0.11540429882854397
-2.0120240480961926 -0.1152570629472867
-2.0040080160320644 -0.11511071172478887
-1.9959919839679365 -0.11496524106193437
-1.9879759519038078 -0.11482064688432962
-1.9799599198396791 -0.11467692514231188
-1.9719438877755513 -0.11453407181095247
-1.9639278557114235 -0.1143920828900557
-1.9559118236472948 -0.11425095440415331
-1.947895791583166 -0.1141106824024948
-1.9398797595190382 -0.11397126295903345
-1.9318637274549104 -0.11383269217240881
-1.9238476953907817 -0.11369496616592485
-1.915831663326653 -0.11355808108752521
-1.9078156312625252 -0.11342203310976423
-1.8997995991983974 -0.11328681842977503
-1.8917835671342687 -0.11315243326923412
-1.88376753507014 -0.11301887387432309
-1.8757515030060121 -0.11288613651568714
-1.8677354709418843 -0.11275421748839075
-1.8597194388777556 -0.11262311311187045
-1.8517034068136269 -0.1124928197298852
-1.843687374749499 -0.1123633337104641
-1.8356713426853712 -0.11223465144585124
-1.8276553106212425 -0.11210676935244883
-1.8196392785571138 -0.1119796838707577
-1.811623246492986 -0.11185339146531567
-1.8036072144288582 -0.11172788862463362
-1.7955911823647295 -0.11160317186113008
-1.7875751503006008 -0.11147923771106359
-1.779559118236473 -0.11135608273446308
-1.7715430861723451 -0.11123370351505679
-1.7635270541082164 -0.11111209666019953
-1.7555110220440877 -0.11099125880079795
-1.74749498997996 -0.11087118659123496
-1.739478957915832 -0.11075187670929203
-1.7314629258517034 -0.11063332585607047
-1.7234468937875755 -0.11051553075591149
-1.7154308617234477 -0.11039848815631464
-1.707414829659319 -0.11028219482785549
-1.6993987975951903 -0.11016664756410188
-1.6913827655310625 -0.1100518431815293
-1.6833667334669347 -0.10993777851943516
-1.675350701402806 -0.1098244504398521
-1.6673346693386772 -0.10971185582746054
-1.6593186372745494 -0.10959999158950036
-1.6513026052104216 -0.1094888546556815
-1.643286573146293 -0.10937844197809433
-1.6352705410821642 -0.10926875053111892
-1.6272545090180364 -0.10915977731133392
-1.6192384769539085 -0.10905151933742455
-1.6112224448897798 -0.10894397365009034
-1.6032064128256511 -0.10883713731195227
-1.5951903807615233 -0.10873100740745925
-1.5871743486973955 -0.10862558104279449
-1.5791583166332668 -0.10852085534578111
-1.571142284569138 -0.1084168274657878
-1.5631262525050102 -0.10831349457363378
-1.5551102204408824 -0.10821085386149368
-1.5470941883767537 -0.10810890254280216
-1.539078156312625 -0.10800763785215825
-1.5310621242484972 -0.10790705704522956
-1.5230460921843694 -0.1078071573986562
-1.5150300601202407 -0.10770793620995484
-1.507014028056112 -0.10760939079742234
-1.4989979959919841 -0.1075115185000397
-1.4909819639278563 -0.10741431667737537
-1.4829659318637276 -0.1073177827094893
-1.474949899799599 -0.10722191399683645
-1.466933867735471 -0.10712670796017036
-1.4589178356713433 -0.1070321620404472
-1.4509018036072145 -0.10693827369872926
-1.4428857715430858 -0.10684504041608925
-1.434869739478958 -0.10675245969351406
-1.4268537074148302 -0.10666052905180903
-1.4188376753507015 -0.10656924603150249
-1.4108216432865728 -0.10647860819274994
-1.402805611222445 -0.10638861311523921
-1.3947895791583171 -0.10629925839809501
-1.3867735470941884 -0.10621054165978443
-1.3787575150300597 -0.10612246053802217
-1.370741482965932 -0.10603501268967636
-1.362725450901804 -0.10594819579067448
-1.3547094188376754 -0.10586200753590971
-1.3466933867735467 -0.10577644563914738
-1.3386773547094188 -0.10569150783293209
-1.330661322645291 -0.1056071918684948
-1.3226452905811623 -0.10552349551566051
-1.3146292585170345 -0.10544041656275621
-1.3066132264529067 -0.1053579528165192
-1.298597194388778 -0.1052761021020059
-1.2905811623246493 -0.10519486226250085
-1.2825651302605214 -0.10511423115942645
-1.2745490981963936 -0.10503420667225265
-1.266533066132265 -0.10495478669840758
-1.2585170340681362 -0.10487596915318823
-1.2505010020040084 -0.10479775196967171
-1.2424849699398806 -0.1047201330986271
-1.2344689378757518 -0.10464311050842753
-1.2264529058116231 -0.10456668218496287
-1.2184368737474953 -0.10449084613155282
-1.2104208416833675 -0.10441560036886072
-1.2024048096192388 -0.10434094293480738
-1.19438877755511 -0.10426687188448594
-1.1863727454909823 -0.10419338529007698
-1.1783567134268544 -0.10412048124076395
-1.1703406813627257 -0.10404815784264958
-1.162324649298597 -0.10397641321867244
-1.1543086172344692 -0.10390524550852426
-1.1462925851703414 -0.10383465286856743
-1.1382765531062127 -0.1037646334717536
-1.130260521042084 -0.10369518550754232
-1.1222444889779561 -0.10362630718182053
-1.1142284569138283 -0.10355799671682238
-1.1062124248496996 -0.10349025235104985
-1.098196392785571 -0.10342307233919368
-1.090180360721443 -0.10335645495205513
-1.0821643286573153 -0.10329039847646808
-1.0741482965931866 -0.10322490121522172
-1.0661322645290578 -0.10315996148698407
-1.05811623246493 -0.10309557762622577
-1.0501002004008022 -0.10303174798314453
-1.0420841683366735 -0.10296847092359028
-1.0340681362725448 -0.10290574482899081
-1.026052104208417 -0.102843568096278
-1.0180360721442892 -0.10278193913781464
-1.0100200400801604 -0.10272085638132186
-1.0020040080160317 -0.10266031826980714
-0.9939879759519039 -0.10260032326149296
-0.9859719438877761 -0.10254086982974589
-0.9779559118236474 -0.10248195646300656
-0.9699398797595187 -0.10242358166471986
-0.9619238476953909 -0.10236574395326609
-0.953907815631263 -0.10230844186189249
-0.9458917835671343 -0.1022516739386454
-0.9378757515030056 -0.10219543874630319
-0.9298597194388778 -0.10213973486230953
-0.92184368737475 -0.10208456087870739
-0.9138276553106213 -0.10202991540207375
-0.9058116232464934 -0.10197579705345476
-0.8977955911823656 -0.1019222044683015
-0.8897795591182369 -0.10186913629640648
-0.8817635270541082 -0.10181659120184071
-0.8737474949899804 -0.10176456786289112
-0.8657314629258526 -0.10171306497199906
-0.8577154308617239 -0.10166208123569889
-0.8496993987975952 -0.10161161537455765
-0.8416833667334673 -0.10156166612311499
-0.8336673346693395 -0.10151223222982382
-0.8256513026052108 -0.10146331245699157
-0.8176352705410821 -0.10141490558072214
-0.8096192384769543 -0.10136701039085821
-0.8016032064128265 -0.10131962569092451
-0.7935871743486977 -0.10127275029807127
-0.785571142284569 -0.10122638304301868
-0.7775551102204412 -0.10118052277000163
-0.7695390781563134 -0.1011351683367153
-0.7615230460921847 -0.10109031861426114
-0.753507014028056 -0.10104597248709361
-0.7454909819639282 -0.1010021288529674
-0.7374749498998003 -0.10095878662288531
-0.7294589178356716 -0.10091594472104683
-0.7214428857715429 -0.10087360208479701
-0.7134268537074151 -0.10083175766457628
-0.7054108216432873 -0.10079041042387062
-0.6973947895791586 -0.10074955933916245
-0.6893787575150299 -0.10070920339988206
-0.681362725450902 -0.10066934160835962
-0.6733466933867742 -0.10062997297977783
-0.6653306613226455 -0.10059109654212509
-0.6573146292585168 -0.1005527113361494
-0.649298597194389 -0.10051481641531265
-0.6412825651302612 -0.10047741084574559
-0.6332665330661325 -0.10044049370620346
-0.6252505010020037 -0.10040406408802209
-0.6172344689378759 -0.10036812109507467
-0.6092184368737481 -0.10033266384372895
-0.6012024048096194 -0.10029769146280532
-0.5931863727454907 -0.10026320309353505
-0.5851703406813629 -0.10022919788951952
-0.577154308617235 -0.10019567501668979
-0.5691382765531063 -0.10016263365326673
-0.5611222444889776 -0.10013007298972196
-0.5531062124248498 -0.10009799222873901
-0.545090180360722 -0.10006639058517541
-0.5370741482965933 -0.10003526728602505
-0.5290581162324646 -0.1000046215703814
-0.5210420841683367 -0.09997445268940093
-0.5130260521042089 -0.09994475990626757
-0.5050100200400802 -0.0999155424961573
-0.4969939879759524 -0.09988679974620354
-0.4889779559118246 -0.09985853095546306
-0.48096192384769587 -0.09983073543488244
-0.47294589178356716 -0.09980341250726509
-0.46492985971943934 -0.09977656150723889
-0.4569138276553115 -0.09975018178122425
-0.4488977955911828 -0.0997242726874029
-0.4408817635270541 -0.09969883359568714
-0.4328657314629263 -0.09967386388768959
-0.42484969939879846 -0.09964936295669372
-0.41683366733466976 -0.09962533020762464
-0.40881763527054105 -0.09960176505702063
-0.4008016032064132 -0.09957866693300528
-0.3927855711422854 -0.09955603527525994
-0.3847695390781567 -0.09953386953499692
-0.376753507014028 -0.09951216917493319
-0.36873747494990017 -0.0994909336692647
-0.36072144288577235 -0.099470162503641
-0.35270541082164364 -0.09944985517514073
-0.34468937875751493 -0.09943001119224737
-0.3366733466933871 -0.09941063007482578
-0.3286573146292593 -0.09939171135409915
-0.3206412825651306 -0.09937325457262648
-0.3126252505010019 -0.09935525928428057
-0.30460921843687405 -0.09933772505422683
-0.29659318637274623 -0.09932065145890215
-0.2885771543086175 -0.09930403808599478
-0.2805611222444888 -0.09928788453442441
-0.272545090180361 -0.09927219041432309
-0.2645290581162332 -0.09925695534701626
-0.25651302605210446 -0.09924217896500485
-0.24849699398797576 -0.09922786091194746
-0.24048096192384794 -0.09921400084264333
-0.23246492985972012 -0.09920059842301573
-0.2244488977955914 -0.09918765333009597
-0.2164328657314627 -0.09917516525200783
-0.20841683366733488 -0.09916313388795264
-0.20040080160320706 -0.09915155894819486
-0.19238476953907835 -0.0991404401540481
-0.18436873747494964 -0.09912977723786173
-0.17635270541082182 -0.09911956994300818
-0.168336673346694 -0.09910981802387035
-0.1603206412825653 -0.0991005212458301
-0.15230460921843658 -0.09909167938525681
-0.14428857715430876 -0.09908329222949668
-0.13627254509018094 -0.09907535957686248
-0.12825651302605223 -0.09906788123662401
-0.12024048096192352 -0.09906085702899871
-0.1122244488977957 -0.09905428678514326
-0.10420841683366788 -0.0990481703471453
-0.09619238476953917 -0.09904250756801594
-0.08817635270541135 -0.09903729831168265
-0.08016032064128353 -0.09903254245298267
-0.07214428857715482 -0.09902823987765723
-0.06412825651302612 -0.09902439048234576
-0.056112224448898296 -0.09902099417458113
-0.048096192384770475 -0.09901805087278513
-0.04008016032064177 -0.09901556050626457
-0.03206412825651306 -0.09901352301520791
-0.024048096192385238 -0.09901193835068227
-0.016032064128257417 -0.0990108064746313
-0.008016032064128709 -0.09901012735987307
0.0 -0.09900990099009903
0.00801603206412782 -0.09901012735987307
0.01603206412825653 -0.0990108064746313
0.02404809619238435 -0.09901193835068227
0.03206412825651306 -0.09901352301520791
0.04008016032064088 -0.09901556050626457
0.04809619238476959 -0.09901805087278513
0.05611222444889741 -0.09902099417458113
0.06412825651302612 -0.09902439048234576
0.07214428857715394 -0.09902823987765723
0.08016032064128265 -0.09903254245298267
0.08817635270541047 -0.09903729831168263
0.09619238476953917 -0.09904250756801594
0.104208416833667 -0.0990481703471453
0.11222444889779482 -0.09905428678514328
0.12024048096192352 -0.09906085702899871
0.12825651302605134 -0.099067881236624
0.13627254509018005 -0.09907535957686248
0.14428857715430787 -0.09908329222949666
0.15230460921843658 -0.09909167938525681
0.1603206412825644 -0.0991005212458301
0.1683366733466931 -0.09910981802387035
0.17635270541082093 -0.09911956994300816
0.18436873747494964 -0.09912977723786173
0.19238476953907746 -0.0991404401540481
0.20040080160320617 -0.09915155894819487
0.208416833667334 -0.09916313388795264
0.2164328657314627 -0.09917516525200783
0.22444889779559052 -0.09918765333009595
0.23246492985971923 -0.09920059842301573
0.24048096192384705 -0.09921400084264333
0.24849699398797576 -0.09922786091194746
0.2565130260521036 -0.09924217896500485
0.2645290581162323 -0.09925695534701626
0.2725450901803601 -0.09927219041432307
0.2805611222444888 -0.09928788453442441
0.28857715430861663 -0.09930403808599478
0.29659318637274534 -0.09932065145890216
0.30460921843687316 -0.09933772505422682
0.3126252505010019 -0.09935525928428057
0.3206412825651297 -0.09937325457262647
0.3286573146292584 -0.09939171135409915
0.3366733466933862 -0.0994106300748258
0.34468937875751493 -0.09943001119224737
0.35270541082164275 -0.09944985517514071
0.36072144288577146 -0.099470162503641
0.3687374749498993 -0.09949093366926469
0.376753507014028 -0.09951216917493319
0.3847695390781558 -0.0995338695349969
0.3927855711422845 -0.09955603527525993
0.40080160320641234 -0.09957866693300528
0.40881763527054105 -0.09960176505702063
0.41683366733466887 -0.09962533020762462
0.4248496993987976 -0.0996493629566937
0.4328657314629254 -0.09967386388768958
0.4408817635270541 -0.09969883359568714
0.4488977955911819 -0.0997242726874029
0.45691382765531063 -0.09975018178122425
0.46492985971943845 -0.09977656150723889
0.47294589178356716 -0.09980341250726509
0.480961923847695 -0.09983073543488244
0.4889779559118237 -0.09985853095546306
0.4969939879759515 -0.09988679974620353
0.5050100200400802 -0.0999155424961573
0.513026052104208 -0.09994475990626757
0.5210420841683359 -0.09997445268940092
0.5290581162324646 -0.1000046215703814
0.5370741482965924 -0.10003526728602505
0.5450901803607211 -0.1000663905851754
0.5531062124248489 -0.100097992228739
0.5611222444889776 -0.10013007298972196
0.5691382765531054 -0.10016263365326672
0.5771543086172342 -0.10019567501668977
0.585170340681362 -0.10022919788951953
0.5931863727454907 -0.10026320309353505
0.6012024048096185 -0.10029769146280532
0.6092184368737472 -0.10033266384372895
0.617234468937875 -0.10036812109507466
0.6252505010020037 -0.10040406408802209
0.6332665330661316 -0.10044049370620345
0.6412825651302603 -0.10047741084574559
0.6492985971943881 -0.10051481641531264
0.6573146292585168 -0.1005527113361494
0.6653306613226446 -0.10059109654212507
0.6733466933867733 -0.10062997297977781
0.6813627254509012 -0.10066934160835961
0.6893787575150299 -0.10070920339988206
0.6973947895791577 -0.10074955933916245
0.7054108216432864 -0.1007904104238706
0.7134268537074142 -0.10083175766457628
0.7214428857715429 -0.10087360208479701
0.7294589178356707 -0.10091594472104683
0.7374749498997994 -0.10095878662288532
0.7454909819639273 -0.10100212885296739
0.753507014028056 -0.10104597248709361
0.7615230460921838 -0.10109031861426115
0.7695390781563125 -0.10113516833671532
0.7775551102204403 -0.10118052277000163
0.785571142284569 -0.10122638304301868
0.7935871743486969 -0.10127275029807126
0.8016032064128256 -0.10131962569092451
0.8096192384769534 -0.10136701039085823
0.8176352705410821 -0.10141490558072214
0.8256513026052099 -0.10146331245699156
0.8336673346693386 -0.10151223222982382
0.8416833667334664 -0.101561666123115
0.8496993987975952 -0.10161161537455765
0.857715430861723 -0.10166208123569888
0.8657314629258517 -0.10171306497199903
0.8737474949899795 -0.1017645678628911
0.8817635270541082 -0.10181659120184071
0.889779559118236 -0.1018691362964065
0.8977955911823647 -0.1019222044683015
0.9058116232464926 -0.10197579705345475
0.9138276553106213 -0.10202991540207375
0.9218436873747491 -0.1020845608787074
0.9298597194388769 -0.10213973486230953
0.9378757515030056 -0.10219543874630319
0.9458917835671334 -0.10225167393864543
0.9539078156312621 -0.10230844186189247
0.96192384769539 -0.10236574395326609
0.9699398797595187 -0.10242358166471986
0.9779559118236465 -0.10248195646300655
0.9859719438877752 -0.10254086982974588
0.993987975951903 -0.10260032326149295
1.0020040080160317 -0.10266031826980714
1.0100200400801596 -0.10272085638132185
1.0180360721442883 -0.10278193913781465
1.026052104208416 -0.10284356809627801
1.0340681362725448 -0.10290574482899081
1.0420841683366726 -0.10296847092359028
1.0501002004008013 -0.10303174798314453
1.0581162324649291 -0.10309557762622576
1.0661322645290578 -0.10315996148698407
1.0741482965931857 -0.1032249012152217
1.0821643286573144 -0.10329039847646806
1.0901803607214422 -0.10335645495205512
1.098196392785571 -0.10342307233919368
1.1062124248496987 -0.10349025235104983
1.1142284569138274 -0.10355799671682239
1.1222444889779553 -0.10362630718182052
1.130260521042084 -0.10369518550754232
1.1382765531062118 -0.10376463347175359
1.1462925851703405 -0.10383465286856743
1.1543086172344683 -0.10390524550852423
1.162324649298597 -0.10397641321867244
1.1703406813627248 -0.10404815784264959
1.1783567134268536 -0.10412048124076392
1.1863727454909814 -0.10419338529007696
1.19438877755511 -0.10426687188448594
1.202404809619238 -0.10434094293480738
1.2104208416833666 -0.10441560036886072
1.2184368737474944 -0.10449084613155282
1.2264529058116231 -0.10456668218496287
1.234468937875751 -0.10464311050842752
1.2424849699398797 -0.1047201330986271
1.2505010020040075 -0.10479775196967168
1.2585170340681362 -0.10487596915318823
1.266533066132264 -0.10495478669840758
1.2745490981963927 -0.10503420667225266
1.2825651302605205 -0.10511423115942642
1.2905811623246493 -0.10519486226250085
1.298597194388777 -0.10527610210200587
1.3066132264529058 -0.10535795281651919
1.3146292585170336 -0.1054404165627562
1.3226452905811623 -0.10552349551566051
1.3306613226452901 -0.1056071918684948
1.338677354709418 -0.10569150783293209
1.3466933867735467 -0.10577644563914738
1.3547094188376745 -0.1058620075359097
1.3627254509018032 -0.10594819579067448
1.370741482965931 -0.10603501268967634
1.3787575150300597 -0.10612246053802217
1.3867735470941875 -0.10621054165978441
1.3947895791583163 -0.106299258398095
1.402805611222444 -0.10638861311523919
1.4108216432865728 -0.10647860819274994
1.4188376753507006 -0.10656924603150246
1.4268537074148293 -0.10666052905180905
1.4348697394789571 -0.10675245969351403
1.4428857715430858 -0.10684504041608925
1.4509018036072137 -0.10693827369872927
1.4589178356713424 -0.10703216204044716
1.4669338677354702 -0.10712670796017035
1.474949899799599 -0.10722191399683645
1.4829659318637267 -0.10731778270948931
1.4909819639278554 -0.10741431667737536
1.4989979959919832 -0.10751151850003969
1.507014028056112 -0.10760939079742234
1.5150300601202398 -0.10770793620995482
1.5230460921843685 -0.10780715739865618
1.5310621242484963 -0.10790705704522953
1.539078156312625 -0.10800763785215825
1.5470941883767528 -0.10810890254280214
1.5551102204408815 -0.10821085386149365
1.5631262525050094 -0.10831349457363378
1.571142284569138 -0.1084168274657878
1.579158316633266 -0.1085208553457811
1.5871743486973946 -0.10862558104279446
1.5951903807615224 -0.10873100740745924
1.6032064128256511 -0.10883713731195227
1.611222444889779 -0.10894397365009033
1.6192384769539077 -0.10905151933742455
1.6272545090180355 -0.10915977731133392
1.6352705410821642 -0.10926875053111892
1.643286573146292 -0.10937844197809429
1.6513026052104207 -0.1094888546556815
1.6593186372745485 -0.10959999158950033
1.6673346693386772 -0.10971185582746054
1.675350701402805 -0.10982445043985209
1.6833667334669338 -0.10993777851943515
1.6913827655310616 -0.1100518431815293
1.6993987975951903 -0.11016664756410188
1.7074148296593181 -0.11028219482785548
1.7154308617234468 -0.11039848815631463
1.7234468937875747 -0.11051553075591146
1.7314629258517034 -0.11063332585607047
1.7394789579158312 -0.110751876709292
1.747494989979959 -0.11087118659123497
1.7555110220440877 -0.11099125880079795
1.7635270541082155 -0.11111209666019951
1.7715430861723442 -0.11123370351505679
1.779559118236472 -0.11135608273446305
1.7875751503006008 -0.11147923771106359
1.7955911823647286 -0.11160317186113008
1.8036072144288573 -0.11172788862463359
1.8116232464929851 -0.11185339146531564
1.8196392785571138 -0.1119796838707577
1.8276553106212416 -0.11210676935244883
1.8356713426853704 -0.11223465144585122
1.8436873747494982 -0.11236333371046409
1.8517034068136269 -0.1124928197298852
1.8597194388777547 -0.11262311311187044
1.8677354709418834 -0.11275421748839075
1.8757515030060112 -0.11288613651568714
1.88376753507014 -0.11301887387432309
1.8917835671342678 -0.11315243326923408
1.8997995991983965 -0.11328681842977503
1.9078156312625243 -0.11342203310976423
1.915831663326653 -0.11355808108752521
1.9238476953907808 -0.11369496616592484
1.9318637274549095 -0.11383269217240877
1.9398797595190373 -0.11397126295903345
1.947895791583166 -0.1141106824024948
1.9559118236472939 -0.11425095440415331
1.9639278557114226 -0.11439208289005569
1.9719438877755504 -0.11453407181095243
1.9799599198396791 -0.11467692514231188
1.987975951903807 -0.11482064688432964
1.9959919839679356 -0.11496524106193438
2.0040080160320635 -0.11511071172478887
2.012024048096192 -0.11525706294728669
2.020040080160321 -0.11540429882854397
2.028056112224448 -0.11555242349238662
2.0360721442885765 -0.11570144108733228
2.0440881763527052 -0.11585135578656712
2.052104208416832 -0.11600217178791707
2.0601202404809627 -0.11615389331381391
2.0681362725450896 -0.11630652461125486
2.0761523046092183 -0.11646006995175702
2.084168336673347 -0.11661453363130465
2.092184368737474 -0.11676991997029088
2.1002004008016026 -0.1169262333134524
2.1082164328657313 -0.1170834780297971
2.1162324649298583 -0.11724165851252506
2.1242484969939888 -0.11740077917894186
2.1322645290581157 -0.11756084447036423
2.1402805611222444 -0.11772185885201841
2.148296593186373 -0.11788382681292958
2.1563126252505 -0.11804675286580357
2.1643286573146288 -0.11821064154689981
2.1723446893787575 -0.11837549741589484
2.1803607214428844 -0.11854132505573726
2.188376753507013 -0.11870812907249276
2.196392785571142 -0.1188759140951792
2.2044088176352687 -0.11904468477559181
2.2124248496993992 -0.11921444578811784
2.220440881763526 -0.1193852018295399
2.228456913827655 -0.11955695761882887
2.2364729458917836 -0.11972971789692449
2.2444889779559105 -0.11990348742650453
2.2525050100200392 -0.12007827099174141
2.260521042084168 -0.12025407339804607
2.268537074148295 -0.1204308994717988
2.2765531062124253 -0.12060875406006687
2.2845691382765523 -0.120787642030307
2.292585170340681 -0.12096756827005524
2.3006012024048097 -0.12114853768660036
2.3086172344689366 -0.12133055520664253
2.3166332665330653 -0.12151362577593652
2.324649298597194 -0.12169775435891796
2.332665330661321 -0.12188294593831288
2.3406813627254515 -0.12206920551473048
2.3486973947895784 -0.12225653810623702
2.356713426853707 -0.12244494874791208
2.364729458917836 -0.12263444249138539
2.3727454909819627 -0.12282502440435386
2.3807615230460915 -0.12301669957007903
2.38877755511022 -0.12320947308686267
2.396793587174347 -0.1234033500675017
2.4048096192384776 -0.1235983356387206
2.4128256513026045 -0.12379443494058061
2.420841683366733 -0.12399165312586616
2.428857715430862 -0.12418999535944618
2.436873747494989 -0.12438946681761062
2.4448897795591176 -0.12459007268738158
2.4529058116232463 -0.12479181816579697
2.460921843687373 -0.12499470845916746
2.4689378757515037 -0.1251987487823051
2.4769539078156306 -0.125403944357722
2.4849699398797593 -0.1256103004148001
2.492985971943888 -0.12581782218892923
2.501002004008015 -0.12602651492061348
2.5090180360721437 -0.12623638385454494
2.5170340681362724 -0.12644743423864296
2.5250501002003993 -0.12665967132305925
2.53306613226453 -0.12687310035914667
2.5410821643286567 -0.12708772659839046
2.5490981963927855 -0.1273035552913026
2.557114228456914 -0.12752059168627547
2.565130260521041 -0.12773884102839547
2.57314629258517 -0.12795830855821566
2.5811623246492985 -0.1281789995104838
2.5891783567134254 -0.12840091911282758
2.597194388777554 -0.12862407258439337
2.605210420841683 -0.128848465134438
2.61322645290581 -0.1290741019608724
2.6212424849699403 -0.12930098824875524
2.629258517034067 -0.1295291291687344
2.637274549098196 -0.12975852987543715
2.6452905811623246 -0.12998919550580365
2.6533066132264516 -0.13022113117736595
2.6613226452905803 -0.13045434198646827
2.669338677354709 -0.13068883300642783
2.677354709418836 -0.13092460928563385
2.6853707414829664 -0.13116167584558439
2.6933867735470933 -0.13140003767885608
2.701402805611222 -0.13163969974700918
2.7094188376753507 -0.131880666978421
2.7174348697394777 -0.13212294426604992
2.7254509018036064 -0.1323665364651252
2.733466933867735 -0.13261144839076108
2.741482965931862 -0.13285768481549368
2.7494989979959925 -0.1331052504667373
2.7575150300601194 -0.13335415002415785
2.765531062124248 -0.13360438811696235
2.773547094188377 -0.13385596932109936
2.781563126252504 -0.13410889815637034
2.7895791583166325 -0.13436317908344764
2.797595190380761 -0.13461881650079674
2.805611222444888 -0.13487581474150015
2.8136272545090186 -0.1351341780699799
2.8216432865731456 -0.13539391067861473
2.8296593186372743 -0.13565501668425115
2.837675350701403 -0.13591750012460185
2.84569138276553 -0.13618136495453134
2.8537074148296586 -0.13644661504222338
2.8617234468937873 -0.13671325416522728
2.8697394789579143 -0.13698128600637977
2.8777555110220447 -0.13725071414959836
2.8857715430861717 -0.13752154207554218
2.8937875751503004 -0.13779377315713745
2.901803607214429 -0.13806741065496153
2.909819639278556 -0.13834245771248346
2.9178356713426847 -0.1386189173511558
2.9258517034068134 -0.13889679246535253
2.9338677354709404 -0.13917608581715007
2.941883767535071 -0.1394568000309458
2.949899799599198 -0.13973893758790862
2.9579158316633265 -0.14002250082025888
2.965931863727455 -0.14030749190536923
2.973947895791582 -0.14059391285968434
2.981963927855711 -0.1408817655324519
2.9899799599198396 -0.14117105159926038
2.9979959919839665 -0.14146177255537737
3.006012024048095 -0.14175392970888331
3.014028056112224 -0.14204752417359287
3.022044088176351 -0.14234255686175992
3.0300601202404813 -0.1426390284765586
3.0380761523046083 -0.14293693950433226
3.046092184368737 -0.14323629020660775
3.0541082164328657 -0.14353708061186282
3.0621242484969926 -0.1438393105070433
3.0701402805611213 -0.14414297942882165
3.07815631262525 -0.14444808665458753
3.086172344689377 -0.1447546311931653
3.0941883767535074 -0.14506261177524876
3.1022044088176344 -0.1453720268435441
3.110220440881763 -0.14568287454261536
3.118236472945892 -0.1459951527084202
3.1262525050100187 -0.14630885885752914
3.1342685370741474 -0.14662399017601924
3.142284569138276 -0.14694054350803018
3.150300601202403 -0.1472585153439764
3.1583166332665336 -0.1475779018084026
3.1663326653306605 -0.14789869864747254
3.174348697394789 -0.14822090121608297
3.182364729458918 -0.14854450446458772
3.190380761523045 -0.14886950292512435
3.1983967935871735 -0.14919589069753
3.2064128256513023 -0.14952366143483412
3.214428857715429 -0.149852808328318
3.2224448897795597 -0.15018332409212684
3.2304609218436866 -0.15051520094742107
3.2384769539078153 -0.1508484306060564
3.246492985971944 -0.15118300425377573
3.254509018036071 -0.15151891253290148
3.2625250501001997 -0.15185614552451338
3.2705410821643284 -0.15219469273009603
3.2785571142284553 -0.15253454305264316
3.286573146292586 -0.15287568477720187
3.2945891783567127 -0.15321810555084028
3.3026052104208414 -0.15356179236202622
3.31062124248497 -0.15390673151939413
3.318637274549097 -0.15425290862988963
3.326653306613226 -0.15460030857626983
3.3346693386773545 -0.15494891549394352
3.3426853707414814 -0.15529871274713217
3.350701402805612 -0.15564968290433479
3.358717434869739 -0.1560018077130733
3.3667334669338675 -0.15635506807390492
3.3747494989979963 -0.15670944401367543
3.382765531062123 -0.1570649146579971
3.390781563126252 -0.15742145820292797
3.3987975951903806 -0.15777905188583222
3.4068136272545075 -0.1581376719553988
3.4148296593186362 -0.15849729364079734
3.422845691382765 -0.15885789111994605
3.430861723446892 -0.15921943748687142
3.4388777555110224 -0.15958190471813358
3.4468937875751493 -0.15994526363829323
3.454909819639278 -0.1603094838843974
3.4629258517034067 -0.16067453386945618
3.4709418837675337 -0.1610403807448863
3.4789579158316624 -0.1614069903618961
3.486973947895791 -0.16177432723178312
3.494989979959918 -0.16214235448511966
3.5030060120240485 -0.16251103382979773
3.5110220440881754 -0.16288032550790507
3.519038076152304 -0.16325018825140653
3.527054108216433 -0.16362057923659803
3.5350701402805598 -0.1639914540373087
3.5430861723446885 -0.16436276657681928
3.551102204408817 -0.16473446907846664
3.559118236472944 -0.165106512014907
3.5671342685370746 -0.16547884405600638
3.5751503006012015 -0.16585141201532627
3.5831663326653302 -0.16622416079517777
3.591182364729459 -0.16659703333020998
3.599198396793586 -0.16696997052950344
3.6072144288577146 -0.16734291121713793
3.6152304609218433 -0.16771579207120346
3.6232464929859702 -0.16808854756122255
3.6312625250501007 -0.16846110988395605
3.6392785571142277 -0.1688334088975582
3.6472945891783564 -0.16920537205405425
3.655310621242485 -0.16957692433010838
3.663326653306612 -0.16994798815605328
3.6713426853707407 -0.17031848334315322
3.6793587174348694 -0.1706883270090702
3.6873747494989964 -0.17105743350150868
3.695390781563127 -0.17142571432000966
3.7034068136272538 -0.17179307803586782
3.7114228456913825 -0.1721594302101519
3.719438877755511 -0.17252467330979843
3.727454909819638 -0.172888706621761
3.735470941883767 -0.17325142616519387
3.7434869739478955 -0.17361272460165106
3.7515030060120225 -0.17397249114328403
3.759519038076153 -0.17433061145902418
3.76753507014028 -0.1746869675787356
3.7755511022044086 -0.17504143779533365
3.7835671342685373 -0.17539389656485624
3.7915831663326642 -0.17574421440448798
3.799599198396793 -0.17609225778853846
3.8076152304609217 -0.17643788904237148
3.8156312625250486 -0.17678096623430073
3.8236472945891773 -0.17712134306545713
3.831663326653306 -0.17745886875764819
3.839679358717433 -0.1777933879392274
3.8476953907815634 -0.17812474052900423
3.8557114228456904 -0.1784527616182226
3.863727454909819 -0.17877728135065082
3.8717434869739478 -0.17909812480082565
3.8797595190380747 -0.17941511185050457
3.8877755511022034 -0.17972805706338518
3.895791583166332 -0.18003676955816197
3.903807615230459 -0.1803410528799961
3.9118236472945895 -0.18064070487048517
3.9198396793587165 -0.18093551753622986
3.927855711422845 -0.18122527691610538
3.935871743486974 -0.18150976294735305
3.943887775551101 -0.18178874933062572
3.9519038076152295 -0.1820620033941283
3.9599198396793582 -0.18232928595700823
3.967935871743485 -0.18259035119217099
3.9759519038076157 -0.18284494648869984
3.9839679358717426 -0.18309281231408756
3.9919839679358713 -0.18333368207649192
4.0 -0.1835672819872563
