time TPR_both_C_closed_1_rho11
0.0 1.0
0.00614192112138767 0.9999623104662777
0.01228384224277534 0.999849644947355
0.01842576336416301 0.9996632063477446
0.02456768448555068 0.9994049785013576
0.030709605606938348 0.9990776951256026
0.03685152672832602 0.9986847972728305
0.042993447849713685 0.9982303801642122
0.04913536897110136 0.9977191305015245
0.05527729009248903 0.9971562555329232
0.061419211213876695 0.9965474052951977
0.06756113233526437 0.9958985895640046
0.07370305345665204 0.9952160911131662
0.07984497457803971 0.9945063769136095
0.08598689569942737 0.9937760088924558
0.09212881682081504 0.9930315558249135
0.09827073794220272 0.9922795078487932
0.10441265906359039 0.991526194977411
0.11055458018497806 0.9907777108458931
0.11669650130636572 0.9900398427634842
0.12283842242775339 0.9893180089658418
0.12898034354914106 0.9886172037720159
0.13512226467052874 0.9879419511564246
0.1412641857919164 0.9872962670519322
0.14740610691330408 0.9866836305110827
0.15354802803469175 0.9861069636730565
0.15968994915607942 0.9855686203178531
0.16583187027746707 0.9850703826397175
0.17197379139885474 0.9846134657413811
0.17811571252024241 0.9841985292409997
0.1842576336416301 0.9838256952957819
0.19039955476301776 0.9834945722805374
0.19654147588440543 0.9832042833154802
0.2026833970057931 0.9829534988147691
0.20882531812718078 0.9827404722241632
0.21496723924856845 0.9825630781311351
0.22110916036995612 0.9824188519618454
0.2272510814913438 0.9823050305243305
0.23339300261273144 0.9822185927137921
0.2395349237341191 0.9821562997616065
0.24567684485550678 0.9821147344822441
0.25181876597689445 0.9820903390494174
0.2579606870982821 0.9820794509123039
0.2641026082196698 0.9820783365426158
0.27024452934105747 0.9820832227818455
0.27638645046244514 0.982090325633585
0.2825283715838328 0.9820958764171023
0.2886702927052205 0.982096145264215
0.29481221382660816 0.9820874620010714
0.30095413494799583 0.9820662345090744
0.3070960560693835 0.9820289647044252
0.3132379771907712 0.9819722623133756
0.31937989831215885 0.9818928566501773
0.3255218194335465 0.9817876066269957
0.33166374055493414 0.9816535092399101
0.3378056616763218 0.9814877067828802
0.3439475827977095 0.9812874930426142
0.35008950391909716 0.9810503187221127
0.35623142504048483 0.9807737963297967
0.3623733461618725 0.9804557047551288
0.3685152672832602 0.9800939937310756
0.37465718840464785 0.979686788359249
0.3807991095260355 0.9792323938456945
0.3869410306474232 0.9787293005646746
0.39308295176881086 0.9781761895350379
0.39922487289019853 0.977571938359453
0.4053667940115862 0.9769156276415362
0.4115087151329739 0.9762065478603033
0.41765063625436155 0.9754442066460233
0.4237925573757492 0.9746283363670591
0.4299344784971369 0.9737589019042295
0.43607639961852457 0.9728361084582445
0.44221832073991224 0.9718604092074388
0.4483602418612999 0.9708325126079607
0.4545021629826876 0.969753389107361
0.4606440841040752 0.9686242770257192
0.4667860052254629 0.9674466873465957
0.47292792634685055 0.9662224071536849
0.4790698474682382 0.9649535014485038
0.4852117685896259 0.9636423130901196
0.49135368971101356 0.9622914606100701
0.49749561083240124 0.9609038336743744
0.5036375319537889 0.9594825859899008
0.5097794530751766 0.9580311254841807
0.5159213741965643 0.9565531016257496
0.5220632953179519 0.9550523897957683
0.5282052164393396 0.9535330726703886
0.5343471375607273 0.9519994186262426
0.5404890586821149 0.9504558572375906
0.5466309798035026 0.948906951991893
0.5527729009248903 0.9473573704096466
0.558914822046278 0.9458118518128689
0.5650567431676656 0.9442751730432027
0.5711986642890533 0.9427521124838204
0.577340585410441 0.9412474127876859
0.5834825065318286 0.9397657427569455
0.5896244276532163 0.9383116588530058
0.595766348774604 0.9368895668431275
0.6019082698959917 0.9355036841062172
0.6080501910173793 0.9341580031272582
0.614192112138767 0.9328562567060478
0.6203340332601547 0.9316018853914494
0.6264759543815424 0.9303980076273153
0.63261787550293 0.9292473930609616
0.6387597966243177 0.9281524394201986
0.6449017177457054 0.9271151533112851
0.651043638867093 0.9261371352288208
0.6571855599884806 0.9252195690007378
0.6633274811098683 0.9243632158185252
0.669469402231256 0.9235684129260611
0.6756113233526436 0.9228350769614118
0.6817532444740313 0.9221627118662101
0.687895165595419 0.9215504211982569
0.6940370867168066 0.9209969246062978
0.7001790078381943 0.9205005781529847
0.706320928959582 0.920059398104248
0.7124628500809697 0.9196710877420623
0.7186047712023573 0.9193330667041901
0.724746692323745 0.9190425023101727
0.7308886134451327 0.9187963422987715
0.7370305345665203 0.9185913483792848
0.743172455687908 0.9184241299885992
0.7493143768092957 0.9182911776482247
0.7554562979306834 0.9181888953314327
0.761598219052071 0.9181136312802429
0.7677401401734587 0.9180617067553207
0.7738820612948464 0.9180294422584498
0.780023982416234 0.9180131808363109
0.7861659035376217 0.9180093081545596
0.7923078246590094 0.9180142691209706
0.7984497457803971 0.9180245809335436
0.8045916669017847 0.9180368425314199
0.8107335880231724 0.9180477405303579
0.8168755091445601 0.9180540518272068
0.8230174302659478 0.918052643156055
0.8291593513873354 0.9180404679691725
0.8353012725087231 0.9180145610953859
0.8414431936301108 0.9179720316941853
0.8475851147514984 0.9179100550731868
0.8537270358728861 0.9178258639676069
0.8598689569942738 0.9177167398918289
0.8660108781156615 0.9175800051643929
0.8721527992370491 0.9174130161789812
0.8782947203584368 0.9172131584461969
0.8844366414798245 0.9169778438658224
0.8905785626012122 0.9167045106092155
0.8967204837225998 0.9163906258994886
0.9028624048439875 0.9160336918765296
0.9090043259653752 0.9156312546284524
0.9151462470867628 0.9151809163645019
0.9212881682081504 0.9146803506005581
0.9274300893295381 0.9141273201307252
0.9335720104509257 0.9135196974702554
0.9397139315723134 0.9128554873789431
0.9458558526937011 0.9121328510122764
0.9519977738150888 0.911350131201521
0.9581396949364764 0.9105058783343453
0.9642816160578641 0.9095988762947035
0.9704235371792518 0.9086281679239451
0.9765654583006395 0.9075930794834185
0.9827073794220271 0.9064932436305565
0.9888493005434148 0.9053286204635618
0.9949912216648025 0.9040995162420347
1.0011331427861903 0.9028065994497049
1.0072750639075778 0.9014509139282854
1.0134169850289656 0.9000338888758348
1.0195589061503532 0.8985573455665192
1.025700827271741 0.8970235007091294
1.0318427483931285 0.8954349664172768
1.0379846695145163 0.8937947468133078
1.0441265906359039 0.8921062313294803
1.0502685117572914 0.8903731848030527
1.0564104328786792 0.8885997344862373
1.0625523540000668 0.8867903541074353
1.0686942751214545 0.8849498451271189
1.074836196242842 0.8830833153307603
1.0809781173642299 0.8811961548932458
1.0871200384856174 0.8792940100353481
1.0932619596070052 0.8773827543743873
1.0994038807283928 0.8754684580496004
1.1055458018497806 0.873557354679514
1.1116877229711681 0.8716558061853253
1.117829644092556 0.8697702654925447
1.1239715652139435 0.8679072371044859
1.1301134863353313 0.8660732355271179
1.1362554074567188 0.8642747415167111
1.1423973285781066 0.8625181561209282
1.1485392496994942 0.8608097524916681
1.154681170820882 0.8591556254650649
1.1608230919422695 0.8575616389313583
1.1669650130636573 0.8560333710554833
1.1731069341850449 0.8545760574585088
1.1792488553064326 0.8531945325305839
1.1853907764278202 0.8518931691176127
1.191532697549208 0.8506758169059804
1.1976746186705955 0.8495457399214268
1.2038165397919833 0.8485055536584316
1.209958460913371 0.8475571624636423
1.2161003820347587 0.8467016979089738
1.2222423031561462 0.845939459004682
1.228384224277534 0.8452698552171735
1.2345261453989216 0.8446913533673974
1.2406680665203094 0.8442014295898579
1.246809987641697 0.843796527625681
1.2529519087630847 0.8434720248016508
1.2590938298844723 0.8432222071063055
1.26523575100586 0.8430402548095877
1.2713776721272476 0.8429182400796718
1.2775195932486354 0.8428471380250794
1.283661514370023 0.8428168525279464
1.2898034354914107 0.842816258131659
1.2959453566127983 0.8428332591000139
1.302087277734186 0.8428548665733502
1.3082291988555736 0.842867294508546
1.3143711199769612 0.8428560748043753
1.320513041098349 0.8428061916828322
1.3266549622197366 0.8427022350235822
1.3327968833411243 0.8425285719372431
1.338938804462512 0.8422695354200546
1.3450807255838997 0.8419096284657364
1.3512226467052872 0.8414337415297769
1.357364567826675 0.8408273807584891
1.3635064889480626 0.8400769039228031
1.3696484100694504 0.83916976054902
1.375790331190838 0.8380947323305425
1.3819322523122257 0.8368421695512681
1.3880741734336133 0.8354042189681393
1.394216094555001 0.8337750384019429
1.4003580156763886 0.8319509931852913
1.4064999367977764 0.8299308296264284
1.412641857919164 0.8277158207763425
1.4187837790405518 0.8253098800409125
1.4249257001619393 0.8227196385622999
1.431067621283327 0.8199544828035153
1.4372095424047147 0.8170265494018781
1.4433514635261024 0.8139506751015453
1.44949338464749 0.8107443004187544
1.4556353057688778 0.8074273266182119
1.4617772268902653 0.8040219265638331
1.4679191480116531 0.8005523110273381
1.4740610691330407 0.7970444530672155
1.4802029902544285 0.7935257740998836
1.486344911375816 0.7900247962455546
1.4924868324972038 0.786570766414766
1.4986287536185914 0.7831932583806928
1.5047706747399792 0.7799217597325326
1.5109125958613667 0.7767852511051984
1.5170545169827545 0.7738117854131851
1.523196438104142 0.7710280749695944
1.5293383592255299 0.7684590943380069
1.5354802803469174 0.766127706543913
1.5416222014683052 0.7640543198680911
1.5477641225896928 0.7622565818664909
1.5539060437110805 0.7607491165247643
1.560047964832468 0.7595433095800551
1.5661898859538559 0.7586471460513023
1.5723318070752434 0.7580651029384375
1.578473728196631 0.7577980989088527
1.5846156493180188 0.7578435016159202
1.5907575704394064 0.7581951921189329
1.5968994915607941 0.7588436847256612
1.6030414126821817 0.759776299485357
1.6091833338035695 0.7609773835467938
1.615325254924957 0.762428576685256
1.6214671760463448 0.7641091155133815
1.6276090971677324 0.7659961702387957
1.6337510182891202 0.7680652073279609
1.6398929394105077 0.7702903710879591
1.6460348605318955 0.7726448769893044
1.652176781653283 0.7751014095226422
1.6583187027746709 0.7776325175058757
1.6644606238960584 0.7802110000278774
1.6706025450174462 0.7828102766193388
1.6767444661388338 0.78540473576655
1.6828863872602216 0.7879700565136991
1.6890283083816091 0.7904834986154814
1.695170229502997 0.7929241574848817
1.7013121506243845 0.7952731810105647
1.7074540717457722 0.7975139461736561
1.7135959928671598 0.799632194254307
1.7197379139885476 0.8016161242644744
1.7258798351099351 0.8034564450561817
1.732021756231323 0.805146387317086
1.7381636773527105 0.8066816773624472
1.7443055984740983 0.8080604752518363
1.7504475195954858 0.8092832802899629
1.7565894407168736 0.8103528074064313
1.7627313618382612 0.8112738382444163
1.768873282959649 0.8120530510213664
1.7750152040810365 0.8126988333568009
1.7811571252024243 0.813221082296483
1.7872990463238119 0.8136309957044693
1.7934409674451997 0.8139408590524743
1.7995828885665872 0.8141638314190233
1.805724809687975 0.8143137342296156
1.8118667308093626 0.8144048459351163
1.8180086519307503 0.8144517054507813
1.824150573052138 0.8144689267747953
1.8302924941735257 0.8144710267847484
1.8364344152949132 0.814472267784339
1.8425763364163008 0.8144865159511311
1.8487182575376886 0.8145271164287265
1.8548601786590762 0.8146067854213307
1.861002099780464 0.8147375192921164
1.8671440209018515 0.8149305203444066
1.8732859420232393 0.8151961386804618
1.8794278631446268 0.8155438292891886
1.8855697842660146 0.815982123312756
1.8917117053874022 0.8165186122831029
1.89785362650879 0.8171599440018248
1.9039955476301775 0.8179118286592603
1.9101374687515653 0.8187790537483302
1.9162793898729529 0.8197655063228609
1.9224213109943407 0.8208742011753647
1.9285632321157282 0.8221073135619096
1.934705153237116 0.8234662151780201
1.9408470743585036 0.8249515121856931
1.9469889954798913 0.8265630842038699
1.953130916601279 0.828300123299478
1.9592728377226667 0.8301611721500636
1.9654147588440543 0.8321441606889358
1.971556679965442 0.8342464406867465
1.9776986010868296 0.8364648178669265
1.9838405222082174 0.838795581294048
1.989982443329605 0.8412345299118724
1.9961243644509927 0.843776996239723
2.0022662855723805 0.8464178673601999
2.008408206693768 0.8491516034466567
2.0145501278151556 0.8519722541839035
2.020692048936543 0.854873473529064
2.026833970057931 0.8578485333402334
2.0329758911793188 0.8608903364674837
2.0391178123007063 0.8639914299528318
2.045259733422094 0.8671440190220798
2.051401654543482 0.8703399825710775
2.0575435756648695 0.8735708908511716
2.063685496786257 0.8768280260427255
2.0698274179076446 0.8801024063711279
2.0759693390290326 0.8833848143663448
2.08211126015042 0.8866658297947733
2.0882531812718077 0.8899358677011788
2.0943951023931953 0.89318522188947
2.100537023514583 0.8964041140450296
2.106678944635971 0.8995827485597903
2.1128208657573584 0.9027113729662328
2.118962786878746 0.9057803437205617
2.1251047080001335 0.9087801969015652
2.1312466291215215 0.91170172321375
2.137388550242909 0.9145360465053951
2.1435304713642966 0.9172747048387806
2.149672392485684 0.9199097329859829
2.155814313607072 0.9224337450744711
2.1619562347284598 0.9248400159775985
2.1680981558498473 0.9271225599411973
2.174240076971235 0.929276204863844
2.180381998092623 0.9312966606095107
2.1865239192140105 0.9331805797311404
2.192665840335398 0.9349256090252093
2.1988077614567856 0.9365304304225363
2.2049496825781736 0.937994789850221
2.211091603699561 0.9393195128730087
2.2172335248209487 0.9405065061375372
2.2233754459423363 0.9415587438962316
2.2295173670637243 0.9424802391740329
2.235659288185112 0.9432759994542128
2.2418012093064994 0.9439519670915448
2.247943130427887 0.9445149450032989
2.254085051549275 0.9449725085313908
2.2602269726706625 0.9453329047025464
2.26636889379205 0.9456049404274416
2.2725108149134376 0.9457978614646262
2.2786527360348257 0.9459212242214436
2.284794657156213 0.9459847626639692
2.2909365782776008 0.945998252754367
2.2970784993989883 0.945971376921842
2.3032204205203763 0.9459135910991919
2.309362341641764 0.9458339968195077
2.3155042627631515 0.9457412207675531
2.321646183884539 0.9456433040205113
2.327788105005927 0.9455476029977926
2.3339300261273146 0.9454607038758285
2.340071947248702 0.9453883519190972
2.3462138683700897 0.945335396842021
2.3523557894914777 0.9453057549576445
2.3584977106128653 0.9453023884983651
2.364639631734253 0.9453273021216897
2.3707815528556404 0.9453815562500011
2.376923473977028 0.9454652965469431
2.383065395098416 0.9455777985126833
2.3892073162198035 0.9457175258932461
2.395349237341191 0.9458822013513098
2.4014911584625787 0.9460688876418739
2.4076330795839667 0.9462740773791591
2.4137750007053542 0.9464937893726991
2.419916921826742 0.9467236694511292
2.4260588429481293 0.9469590936807446
2.4322007640695174 0.9471952719204052
2.438342685190905 0.9474273497317296
2.4444846063122925 0.9476505067798756
2.45062652743368 0.9478600500109581
2.456768448555068 0.9480515000722689
2.4629103696764556 0.9482206696455042
2.469052290797843 0.9483637325855498
2.4751942119192307 0.9484772829923115
2.4813361330406187 0.9485583835849447
2.4874780541620063 0.9486046029911002
2.493619975283394 0.9486140418032074
2.4997618964047814 0.9485853474844086
2.5059038175261694 0.9485177184240295
2.512045738647557 0.9484108976424032
2.5181876597689445 0.9482651568239734
2.524329580890332 0.9480812715130515
2.53047150201172 0.9478604884361727
2.5366134231331077 0.94760448601718
2.5427553442544952 0.9473153292251466
2.548897265375883 0.946995419940891
2.555039186497271 0.9466474440457164
2.5611811076186584 0.9462743164273107
2.567323028740046 0.9458791250642425
2.5734649498614335 0.9454650752945051
2.5796068709828215 0.9450354352977982
2.585748792104209 0.9445934837287758
2.5918907132255966 0.9441424603326138
2.598032634346984 0.9436855202583988
2.604174555468372 0.9432256926634445
2.6103164765897597 0.9427658440760777
2.6164583977111473 0.9423086468588996
2.622600318832535 0.9418565529919609
2.6287422399539224 0.9414117732783154
2.6348841610753104 0.9409762619652939
2.641026082196698 0.9405517066753997
2.6471680033180855 0.940139523452401
2.653309924439473 0.9397408566519521
2.659451845560861 0.9393565833424908
2.6655937666822487 0.9389873218314005
2.6717356878036362 0.938633443893289
2.677877608925024 0.938295090251225
2.684019530046412 0.9379721888471002
2.6901614511677994 0.9376644754329483
2.696303372289187 0.9373715160199095
2.7024452934105745 0.9370927307342968
2.7085872145319625 0.9368274186495855
2.71472913565335 0.9365747831877763
2.7208710567747376 0.9363339577121567
2.727012977896125 0.9361040309647892
2.733154899017513 0.9358840720349311
2.7392968201389007 0.9356731545780133
2.7454387412602883 0.9354703800379097
2.751580662381676 0.9352748996572415
2.757722583503064 0.9350859350908138
2.7638645046244514 0.9349027974655234
2.770006425745839 0.9347249047559117
2.7761483468672266 0.934551797367806
2.7822902679886146 0.9343831518431621
2.788432189110002 0.9342187926173744
2.7945741102313897 0.9340587017761237
2.8007160313527772 0.9339030267725528
2.8068579524741653 0.9337520860775067
2.812999873595553 0.9336063727461246
2.8191417947169404 0.9334665558935984
2.825283715838328 0.9333334800818534
2.831425636959716 0.9332081626276247
2.8375675580811035 0.9330917888513235
2.843709479202491 0.9329857052955164
2.8498514003238786 0.9328914109521258
2.8559933214452666 0.9328105465488141
2.862135242566654 0.9327448819576493
2.8682771636880418 0.9326963018031602
2.8744190848094293 0.9326667893623203
2.8805610059308173 0.9326584088657969
2.886702927052205 0.9326732863278482
2.8928448481735924 0.9327135890513181
2.89898676929498 0.9327815039740035
2.9051286904163676 0.9328792150428632
2.9112706115377556 0.9330088798226943
2.917412532659143 0.93317260556553
2.9235544537805307 0.933372424985573
2.9296963749019183 0.9336102720014262
2.9358382960233063 0.9338879577221063
2.941980217144694 0.9342071469652719
2.9481221382660814 0.9345693356046494
2.954264059387469 0.9349758290482896
2.960405980508857 0.9354277221494935
2.9665479016302445 0.935925880847603
2.972689822751632 0.9364709258259677
2.9788317438730196 0.9370632184590387
2.9849736649944076 0.9377028492995219
2.991115586115795 0.9383896293298476
2.9972575072371828 0.939123084169968
3.0033994283585703 0.9399024513959505
3.0095413494799583 0.9407266810814059
3.015683270601346 0.9415944396270373
3.0218251917227335 0.9425041168932591
3.027967112844121 0.9434538365977849
3.034109033965509 0.9444414698853464
3.0402509550868966 0.9454646519214218
3.046392876208284 0.9465208013072727
3.0525347973296717 0.9476071420610225
3.0586767184510597 0.9487207278603295
3.0648186395724473 0.9498584681977447
3.070960560693835 0.9510171560614289
3.0771024818152224 0.9521934967227371
3.0832444029366104 0.9533841371893299
3.089386324057998 0.9545856958688392
3.0955282451793855 0.9557947919843336
3.101670166300773 0.9570080742892841
3.107812087422161 0.958222248646497
3.1139540085435486 0.9594341040623081
3.120095929664936 0.9606405368036554
3.1262378507863238 0.9618385722705429
3.1323797719077118 0.963025384348705
3.1385216930290993 0.9641983120254674
3.144663614150487 0.9653548731142164
3.1508055352718745 0.9664927749976552
3.156947456393262 0.9676099223651996
3.16308937751465 0.9687044219834953
3.1692312986360376 0.9697745845991986
3.175373219757425 0.9708189241281092
3.1815151408788127 0.9718361543328985
3.1876570620002007 0.9728251832317775
3.1937989831215883 0.9737851055115055
3.199940904242976 0.9747151932395596
3.2060828253643634 0.9756148851818218
3.2122247464857514 0.9764837750339372
3.218366667607139 0.97732159886703
3.2245085887285265 0.9781282220725767
3.230650509849914 0.9789036260680005
3.236792430971302 0.9796478949952913
3.2429343520926897 0.9803612026111433
3.249076273214077 0.9810437995302889
3.2552181943354648 0.9816960009454603
3.261360115456853 0.9823181749092628
3.2675020365782403 0.9829107312265831
3.273643957699628 0.9834741109722638
3.2797858788210155 0.9840087766186637
3.2859277999424035 0.9845152027322533
3.292069721063791 0.9849938671781074
3.2982116421851786 0.9854452427564211
3.304353563306566 0.9858697891860634
3.310495484427954 0.986267945346592
3.3166374055493417 0.9866401216917676
3.3227793266707293 0.9869866927539583
3.328921247792117 0.987307989669328
3.335063168913505 0.9876042926676742
3.3412050900348924 0.9878758234875058
3.34734701115628 0.9881227376956787
3.3534889322776675 0.9883451169109275
3.3596308533990555 0.9885429609512475
3.365772774520443 0.9887161799456848
3.3719146956418307 0.988864586471133
3.3780566167632182 0.9889878877937471
3.3841985378846062 0.9890856783122098
3.390340459005994 0.989157432316007
3.3964823801273814 0.9892024971859136
3.402624301248769 0.9892200871758844
3.4087662223701565 0.9892092779254278
3.4149081434915445 0.9891690018592653
3.421050064612932 0.9890980446366464
3.4271919857343196 0.9889950428161005
3.433333906855707 0.98885848290268
3.439475827977095 0.9886867019438896
3.4456177490984827 0.9884778898374824
3.4517596702198703 0.9882300935090937
3.457901591341258 0.987941223110212
3.464043512462646 0.987609060377122
3.4701854335840334 0.9872312692790766
3.476327354705421 0.9868054090688612
3.4824692758268085 0.9863289498309181
3.4886111969481965 0.9857992906010734
3.494753118069584 0.985213780107422
3.5008950391909717 0.9845697401538793
3.5070369603123592 0.9838644916360849
3.5131788814337472 0.9830953831436207
3.519320802555135 0.9822598220627875
3.5254627236765224 0.9813553080504809
3.53160464479791 0.9803794687021279
3.537746565919298 0.97933009718544
3.5438884870406855 0.9782051915572891
3.550030408162073 0.9770029954238946
3.5561723292834606 0.9757220395454564
3.5623142504048486 0.9743611839263496
3.568456171526236 0.9729196598721292
3.5745980926476237 0.9713971114362633
3.5807400137690113 0.9697936356242582
3.5868819348903993 0.968109820672389
3.593023856011787 0.9663467816745045
3.5991657771331744 0.9645061927953434
3.605307698254562 0.9625903152845602
3.61144961937595 0.9606020204943153
3.6175915404973376 0.9585448071069002
3.623733461618725 0.9564228117993424
3.6298753827401127 0.95424081261101
3.6360173038615007 0.9520042243392919
3.6421592249828882 0.9497190853685181
3.648301146104276 0.9473920354389055
3.6544430672256634 0.9450302839854583
3.6605849883470514 0.9426415688207229
3.666726909468439 0.9402341050987064
3.6728688305898265 0.9378165246779735
3.679010751711214 0.9353978061970379
3.6851526728326016 0.9329871963809799
3.6912945939539896 0.9305941233103795
3.697436515075377 0.9282281025971183
3.7035784361967647 0.9258986376208167
3.7097203573181523 0.9236151151786817
3.7158622784395403 0.921386698084168
3.722004199560928 0.9192222164099213
3.7281461206823154 0.9171300592019695
3.734288041803703 0.9151180685894967
3.740429962925091 0.9131934382728554
3.7465718840464786 0.9113626183877152
3.752713805167866 0.9096312287124396
3.7588557262892537 0.9080039821072107
3.7649976474106417 0.9064846199467269
3.7711395685320293 0.9050758611345846
3.777281489653417 0.9037793660692495
3.7834234107748044 0.9025957166728411
3.7895653318961924 0.9015244133000694
3.79570725301758 0.9005638890220722
3.8018491741389675 0.8997115414360509
3.807991095260355 0.8989637817946619
3.814133016381743 0.8983161008877322
3.8202749375031306 0.8977631507518512
3.826416858624518 0.8972988409394396
3.8325587797459058 0.8969164477563839
3.8387007008672938 0.8966087345839653
3.8448426219886813 0.8963680811435631
3.850984543110069 0.8961866193474453
3.8571264642314564 0.8960563732107913
3.8632683853528444 0.8959694001827205
3.869410306474232 0.895917931190171
3.8755522275956196 0.8958945066795272
3.881694148717007 0.8958921059873804
3.887836069838395 0.8959042674731664
3.8939779909597827 0.8959251970011327
3.9001199120811703 0.8959498625647483
3.906261833202558 0.8959740730999957
3.912403754323946 0.8959945398309104
3.9185456754453334 0.8960089188263576
3.924687596566721 0.896015833815674
3.9308295176881085 0.8960148787059617
3.936971438809496 0.8960065996582286
3.943113359930884 0.8959924570051843
3.9492552810522716 0.8959747677216036
3.955397202173659 0.8959566295794219
3.9615391232950468 0.8959418285244029
3.9676810444164348 0.8959347311893275
3.9738229655378223 0.8959401648002884
3.97996488665921 0.8959632870282704
3.9861068077805974 0.8960094485789127
3.9922487289019855 0.8960840514914035
3.998390650023373 0.8961924062265315
4.004532571144761 0.8963395906594437
4.010674492266149 0.8965303140521431
4.016816413387536 0.896768788963984
4.022958334508924 0.8970586138675554
4.029100255630311 0.8974026689769944
4.035242176751699 0.8978030274728624
4.041384097873086 0.8982608839313035
4.047526018994474 0.8987765013461826
4.053667940115862 0.8993491776835747
4.05980986123725 0.899977232441639
4.0659517823586375 0.900658013219293
4.072093703480025 0.9013879218378772
4.078235624601413 0.9021624591242159
4.0843775457228 0.9029762870631213
4.090519466844188 0.9038233066729009
4.096661387965575 0.9046967496573901
4.102803309086964 0.9055892816488835
4.108945230208351 0.9064931146822457
4.115087151329739 0.9074001264332386
4.1212290724511265 0.908301983713252
4.127370993572514 0.9091902677355203
4.133512914693902 0.910056598750029
4.139654835815289 0.9108927577794715
4.145796756936677 0.9116908033693581
4.151938678058065 0.912443181483321
4.158080599179453 0.9131428269208559
4.16422252030084 0.9137832549000886
4.170364441422228 0.9143586417236822
4.176506362543615 0.9148638937232113
4.182648283665003 0.9152947039484408
4.1887902047863905 0.9156475963261103
4.194932125907778 0.9159199572522344
4.201074047029166 0.9161100547979959
4.207215968150554 0.9162170458985853
4.213357889271942 0.9162409720546361
4.219499810393329 0.9161827442061322
4.225641731514717 0.9160441175388231
4.231783652636104 0.9158276570541991
4.237925573757492 0.9155366947777313
4.2440674948788795 0.9151752794987732
4.250209416000267 0.9147481199322419
4.2563513371216555 0.9142605221702599
4.262493258243043 0.9137183222549552
4.268635179364431 0.9131278146552648
4.274777100485818 0.912495677374562
4.280919021607206 0.9118288943558276
4.287060942728593 0.9111346757902772
4.293202863849981 0.9104203768769875
4.299344784971368 0.9096934155279001
4.305486706092757 0.9089611894670688
4.311628627214144 0.9082309931371482
4.317770548335532 0.9075099348014772
4.3239124694569195 0.9068048542178421
4.330054390578307 0.9061222412607436
4.336196311699695 0.9054681558829873
4.342338232821082 0.9048481498343774
4.34848015394247 0.9042671905945237
4.354622075063858 0.9037295880270927
4.360763996185246 0.9032389243226298
4.366905917306633 0.902797987864311
4.373047838428021 0.9024087117231988
4.3791897595494085 0.9020721175639265
4.385331680670796 0.9017882658150342
4.391473601792184 0.9015562130269164
4.397615522913571 0.901373977400726
4.40375744403496 0.9012385135196683
4.409899365156347 0.9011456973457643
4.416041286277735 0.9010903225562737
4.422183207399122 0.9010661092804433
4.42832512852051 0.9010657262552217
4.434467049641897 0.9010808273445219
4.440608970763285 0.9011021032574253
4.4467508918846725 0.9011193491540075
4.452892813006061 0.9011215486415723
4.4590347341274486 0.9010969744383973
4.465176655248836 0.9010333057170821
4.471318576370224 0.900917761837076
4.477460497491611 0.9007372518391435
4.483602418612999 0.9004785387081633
4.489744339734386 0.9001284170210935
4.495886260855774 0.8996739021921247
4.5020281819771615 0.8991024291164788
4.50817010309855 0.8984020576089446
4.5143120242199375 0.8975616816452759
4.520453945341325 0.8965712390571549
4.526595866462713 0.8954219180183808
4.5327377875841 0.8941063564052454
4.538879708705488 0.8926188299314369
4.545021629826875 0.8909554248601351
4.551163550948263 0.8891141910946719
4.557305472069651 0.8870952715536629
4.563447393191039 0.8849010039536871
4.569589314312426 0.8825359914560904
4.575731235433814 0.8800071390843672
4.5818731565552016 0.8773236533809451
4.588015077676589 0.874497003438956
4.594156998797977 0.8715408422033906
4.600298919919364 0.8684708877704298
4.606440841040753 0.865304765303464
4.61258276216214 0.8620618111057834
4.618724683283528 0.8587628413170139
4.624866604404915 0.8554298886052181
4.631008525526303 0.852085911080605
4.6371504466476905 0.8487544784318225
4.643292367769078 0.8454594409551738
4.649434288890466 0.8422245876868197
4.655576210011854 0.839073300237811
4.661718131133242 0.8360282091560215
4.667860052254629 0.8331108596874792
4.674001973376017 0.8303413936779191
4.680143894497404 0.8277382540454761
4.686285815618792 0.8253179177753891
4.692427736740179 0.823094662751323
4.698569657861567 0.821080372964767
4.7047115789829554 0.8192843857577584
4.710853500104343 0.8177133837823368
4.716995421225731 0.8163713333324774
4.723137342347118 0.8152594696518533
4.729279263468506 0.8143763287746607
4.735421184589893 0.813717824446761
4.741563105711281 0.8132773677280932
4.747705026832668 0.8130460260190481
4.753846947954056 0.8130127175036449
4.759988869075444 0.813164436376844
4.766130790196832 0.813486503733302
4.7722727113182195 0.8139628386466387
4.778414632439607 0.8145762437634348
4.784556553560995 0.8153086996719372
4.790698474682382 0.8161416623750994
4.79684039580377 0.8170563583911068
4.802982316925157 0.8180340723091527
4.809124238046546 0.8190564220292165
4.815266159167933 0.8201056173957816
4.821408080289321 0.8211646984800043
4.8275500014107084 0.8222177503557577
4.833691922532096 0.8232500918355736
4.839833843653484 0.8242484362668387
4.845975764774871 0.8252010231218176
4.852117685896259 0.8260977197336093
4.858259607017647 0.8269300931219307
4.864401528139035 0.8276914524071758
4.870543449260422 0.8283768628196656
4.87668537038181 0.8289831327661946
4.882827291503197 0.8295087758123303
4.888969212624585 0.8299539497724451
4.8951111337459725 0.8303203753677337
4.90125305486736 0.8306112371144844
4.9073949759887485 0.8308310692410393
4.913536897110136 0.8309856295038619
4.919678818231524 0.8310817637837726
4.925820739352911 0.8311272642966409
4.931962660474299 0.8311307241534491
4.938104581595686 0.8311013908583142
4.944246502717074 0.831049021146009
4.9503884238384614 0.8309837393395033
4.95653034495985 0.8309159011600602
4.9626722660812375 0.830855964654631
4.968814187202625 0.8308143696248069
4.974956108324013 0.8308014266552988
4.9810980294454 0.8308272165543874
4.987239950566788 0.8309015007400722
4.993381871688175 0.8310336428392034
4.999523792809563 0.8312325415174877
5.00566571393095 0.8315065743299314
5.011807635052339 0.8318635521772562
5.017949556173726 0.8323106837765327
5.024091477295114 0.8328545494053758
5.0302333984165015 0.8335010830594309
5.036375319537889 0.8342555620727727
5.042517240659277 0.8351226031897987
5.048659161780664 0.8361061640442804
5.054801082902052 0.8372095489949871
5.06094300402344 0.838435418285919
5.067084925144828 0.8397857995405743
5.073226846266215 0.8412621006615044
5.079368767387603 0.842865123286243
5.0855106885089905 0.8445950760459742
5.091652609630378 0.8464515869814964
5.097794530751766 0.8484337145895833
5.103936451873153 0.8505399570992566
5.110078372994542 0.8527682597093249
5.116220294115929 0.8551160196534565
5.122362215237317 0.8575800890947484
5.128504136358704 0.8601567759860026
5.134646057480092 0.8628418431625668
5.140787978601479 0.8656305060594965
5.146929899722867 0.8685174295618717
5.1530718208442545 0.8714967246042635
5.159213741965643 0.8745619452305309
5.1653556630870305 0.8777060869062968
5.171497584208418 0.8809215869415707
5.177639505329806 0.884200327928078
5.183781426451193 0.8875336451230174
5.189923347572581 0.8909123387164012
5.196065268693968 0.8943266919012209
5.202207189815356 0.8977664956230168
5.208349110936744 0.9012210808169223
5.214491032058132 0.9046793588451901
5.2206329531795195 0.9081298707263066
5.226774874300907 0.9115608455983814
5.232916795422295 0.9149602686854361
5.239058716543682 0.9183159588371519
5.24520063766507 0.9216156554929147
5.251342558786457 0.924847114682823
5.257484479907845 0.9279982134256899
5.263626401029233 0.9310570616218371
5.269768322150621 0.9340121202722835
5.275910243272008 0.9368523245921542
5.282052164393396 0.9395672103317938
5.2881940855147835 0.9421470413816696
5.294336006636171 0.9445829365245153
5.300477927757559 0.946866993018235
5.306619848878946 0.9489924045536559
5.312761770000335 0.9509535710396703
5.318903691121722 0.9527461976313618
5.32504561224311 0.9543673804400743
5.331187533364497 0.9558156764525193
5.337329454485885 0.9570911553418272
5.3434713756072725 0.9581954310780557
5.34961329672866 0.9591316715382113
5.355755217850048 0.9599045846733183
5.361897138971436 0.9605203802072815
5.368039060092824 0.9609867063118263
5.374180981214211 0.9613125612141162
5.380322902335599 0.9615081802372686
5.386464823456986 0.961584899335709
5.392606744578374 0.9615549967526068
5.398748665699761 0.9614315149800085
5.404890586821149 0.9612280657278127
5.411032507942537 0.9609586210895033
5.417174429063925 0.9606372945152953
5.4233163501853126 0.9602781155529255
5.4294582713067 0.9598948025802714
5.435600192428088 0.9595005379220635
5.441742113549475 0.9591077498074587
5.447884034670863 0.9587279055814613
5.45402595579225 0.9583713204295369
5.460167876913639 0.9580469856130249
5.466309798035026 0.9577624198481641
5.472451719156414 0.957523547001978
5.4785936402778015 0.9573346027351256
5.484735561399189 0.9571980721089535
5.490877482520577 0.9571146595073952
5.497019403641964 0.9570832915217352
5.503161324763352 0.957101152726324
5.509303245884739 0.9571637535553444
5.515445167006128 0.9572650287937546
5.521587088127515 0.9573974645378996
5.527729009248903 0.9575522508799962
5.53387093037029 0.9577194570409233
5.540012851491678 0.9578882252303802
5.5461547726130656 0.958046979162783
5.552296693734453 0.958183642908633
5.558438614855841 0.9582858656188668
5.564580535977229 0.9583412476251585
5.570722457098617 0.9583375634905292
5.576864378220004 0.9582629777572885
5.583006299341392 0.9581062494060059
5.589148220462779 0.957856921390246
5.595290141584167 0.9575054920356132
5.6014320627055545 0.9570435655750602
5.607573983826942 0.956463979621165
5.6137159049483305 0.9557609079352207
5.619857826069718 0.9549299374273907
5.625999747191106 0.9539681188969822
5.632141668312493 0.9528739915828435
5.638283589433881 0.9516475821278283
5.644425510555268 0.9502903790563616
5.650567431676656 0.9488052843101988
5.656709352798043 0.9471965437761422
5.662851273919432 0.9454696590643826
5.668993195040819 0.9436312830529453
5.675135116162207 0.9416891019001387
5.681277037283595 0.9396517063426756
5.687418958404982 0.9375284551438058
5.69356087952637 0.9353293335367067
5.699702800647757 0.933064809428301
5.705844721769145 0.9307456899936919
5.711986642890533 0.9283829811085869
5.718128564011921 0.925987751844224
5.724270485133308 0.9235710059946661
5.730412406254696 0.9211435623283062
5.7365543273760835 0.9187159449624045
5.742696248497471 0.9162982849594914
5.748838169618859 0.9139002339450715
5.754980090740246 0.9115308902541389
5.761122011861635 0.9091987378356243
5.767263932983022 0.906911597884224
5.77340585410441 0.9046765929323312
5.779547775225797 0.9025001229242464
5.785689696347185 0.9003878526127758
5.7918316174685724 0.8983447094660743
5.79797353858996 0.8963748911506801
5.804115459711348 0.8944818815648007
5.810257380832735 0.8926684743331196
5.816399301954124 0.8909368026391418
5.822541223075511 0.8892883742613926
5.828683144196899 0.8877241106932865
5.834825065318286 0.8862443892605907
5.840966986439674 0.8848490872023925
5.847108907561061 0.8835376267485573
5.853250828682449 0.8823090203060582
5.8593927498038365 0.8811619149556311
5.865534670925225 0.8800946355563989
5.8716765920466125 0.8791052258571102
5.877818513168 0.8781914871162998
5.883960434289388 0.8773510138380961
5.890102355410775 0.8765812263338981
5.896244276532163 0.8758793999212486
5.90238619765355 0.875242690668686
5.908528118774938 0.8746681576880821
5.914670039896326 0.8741527820630549
5.920811961017714 0.8736934825826895
5.9269538821391015 0.8732871285233377
5.933095803260489 0.8729305497870862
5.939237724381877 0.8726205447630497
5.945379645503264 0.8723538863264587
5.951521566624652 0.8721273264300886
5.957663487746039 0.8719375997724693
5.963805408867428 0.8717814270470869
5.969947329988815 0.8716555182860266
5.976089251110203 0.8715565768098499
5.98223117223159 0.8714813042826339
5.988373093352978 0.8714264073468062
5.9945150144743655 0.8713886062765803
6.000656935595753 0.8713646460414682
6.006798856717141 0.8713513101127479
6.012940777838529 0.8713454372763163
6.019082698959917 0.8713439416357566
6.025224620081304 0.8713438359006256
6.031366541202692 0.8713422579581558
6.037508462324079 0.8713365006232981
6.043650383445467 0.8713240443541124
6.0497923045668545 0.871302592609028
6.055934225688242 0.8712701094118014
6.06207614680963 0.871224858581604
6.068218067931018 0.8711654439823092
6.074359989052406 0.8710908500494703
6.080501910173793 0.87100048176851
6.086643831295181 0.8708942032060026
6.092785752416568 0.8707723736402199
6.098927673537956 0.8706358802996822
6.105069594659343 0.8704861667013736
6.111211515780731 0.870325255585192
6.117353436902119 0.8701557654693629
6.123495358023507 0.8699809199036553
6.1296372791448945 0.8698045485735332
6.135779200266282 0.8696310795084776
6.14192112138767 0.8694655217707633
6.148063042509057 0.8693134381454884
6.154204963630445 0.8691809075167094
6.160346884751832 0.8690744767956504
6.166488805873221 0.8690011024622432
6.172630726994608 0.8689680819874055
6.178772648115996 0.8689829756168173
6.1849145692373835 0.8690535192135203
6.191056490358771 0.8691875290722317
6.197198411480159 0.8693927998283488
6.203340332601546 0.8696769967846367
6.209482253722934 0.8700475441638039
6.215624174844322 0.8705115109608174
6.22176609596571 0.8710754962101631
6.227908017087097 0.8717455155957061
6.234049938208485 0.87252689140997
6.240191859329872 0.8734241479115319
6.24633378045126 0.8744409141302892
6.2524757015726475 0.8755798361277618
6.258617622694035 0.8768425006313382
6.2647595438154235 0.8782293718264459
6.270901464936811 0.8797397429091881
6.277043386058199 0.8813717037755109
