time TPR_both_A_open_11_rho22
62.83185307179586 0.0033726601878539923
62.83799499291725 0.00341009378323721
62.844136914038636 0.0034472118731173835
62.850278835160026 0.003483853629655599
62.856420756281416 0.0035198747542347676
62.8625626774028 0.0035551482428437583
62.86870459852419 0.003589565032158023
62.87484651964557 0.003623034521855477
62.88098844076696 0.003655484969714927
62.88713036188835 0.0036868637570766846
62.893272283009736 0.00371713752328744
62.899414204131126 0.00374629216879095
62.90555612525252 0.003774332727549256
62.9116980463739 0.0038012831104739927
62.91783996749529 0.0038271857225025013
62.92398188861668 0.0038521009568583523
62.93012380973806 0.0038761065708818516
62.93626573085945 0.0038992969485951174
62.942407651980844 0.003921782255872565
62.94854957310223 0.0039436874947161955
62.95469149422362 0.003965151463683078
62.960833415345 0.003986325631978383
62.96697533646639 0.004007372935111214
62.97311725758778 0.004028466500313672
62.979259178709164 0.004049788310149419
62.985401099830554 0.004071527812889449
62.991543020951944 0.004093880488316163
62.99768494207333 0.004117046377637002
63.00382686319472 0.004141228586152769
63.00996878431611 0.004166631767240807
63.01611070543749 0.004193460596085956
63.02225262655888 0.004221918241430676
63.028394547680264 0.004252204843426879
63.034536468801655 0.004284516005462931
63.040678389923045 0.004319041307616404
63.04682031104443 0.004355962849152203
63.05296223216582 0.004395453827251887
63.05910415328721 0.00443767715892772
63.06524607440859 0.004482784152846786
63.07138799552998 0.004530913237569271
63.07752991665137 0.004582188752491514
63.083671837772755 0.00463671980757888
63.089813758894145 0.004694599217774483
63.095955680015535 0.004755902517775803
63.10209760113692 0.004820687062679099
63.10823952225831 0.00488899121979707
63.11438144337969 0.004960833656754437
63.12052336450108 0.0050362127307532764
63.12666528562247 0.00511510598367031
63.132807206743855 0.0051974697473943674
63.138949127865246 0.005283238863530045
63.145091048986636 0.005372326521275344
63.15123297010802 0.005464624216922005
63.15737489122941 0.005560001838022192
63.1635168123508 0.005658307874808853
63.16965873347218 0.005759369760946084
63.17580065459357 0.005862994345117661
63.181942575714956 0.0059689684943334395
63.188084496836346 0.0060770598291461425
63.194226417957736 0.006187017590223344
63.20036833907912 0.006298573634916343
63.20651026020051 0.006411443561609911
63.2126521813219 0.006525327958732469
63.21879410244328 0.006639913774359536
63.22493602356467 0.006754875801363866
63.231077944686064 0.006869878272062819
63.23721986580745 0.0069845765552971825
63.24336178692884 0.00709861894785876
63.24950370805023 0.007211648551178784
63.25564562917161 0.007323305223209179
63.261787550293 0.007433227594488275
63.267929471414384 0.007541055136495677
63.274071392535774 0.007646430269582142
63.280213313657164 0.007749000497023896
63.28635523477855 0.007848420551109573
63.29249715589994 0.00794435453663492
63.29863907702133 0.008036478056768073
63.30478099814271 0.00812448030596472
63.3109229192641 0.0082080661144686
63.31706484038549 0.008286957928933887
63.323206761506874 0.008360897713858137
63.329348682628265 0.0084296487588184
63.33549060374965 0.008492997376962505
63.34163252487104 0.008550754480816752
63.34777444599243 0.008602757022229676
63.35391636711381 0.00864886928417066
63.3600582882352 0.008688984013134476
63.36620020935659 0.008723023382057037
63.372342130477975 0.008750939774912592
63.378484051599365 0.008772716385522258
63.384625972720755 0.00878836762454466
63.39076789384214 0.008797939330123425
63.39690981496353 0.008801508779215803
63.40305173608492 0.008799184498205766
63.4091936572063 0.008791105872990996
63.41533557832769 0.008777442560313316
63.421477499449075 0.00875839370365379
63.427619420570466 0.008734186958522723
63.433761341691856 0.008705077333423877
63.43990326281324 0.008671345854146782
63.44604518393463 0.00863329806032735
63.45218710505602 0.00859126234440437
63.4583290261774 0.00854558814417595
63.46447094729879 0.008496644001120605
63.47061286842018 0.008444815497482801
63.476754789541566 0.008390503085832378
63.482896710662956 0.008334119825384664
63.48903863178434 0.00827608903981879
63.49518055290573 0.008216841911651387
63.50132247402712 0.008156815028419782
63.5074643951485 0.008096447896005029
63.51360631626989 0.008036180434387608
63.51974823739128 0.007976450470984699
63.52589015851267 0.007917691246475737
63.53203207963406 0.00786032894769106
63.53817400075545 0.007804780281725515
63.54431592187683 0.00775145010495568
63.55045784299822 0.007700729120093561
63.55659976411961 0.007652991653810566
63.562741685240994 0.0076085935268229606
63.568883606362384 0.007567870027650478
63.57502552748377 0.007531134000550973
63.58116744860516 0.007498674057401914
63.58730936972655 0.007470752922551567
63.59345129084793 0.007447605918899666
63.59959321196932 0.007429439602697034
63.60573513309071 0.007416430553774472
63.611877054212094 0.007408724327128681
63.618018975333484 0.007406434571004488
63.624160896454875 0.007409642315821089
63.63030281757626 0.007418395437492754
63.63644473869765 0.007432708297891711
63.64258665981904 0.007452561564391068
63.64872858094042 0.007477902209607422
63.65487050206181 0.0075086436916339235
63.661012423183195 0.007544666314215393
63.667154344304585 0.007585817765465134
63.673296265425975 0.0076319138328589525
63.67943818654736 0.0076827392913656305
63.68558010766875 0.00773804896068585
63.69172202879014 0.007797568926674477
63.69786394991152 0.007860997921119968
63.70400587103291 0.007928008853147438
63.7101477921543 0.007998250484612038
63.716289713275685 0.008071349240954056
63.722431634397076 0.008146911148110269
63.72857355551846 0.008224523885221553
63.73471547663985 0.008303758942054207
63.74085739776124 0.008384173869272501
63.74699931888262 0.008465314608970561
63.75314124000401 0.008546717892204164
63.7592831611254 0.008627913689666993
63.765425082246786 0.008708427701142954
63.771567003368176 0.008787783868943633
63.777708924489566 0.00886550690021934
63.78385084561095 0.008941124782822467
63.78999276673234 0.009014171279305455
63.79613468785373 0.009084188383667318
63.80227660897511 0.00915072872561873
63.8084185300965 0.009213357907423668
63.814560451217886 0.009271656758797212
63.82070237233928 0.009325223495891106
63.82684429346067 0.00937367577108059
63.83298621458205 0.009416652601073657
63.83912813570344 0.009453816161788722
63.84527005682483 0.009484853439483094
63.85141197794621 0.00950947772874974
63.857553899067604 0.009527429969224515
63.863695820188994 0.009538479914144277
63.86983774131038 0.009542427125255567
63.87597966243177 0.009539101789975983
63.88212158355315 0.009528365358142244
63.88826350467454 0.00951011099711954
63.89440542579593 0.009484263865482298
63.900547346917314 0.009450781206886534
63.906689268038704 0.009409652267125179
63.912831189160094 0.009360898038669246
63.91897311028148 0.009304570838239669
63.92511503140287 0.009240753724108782
63.93125695252426 0.009169559760885843
63.93739887364564 0.00909113114048669
63.94354079476703 0.009005638168816119
63.94968271588842 0.008913278128391645
63.955824637009805 0.0088142740277089
63.961966558131195 0.008708873248586019
63.96810847925258 0.008597346103026872
63.97425040037397 0.008479984311312432
63.98039232149536 0.00835709941307072
63.98653424261674 0.00822902112299105
63.99267616373813 0.008096095642646092
63.99881808485952 0.007958683939576596
64.0049600059809 0.007817160004384142
64.01110192710229 0.007671909096081624
64.01724384822369 0.007523325985380219
64.02338576934507 0.00737181320495894
64.02952769046645 0.007217779315079961
64.03566961158785 0.007061637192196588
64.04181153270923 0.00690380234746157
64.04795345383062 0.006744691281295992
64.05409537495201 0.006584719879435356
64.0602372960734 0.006424301855144053
64.06637921719478 0.006263847241588084
64.07252113831618 0.006103760937696373
64.07866305943756 0.005944441310224167
64.08480498055894 0.005786278854171993
64.09094690168034 0.005629654913212501
64.09708882280172 0.005474940461342565
64.1032307439231 0.005322494946610797
64.1093726650445 0.005172665197473497
64.11551458616589 0.00502578439210571
64.12165650728727 0.004882171090837084
64.12779842840867 0.004742128331791153
64.13394034953005 0.004605942789778107
64.14008227065143 0.004473883998521726
64.14622419177283 0.004346203636379817
64.15236611289421 0.004223134875842882
64.1585080340156 0.004104891797255493
64.16464995513698 0.003991668867390585
64.17079187625838 0.003883640483712627
64.17693379737976 0.0037809605853761597
64.18307571850114 0.0036837623322172304
64.18921763962254 0.003592157853192674
64.19535956074392 0.0035062380658988533
64.20150148186531 0.003426072568946975
64.2076434029867 0.003351709609078221
64.21378532410809 0.0032831761249599097
64.21992724522947 0.0032204778696080815
64.22606916635087 0.0031635996133241025
64.23221108747225 0.003112505428910308
64.23835300859363 0.0030671390607372724
64.24449492971503 0.0030274243789713325
64.25063685083641 0.0029932659199349994
64.2567787719578 0.0029645495131640134
64.2629206930792 0.0029411429952493047
64.26906261420058 0.0029228970100074548
64.27520453532196 0.00290964589392172
64.28134645644336 0.002901208645138689
64.28748837756474 0.0028973899736046056
64.29363029868613 0.0028979814291869364
64.29977221980752 0.0029027626038655315
64.3059141409289 0.0029115024032994527
64.31205606205029 0.002923960382296757
64.31819798317167 0.002939888137947765
64.32433990429307 0.00295903075343527
64.33048182541445 0.0029811282848285978
64.33662374653584 0.003005917282508159
64.34276566765723 0.003033132338268634
64.34890758877862 0.003062507648623748
64.3550495099 0.00309377858439265
64.3611914310214 0.0031266832562969428
64.36733335214278 0.0031609640660485118
64.37347527326416 0.003196369232263618
64.37961719438556 0.003232654280506837
64.38575911550694 0.0032695834868504223
64.39190103662833 0.003306931264530664
64.39804295774972 0.0033444834835949615
64.4041848788711 0.0033820387138539265
64.41032679999249 0.0034194093819821794
64.41646872111389 0.0034564228342408693
64.42261064223527 0.003492922297014899
64.42875256335665 0.0035287677281605166
64.43489448447805 0.0035638365530360934
64.44103640559943 0.0035980242800206295
64.44717832672082 0.003631244991309142
64.45332024784221 0.0036634317057877125
64.4594621689636 0.003694536611828751
64.46560409008498 0.0037245311688884246
64.47174601120636 0.0037534060778267736
64.47788793232776 0.003781171120885534
64.48402985344914 0.003807854873247486
64.49017177457053 0.0038335042890427096
64.49631369569192 0.003858184165559007
64.50245561681331 0.0038819764902426673
64.50859753793469 0.003904979675838733
64.51473945905609 0.003927307689705834
64.52088138017747 0.003949089083948712
64.52702330129885 0.003970465933541752
64.53316522242025 0.00399159269005888
64.53930714354163 0.004012634958991563
64.54544906466302 0.004033768208917797
64.55159098578442 0.0040551764209942505
64.5577329069058 0.004077050687375225
64.56387482802718 0.00409958776723059
64.57001674914858 0.004122988609040363
64.57615867026996 0.004147456847793454
64.58230059139134 0.0041731972856230235
64.58844251251274 0.0042004143642737374
64.59458443363413 0.004229310637627529
64.60072635475551 0.004260085252319385
64.6068682758769 0.00429293244426275
64.61301019699829 0.004328040058676977
64.61915211811967 0.004365588100978929
64.62529403924106 0.0044057473256652975
64.63143596036245 0.004448677870082662
64.63757788148384 0.0044945279397538805
64.64371980260522 0.004543432551710742
64.64986172372662 0.004595512342072355
64.656003644848 0.004650872443902353
64.66214556596938 0.004709601441183566
64.66828748709078 0.004771770404553879
64.67442940821216 0.004837432014253661
64.68057132933355 0.004906619775543004
64.68671325045494 0.004979347331639388
64.69285517157633 0.005055607879013521
64.69899709269771 0.0051353736896439135
64.7051390138191 0.0052185957445708454
64.71128093494049 0.005305203482799895
64.71742285606187 0.005395104669276687
64.72356477718327 0.0054881853852857265
64.72970669830465 0.005584310144206716
64.73584861942604 0.005683322135094054
64.74199054054743 0.005785043596018888
64.74813246166882 0.00588927631853039
64.7542743827902 0.0059958022839499345
64.7604163039116 0.006104384431509347
64.76655822503298 0.006214767557581753
64.77270014615436 0.006326679344438194
64.77884206727575 0.006439831516091396
64.78498398839714 0.006553921117873199
64.79112590951853 0.006668631915436663
64.79726783063991 0.006783635907887315
64.80340975176131 0.006898594948740438
64.80955167288269 0.007013162467384554
64.81569359400407 0.007126985282714982
64.82183551512547 0.00723970549960188
64.82797743624685 0.007350962477885285
64.83411935736824 0.0074603948626616005
64.84026127848963 0.00756764266375435
64.84640319961102 0.007672349371463057
64.8525451207324 0.007774164094969538
64.8586870418538 0.007872743709166035
64.86482896297518 0.007967754995165886
64.87097088409656 0.00805887675937527
64.87711280521796 0.008145801915757343
64.88325472633935 0.008228239515809335
64.88939664746073 0.008305916710813925
64.89553856858213 0.008378580631114378
64.90168048970351 0.008446000167507324
64.90782241082489 0.008507967640342578
64.91396433194629 0.00856430034256784
64.92010625306767 0.008614841943749335
64.92624817418906 0.008659463743033472
64.93239009531044 0.008698065760077919
64.93853201643184 0.008730577654163858
64.94467393755322 0.00875695946299124
64.9508158586746 0.008777202154040535
64.956957779796 0.008791327982841579
64.96309970091738 0.008799390654009271
64.96924162203877 0.008801475282462138
64.97538354316016 0.008797698153824293
64.98152546428155 0.00878820628459601
64.98766738540293 0.00877317678425413
64.99380930652433 0.008752816022985556
64.99995122764571 0.008727358610251687
65.00609314876709 0.008697066190815598
65.01223506988849 0.008662226066214786
65.01837699100987 0.008623149650927536
65.02451891213126 0.00858017077363936
65.03066083325265 0.008533643835065316
65.03680275437404 0.008483941834713647
65.04294467549542 0.008431454279779734
65.04908659661682 0.008376584990036495
65.0552285177382 0.008319749813132698
65.06137043885958 0.00826137426512871
65.06751235998098 0.00820189111138752
65.07365428110236 0.008141737903105517
65.07979620222375 0.008081354484813353
65.08593812334513 0.008021180488114978
65.09208004446653 0.007961652826761006
65.09822196558791 0.00790320320788842
65.1043638867093 0.00784625567390541
65.11050580783069 0.007791224189068995
65.11664772895207 0.00773851028430277
65.12278965007346 0.007688500773242222
65.12893157119485 0.007641565551885617
65.13507349231624 0.007598055493573742
65.14121541343762 0.0075583004503361785
65.14735733455902 0.007522607370925461
65.1534992556804 0.007491258545124951
65.15964117680178 0.007464509983162767
65.16578309792318 0.007442589938300639
65.17192501904456 0.0074256975798921085
65.17806694016595 0.007414001823425631
65.18420886128735 0.007407640323283686
65.19035078240873 0.007406718633159416
65.19649270353011 0.00741130953828014
65.20263462465151 0.0074214525627870655
65.20877654577289 0.007437153654818648
65.21491846689428 0.007458385051030627
65.22106038801567 0.0074850853214663655
65.22720230913706 0.007517159594860215
65.23334423025844 0.007554479963612617
65.23948615137982 0.007596886066822817
65.24562807250122 0.007644185848895676
65.2517699936226 0.007696156490361794
65.25791191474399 0.007752545506659459
65.26405383586538 0.007813072009727527
65.27019575698677 0.007877428126357184
65.27633767810815 0.007945280566343882
65.28247959922955 0.008016272332579608
65.28862152035093 0.00809002456433815
65.29476344147231 0.008166138504130064
65.30090536259371 0.008244197577658758
65.3070472837151 0.008323769575596303
65.31318920483648 0.008404408925128583
65.31933112595787 0.008485659038504702
65.32547304707926 0.008567054725175383
65.33161496820064 0.008648124653528521
65.33775688932204 0.008728393847738606
65.34389881044342 0.008807386204849407
65.3500407315648 0.008884627016915518
65.3561826526862 0.00895964548284535
65.36232457380758 0.009031977194525071
65.36846649492897 0.009101166581863458
65.37460841605036 0.009166769301587677
65.38075033717175 0.00922835455494118
65.38689225829313 0.009285507319888149
65.39303417941451 0.009337830484015831
65.39917610053591 0.009384946865037542
65.4053180216573 0.009426501106638629
65.41145994277868 0.009462161438360178
65.41760186390007 0.009491621289277476
65.42374378502146 0.009514600746390022
65.42988570614284 0.009530847849882151
65.43602762726424 0.009540139718730254
65.44216954838562 0.009542283501503284
65.448311469507 0.009537117148614592
65.4544533906284 0.009524510003718647
65.46059531174978 0.009504363213388106
65.46673723287117 0.009476609955636183
65.47287915399257 0.009441215489251918
65.47902107511395 0.009398177027273597
65.48516299623533 0.009347523439221295
65.49130491735673 0.009289314787930046
65.49744683847811 0.009223641707956413
65.5035887595995 0.009150624633559881
65.50973068072089 0.009070412885177945
65.51587260184228 0.00898318362411031
65.52201452296366 0.008889140685796094
65.52815644408506 0.008788513302606568
65.53429836520644 0.008681554727478225
65.54044028632782 0.008568540769981557
65.5465822074492 0.008449768256556875
65.5527241285706 0.008325553426657598
65.55886604969199 0.00819623027642686
65.56500797081337 0.008062148861303978
65.57114989193477 0.007923673568621769
65.57729181305615 0.007781181370823928
65.58343373417753 0.007635060069415963
65.58957565529893 0.007485706539175815
65.59571757642031 0.0073335249815029944
65.6018594975417 0.007178925195094166
65.6080014186631 0.007022320871407536
65.61414333978448 0.00686412792163803
65.62028526090586 0.0067047628411764015
65.62642718202726 0.006544641116785596
65.63256910314864 0.006384175681007134
65.63871102427002 0.006223775417618862
65.64485294539142 0.006063843721315083
65.6509948665128 0.005904777114177738
65.65713678763419 0.005746963920960416
65.66327870875558 0.005590783004723174
65.66942062987697 0.005436602563936438
65.67556255099835 0.005284778991823732
65.68170447211975 0.005135655798433303
65.68784639324113 0.00498956259571902
65.69398831436251 0.004846814145771863
65.7001302354839 0.004707709472267632
65.7062721566053 0.0045725310351835
65.71241407772668 0.004441543968879171
65.71855599884806 0.004314995383729425
65.72469791996946 0.00419311373163002
65.73083984109084 0.004076108235865324
65.73698176221222 0.003964168386018306
65.74312368333362 0.0038574634988111584
65.749265604455 0.0037561423459761757
65.75540752557639 0.003660332850465295
65.76154944669779 0.0035701418525001163
65.76769136781917 0.0034856549471332585
65.77383328894055 0.00340693639512893
65.77997521006195 0.0033340291090652348
65.78611713118333 0.0032669547166056445
65.79225905230471 0.0032057137028768746
65.79840097342611 0.003150285633815924
65.8045428945475 0.0031006294622105144
65.81068481566888 0.00305668391794548
65.81682673679028 0.003018367983687067
65.82296865791166 0.002985581456882048
65.82911057903304 0.002958205598523129
65.83525250015444 0.002936103868638105
65.84139442127582 0.0029191227479019944
65.8475363423972 0.0029070926441545444
65.85367826351859 0.0028998288819365482
65.85982018463999 0.0028971327724474447
65.86596210576137 0.0028987927605819753
65.87210402688275 0.002904585644935422
65.87824594800415 0.0029142778658896736
65.88438786912553 0.0029276268561135017
65.89052979024692 0.0029443824470483096
65.89667171136831 0.0029642883242122324
65.9028136324897 0.0029870835234595337
65.90895555361108 0.003012503959685818
65.91509747473248 0.003040283978888991
65.92123939585386 0.003070157923989712
65.92738131697524 0.003101861704394713
65.93352323809664 0.0031351343589604216
65.93966515921802 0.0031697196017902883
65.9458070803394 0.0032053673401828825
65.9519490014608 0.0032418351540440065
65.95809092258219 0.0032788897261869267
65.96423284370357 0.003316308213169257
65.97037476482497 0.0033538795466553192
65.97651668594635 0.0033914056557408784
65.98265860706773 0.003428702601232391
65.98880052818913 0.003465601613524799
65.99494244931051 0.003501950026465036
66.0010843704319 0.0035376121004093777
66.00722629155328 0.0035724697285752344
66.01336821267468 0.003606423021734791
66.01951013379606 0.0036393907672896005
66.02565205491744 0.003671310759787552
66.03179397603884 0.0037021400009825687
66.03793589716022 0.003731854768580361
66.04407781828161 0.0037604505538456528
66.050219739403 0.0037879418692579126
66.05636166052439 0.0038143619283776712
66.06250358164577 0.003839762201018134
66.06864550276717 0.003864211847692254
66.07478742388855 0.0038877970381188663
66.08092934500993 0.003910620159315504
66.08707126613133 0.003932798919472823
66.09321318725272 0.003954465354393862
66.0993551083741 0.003975764743789356
66.1054970294955 0.0039968544451440885
66.11163895061688 0.004017902653213438
66.11778087173826 0.004039087093472825
66.12392279285966 0.004060593658030868
66.13006471398104 0.00408261499263399
66.13620663510243 0.004105349043441271
66.14234855622382 0.004128997572238788
66.1484904773452 0.004153764648702742
66.15463239846659 0.004179855128211514
66.16077431958797 0.00420747312356372
66.16691624070937 0.00423682047878142
66.17305816183075 0.004268095252979153
66.17920008295214 0.004301490222061732
66.18534200407353 0.004337191405786951
66.19148392519492 0.004375376627495497
66.1976258463163 0.004416214113578061
66.2037677674377 0.004459861139517597
66.20990968855908 0.004506462729121206
66.21605160968046 0.004556150413337408
66.22219353080186 0.004609041054846065
66.22833545192324 0.004665235744405736
66.23447737304463 0.004724818774746756
66.24061929416602 0.004787856697606332
66.2467612152874 0.004854397469308889
66.25290313640879 0.004924469690097394
66.25904505753019 0.0049980819422163255
66.26518697865157 0.005075222231525515
66.27132889977295 0.005155857537183216
66.27747082089435 0.005239933473670061
66.28361274201573 0.005327374069125198
66.28975466313712 0.0054180816636282166
66.29589658425851 0.005511936930679602
66.3020385053799 0.005608799024701404
66.30818042650128 0.00570850585689722
66.31432234762266 0.005810874501271055
66.32046426874406 0.005915701732006315
66.32660618986544 0.0060227646927487255
66.33274811098683 0.006131821697618939
66.33889003210822 0.006242613163005321
66.34503195322961 0.006354862668355663
66.35117387435099 0.006468278143305474
66.35731579547239 0.006582553177553792
66.36345771659377 0.006697368448932938
66.36959963771515 0.006812393264126951
66.37574155883655 0.006927287205481457
66.38188347995793 0.007041701876330533
66.38802540107932 0.00715528273625276
66.39416732220072 0.007267671016674261
66.4003092433221 0.007378505706275285
66.40645116444348 0.0074874255947402065
66.41259308556488 0.007594071362537373
66.41873500668626 0.0076980877036349395
66.42487692780765 0.007799125467368993
66.43101884892904 0.007896843805091069
66.43716077005043 0.007990912306748848
66.44330269117181 0.008081013112203704
66.4494446122932 0.008166842981874896
66.45558653341459 0.008248115311228226
66.46172845453597 0.008324562073701977
66.46787037565737 0.008395935676892397
66.47401229677875 0.008462010717201273
66.48015421790014 0.008522585618683782
66.48629613902152 0.00857748414251871
66.49243806014292 0.008626556754353344
66.4985799812643 0.008669681837741743
66.50472190238568 0.008706766742990021
66.51086382350708 0.008737748661933671
66.51700574462846 0.008762595320485768
66.52314766574985 0.008781305482197563
66.52928958687124 0.008793909257547106
66.53543150799263 0.008800468215201106
66.54157342911401 0.008801075293061247
66.5477153502354 0.008795854508491267
66.55385727135679 0.008784960468706762
66.55999919247817 0.008768577683877244
66.56614111359957 0.008746919687022679
66.57228303472095 0.008720227966268
66.57842495584234 0.008688770716431864
66.58456687696373 0.008652841418259038
66.59070879808512 0.008612757254842927
66.5968507192065 0.008568857375918728
66.6029926403279 0.0085215010217265
66.60913456144928 0.008471065519042045
66.61527648257066 0.008417944162746613
66.62141840369206 0.00836254399694954
66.62756032481344 0.008305283510192465
66.63370224593483 0.008246590259647892
66.63984416705621 0.008186898439483396
66.64598608817761 0.008126646408698233
66.65212800929899 0.008066274193757722
66.65826993042037 0.008006220981258846
66.66441185154177 0.007946922615667346
66.67055377266315 0.00788880911687688
66.67669569378454 0.007832302231968517
66.68283761490594 0.007777813035099191
66.68897953602732 0.007725739588931818
66.6951214571487 0.007676464680446583
66.7012633782701 0.007630353643351012
66.70740529939148 0.007587752278644309
66.71354722051287 0.007548984884196332
66.71968914163426 0.0075143524034806996
66.72583106275565 0.00748413070286073
66.73197298387703 0.007458568986070984
66.73811490499843 0.007437888353769652
66.74425682611981 0.007422280515262885
66.75039874724119 0.0074119066587203615
66.75654066836259 0.007406896485416407
66.76268258948397 0.007407347412740464
66.76882451060536 0.007413323949926769
66.77496643172675 0.007424857249653108
66.78110835284814 0.007441944837852459
66.78725027396952 0.0074645505232673
66.7933921950909 0.007492604487453325
66.7995341162123 0.007526003555105057
66.80567603733368 0.007564611643730562
66.81181795845507 0.007608260390844423
66.81795987957646 0.007656749955977787
66.82410180069785 0.0077098499939224395
66.83024372181923 0.007767300794733329
66.83638564294063 0.007828814585114403
66.84252756406201 0.00789407698490783
66.8486694851834 0.007962748611502634
66.85481140630479 0.008034466824080305
66.86095332742617 0.008108847598727792
66.86709524854756 0.008185487524581678
66.87323716966895 0.008263965910327853
66.87937909079034 0.008343846989578128
66.88552101191172 0.008424682212889893
66.89166293303312 0.008506012613494165
66.8978048541545 0.008587371233165851
66.90394677527588 0.008668285594112687
66.91008869639728 0.008748280202291426
66.91623061751866 0.008826879067186946
66.92237253864005 0.008903608222823402
66.92851445976143 0.00897799823462296
66.93465638088283 0.009049586676694726
66.94079830200421 0.009117920564229373
66.94694022312561 0.009182558725896912
66.95308214424699 0.009243074101500116
66.95922406536837 0.009299055950622572
66.96536598648976 0.009350111958628109
66.97150790761116 0.009395870227113568
66.97764982873254 0.009435981136784182
66.98379174985392 0.009470119071702662
66.98993367097532 0.00949798399494984
66.9960755920967 0.00951930286691705
67.00221751321808 0.009533830898712405
67.00835943433948 0.009541352634494899
67.01450135546087 0.009541682857932696
67.02064327658225 0.009534667319400985
67.02678519770365 0.009520183281973918
67.03292711882503 0.009498139885704386
67.03906903994641 0.009468478331111255
67.04521096106781 0.00943117188418581
67.05135288218919 0.009386225706572562
67.05749480331058 0.009333676515858402
67.06363672443197 0.00927359208210354
67.06977864555336 0.009206070567853757
67.07592056667474 0.009131239719875842
67.08206248779612 0.00904925592174592
67.08820440891752 0.008960303117184836
67.0943463300389 0.008864591614672523
67.1004882511603 0.008762356784376077
67.10663017228168 0.008653857658797212
67.11277209340307 0.008539375448780553
67.11891401452445 0.008419211986627912
67.12505593564585 0.00829368810804217
67.13119785676723 0.008163141984479242
67.13733977788861 0.008027927417230575
67.14348169901001 0.007888412104197893
67.1496236201314 0.007744975889867467
67.15576554125278 0.007598009008457455
67.16190746237417 0.007447910329606988
67.16804938349556 0.007295085615317259
67.17419130461694 0.007139945796153273
67.18033322573834 0.00698290527398523
67.18647514685972 0.006824380257803683
67.1926170679811 0.006664787138395906
67.1987589891025 0.006504540906934332
67.20490091022388 0.006344053621813694
67.21104283134527 0.006183732927391457
67.21718475246666 0.006023980627647358
67.22332667358805 0.005865191317188165
67.22946859470943 0.005707751071492786
67.23561051583083 0.005552036197824291
67.24175243695221 0.005398412047833592
67.2478943580736 0.005247231892547807
67.25403627919499 0.005098835860174377
67.26017820031637 0.004953549936960605
67.26632012143776 0.0048116850312244774
67.27246204255914 0.004673536100613862
67.27860396368054 0.004539381342652519
67.28474588480192 0.004409481448686887
67.2908878059233 0.004284078921450942
67.2970297270447 0.004163397456609419
67.30317164816609 0.004047641388814419
67.30931356928747 0.003936995203006524
67.31545549040887 0.0038316231119014895
67.32159741153025 0.003731668700815383
67.32773933265163 0.00363725464118632
67.33388125377303 0.0035484824743396565
67.34002317489441 0.003465432467205268
67.3461650960158 0.003388163541822461
67.35230701713719 0.0033167132805513432
67.35844893825858 0.003251098008941275
67.36459085937996 0.003191312958180428
67.37073278050136 0.003137332508961818
67.37687470162274 0.0030891105184428624
67.38301662274412 0.0030465807317486384
67.38915854386552 0.00300965727916801
67.3953004649869 0.002978235259820104
67.40144238610829 0.0029521914121253714
67.40758430722968 0.0029313848709050746
67.41372622835107 0.002915658010359165
67.41986814947245 0.0029048373715423906
67.42601007059383 0.002898734672278164
67.43215199171523 0.0028971478967289143
67.43829391283661 0.0028998624610904454
67.444435833958 0.002906652451106276
67.4505777550794 0.0029172819263185274
67.45671967620078 0.0029315062851966735
67.46286159732216 0.0029490736845277244
67.46900351844356 0.002969726505722651
67.47514543956494 0.0029932028600087065
67.48128736068632 0.0030192381238470247
67.48742928180772 0.003047566495350999
67.4935712029291 0.003077922561995861
67.49971312405049 0.0031100428695124095
67.50585504517188 0.0031436674815559806
67.51199696629327 0.0031785415195450437
67.51813888741465 0.003214416671974885
67.52428080853605 0.0032510526625364427
67.53042272965743 0.003288218666509683
67.53656465077881 0.0033256946651548736
67.54270657190021 0.0033632727281920293
67.5488484930216 0.0034007582149349425
67.55499041414298 0.00343797088522589
67.56113233526438 0.0034747459119928302
67.56727425638576 0.0035109347880141035
67.57341617750714 0.00354640612031662
67.57955809862852 0.0035810463065392077
67.58570001974992 0.003614760088553261
67.5918419408713 0.003647470979633058
67.59798386199269 0.0036791215624957067
67.60412578311409 0.0037096736565721497
67.61026770423547 0.0037391083539117793
67.61640962535685 0.003767425924151774
67.62255154647825 0.0037946455899854005
67.62869346759963 0.003820805175529529
67.63483538872102 0.0038459606309098177
67.64097730984241 0.0038701854372437637
67.6471192309638 0.0038935698969980777
67.65326115208518 0.003916220315421665
67.65940307320658 0.003938258079404025
67.66554499432796 0.003959818640677118
67.67168691544934 0.00398105041076523
67.67782883657074 0.0040021135754918285
67.68397075769212 0.0040231788371753886
67.6901126788135 0.004044426092891108
67.6962545999349 0.004066043057345082
67.70239652105629 0.004088223839007186
67.70853844217767 0.004111167478184562
67.71468036329907 0.004135076455694632
67.72082228442045 0.004160155180723429
67.72696420554183 0.004186608466337291
67.73310612666322 0.004214640000962753
67.73924804778461 0.00424445082396632
67.745389968906 0.00427623781326163
67.75153189002738 0.00431019219265104
67.75767381114878 0.004346498066379568
67.76381573227016 0.004385330988145622
67.76995765339154 0.004426856571579523
67.77609957451294 0.004471229148971811
67.78224149563432 0.004518590484810125
67.7883834167557 0.004569068550467627
67.7945253378771 0.004622776366179036
67.80066725899849 0.004679810916239131
67.80680918011987 0.004740252143164394
67.81295110124127 0.004804162026365364
67.81909302236265 0.0048715837506845055
67.82523494348403 0.004942540969955012
67.83137686460543 0.005017037170527493
67.83751878572681 0.0050950551394855
67.8436607068482 0.00517655654202459
67.8498026279696 0.005261481612194406
67.85594454909098 0.005349748960894751
67.86208647021236 0.005441255504668173
67.86822839133376 0.005535876518438899
67.87437031245514 0.005633465814904067
67.88051223357652 0.005733856052787112
67.88665415469791 0.005836859175608677
67.8927960758193 0.005942266982017641
67.89893799694069 0.006049851828052145
67.90507991806207 0.0061593674609678704
67.91122183918347 0.006270549983480974
67.91736376030485 0.006383118946429167
67.92350568142624 0.00649677856696049
67.92964760254763 0.006611219068422677
67.93578952366902 0.006726118137154426
67.9419314447904 0.006841142490380984
67.9480733659118 0.006955949548403286
67.95421528703318 0.007070189203251358
67.96035720815456 0.0071835056749637105
67.96649912927596 0.007295539445666476
67.97264105039734 0.0074059292606746254
67.97878297151873 0.007514314184935762
67.98492489264012 0.007620335702300049
67.9910668137615 0.00772363984434124
67.99720873488289 0.007823879334787589
68.00335065600429 0.007920715735060483
68.00949257712567 0.008013821575974548
68.01563449824705 0.008102882460336991
68.02177641936845 0.008187599121004042
68.02791834048983 0.008267689418916866
68.03406026161122 0.00834289026575321
68.0402021827326 0.008412959456097198
68.046344103854 0.008477677394450022
68.05248602497538 0.008536848702976118
68.05862794609676 0.008590303696601832
68.06476986721816 0.0086378997129474
68.07091178833954 0.00867952228557339
68.07705370946093 0.008715086150147634
68.08319563058232 0.008744536074376958
68.08933755170371 0.008767847503885614
68.09547947282509 0.008785027017644317
68.10162139394649 0.008796112588043543
68.10776331506787 0.008801173642244954
68.11390523618925 0.008800310923017422
68.12004715731065 0.008793656148851027
68.12618907843203 0.008781371474725358
68.13233099955342 0.008763648756468543
68.13847292067481 0.008740708623165333
68.1446148417962 0.008712799363537471
68.15075676291758 0.00868019563361441
68.15689868403898 0.008643196994322084
68.16304060516036 0.008602126288829974
68.16918252628174 0.008557327870602696
68.17532444740314 0.008509165694091598
68.18146636852453 0.008458021280869529
68.18760828964591 0.008404291574752518
68.19375021076729 0.008348386700063716
68.19989213188869 0.008290727637675735
68.20603405301007 0.00823174383382103
68.21217597413145 0.00817187075688657
68.21831789525285 0.00811154741751477
68.22445981637424 0.008051213867323458
68.23060173749562 0.007991308691439245
68.23674365861702 0.007932266509820181
68.2428855797384 0.007874515502033538
68.24902750085978 0.00781847496976074
68.25516942198118 0.0077645529508354
68.26131134310256 0.007713143898088367
68.26745326422395 0.007664626435688691
68.27359518534534 0.0076193612050355465
68.27973710646673 0.0075776888115857794
68.28587902758811 0.0075399278832995395
68.2920209487095 0.007506373250659778
68.29816286983089 0.0074772942574766535
68.30430479095227 0.0074529332109284935
68.31044671207367 0.007433503978522065
68.31658863319505 0.007419190738877712
68.32273055431644 0.007410146892463425
68.32887247543783 0.0074064941376143474
68.33501439655922 0.007408321716384081
68.3411563176806 0.007415685833977499
68.34729823880198 0.007428609254714785
68.35344015992338 0.007447081076667237
68.35958208104476 0.007471056686290187
68.36572400216615 0.0075004578935517745
68.37186592328754 0.007535173247220497
68.37800784440893 0.007575058529124846
68.38414976553031 0.00761993742533803
68.39029168665171 0.007669602371367234
68.39643360777309 0.007723815567541806
68.40257552889447 0.007782310159900912
68.40871745001587 0.007844791580979255
68.41485937113725 0.007910939043984934
68.42100129225864 0.007980407182959984
68.42714321338003 0.008052827830617915
68.43328513450142 0.008127811924670015
68.4394270556228 0.00820495153259131
68.4455689767442 0.008283821983945963
68.45171089786558 0.008363984098599961
68.45785281898696 0.008444986498406406
68.46399474010836 0.008526367989264183
68.47013666122974 0.008607659999836651
68.47627858235113 0.008688389062681762
68.48242050347253 0.008768079323099106
68.48856242459391 0.008846255060652971
68.49470434571529 0.00892244320809101
68.50084626683667 0.008996175852254481
68.50698818795807 0.009066992701573864
68.51313010907946 0.009134443504868523
68.51927203020084 0.009198090406424183
68.52541395132224 0.009257510222710146
68.53155587244362 0.009312296626617185
68.537697793565 0.009362062225747703
68.5438397146864 0.009406440522065554
68.54998163580778 0.009445087741110034
68.55612355692917 0.009477684519986991
68.56226547805056 0.009503937444462662
68.56840739917195 0.009523580426688211
68.57454932029333 0.009536375916364765
68.58069124141473 0.009542115939503912
68.58683316253611 0.009540622960332147
68.59297508365749 0.009531750563313462
68.59911700477889 0.009515383953704402
68.60525892590027 0.009491440276494565
68.61140084702166 0.009459868755003443
68.61754276814305 0.009420650651786577
68.62368468926444 0.009373799055832549
68.62982661038582 0.009319358501292827
68.63596853150722 0.00925740442416311
68.6421104526286 0.009188042464417115
68.64825237374998 0.009111407622067275
68.65439429487137 0.009027663276485133
68.66053621599276 0.008937000079047195
68.66667813711415 0.008839634729776306
68.67282005823553 0.008735808649118965
68.67896197935693 0.008625786556335259
68.68510390047831 0.008509854966181158
68.6912458215997 0.00838832061563493
68.69738774272109 0.008261508832365618
68.70352966384247 0.008129761856468501
68.70967158496386 0.00799343712670936
68.71581350608525 0.007852905542133483
68.72195542720664 0.00770854970942082
68.72809734832802 0.007560762185815294
68.73423926944942 0.0074099437268370545
68.7403811905708 0.007256501547316116
68.74652311169218 0.007100847603575505
68.75266503281358 0.00694339690385772
68.75880695393496 0.006784565853341738
68.76494887505635 0.006624770639352195
68.77109079617775 0.006464425661630703
68.77723271729913 0.006303942011831977
68.78337463842051 0.006143726005735278
68.78951655954191 0.005984177771034543
68.79565848066329 0.005825689892995014
68.80180040178467 0.005668646119748165
68.80794232290606 0.005513420128544741
68.81408424402746 0.005360374353901131
68.82022616514884 0.005209858878259834
68.82636808627022 0.005062210385541025
68.83251000739162 0.004917751177787329
68.838651928513 0.004776788254997404
68.84479384963439 0.004639612458200065
68.85093577075578 0.0045064976758364935
68.85707769187717 0.0043777001135862316
68.86321961299855 0.004253457627886485
68.86936153411995 0.004133989123546177
68.87550345524133 0.004019494016037099
68.88164537636271 0.003910151759244897
68.88778729748411 0.0038061214396740623
68.89392921860549 0.0037075414383121535
68.90007113972688 0.0036145291615605883
68.90621306084827 0.0035271808428219893
68.91235498196966 0.003445571416488244
68.91849690309104 0.003369754466190008
68.92463882421244 0.0032997622492394706
68.93078074533382 0.0032356057992159763
68.9369226664552 0.0031772751086027256
68.9430645875766 0.003124739393276531
68.94920650869798 0.0030779474404779433
68.95534842981937 0.0030368280416432016
68.96149035094075 0.003001290511161251
68.96763227206215 0.002971225291728813
68.97377419318353 0.002946504646516448
68.97991611430491 0.0029269834378316587
68.98605803542631 0.002912499991376496
68.9921999565477 0.0029028770445538397
68.99834187766908 0.002897922776584959
69.00448379879047 0.0028974319174720127
69.01062571991186 0.0029011869320812573
69.01676764103324 0.002908959274848538
69.02290956215464 0.002920510709828906
69.02905148327602 0.002935594690040102
69.0351934043974 0.002953957789297948
69.0413353255188 0.0029753411790227925
69.04747724664018 0.0029994821418233663
69.05361916776157 0.0030261156130496386
69.05976108888296 0.0030549757409614638
69.06590301000435 0.0030857974556952154
69.07204493112573 0.0031183180368365743
69.07818685224713 0.003152278669131636
69.08432877336851 0.003187425975697879
69.0904706944899 0.003223513518035923
69.09661261561129 0.003260303252196317
69.10275453673268 0.003297566930623373
69.10889645785406 0.0033350874394807496
