time TPR_both_C_closed_1_rho12_imag
0.0 0.0
0.00614192112138767 -0.00613512841053589
0.01228384224277534 -0.012229588234622188
0.01842576336416301 -0.018243146670040348
0.02456768448555068 -0.02413643539520665
0.030709605606938348 -0.029871365272739297
0.03685152672832602 -0.03541152051370844
0.042993447849713685 -0.04072252627649932
0.04913536897110136 -0.04577238433669962
0.05527729009248903 -0.05053177224422793
0.061419211213876695 -0.054974302252654976
0.06756113233526437 -0.05907673723271975
0.07370305345665204 -0.06281916173606907
0.07984497457803971 -0.06618510732564221
0.08598689569942737 -0.06916163220733469
0.09212881682081504 -0.07173935605826018
0.09827073794220272 -0.0739124517288316
0.10441265906359039 -0.07567859618242653
0.11055458018497806 -0.07703888361601044
0.11669650130636572 -0.07799770417117692
0.12283842242775339 -0.07856259199578514
0.12898034354914106 -0.0787440466541553
0.13512226467052874 -0.07855533201466873
0.1412641857919164 -0.07801225677652213
0.14740610691330408 -0.07713294074328511
0.15354802803469175 -0.07593757082205391
0.15968994915607942 -0.07444815053615904
0.16583187027746707 -0.0726882465992306
0.17197379139885474 -0.07068273582096561
0.17811571252024241 -0.06845755531115469
0.1842576336416301 -0.06603945862809057
0.19039955476301776 -0.06345578018865607
0.19654147588440543 -0.06073420992699125
0.2026833970057931 -0.05790257986212235
0.20882531812718078 -0.05498866391653105
0.21496723924856845 -0.05201999202055061
0.22110916036995612 -0.049023679244062465
0.2272510814913438 -0.04602627041897651
0.23339300261273144 -0.043053600454710725
0.2395349237341191 -0.04013067030536267
0.24567684485550678 -0.037281538322344356
0.25181876597689445 -0.03452922652071526
0.2579606870982821 -0.03189564110204926
0.2641026082196698 -0.02940150641214586
0.27024452934105747 -0.027066311368959265
0.27638645046244514 -0.024908267275427547
0.2825283715838328 -0.022944275834003675
0.2886702927052205 -0.021189906105048315
0.29481221382660816 -0.019659379100088716
0.30095413494799583 -0.01836555867331543
0.3070960560693835 -0.017319947370376766
0.3132379771907712 -0.016532685912088653
0.31937989831215885 -0.01601255503140206
0.3255218194335465 -0.015766978443916835
0.33166374055493414 -0.015802025814232568
0.3378056616763218 -0.01612241468111643
0.3439475827977095 -0.01673151042230804
0.35008950391909716 -0.017631323473091827
0.35623142504048483 -0.018822503159753274
0.3623733461618725 -0.020304327667809395
0.3685152672832602 -0.022074689833506567
0.37465718840464785 -0.024130078623487004
0.3807991095260355 -0.026465556349667185
0.3869410306474232 -0.029074731852115298
0.39308295176881086 -0.03194973006988313
0.39922487289019853 -0.035081158606093094
0.4053667940115862 -0.038458072076801686
0.4115087151329739 -0.04206793521087169
0.41765063625436155 -0.04589658583784722
0.4237925573757492 -0.04992819906011432
0.4299344784971369 -0.05414525405188653
0.43607639961852457 -0.05852850505816515
0.44221832073991224 -0.06305695827918688
0.4483602418612999 -0.0677078564173953
0.4545021629826876 -0.07245667273215887
0.4606440841040752 -0.07727711648991258
0.4667860052254629 -0.08214115171192451
0.47292792634685055 -0.08701903110650051
0.4790698474682382 -0.09187934702545345
0.4852117685896259 -0.09668910120471784
0.49135368971101356 -0.10141379493509489
0.49749561083240124 -0.10601754116067148
0.5036375319537889 -0.11046319981928014
0.5097794530751766 -0.11471253752166864
0.5159213741965643 -0.11872641241442641
0.5220632953179519 -0.12246498478712643
0.5282052164393396 -0.12588795366785963
0.5343471375607273 -0.12895481930492136
0.5404890586821149 -0.13162517105765473
0.5466309798035026 -0.1338589998183944
0.5527729009248903 -0.13561703366234604
0.558914822046278 -0.1368610949756097
0.5650567431676656 -0.13755447684627736
0.5711986642890533 -0.13766233602294195
0.577340585410441 -0.13715209925299685
0.5834825065318286 -0.1359938793145779
0.5896244276532163 -0.13416089655674265
0.595766348774604 -0.131629901269666
0.6019082698959917 -0.12838159172896593
0.6080501910173793 -0.12440102230623308
0.614192112138767 -0.11967799562378786
0.6203340332601547 -0.11420743236991723
0.6264759543815424 -0.1079897120974682
0.63261787550293 -0.10103097812136176
0.6387597966243177 -0.09334339952810472
0.6449017177457054 -0.08494538333192549
0.651043638867093 -0.07586172997652978
0.6571855599884806 -0.0661237257060155
0.6633274811098683 -0.05576916582793354
0.669469402231256 -0.04484230357670772
0.6756113233526436 -0.03339372016237324
0.6817532444740313 -0.021480112657303634
0.687895165595419 -0.009163997624388678
0.6940370867168066 0.003486670191951121
0.7001790078381943 0.016398963229859145
0.706320928959582 0.029495527976594188
0.7124628500809697 0.04269520904503978
0.7186047712023573 0.05591374440609256
0.724746692323745 0.069064523992371
0.7308886134451327 0.08205940224543636
0.7370305345665203 0.09480955367979223
0.743172455687908 0.1072263592377849
0.7493143768092957 0.11922231016125658
0.7554562979306834 0.13071191535252627
0.761598219052071 0.14161259777370125
0.7677401401734587 0.151845565362742
0.7738820612948464 0.16133664223752894
0.780023982416234 0.1700170466120869
0.7861659035376217 0.17782410284498376
0.7923078246590094 0.1847018763484215
0.7984497457803971 0.1906017216655482
0.8045916669017847 0.19548273582110165
0.8107335880231724 0.19931211100737903
0.8168755091445601 0.2020653827200274
0.8230174302659478 0.20372657154115692
0.8291593513873354 0.20428821881731601
0.8353012725087231 0.20375131843788086
0.8414431936301108 0.20212514873322152
0.8475851147514984 0.19942701013825043
0.8537270358728861 0.19568187567239886
0.8598689569942738 0.19092196244930978
0.8660108781156615 0.1851862333370323
0.8721527992370491 0.1785198385410218
0.8782947203584368 0.1709735072857537
0.8844366414798245 0.16260289994197197
0.8905785626012122 0.15346793090720576
0.8967204837225998 0.143632072323041
0.9028624048439875 0.1331616483318163
0.9090043259653752 0.12212512906657907
0.9151462470867628 0.11059243295903451
0.9212881682081504 0.09863424526646783
0.9274300893295381 0.08632135998296163
0.9335720104509257 0.07372405153199652
0.9397139315723134 0.06091148185252936
0.9458558526937011 0.04795114770134428
0.9519977738150888 0.03490837221032221
0.9581396949364764 0.02184584396528583
0.9642816160578641 0.008823206118410252
0.9704235371792518 -0.004103302687158664
0.9765654583006395 -0.016881154510538746
0.9827073794220271 -0.02946178503507838
0.9888493005434148 -0.04180079347942992
0.9949912216648025 -0.05385809037240025
1.0011331427861903 -0.06559799464094632
1.0072750639075778 -0.07698928199096954
1.0134169850289656 -0.08800518704136255
1.0195589061503532 -0.09862336209795551
1.025700827271741 -0.10882579582087006
1.0318427483931285 -0.11859869534208255
1.0379846695145163 -0.12793233562655099
1.0441265906359039 -0.13682088003793794
1.0502685117572914 -0.14526217616811257
1.0564104328786792 -0.1532575310189796
1.0625523540000668 -0.1608114695880812
1.0686942751214545 -0.16793148080959888
1.074836196242842 -0.17462775464494631
1.0809781173642299 -0.18091291390838526
1.0871200384856174 -0.18680174416017045
1.0932619596070052 -0.1923109247105475
1.0994038807283928 -0.19745876346069224
1.1055458018497806 -0.20226493796979197
1.1116877229711681 -0.2067502447890993
1.117829644092556 -0.21093635875178152
1.1239715652139435 -0.21484560355893728
1.1301134863353313 -0.21850073466376163
1.1362554074567188 -0.22192473513307678
1.1423973285781066 -0.22514062486301756
1.1485392496994942 -0.22817128324724326
1.154681170820882 -0.2310392851444247
1.1608230919422695 -0.23376674976878895
1.1669650130636573 -0.23637520193426137
1.1731069341850449 -0.23888544491958036
1.1792488553064326 -0.2413174440884775
1.1853907764278202 -0.243690220294953
1.191532697549208 -0.24602175202791907
1.1976746186705955 -0.24832888520094168
1.2038165397919833 -0.2506272494704085
1.209958460913371 -0.2529311799682134
1.2161003820347587 -0.2552536433622346
1.2222423031561462 -0.25760616720903634
1.228384224277534 -0.25999877163824575
1.2345261453989216 -0.26243990250719074
1.2406680665203094 -0.26493636528820474
1.246809987641697 -0.2674932591003212
1.2529519087630847 -0.2701139104728162
1.2590938298844723 -0.2727998066310691
1.26523575100586 -0.2755505283260555
1.2713776721272476 -0.27836368248745197
1.2775195932486354 -0.2812348352659346
1.283661514370023 -0.28415744634068074
1.2898034354914107 -0.287122805699715
1.2959453566127983 -0.2901199744480502
1.302087277734186 -0.29313573155394657
1.3082291988555736 -0.29615452879705917
1.3143711199769612 -0.299158456521404
1.320513041098349 -0.30212722310616497
1.3266549622197366 -0.3050381513315164
1.3327968833411243 -0.30786619501621215
1.338938804462512 -0.3105839794189868
1.3450807255838997 -0.3131618689068949
1.3512226467052872 -0.3155680652814366
1.357364567826675 -0.3177687399006549
1.3635064889480626 -0.31972820232869903
1.3696484100694504 -0.32140910767490827
1.375790331190838 -0.32277270404977754
1.3819322523122257 -0.32377912067037146
1.3880741734336133 -0.3243876961064867
1.394216094555001 -0.3245573449941709
1.4003580156763886 -0.32424696028747185
1.4064999367977764 -0.32341584681417257
1.412641857919164 -0.32202418059634746
1.4187837790405518 -0.3200334871480608
1.4249257001619393 -0.31740713083050787
1.431067621283327 -0.31411080639077793
1.4372095424047147 -0.31011302309317174
1.4433514635261024 -0.3053855714247569
1.44949338464749 -0.29990396226284866
1.4556353057688778 -0.2936478286613113
1.4617772268902653 -0.2866012810584748
1.4679191480116531 -0.2787532077266612
1.4740610691330407 -0.2700975136462596
1.4802029902544285 -0.26063329265012447
1.486344911375816 -0.2503649295817043
1.4924868324972038 -0.2393021312612769
1.4986287536185914 -0.22745988716466115
1.5047706747399792 -0.2148583627861756
1.5109125958613667 -0.20152273057885
1.5170545169827545 -0.18748294504148166
1.523196438104142 -0.17277346986650316
1.5293383592255299 -0.1574329660047793
1.5354802803469174 -0.14150394999555602
1.5416222014683052 -0.12503243193044886
1.5477641225896928 -0.10806754197645513
1.5539060437110805 -0.09066115351002266
1.560047964832468 -0.07286750967463508
1.5661898859538559 -0.054742858653671976
1.5723318070752434 -0.03634510125173669
1.578473728196631 -0.01773345261548331
1.5846156493180188 0.001031881783307669
1.5907575704394064 0.01989001732106647
1.5968994915607941 0.03877969124482337
1.6030414126821817 0.05763955716127545
1.6091833338035695 0.07640847712921855
1.615325254924957 0.09502581557636856
1.6214671760463448 0.11343173891231564
1.6276090971677324 0.1315675239568732
1.6337510182891202 0.14937587720454043
1.6398929394105077 0.16680126558080555
1.6460348605318955 0.18379025781054006
1.652176781653283 0.20029187391853576
1.6583187027746709 0.21625793882522468
1.6644606238960584 0.23164343458998266
1.6706025450174462 0.24640684468163188
1.6767444661388338 0.26051048279539696
1.6828863872602216 0.27392079824085885
1.6890283083816091 0.2866086498259951
1.695170229502997 0.2985495404631904
1.7013121506243845 0.3097238054055537
1.7074540717457722 0.3201167480460893
1.7135959928671598 0.32971871852064283
1.7197379139885476 0.33852513187732514
1.7258798351099351 0.34653642423134984
1.732021756231323 0.35375794703290103
1.7381636773527105 0.36019980125669676
1.7443055984740983 0.36587661490147805
1.7504475195954858 0.3708072686018416
1.7565894407168736 0.37501457535231564
1.7627313618382612 0.3785249212873447
1.768873282959649 0.38136787512883413
1.7750152040810365 0.3835757742977777
1.7811571252024243 0.38518329579450283
1.7872990463238119 0.38622701980140484
1.7934409674451997 0.38674499358054426
1.7995828885665872 0.3867763026612257
1.805724809687975 0.38636065557940785
1.8118667308093626 0.3855379875834196
1.8180086519307503 0.38434808780081553
1.824150573052138 0.38283025340909804
1.8302924941735257 0.3810229734046582
1.8364344152949132 0.37896364365108975
1.8425763364163008 0.3766883140359849
1.8487182575376886 0.3742314677945363
1.8548601786590762 0.3716258323830817
1.861002099780464 0.3689022207148785
1.8671440209018515 0.3660894011076623
1.8732859420232393 0.3632139939373151
1.8794278631446268 0.36030039274007003
1.8855697842660146 0.3573707073501391
1.8917117053874022 0.35444472659148657
1.89785362650879 0.3515398980514156
1.9039955476301775 0.3486713225388032
1.9101374687515653 0.34585176096019615
1.9162793898729529 0.34309165152193244
1.9224213109943407 0.3403991353759839
1.9285632321157282 0.33778008906223544
1.934705153237116 0.33523816235233295
1.9408470743585036 0.33277482036301353
1.9469889954798913 0.330389389073971
1.953130916601279 0.32807910365173576
1.9592728377226667 0.325839159242525
1.9654147588440543 0.32366276414997946
1.971556679965442 0.32154119555510047
1.9776986010868296 0.3194638581628426
1.9838405222082174 0.317418346370216
1.989982443329605 0.3153905107419704
1.9961243644509927 0.3133645297494696
2.0022662855723805 0.3113229878735795
2.008408206693768 0.30924696129038526
2.0145501278151556 0.3071161124462219
2.020692048936543 0.30490879488244915
2.026833970057931 0.30260216968708425
2.0329758911793188 0.3001723349261353
2.0391178123007063 0.29759446933862027
2.045259733422094 0.29484299146237375
2.051401654543482 0.29189173518979084
2.0575435756648695 0.2887141425312967
2.063685496786257 0.2852834740880852
2.0698274179076446 0.28157303740438583
2.0759693390290326 0.2775564329844364
2.08211126015042 0.27320781732363814
2.0882531812718077 0.2685021818221521
2.0943951023931953 0.26341564592992894
2.100537023514583 0.25792576232463493
2.106678944635971 0.2520118313603707
2.1128208657573584 0.2456552214600876
2.118962786878746 0.2388396915748491
2.1251047080001335 0.23155171131709928
2.1312466291215215 0.22378077391258935
2.137388550242909 0.2155196967269645
2.1435304713642966 0.20676490382837615
2.149672392485684 0.19751668486594104
2.155814313607072 0.18777942449241222
2.1619562347284598 0.1775617966519505
2.1680981558498473 0.16687691830025445
2.174240076971235 0.15574245752936688
2.180381998092623 0.14418069163241037
2.1865239192140105 0.13221851135730614
2.192665840335398 0.11988736844971153
2.1988077614567856 0.10722316455426828
2.2049496825781736 0.09426608060409163
2.211091603699561 0.0810603469507696
2.2172335248209487 0.06765395563646562
2.2233754459423363 0.054098317349492345
2.2295173670637243 0.04044786669764421
2.235659288185112 0.026759620443899478
2.2418012093064994 0.013092694244235594
2.247943130427887 -0.0004922158201905047
2.254085051549275 -0.01393338003516932
2.2602269726706625 -0.027168602875862435
2.26636889379205 -0.04013580433354763
2.2725108149134376 -0.05277360716510205
2.2786527360348257 -0.06502192259162437
2.284794657156213 -0.07682252722409566
2.2909365782776008 -0.08811962436312394
2.2970784993989883 -0.0988603832768947
2.3032204205203763 -0.10899545057524868
2.309362341641764 -0.11847942833791426
2.3155042627631515 -0.1272713141941904
2.321646183884539 -0.1353348990678765
2.327788105005927 -0.14263911878003252
2.3339300261273146 -0.14915835613622555
2.340071947248702 -0.15487269051567173
2.3462138683700897 -0.15976809233649436
2.3523557894914777 -0.16383656011049533
2.3584977106128653 -0.1670761981438491
2.364639631734253 -0.1694912333114182
2.3707815528556404 -0.17109196975673285
2.376923473977028 -0.17189468086956355
2.383065395098416 -0.1719214384860258
2.3892073162198035 -0.17119987995277397
2.395349237341191 -0.16976291449870978
2.4014911584625787 -0.16764837125660045
2.4076330795839667 -0.16489859225486234
2.4137750007053542 -0.161559974728848
2.419916921826742 -0.15768246814558973
2.4260588429481293 -0.15331903235432606
2.4322007640695174 -0.14852506422210796
2.438342685190905 -0.14335780094362358
2.4444846063122925 -0.13787570888381126
2.45062652743368 -0.13213786728294902
2.456768448555068 -0.12620335639656308
2.4629103696764556 -0.12013065963658788
2.469052290797843 -0.11397708901665166
2.4751942119192307 -0.10779824268616027
2.4813361330406187 -0.1016475025795081
2.4874780541620063 -0.09557557923379562
2.493619975283394 -0.08963010967563512
2.4997618964047814 -0.08385531298713632
2.5059038175261694 -0.07829170678006873
2.512045738647557 -0.07297588638497728
2.5181876597689445 -0.06794036714805665
2.524329580890332 -0.06321348886961478
2.53047150201172 -0.05881938015610195
2.5366134231331077 -0.05477797932868907
2.5427553442544952 -0.05110510756334946
2.548897265375883 -0.04781258915015131
2.555039186497271 -0.04490841316418833
2.5611811076186584 -0.04239693044023749
2.567323028740046 -0.04027907953304624
2.5734649498614335 -0.038552635313749854
2.5796068709828215 -0.03721247398338637
2.585748792104209 -0.03625084855583722
2.5918907132255966 -0.03565766925103828
2.598032634346984 -0.03542078371988083
2.604174555468372 -0.035526252569621775
2.6103164765897597 -0.03595861624857209
2.6164583977111473 -0.03670114995888401
2.622600318832535 -0.03773610387647986
2.6287422399539224 -0.03904492655058039
2.6348841610753104 -0.040608469918113156
2.641026082196698 -0.042407174889988054
2.6471680033180855 -0.044421236939429565
2.653309924439473 -0.04663075154278143
2.659451845560861 -0.0490158396885539
2.6655937666822487 -0.051556753981286646
2.6717356878036362 -0.054233966125112366
2.677877608925024 -0.05702823678119143
2.684019530046412 -0.059920668957831935
2.6901614511677994 -0.06289274621709873
2.696303372289187 -0.06592635707229624
2.7024452934105745 -0.06900380701211721
2.7085872145319625 -0.07210781962451077
2.71472913565335 -0.07522152831102079
2.7208710567747376 -0.07832846008463902
2.727012977896125 -0.08141251293458174
2.733154899017513 -0.08445792822278711
2.7392968201389007 -0.08744925955159719
2.7454387412602883 -0.09037133951174728
2.751580662381676 -0.09320924568552232
2.757722583503064 -0.09594826724237719
2.7638645046244514 -0.09857387342359263
2.770006425745839 -0.10107168516837227
2.7761483468672266 -0.10342745108561116
2.7822902679886146 -0.10562702892249339
2.788432189110002 -0.10765637362204399
2.7945741102313897 -0.10950153299554023
2.8007160313527772 -0.11114865196094663
2.8068579524741653 -0.11258398621396416
2.812999873595553 -0.11379392610249892
2.8191417947169404 -0.11476503136714925
2.825283715838328 -0.11548407728851816
2.831425636959716 -0.11593811264586308
2.8375675580811035 -0.11611452974005927
2.843709479202491 -0.11600114656665723
2.8498514003238786 -0.11558630104185667
2.8559933214452666 -0.11485895698578785
2.862135242566654 -0.11380882135430118
2.8682771636880418 -0.11242647198372266
2.8744190848094293 -0.11070349487445157
2.8805610059308173 -0.10863262979113834
2.886702927052205 -0.10620792270236948
2.8928448481735924 -0.10342488332478296
2.89898676929498 -0.10028064577948802
2.9051286904163676 -0.09677413011730897
2.9112706115377556 -0.0929062022291331
2.917412532659143 -0.0886798294344517
2.9235544537805307 -0.08410022884158835
2.9296963749019183 -0.07917500540402747
2.9358382960233063 -0.07391427646599809
2.941980217144694 -0.06833077950447763
2.9481221382660814 -0.062439959741509156
2.954264059387469 -0.05626003432744641
2.960405980508857 -0.049812029889081
2.9665479016302445 -0.04311979040263735
2.972689822751632 -0.03620995259502975
2.9788317438730196 -0.029111886401081356
2.9849736649944076 -0.02185759841105138
2.991115586115795 -0.014481596731354678
2.9972575072371828 -0.0070207162487688915
3.0033994283585703 0.00048609607096694254
3.0095413494799583 0.007998035513930185
3.015683270601346 0.015472732483402238
3.0218251917227335 0.022866582007658797
3.027967112844121 0.030135107178749586
3.034109033965509 0.03723335298940114
3.0402509550868966 0.044116306232918866
3.046392876208284 0.0507393363708065
3.0525347973296717 0.057058651578185356
3.0586767184510597 0.06303176357131102
3.0648186395724473 0.06861795432663724
3.070960560693835 0.07377873743715584
3.0771024818152224 0.07847830663618832
3.0832444029366104 0.08268396396477469
3.089386324057998 0.08636652017495895
3.0955282451793855 0.0895006602512055
3.101670166300773 0.0920652673938803
3.107812087422161 0.09404369943459547
3.1139540085435486 0.09542401243005211
3.120095929664936 0.0961991270904571
3.1262378507863238 0.09636693471775015
3.1323797719077118 0.09593034043110639
3.1385216930290993 0.0948972426131461
3.144663614150487 0.09328044868904722
3.1508055352718745 0.09109752852099409
3.156947456393262 0.08837060783158023
3.16308937751465 0.08512610513328649
3.1692312986360376 0.0813944166112819
3.175373219757425 0.0772095542615854
3.1815151408788127 0.0726087433084967
3.1876570620002007 0.06763198550132239
3.1937989831215883 0.06232159531291313
3.199940904242976 0.05672171632834221
3.2060828253643634 0.05087782522279065
3.2122247464857514 0.04483623068907243
3.218366667607139 0.03864357449661933
3.2245085887285265 0.032346341557388324
3.230650509849914 0.02599038545466456
3.236792430971302 0.019620475374182975
3.2429343520926897 0.013279869780455861
3.249076273214077 0.007009921521991471
3.2552181943354648 0.0008497183444389506
3.261360115456853 -0.0051642379428499885
3.2675020365782403 -0.010998311148124476
3.273643957699628 -0.016621967473111923
3.2797858788210155 -0.022007968361058276
3.2859277999424035 -0.02713251909892195
3.292069721063791 -0.0319753735231783
3.2982116421851786 -0.036519895800131465
3.304353563306566 -0.04075308081929331
3.310495484427954 -0.0446655352460277
3.3166374055493417 -0.048251421722126674
3.3227793266707293 -0.05150836907671464
3.328921247792117 -0.054437351712318734
3.335063168913505 -0.057042541561086235
3.3412050900348924 -0.05933113616399018
3.34734701115628 -0.061313166512823467
3.3534889322776675 -0.06300128831335867
3.3596308533990555 -0.06441056028185076
3.365772774520443 -0.06555821298078297
3.3719146956418307 -0.06646341153894517
3.3780566167632182 -0.06714701539199279
3.3841985378846062 -0.0676313379295692
3.390340459005994 -0.06793990865133755
3.3964823801273814 -0.06809724012466484
3.402624301248769 -0.06812860170906972
3.4087662223701565 -0.06805980167472611
3.4149081434915445 -0.0679169790018283
3.421050064612932 -0.06772640581169188
3.4271919857343196 -0.06751430105568479
3.433333906855707 -0.06730665578050904
3.439475827977095 -0.06712907000325678
3.4456177490984827 -0.06700660097158995
3.4517596702198703 -0.06696362235707001
3.457901591341258 -0.06702369373598772
3.464043512462646 -0.06720943955419904
3.4701854335840334 -0.06754243665175372
3.476327354705421 -0.06804310934022861
3.4824692758268085 -0.06873063098054016
3.4886111969481965 -0.06962283100103196
3.494753118069584 -0.0707361063235349
3.5008950391909717 -0.07208533622715921
3.5070369603123592 -0.07368379977357495
3.5131788814337472 -0.07554309504078215
3.519320802555135 -0.07767305956179958
3.5254627236765224 -0.08008169153680057
3.53160464479791 -0.08277507157815817
3.537746565919298 -0.08575728495341796
3.5438884870406855 -0.0890303445068227
3.550030408162073 -0.09259411466084749
3.5561723292834606 -0.09644623712012067
3.5623142504048486 -0.1005820591158174
3.568456171526236 -0.10499456523362187
3.5745980926476237 -0.1096743140572531
3.5807400137690113 -0.1146093810269046
3.5868819348903993 -0.11978530905270268
3.593023856011787 -0.12518506853272252
3.5991657771331744 -0.1307890284992055
3.605307698254562 -0.1365749406521343
3.61144961937595 -0.14251793803409588
3.6175915404973376 -0.14859055005344904
3.623733461618725 -0.1547627354746208
3.6298753827401127 -0.16100193486689224
3.6360173038615007 -0.167273143839777
3.6421592249828882 -0.17353900819913942
3.648301146104276 -0.1797599419400274
3.6544430672256634 -0.1858942687574167
3.6605849883470514 -0.19189838751331223
3.666726909468439 -0.1977269618566691
3.6728688305898265 -0.20333313396027175
3.679010751711214 -0.2086687621237982
3.6851526728326016 -0.21368468180137462
3.6912945939539896 -0.21833098944910317
3.697436515075377 -0.2225573484547794
3.7035784361967647 -0.22631331630631568
3.7097203573181523 -0.2295486920714994
3.7158622784395403 -0.23221388319005787
3.722004199560928 -0.23426029050614391
3.7281461206823154 -0.2356407103787463
3.734288041803703 -0.2363097525800161
3.740429962925091 -0.23622427250684308
3.7465718840464786 -0.23534381596914014
3.752713805167866 -0.23363107446128314
3.7588557262892537 -0.2310523483570397
3.7649976474106417 -0.22757801488525384
3.7711395685320293 -0.22318299704360048
3.777281489653417 -0.21784722880051519
3.7834234107748044 -0.21155611104140323
3.7895653318961924 -0.2043009517661783
3.79570725301758 -0.19607938308402872
3.8018491741389675 -0.18689574663108596
3.807991095260355 -0.17676143821854728
3.814133016381743 -0.16569520186932551
3.8202749375031306 -0.1537233629885357
3.826416858624518 -0.14087999030267442
3.8325587797459058 -0.12720697645237436
3.8387007008672938 -0.11275402778038311
3.8448426219886813 -0.09757855494956623
3.850984543110069 -0.08174545756460588
3.8571264642314564 -0.06532679794169906
3.8632683853528444 -0.04840136153414195
3.869410306474232 -0.03105410421447286
3.8755522275956196 -0.013375489548726197
3.881694148717007 0.0045392777318628485
3.887836069838395 0.02259111277411658
3.8939779909597827 0.040677993910362496
3.9001199120811703 0.05869597326862148
3.906261833202558 0.07654023739364163
3.912403754323946 0.09410619875097395
3.9185456754453334 0.1112905977386928
3.924687596566721 0.12799259423926848
3.9308295176881085 0.14411482784355956
3.936971438809496 0.15956442667219586
3.943113359930884 0.1742539461747603
3.9492552810522716 0.18810222133947427
3.955397202173659 0.20103511830195853
3.9615391232950468 0.21298617428412608
3.9676810444164348 0.22389711799000386
3.9738229655378223 0.2337182658925266
3.97996488665921 0.24240879312210833
3.9861068077805974 0.24993688078011622
3.9922487289019855 0.25627974432941486
3.998390650023373 0.26142355016248175
4.004532571144761 0.2653632294434569
4.010674492266149 0.2681021998204289
4.016816413387536 0.26965200659375954
4.022958334508924 0.2700318954183998
4.029100255630311 0.26926832865074357
4.035242176751699 0.267394457081667
4.041384097873086 0.26444955810010445
4.047526018994474 0.26047845038801853
4.053667940115862 0.2555308941432853
4.05980986123725 0.24966098464477218
4.0659517823586375 0.24292654578927783
4.072093703480025 0.23538852910741498
4.078235624601413 0.22711042275505625
4.0843775457228 0.2181576741134965
4.090519466844188 0.20859712893381732
4.096661387965575 0.19849648943298326
4.102803309086964 0.18792379338160892
4.108945230208351 0.17694691599602716
4.115087151329739 0.16563309633229734
4.1212290724511265 0.15404848984448502
4.127370993572514 0.14225774877946218
4.133512914693902 0.13032363210246964
4.139654835815289 0.11830664665182757
4.145796756936677 0.10626472118294833
4.151938678058065 0.09425291486310053
4.158080599179453 0.08232316160816859
4.16422252030084 0.07052405140700663
4.170364441422228 0.058900649460641476
4.176506362543615 0.04749435358101651
4.182648283665003 0.03634278986033108
4.1887902047863905 0.025479746153740795
4.194932125907778 0.014935142433644136
4.201074047029166 0.004735036591981978
4.207215968150554 -0.005098336193700213
4.213357889271942 -0.014546492837454203
4.219499810393329 -0.02359460314297759
4.225641731514717 -0.03223136500699799
4.231783652636104 -0.04044885724779389
4.237925573757492 -0.048242373437568986
4.2440674948788795 -0.055610240198583676
4.250209416000267 -0.06255362342796651
4.2563513371216555 -0.06907632584916774
4.262493258243043 -0.07518457915536043
4.268635179364431 -0.08088683381962734
4.274777100485818 -0.08619354940740485
4.280919021607206 -0.09111698794787776
4.287060942728593 -0.09567101261232908
4.293202863849981 -0.09987089361808932
4.299344784971368 -0.10373312293524543
4.305486706092757 -0.10727523902733642
4.311628627214144 -0.1105156625135198
4.317770548335532 -0.1134735433036591
4.3239124694569195 -0.11616861943387494
4.330054390578307 -0.1186210875217023
4.336196311699695 -0.12085148446958133
4.342338232821082 -0.12288057977473665
4.34848015394247 -0.12472927755380982
4.354622075063858 -0.126418527162875
4.360763996185246 -0.1279692410886317
4.366905917306633 -0.1294022186057864
4.373047838428021 -0.1307380735405181
4.3791897595494085 -0.13199716435270478
4.385331680670796 -0.13319952465330712
4.391473601792184 -0.1343647922118712
4.397615522913571 -0.13551213448733385
4.40375744403496 -0.13666016873882106
4.409899365156347 -0.1378268748482163
4.416041286277735 -0.13902949911960133
4.422183207399122 -0.1402844475189025
4.42832512852051 -0.14160716708635776
4.434467049641897 -0.14301201459981747
4.440608970763285 -0.14451211199167524
4.4467508918846725 -0.1461191885271701
4.452892813006061 -0.1478434103344268
4.4590347341274486 -0.14969319853044197
4.465176655248836 -0.15167503790123457
4.471318576370224 -0.15379327885239943
4.477460497491611 -0.1560499361268815
4.483602418612999 -0.15844448856308818
4.489744339734386 -0.16097368490674174
4.495886260855774 -0.16363136135819176
4.5020281819771615 -0.16640827709428765
4.50817010309855 -0.16929197440998067
4.5143120242199375 -0.17226667033981105
4.520453945341325 -0.1753131866065393
4.526595866462713 -0.1784089244720149
4.5327377875841 -0.18152789051092108
4.538879708705488 -0.18464077847892085
4.545021629826875 -0.18771511130383273
4.551163550948263 -0.19071544580763514
4.557305472069651 -0.19360364110040854
4.563447393191039 -0.19633918972334724
4.569589314312426 -0.19887960862112544
4.575731235433814 -0.20118088497235315
4.5818731565552016 -0.2031979698901454
4.588015077676589 -0.20488531111885258
4.594156998797977 -0.20619741419592158
4.600298919919364 -0.20708942021378904
4.606440841040753 -0.20751768738990248
4.61258276216214 -0.2074403632017218
4.618724683283528 -0.20681793391472475
4.624866604404915 -0.2056137389457576
4.631008525526303 -0.20379443865317784
4.6371504466476905 -0.20133042578967927
4.643292367769078 -0.19819617292409883
4.649434288890466 -0.1943705105376464
4.655576210011854 -0.18983683310774066
4.661718131133242 -0.18458323317244585
4.667860052254629 -0.17860256597561414
4.674001973376017 -0.17189244968314207
4.680143894497404 -0.1644552082004787
4.686285815618792 -0.15629776519618474
4.692427736740179 -0.1474314989590321
4.698569657861567 -0.13787206813378455
4.7047115789829554 -0.12763921817858045
4.710853500104343 -0.11675657758970238
4.716995421225731 -0.10525145161110153
4.723137342347118 -0.09315461938448527
4.729279263468506 -0.08050013842772027
4.735421184589893 -0.06732515810077355
4.741563105711281 -0.05366974148528148
4.747705026832668 -0.03957669302086884
4.753846947954056 -0.025091387451727017
4.759988869075444 -0.010261594262548811
4.766130790196832 0.004862709083847214
4.7722727113182195 0.02022954209680179
4.778414632439607 0.035785151104129
4.784556553560995 0.051474269858091844
4.790698474682382 0.0672404154145122
4.79684039580377 0.08302622203188108
4.802982316925157 0.09877381376878881
4.809124238046546 0.11442521421883903
4.815266159167933 0.12992278955145348
4.821408080289321 0.14520971886201273
4.8275500014107084 0.16023048390265102
4.833691922532096 0.1749313686747874
4.839833843653484 0.18926095820120525
4.845975764774871 0.20317062511622624
4.852117685896259 0.2166149925442712
4.858259607017647 0.229552362076939
4.864401528139035 0.24194509647583207
4.870543449260422 0.2537599479676301
4.87668537038181 0.2649683245848353
4.882827291503197 0.27554648885204436
4.888969212624585 0.28547568512769256
4.8951111337459725 0.29474219398749824
4.90125305486736 0.3033373140846656
4.9073949759887485 0.3112572738582647
4.913536897110136 0.31850307721242666
4.919678818231524 0.3250802887974259
4.925820739352911 0.3309987657481454
4.931962660474299 0.3362723436516401
4.938104581595686 0.3409184851153807
4.944246502717074 0.34495789959811834
4.9503884238384614 0.348414143165632
4.95653034495985 0.3513132065736538
4.9626722660812375 0.3536830995972509
4.968814187202625 0.35555343886190827
4.974956108324013 0.35695504563066494
4.9810980294454 0.3579195591079845
4.987239950566788 0.3584790698763827
4.993381871688175 0.3586657771244019
4.999523792809563 0.358511672387602
5.00566571393095 0.3580482516355778
5.011807635052339 0.35730625671947924
5.017949556173726 0.3563154464621353
5.024091477295114 0.35510439703711644
5.0302333984165015 0.3537003307492938
5.036375319537889 0.35212897189872033
5.042517240659277 0.35041442807928336
5.048659161780664 0.3485790950280402
5.054801082902052 0.3466435829927528
5.06094300402344 0.34462666251476404
5.067084925144828 0.34254522752204775
5.073226846266215 0.3404142736827639
5.079368767387603 0.3382468900728112
5.0855106885089905 0.33605426235204505
5.091652609630378 0.3338456858139731
5.097794530751766 0.3316285868646875
5.103936451873153 0.3294085516912285
5.110078372994542 0.3271893610910769
5.116220294115929 0.3249730306474587
5.122362215237317 0.3227598556448075
5.128504136358704 0.3205484603208937
5.134646057480092 0.31833585124321845
5.140787978601479 0.3161174747740928
5.146929899722867 0.3138872787485655
5.1530718208442545 0.3116377786294544
5.159213741965643 0.30936012852176714
5.1653556630870305 0.3070441975225286
5.171497584208418 0.30467865194933563
5.177639505329806 0.3022510440298553
5.183781426451193 0.2997479076431852
5.189923347572581 0.2971548616809704
5.196065268693968 0.294456721540266
5.202207189815356 0.2916376191706567
5.208349110936744 0.2886811319750357
5.214491032058132 0.2855704207073876
5.2206329531795195 0.28228837632351833
5.226774874300907 0.2788177755245382
5.232916795422295 0.2751414444917757
5.239058716543682 0.2712424300506537
5.24520063766507 0.2671041772260329
5.251342558786457 0.2627107118700065
5.257484479907845 0.2580468267635182
5.263626401029233 0.2530982693248158
5.269768322150621 0.24785192881058735
5.275910243272008 0.2422960206799222
5.282052164393396 0.23642026561712623
5.2881940855147835 0.23021606058648436
5.294336006636171 0.2236766392287913
5.300477927757559 0.2167972189127867
5.306619848878946 0.20957513182937101
5.312761770000335 0.20200993766496564
5.318903691121722 0.19410351561206005
5.32504561224311 0.1858601337662201
5.331187533364497 0.17728649431276078
5.337329454485885 0.16839175331300757
5.3434713756072725 0.15918751434684994
5.34961329672866 0.14968779574009927
5.355755217850048 0.13990897158530516
5.361897138971436 0.12986968723564052
5.368039060092824 0.11959075039581239
5.374180981214211 0.10909499933537377
5.380322902335599 0.09840715009405965
5.386464823456986 0.08755362482463096
5.392606744578374 0.07656236361870325
5.398748665699761 0.06546262228207685
5.404890586821149 0.05428475856960198
5.411032507942537 0.04306000936171185
5.417174429063925 0.031820261175730315
5.4233163501853126 0.02059781626873024
5.4294582713067 0.009425156421488933
5.435600192428088 -0.0016652936871611034
5.441742113549475 -0.01264140178185613
5.447884034670863 -0.023471560388674994
5.45402595579225 -0.034124914869484865
5.460167876913639 -0.04457158570707571
5.466309798035026 -0.054782883679979
5.472451719156414 -0.06473151654057466
5.4785936402778015 -0.07439178574066513
5.484735561399189 -0.0837397716458156
5.490877482520577 -0.09275350555875511
5.497019403641964 -0.10141312675134513
5.503161324763352 -0.10970102260440721
5.509303245884739 -0.11760194989570315
5.515445167006128 -0.12510313527764713
5.521587088127515 -0.13219435306406485
5.527729009248903 -0.1388679786111004
5.53387093037029 -0.14511901583725742
5.540012851491678 -0.15094509778128654
5.5461547726130656 -0.15634645953742216
5.552296693734453 -0.1613258834221815
5.558438614855841 -0.16588861679695044
5.564580535977229 -0.1700422635726738
5.570722457098617 -0.17379665103095543
5.576864378220004 -0.17716367418222756
5.583006299341392 -0.18015712041918244
5.589148220462779 -0.18279247768720014
5.595290141584167 -0.1850867297616999
5.6014320627055545 -0.18705814247846891
5.607573983826942 -0.18872604489635195
5.6137159049483305 -0.19011060937769886
5.619857826069718 -0.19123263445253613
5.625999747191106 -0.1921133340955237
5.632141668312493 -0.19277413670369156
5.638283589433881 -0.19323649663538583
5.644425510555268 -0.19352172067772583
5.650567431676656 -0.19365081127387265
5.656709352798043 -0.1936443277858204
5.662851273919432 -0.1935222665157533
5.668993195040819 -0.19330395967989578
5.675135116162207 -0.19300799304105593
5.681277037283595 -0.19265214147408494
5.687418958404982 -0.1922533213727278
5.69356087952637 -0.1918275585132655
5.699702800647757 -0.19138996977246003
5.705844721769145 -0.19095475695352707
5.711986642890533 -0.19053521089991093
5.718128564011921 -0.19014372406575833
5.724270485133308 -0.18979180975556928
5.730412406254696 -0.18949012633362902
5.7365543273760835 -0.18924850482623543
5.742696248497471 -0.18907597848609933
5.748838169618859 -0.18898081304890127
5.754980090740246 -0.18897053657817367
5.761122011861635 -0.18905196795898743
5.767263932983022 -0.18923124325736068
5.77340585410441 -0.18951383930652
5.779547775225797 -0.18990459401004287
5.785689696347185 -0.19040772296412176
5.7918316174685724 -0.19102683209634266
5.79797353858996 -0.191764926097252
5.804115459711348 -0.19262441248524398
5.810257380832735 -0.19360710119719615
5.816399301954124 -0.19471419963939612
5.822541223075511 -0.19594630316860037
5.828683144196899 -0.1973033810043975
5.834825065318286 -0.19878475760427045
5.840966986439674 -0.20038908956447266
5.847108907561061 -0.2021143381454099
5.853250828682449 -0.20395773756161617
5.8593927498038365 -0.2059157592253456
5.865534670925225 -0.2079840721904337
5.8716765920466125 -0.21015750011036183
5.877818513168 -0.21242997510192674
5.883960434289388 -0.2147944889935994
5.890102355410775 -0.21724304253551774
5.896244276532163 -0.21976659325546122
5.90238619765355 -0.22235500276120923
5.908528118774938 -0.22499698441321045
5.914670039896326 -0.22768005242082126
5.920811961017714 -0.2303904735484872
5.9269538821391015 -0.23311322275276578
5.933095803260489 -0.23583194420397746
5.939237724381877 -0.23852891927425093
5.945379645503264 -0.24118504319277095
5.951521566624652 -0.24377981217466946
5.957663487746039 -0.24629132291722441
5.963805408867428 -0.24869628642032343
5.969947329988815 -0.2509700581214814
5.976089251110203 -0.2530866863328164
5.98223117223159 -0.25501898092172187
5.988373093352978 -0.2567386040820169
5.9945150144743655 -0.25821618489183956
6.000656935595753 -0.25942145914274894
6.006798856717141 -0.2603234356465963
6.012940777838529 -0.26089058987920766
6.019082698959917 -0.26109108540097425
6.025224620081304 -0.2608930230044256
6.031366541202692 -0.26026471698068315
6.037508462324079 -0.2591749972762155
6.043650383445467 -0.2575935356376589
6.0497923045668545 -0.2554911931282137
6.055934225688242 -0.2528403856603618
6.06207614680963 -0.24961546344589694
6.068218067931018 -0.24579309953811038
6.074359989052406 -0.24135268195764947
6.080501910173793 -0.23627670328001116
6.086643831295181 -0.23055114104676824
6.092785752416568 -0.2241658219718739
6.098927673537956 -0.21711476267459479
6.105069594659343 -0.20939647960446492
6.111211515780731 -0.20101426094917543
6.117353436902119 -0.19197639364552907
6.123495358023507 -0.18229633915130006
6.1296372791448945 -0.17199285237844544
6.135779200266282 -0.1610900391232194
6.14192112138767 -0.14961734843480104
6.148063042509057 -0.13760949761077834
6.154204963630445 -0.1251063288570851
6.160346884751832 -0.11215259805722354
6.166488805873221 -0.09879769751171405
6.172630726994608 -0.08509531588266679
6.178772648115996 -0.07110303985953677
6.1849145692373835 -0.0568819032034519
6.191056490358771 -0.04249588978805067
6.197198411480159 -0.028011398002382195
6.203340332601546 -0.013496674394691481
6.209482253722934 0.000978775294145112
6.215624174844322 0.015344789528339373
6.22176609596571 0.029531160819186657
6.227908017087097 0.043468244411099886
6.234049938208485 0.05708755875415405
6.240191859329872 0.07032237135900503
6.24633378045126 0.08310826434482291
6.2524757015726475 0.09538367471748006
6.258617622694035 0.10709040510735113
6.2647595438154235 0.1181741013142758
6.270901464936811 0.1285846935217176
6.277043386058199 0.1382767984350462
