time TPR_both_C_closed_1_rho22
0.0 0.0
0.00614192112138767 3.7654001174842717e-05
0.01228384224277534 0.00014978861124976972
0.01842576336416301 0.0003339434924661168
0.02456768448555068 0.0005860901710965929
0.030709605606938348 0.0009007376826057092
0.03685152672832602 0.0012710756018260308
0.042993447849713685 0.0016891498230934845
0.04913536897110136 0.0021460654578071905
0.05527729009248903 0.0026322104423174824
0.061419211213876695 0.003137492923876244
0.06756113233526437 0.0036515852313703493
0.07370305345665204 0.00416416724335622
0.07984497457803971 0.004665162229323984
0.08598689569942737 0.005144958740969277
0.09212881682081504 0.005594612838806975
0.09827073794220272 0.006006025818290811
0.10441265906359039 0.006372093605740331
0.11055458018497806 0.006686825081666193
0.11669650130636572 0.006945427710551174
0.12283842242775339 0.007144359966260135
0.12898034354914106 0.007281351098978378
0.13512226467052874 0.0073553897560827254
0.1412641857919164 0.0073666838153317385
0.14740610691330408 0.007316594491338252
0.15354802803469175 0.007207548320434166
0.15968994915607942 0.007042931007593407
0.16583187027746707 0.006826967332361112
0.17197379139885474 0.006564591365817284
0.17811571252024241 0.006261311160325817
0.1842576336416301 0.005923071855635287
0.19039955476301776 0.005556120819598135
0.19654147588440543 0.005166878032205247
0.2026833970057931 0.004761814451454802
0.20882531812718078 0.004347340592133899
0.21496723924856845 0.003929707025943164
0.22110916036995612 0.0035149179935078444
0.2272510814913438 0.003108658822986896
0.23339300261273144 0.002716237390443398
0.2395349237341191 0.002342539444848919
0.24567684485550678 0.0019919972632649894
0.25181876597689445 0.0016685708039494446
0.2579606870982821 0.0013757402885777549
0.2641026082196698 0.0011165089686377128
0.27024452934105747 0.00089341471243654
0.27638645046244514 0.0007085489834822643
0.2825283715838328 0.0005635817624882112
0.2886702927052205 0.0004597909873469374
0.29481221382660816 0.0003980951411950405
0.30095413494799583 0.00037908770118045746
0.3070960560693835 0.0004030722630503834
0.3132379771907712 0.00047009727300044836
0.31937989831215885 0.0005799894228371111
0.3255218194335465 0.0007323848926694637
0.33166374055493414 0.0009267577531851654
0.3378056616763218 0.0011624449640769354
0.3439475827977095 0.0014386675242289274
0.35008950391909716 0.00175454744151344
0.35623142504048483 0.0021091202948895086
0.3623733461618725 0.002501343258979735
0.3685152672832602 0.002930098552010949
0.37465718840464785 0.0033941923529426364
0.3807991095260355 0.0038923493140858847
0.3869410306474232 0.00442320287303428
0.39308295176881086 0.0049852816438561145
0.39922487289019853 0.0055769922437572195
0.4053667940115862 0.0061965989891790835
0.4115087151329739 0.006842200975641456
0.41765063625436155 0.007511707139291902
0.4237925573757492 0.008202809985332958
0.4299344784971369 0.00891295875894127
0.43607639961852457 0.009639332927006344
0.44221832073991224 0.010378816932316872
0.4483602418612999 0.0111279772732597
0.4545021629826876 0.01188304304842191
0.4606440841040752 0.012639891182649356
0.4667860052254629 0.01339403761429374
0.47292792634685055 0.014140635767050035
0.4790698474682382 0.014874483647834223
0.4852117685896259 0.01559004089804308
0.49135368971101356 0.01628145707253467
0.49749561083240124 0.016942612322106452
0.5036375319537889 0.017567171504869746
0.5097794530751766 0.01814865254425816
0.5159213741965643 0.0186805095822176
0.5220632953179519 0.019156231142841044
0.5282052164393396 0.01956945312392203
0.5343471375607273 0.019914085973818392
0.5404890586821149 0.020184454893906068
0.5466309798035026 0.020375451341443085
0.5527729009248903 0.020482693506218348
0.558914822046278 0.02050269281310075
0.5650567431676656 0.020433022881469743
0.5711986642890533 0.020272486774960043
0.577340585410441 0.020021277827500617
0.5834825065318286 0.01968112886311376
0.5896244276532163 0.019255444267571427
0.595766348774604 0.01874940915014479
0.6019082698959917 0.01817006978242862
0.6080501910173793 0.017526379644809995
0.614192112138767 0.016829205771260018
0.6203340332601547 0.01609129067514191
0.6264759543815424 0.01532716597008211
0.63261787550293 0.014553014868628809
0.6387597966243177 0.01378648203476197
0.6449017177457054 0.013046430760197696
0.651043638867093 0.012352649092956717
0.6571855599884806 0.011725508322458373
0.6633274811098683 0.011185579060506112
0.669469402231256 0.010753211985026887
0.6756113233526436 0.010448092059689924
0.6817532444740313 0.010288776630107395
0.687895165595419 0.010292229148321359
0.6940370867168066 0.010473361317141805
0.7001790078381943 0.01084459710732988
0.706320928959582 0.011415472327531198
0.7124628500809697 0.012192283178050394
0.7186047712023573 0.013177796471878776
0.724746692323745 0.014371032957236816
0.7308886134451327 0.015767133444755915
0.7370305345665203 0.017357315271350822
0.743172455687908 0.019128924085748567
0.7493143768092957 0.021065583101431935
0.7554562979306834 0.023147438932205854
0.761598219052071 0.02535150001724917
0.7677401401734587 0.027652060577685218
0.7738820612948464 0.030021200148870157
0.780023982416234 0.03242934612147614
0.7861659035376217 0.034845884510095855
0.7923078246590094 0.03723980244536916
0.7984497457803971 0.03958034472932293
0.8045916669017847 0.04183766625457295
0.8107335880231724 0.043983462190505584
0.8168755091445601 0.04599155857988931
0.8230174302659478 0.047838447336195154
0.8291593513873354 0.04950375152776101
0.8353012725087231 0.050970609199220016
0.8414431936301108 0.052225966713732676
0.8475851147514984 0.053260775587981625
0.8537270358728861 0.05407008991380301
0.8598689569942738 0.054653064591611476
0.8660108781156615 0.05501285762087953
0.8721527992370491 0.055156442490384434
0.8782947203584368 0.05509433918818541
0.8844366414798245 0.05484027442861255
0.8905785626012122 0.05441078331186947
0.8967204837225998 0.0538247657543982
0.9028624048439875 0.053103011640872236
0.9090043259653752 0.05226770875950041
0.9151462470867628 0.05134194721936524
0.9212881682081504 0.050349233257446585
0.9274300893295381 0.04931302418365143
0.9335720104509257 0.048256294754866716
0.9397139315723134 0.047201143590495785
0.9458558526937011 0.046168446421342865
0.9519977738150888 0.045177561079051666
0.9581396949364764 0.044246087258012705
0.9642816160578641 0.043389682281833535
0.9704235371792518 0.042621932438752966
0.9765654583006395 0.04195427796046944
0.9827073794220271 0.0413959884407046
0.9888493005434148 0.0409541844455082
0.9949912216648025 0.04063390026742928
1.0011331427861903 0.040438182220260854
1.0072750639075778 0.04036821655084839
1.0134169850289656 0.04042348094242004
1.0195589061503532 0.04060191367697237
1.025700827271741 0.040900094785034286
1.0318427483931285 0.041313433909611695
1.0379846695145163 0.04183636011621006
1.0441265906359039 0.04246250946180388
1.0502685117572914 0.04318490676323747
1.0564104328786792 0.0439961386529971
1.0625523540000668 0.044888515653891015
1.0686942751214545 0.04585422162374353
1.074836196242842 0.04688544950032555
1.0809781173642299 0.04797452280272634
1.0871200384856174 0.0491140028091348
1.0932619596070052 0.05029678172676916
1.0994038807283928 0.05151616249463285
1.1055458018497806 0.052765926113547995
1.1116877229711681 0.05404038758223977
1.117829644092556 0.055334441636417105
1.1239715652139435 0.05664359954427906
1.1301134863353313 0.05796401821190253
1.1362554074567188 0.0592925228011998
1.1423973285781066 0.060626623967404286
1.1485392496994942 0.06196453068814107
1.154681170820882 0.06330515948768775
1.1608230919422695 0.06464814066341654
1.1669650130636573 0.06599382190177396
1.1731069341850449 0.06734326943345756
1.1792488553064326 0.06869826662655121
1.1853907764278202 0.07006130965719044
1.191532697549208 0.07143559963495986
1.1976746186705955 0.07282503030016449
1.2038165397919833 0.07423417015841721
1.209958460913371 0.07566823768141138
1.2161003820347587 0.0771330679889246
1.2222423031561462 0.07863506924460383
1.228384224277534 0.08018116685647406
1.2345261453989216 0.08177873348290376
1.2406680665203094 0.08343550281728647
1.246809987641697 0.08515946517188519
1.2529519087630847 0.08695874301531732
1.2590938298844723 0.08884144485099457
1.26523575100586 0.09081549616663713
1.2713776721272476 0.09288844664739263
1.2775195932486354 0.0950672534344068
1.283661514370023 0.09735804093094239
1.2898034354914107 0.09976583850911586
1.2959453566127983 0.10229429844655609
1.302087277734186 0.10494539751210451
1.3082291988555736 0.10771912680429294
1.3143711199769612 0.11061317569916553
1.320513041098349 0.11362261705019047
1.3266549622197366 0.11673960205926594
1.3327968833411243 0.11995307445276483
1.338938804462512 0.12324851469142349
1.3450807255838997 0.12660772585286853
1.3512226467052872 0.13000867348176767
1.357364567826675 0.13342539203446258
1.3635064889480626 0.1368279704834629
1.3696484100694504 0.14018262912844953
1.375790331190838 0.14345189862969776
1.3819322523122257 0.14659491069578096
1.3880741734336133 0.1495678076965089
1.394216094555001 0.15232427573265597
1.4003580156763886 0.1548162024000535
1.4064999367977764 0.15699445668938838
1.412641857919164 0.1588097842471155
1.4187837790405518 0.1602138067004363
1.4249257001619393 0.1611601090629644
1.431067621283327 0.16160539455664627
1.4372095424047147 0.16151068170055416
1.4433514635261024 0.1608425144341578
1.44949338464749 0.1595741525740627
1.4556353057688778 0.157686707258253
1.4617772268902653 0.15517018440584457
1.4679191480116531 0.1520243987831153
1.4740610691330407 0.14825972215143612
1.4802029902544285 0.14389763126594132
1.486344911375816 0.13897102522570123
1.4924868324972038 0.13352428681450876
1.4986287536185914 0.12761306891734792
1.5047706747399792 0.12130379468529373
1.5109125958613667 0.11467286862106668
1.5170545169827545 0.10780560488162474
1.523196438104142 0.10079488850914496
1.5293383592255299 0.09373959464063278
1.5354802803469174 0.0867427996256585
1.5416222014683052 0.07990982601940168
1.5477641225896928 0.07334617025301694
1.5539060437110805 0.06715536709360176
1.560047964832468 0.0614368485270915
1.5661898859538559 0.056283856236689
1.5723318070752434 0.051781466298140046
1.578473728196631 0.048004782053611104
1.5846156493180188 0.0450173464341771
1.5907575704394064 0.042869818444421545
1.5968994915607941 0.041598950352855636
1.6030414126821817 0.041226892672373075
1.6091833338035695 0.0417608436457084
1.615325254924957 0.043193049089372416
1.6214671760463448 0.04550114753027338
1.6276090971677324 0.048648845022371254
1.6337510182891202 0.05258689426146022
1.6398929394105077 0.05725434398587934
1.6460348605318955 0.0625800174610246
1.652176781653283 0.06848417332502912
1.6583187027746709 0.07488029837039306
1.6644606238960584 0.0816769800159612
1.6706025450174462 0.08877980626640415
1.6767444661388338 0.09609324276498483
1.6828863872602216 0.10352243995327436
1.6890283083816091 0.11097492813458087
1.695170229502997 0.11836216412876918
1.7013121506243845 0.12560089990943668
1.7074540717457722 0.13261435082221393
1.7135959928671598 0.13933314839004293
1.7197379139885476 0.14569607002874965
1.7258798351099351 0.1516505449631918
1.732021756231323 0.1571529420271541
1.7381636773527105 0.16216865066926947
1.7443055984740983 0.16667197124046576
1.7504475195954858 0.17064583442236025
1.7565894407168736 0.17408137243446803
1.7627313618382612 0.17697736643858916
1.768873282959649 0.17933959538726701
1.7750152040810365 0.1811801115177359
1.7811571252024243 0.1825164668760545
1.7872990463238119 0.18337091378822706
1.7934409674451997 0.1837696002061283
1.7995828885665872 0.18374177847924295
1.805724809687975 0.1833190434690329
1.8118667308093626 0.18253461315368916
1.8180086519307503 0.1814226620777715
1.824150573052138 0.1800177152797301
1.8302924941735257 0.1783541077600153
1.8364344152949132 0.17646551219567122
1.8425763364163008 0.17438453550916744
1.8487182575376886 0.17214238308873625
1.8548601786590762 0.16976858794890584
1.861002099780464 0.16729080091460333
1.8671440209018515 0.16473463700071622
1.8732859420232393 0.1621235725233364
1.8794278631446268 0.15947888709465854
1.8855697842660146 0.15681964449194694
1.8917117053874022 0.15416270642095428
1.89785362650879 0.15152277338370732
1.9039955476301775 0.14891244717826044
1.9101374687515653 0.14634230997408462
1.9162793898729529 0.14382101539386777
1.9224213109943407 0.1413553875662885
1.9285632321157282 0.13895052467368396
1.934705153237116 0.1366099040857335
1.9408470743585036 0.13433548673087925
1.9469889954798913 0.13212781889983316
1.953130916601279 0.12998613019158797
1.9592728377226667 0.12790842679565076
1.9654147588440543 0.1258915797505239
1.971556679965442 0.12393140822507161
1.9776986010868296 0.12202275823475214
1.9838405222082174 0.12015957752787002
1.989982443329605 0.11833498765746607
1.9961243644509927 0.11654135449165992
2.0022662855723805 0.1147703586083926
2.008408206693768 0.11301306716832904
2.0145501278151556 0.11126000896032974
2.020692048936543 0.10950125436491003
2.026833970057931 0.10772650197938469
2.0329758911793188 0.10592517359034553
2.0391178123007063 0.10408651906081993
2.045259733422094 0.1021997325169331
2.051401654543482 0.10025408096845483
2.0575435756648695 0.09823904617625029
2.063685496786257 0.09614448018553987
2.0698274179076446 0.09396077447683338
2.0759693390290326 0.091679042148474
2.08211126015042 0.08929131194067601
2.0882531812718077 0.08679073224876986
2.0943951023931953 0.08417178256475033
2.100537023514583 0.0814304890468341
2.106678944635971 0.07856464016643559
2.1128208657573584 0.07557399764482917
2.118962786878746 0.07246049719582318
2.1251047080001335 0.06922843296758122
2.1312466291215215 0.06588461906059778
2.137388550242909 0.06243852112578852
2.1435304713642966 0.058902350853078524
2.149672392485684 0.0552911161819058
2.155814313607072 0.0516226203327441
2.1619562347284598 0.047917403300010736
2.1680981558498473 0.04419862028124034
2.174240076971235 0.040491852655519654
2.180381998092623 0.03682484856492965
2.1865239192140105 0.033227191882175496
2.192665840335398 0.02972990033747418
2.1988077614567856 0.026364955784885943
2.2049496825781736 0.0231647719543479
2.211091603699561 0.020161607488114845
2.2172335248209487 0.01738693451384023
2.2233754459423363 0.014870775365604948
2.2295173670637243 0.012641022226387189
2.235659288185112 0.010722756325538516
2.2418012093064994 0.009137584779529804
2.247943130427887 0.007903014117456057
2.254085051549275 0.007031879900985699
2.2602269726706625 0.006531851565882426
2.26636889379205 0.006405030635887204
2.2725108149134376 0.006647658773419081
2.2786527360348257 0.007249949748926751
2.284794657156213 0.008196056377131562
2.2909365782776008 0.00946417986102693
2.2970784993989883 0.011026824910891353
2.3032204205203763 0.012851199600460156
2.309362341641764 0.014899754342834106
2.3155042627631515 0.01713084978771042
2.321646183884539 0.019499539040561557
2.327788105005927 0.0219584455649547
2.3339300261273146 0.02445871462404194
2.340071947248702 0.026951013301645597
2.3462138683700897 0.029386552147050167
2.3523557894914777 0.03171810040775293
2.3584977106128653 0.03390096671012084
2.364639631734253 0.035893917936576175
2.3707815528556404 0.037660010903857156
2.376923473977028 0.039167314201950625
2.383065395098416 0.04038950109996048
2.3892073162198035 0.04130629862163036
2.395349237341191 0.04190378257021387
2.4014911584625787 0.04217451325143002
2.4076330795839667 0.04211751170592123
2.4137750007053542 0.04173808122009388
2.419916921826742 0.04104748354662142
2.4260588429481293 0.04006248346111824
2.4322007640695174 0.0388047788627562
2.438342685190905 0.037300336478448756
2.4444846063122925 0.03557865527277665
2.45062652743368 0.03367198085695373
2.456768448555068 0.031614494525674004
2.4629103696764556 0.02944150006271599
2.469052290797843 0.02718863020952774
2.4751942119192307 0.02489109277833367
2.4813361330406187 0.022582973927070305
2.4874780541620063 0.020296613227281046
2.493619975283394 0.018062061985747876
2.4997618964047814 0.015906632965183725
2.5059038175261694 0.013854546322762111
2.512045738647557 0.01192667337097293
2.5181876597689445 0.010140376771378065
2.524329580890332 0.008509443087750533
2.53047150201172 0.007044101319415512
2.5366134231331077 0.005751119155149193
2.5427553442544952 0.004633967257864793
2.548897265375883 0.003693040915205543
2.555039186497271 0.002925927857331294
2.5611811076186584 0.0023277109211383385
2.567323028740046 0.0018912944877454755
2.5734649498614335 0.0016077441858261285
2.5796068709828215 0.0014666301797701003
2.585748792104209 0.0014563653883976411
2.5918907132255966 0.0015645311467703063
2.598032634346984 0.0017781840728639934
2.604174555468372 0.002084139179413529
2.6103164765897597 0.0024692255321777335
2.6164583977111473 0.0029205119594729973
2.622600318832535 0.003425501432105314
2.6287422399539224 0.003972293733716497
2.6348841610753104 0.004549716912638953
2.641026082196698 0.005147428738352275
2.6471680033180855 0.005755989975666405
2.653309924439473 0.006366911740409981
2.659451845560861 0.006972679518756766
2.6655937666822487 0.007566756628928098
2.6717356878036362 0.00814356999190277
2.677877608925024 0.008698481071551831
2.684019530046412 0.00922774475964576
2.6901614511677994 0.009728458832847463
2.696303372289187 0.010198506411964533
2.7024452934105745 0.010636493622262388
2.7085872145319625 0.011041684400104968
2.71472913565335 0.011413934126645972
2.7208710567747376 0.011753623503175123
2.727012977896125 0.012061593822825756
2.733154899017513 0.012339084545877016
2.7392968201389007 0.012587673855558725
2.7454387412602883 0.012809222661470197
2.751580662381676 0.013005822330664739
2.757722583503064 0.013179746263345499
2.7638645046244514 0.013333405291369876
2.770006425745839 0.01346930676313787
2.7761483468672266 0.013590017087235926
2.7822902679886146 0.013698127438382125
2.788432189110002 0.013796222281516547
2.7945741102313897 0.013886850341933751
2.8007160313527772 0.013972497639750173
2.8068579524741653 0.014055562214331092
2.812999873595553 0.014138330187193631
2.8191417947169404 0.01422295284901323
2.825283715838328 0.014311424506369085
2.831425636959716 0.014405560885437348
2.8375675580811035 0.014506977961591236
2.843709479202491 0.014617071164299162
2.8498514003238786 0.014736994994164707
2.8559933214452666 0.014867643181541856
2.862135242566654 0.01500962961172579
2.8682771636880418 0.01516327033778623
2.8744190848094293 0.015328567095853451
2.8805610059308173 0.015505192825912265
2.886702927052205 0.015692479780398325
2.8928448481735924 0.01588941086933367
2.89898676929498 0.016094614940391383
2.9051286904163676 0.016306366721067053
2.9112706115377556 0.016522592154049984
2.917412532659143 0.016740879832178382
2.9235544537805307 0.016958499182748686
2.9296963749019183 0.017172425959857046
2.9358382960233063 0.01737937547626359
2.941980217144694 0.017575843842576017
2.9481221382660814 0.017758157282374332
2.954264059387469 0.017922529359905456
2.960405980508857 0.018065125696614347
2.9665479016302445 0.018182135470361963
2.972689822751632 0.018269848694884988
2.9788317438730196 0.01832473797680725
2.9849736649944076 0.018343543154784543
2.991115586115795 0.0183233569528248
2.9972575072371828 0.01826170954090272
3.0033994283585703 0.01815664970431749
3.0095413494799583 0.018006820192024778
3.015683270601346 0.01781152475547585
3.0218251917227335 0.01757078441351752
3.027967112844121 0.017285380593261446
3.034109033965509 0.016956883005886207
3.0402509550868966 0.016587660420642386
3.046392876208284 0.01618087289621443
3.0525347973296717 0.015740444507917575
3.0586767184510597 0.015271016159372876
3.0648186395724473 0.014777878671474353
3.070960560693835 0.014266886979060879
3.0771024818152224 0.0137443569131402
3.0832444029366104 0.013216946678133952
3.089386324057998 0.012691525722850507
3.0955282451793855 0.012175034224522681
3.101670166300773 0.011674336832718478
3.107812087422161 0.01119607463268046
3.1139540085435486 0.01074651946831744
3.120095929664936 0.010331434801563216
3.1262378507863238 0.00995594717110264
3.1323797719077118 0.009624432050095624
3.1385216930290993 0.009340417496803038
3.144663614150487 0.009106508457789896
3.1508055352718745 0.008924333940507359
3.156947456393262 0.008794518545509434
3.16308937751465 0.008716679067252035
3.1692312986360376 0.008689446067799244
3.175373219757425 0.008710509532266781
3.1815151408788127 0.008776686960308812
3.1876570620002007 0.008884011564091689
3.1937989831215883 0.009027837656112717
3.199940904242976 0.009202959841245166
3.2060828253643634 0.009403742292140551
3.2122247464857514 0.009624254194894192
3.218366667607139 0.009858407405409428
3.2245085887285265 0.010100092452440408
3.230650509849914 0.010343309251086025
3.236792430971302 0.010582289235487824
3.2429343520926897 0.010811606062276454
3.249076273214077 0.011026272554371544
3.2552181943354648 0.011221822123607656
3.261360115456853 0.011394373505225937
3.2675020365782403 0.011540678233000694
3.273643957699628 0.011658150857803909
3.2797858788210155 0.011744882444503457
3.2859277999424035 0.011799638355342711
3.292069721063791 0.011821841729303737
3.2982116421851786 0.011811544387465402
3.304353563306566 0.01176938712922231
3.310495484427954 0.011696551532585283
3.3166374055493417 0.011594705436399335
3.3227793266707293 0.011465944269059123
3.328921247792117 0.011312730305553166
3.335063168913505 0.011137831792659217
3.3412050900348924 0.010944263692261893
3.34734701115628 0.010735231567022647
3.3534889322776675 0.010514079882894108
3.3596308533990555 0.010284245740549102
3.365772774520443 0.010049218782999837
3.3719146956418307 0.009812507768500338
3.3780566167632182 0.009577614053702154
3.3841985378846062 0.009348012007763752
3.390340459005994 0.00912713617782044
3.3964823801273814 0.008918374852416285
3.402624301248769 0.00872506952321218
3.4087662223701565 0.00855051962624064
3.4149081434915445 0.008397991850812523
3.421050064612932 0.00827073323467035
3.4271919857343196 0.008171987215283592
3.433333906855707 0.008105011776065962
3.439475827977095 0.00807309880937065
3.4456177490984827 0.008079593812031218
3.4517596702198703 0.008127915030819496
3.457901591341258 0.008221571181705857
3.464043512462646 0.00836417687593362
3.4701854335840334 0.00855946489594061
3.476327354705421 0.008811294474010137
3.4824692758268085 0.009123654735843778
3.4886111969481965 0.009500662480379432
3.494753118069584 0.009946553477226491
3.5008950391909717 0.010465666475880063
3.5070369603123592 0.011062419138935103
3.5131788814337472 0.011741275138036536
3.519320802555135 0.012506701690060393
3.5254627236765224 0.013363116866329504
3.53160464479791 0.014314826084246113
3.537746565919298 0.015365947293576892
3.5438884870406855 0.016520324503880864
3.550030408162073 0.017781429470283508
3.5561723292834606 0.019152251566725238
3.5623142504048486 0.020635176133133495
3.568456171526236 0.022231851888991638
3.5745980926476237 0.023943048362592832
3.5807400137690113 0.025768504693367958
3.5868819348903993 0.0277067716225712
3.593023856011787 0.029755048991411154
3.5991657771331744 0.03190902160875562
3.605307698254562 0.034162696922984945
3.61144961937595 0.036508248521121923
3.6175915404973376 0.03893587006603072
3.623733461618725 0.04143364484845061
3.6298753827401127 0.04398743665035408
3.6360173038615007 0.04658080806150831
3.6421592249828882 0.049194972731031926
3.648301146104276 0.05180878823668461
3.6544430672256634 0.05439879628176038
3.6605849883470514 0.05693931674785978
3.666726909468439 0.05940260170806266
3.6728688305898265 0.061759054809001
3.679010751711214 0.06397752043730112
3.6851526728326016 0.06602564577866157
3.6912945939539896 0.06787031724915091
3.697436515075377 0.06947817083293381
3.7035784361967647 0.07081617361750742
3.7097203573181523 0.07185227131148172
3.7158622784395403 0.07255609381294303
3.722004199560928 0.07289970803820126
3.7281461206823154 0.07285840430846842
3.734288041803703 0.07241149972933113
3.740429962925091 0.07154313930249437
3.7465718840464786 0.0702430731097374
3.752713805167866 0.06850738594026452
3.7588557262892537 0.06633915433048433
3.7649976474106417 0.06374900528006647
3.7711395685320293 0.06075555101771966
3.777281489653417 0.05738567521238145
3.7834234107748044 0.053674648030899885
3.7895653318961924 0.04966605046796139
3.79570725301758 0.04541149241367402
3.8018491741389675 0.04097011392939223
3.807991095260355 0.036407865075563935
3.814133016381743 0.03179656623036914
3.8202749375031306 0.027212757961609813
3.826416858624518 0.022736356931300643
3.8325587797459058 0.018449141752277038
3.8387007008672938 0.014433099883333998
3.8448426219886813 0.010768673235442389
3.850984543110069 0.007532945858983895
3.8571264642314564 0.004797821599358222
3.8632683853528444 0.0026282426859936207
3.869410306474232 0.001080501644521833
3.8755522275956196 0.00020069854050692396
3.881694148717007 2.3393293755195432e-05
3.887836069838395 0.0005704986423418622
3.8939779909597827 0.0018504533661916167
3.9001199120811703 0.003857707766196713
3.906261833202558 0.006572544380642136
3.912403754323946 0.00996124682087292
3.9185456754453334 0.01397661879509325
3.924687596566721 0.01855884427665134
3.9308295176881085 0.023636668797163515
3.936971438809496 0.029128871443069727
3.943113359930884 0.034945987724974634
3.9492552810522716 0.040992235450915175
3.955397202173659 0.04716758938776727
3.9615391232950468 0.05336994608590084
3.9676810444164348 0.059497317932114324
3.9738229655378223 0.065449995353587
3.97996488665921 0.07113261809517776
3.9861068077805974 0.07645610051603899
3.9922487289019855 0.08133936169687955
3.998390650023373 0.08571081854111605
4.004532571144761 0.08950960865861492
4.010674492266149 0.09268651926650666
4.016816413387536 0.09520460823310772
4.022958334508924 0.09703951333173758
4.029100255630311 0.09817945538104647
4.035242176751699 0.09862494988044326
4.041384097873086 0.09838824970375455
4.047526018994474 0.09749254815008002
4.053667940115862 0.09597097699231234
4.05980986123725 0.09386543800459039
4.0659517823586375 0.09122530875282235
4.072093703480025 0.08810606422576771
4.078235624601413 0.08456785525561532
4.0843775457228 0.08067408276453263
4.090519466844188 0.07649000385517736
4.096661387965575 0.07208140184497122
4.102803309086964 0.06751334774903035
4.108945230208351 0.06284907567332595
4.115087151329739 0.05814898931103641
4.1212290724511265 0.05346981145001825
4.127370993572514 0.04886388328503222
4.133512914693902 0.04437861554473518
4.139654835815289 0.04005608911951633
4.145796756936677 0.03593279910840053
4.151938678058065 0.03203953305515924
4.158080599179453 0.028401371647937913
4.16422252030084 0.025037798317081146
4.170364441422228 0.021962902961461372
4.176506362543615 0.019185664422875483
4.182648283665003 0.016710296253241063
4.1887902047863905 0.014536640711176415
4.194932125907778 0.012660596706796756
4.201074047029166 0.011074568506911662
4.207215968150554 0.009767923338535638
4.213357889271942 0.008727447511527067
4.219499810393329 0.007937792251918315
4.225641731514717 0.0073819020343216515
4.231783652636104 0.007041419771564184
4.237925573757492 0.006897064718463852
4.2440674948788795 0.006928980339661589
4.250209416000267 0.007117050652780036
4.2563513371216555 0.007441184670178593
4.262493258243043 0.007881569514801042
4.268635179364431 0.008418893573907193
4.274777100485818 0.00903454167984571
4.280919021607206 0.009710764774524828
4.287060942728593 0.010430826831949498
4.293202863849981 0.011179131991258882
4.299344784971368 0.011941334902494997
4.305486706092757 0.012704437220792203
4.311628627214144 0.013456873013757007
4.317770548335532 0.014188585583126762
4.3239124694569195 0.01489109785642112
4.330054390578307 0.015557578087682367
4.336196311699695 0.016182902128442304
4.342338232821082 0.01676371300029389
4.34848015394247 0.01729847792834396
4.354622075063858 0.01778754239011289
4.360763996185246 0.018233180107542758
4.366905917306633 0.018639637272201796
4.373047838428021 0.01901316865858311
4.3791897595494085 0.019362062662557963
4.385331680670796 0.019696651718747342
4.391473601792184 0.020029304021437367
4.397615522913571 0.020374392020788282
4.40375744403496 0.020748232813946645
4.409899365156347 0.021168995325783733
4.416041286277735 0.021656569104341755
4.422183207399122 0.0222323896703133
4.42832512852051 0.022919215686192842
4.434467049641897 0.02374085377547611
4.440608970763285 0.024721827648331127
4.4467508918846725 0.025886989295092186
4.452892813006061 0.027261071402956163
4.4590347341274486 0.028868181835157575
4.465176655248836 0.03073124297488192
4.471318576370224 0.032871380953959306
4.477460497491611 0.03530727221950292
4.483602418612999 0.0380544574842654
4.489744339734386 0.04112463578571898
4.495886260855774 0.04452495405502282
4.5020281819771615 0.048257310164673564
4.50817010309855 0.05231768976369474
4.5143120242199375 0.05669555919233046
4.520453945341325 0.06137333825910557
4.526595866462713 0.06632597752620129
4.5327377875841 0.07152066485498942
4.538879708705488 0.07691668519644487
4.545021629826875 0.08246545587657217
4.551163550948263 0.08811075685982482
4.557305472069651 0.09378917164558197
4.563447393191039 0.0994307495795792
4.569589314312426 0.10495989450833706
4.575731235433814 0.11029647798719872
4.5818731565552016 0.11535716784230153
4.588015077676589 0.12005695500631239
4.594156998797977 0.1243108534668447
4.600298919919364 0.12803574019414918
4.606440841040753 0.13115229438810513
4.61258276216214 0.13358698865523544
4.618724683283528 0.13527407914412135
4.624866604404915 0.13615753756236476
4.631008525526303 0.1361928656623694
4.6371504466476905 0.13534873245294318
4.643292367769078 0.13360837623276525
4.649434288890466 0.1309707176272849
4.655576210011854 0.12745113612294362
4.661718131133242 0.1230818710094346
4.667860052254629 0.11791201793659199
4.674001973376017 0.11200710414395766
4.680143894497404 0.10544823841738472
4.686285815618792 0.09833084548639104
4.692427736740179 0.09076300836630996
4.698569657861567 0.08286345551279006
4.7047115789829554 0.07475924203618599
4.710853500104343 0.0665831850920174
4.716995421225731 0.05847112244890848
4.723137342347118 0.050559069745599476
4.729279263468506 0.04298035579314062
4.735421184589893 0.03586281628322797
4.741563105711281 0.02932612438075048
4.747705026832668 0.023479331988500315
4.753846947954056 0.018418688179461774
4.759988869075444 0.014225791715329731
4.766130790196832 0.010966123123636288
4.7722727113182195 0.008687988979583046
4.778414632439607 0.00742189737138404
4.784556553560995 0.007180369580827602
4.790698474682382 0.007958179339626148
4.79684039580377 0.009732998150820045
4.802982316925157 0.012466413561286516
4.809124238046546 0.016105277329080854
4.815266159167933 0.020583332450309265
4.821408080289321 0.02582306219701265
4.8275500014107084 0.031737700768946074
4.833691922532096 0.038233343875042805
4.839833843653484 0.04521109843653065
4.845975764774871 0.05256921346100652
4.852117685896259 0.060205138723884215
4.858259607017647 0.06801746390681514
4.864401528139035 0.07590769794411506
4.870543449260422 0.08378185616426018
4.87668537038181 0.09155183103207692
4.882827291503197 0.09913653056354861
4.888969212624585 0.10646277649494162
4.8951111337459725 0.11346596177791056
4.90125305486736 0.12009047372731985
4.9073949759887485 0.126289895006073
4.913536897110136 0.132026999482191
4.919678818231524 0.13727356378068659
4.925820739352911 0.14201001806761113
4.931962660474299 0.1462249612797833
4.938104581595686 0.14991456672064374
4.944246502717074 0.15308190377801384
4.9503884238384614 0.15573620060107876
4.95653034495985 0.15789207103198555
4.9626722660812375 0.1595687270576992
4.968814187202625 0.16078919566483563
4.974956108324013 0.16157955637235782
4.9810980294454 0.1619682130019392
4.987239950566788 0.16198521052740075
4.993381871688175 0.16166160521113412
4.999523792809563 0.16102889375833523
5.00566571393095 0.16011850495390206
5.011807635052339 0.15896135523053836
5.017949556173726 0.15758746787358383
5.024091477295114 0.15602565410869434
5.0302333984165015 0.15430325314171464
5.036375319537889 0.15244592731557716
5.042517240659277 0.15047750789923184
5.048659161780664 0.14841988660557273
5.054801082902052 0.14629294772271148
5.06094300402344 0.14411453570751626
5.067084925144828 0.14190045320332934
5.073226846266215 0.13966448467704107
5.079368767387603 0.1374184411975206
5.0855106885089905 0.135172222273145
5.091652609630378 0.13293389110865358
5.097794530751766 0.1307097601112825
5.103936451873153 0.12850448395632982
5.110078372994542 0.12632115799883412
5.116220294115929 0.12416142027924833
5.122362215237317 0.1220255558074212
5.128504136358704 0.1199126022133432
5.134646057480092 0.11782045621910602
5.140787978601479 0.11574598070981715
5.146929899722867 0.11368511245831435
5.1530718208442545 0.11163297078674994
5.159213741965643 0.10958396762538475
5.1653556630870305 0.10753191955361031
5.171497584208418 0.10547016247904431
5.177639505329806 0.10339166962657996
5.183781426451193 0.10128917346994022
5.189923347572581 0.09915529214346405
5.196065268693968 0.09698266072199316
5.202207189815356 0.09476406755306498
5.208349110936744 0.09249259557037807
5.214491032058132 0.09016176821413935
5.2206329531795195 0.08776569923737973
5.226774874300907 0.0852992452943063
5.232916795422295 0.08275815979584747
5.239058716543682 0.08013924608942224
5.24520063766507 0.07744050758746264
5.251342558786457 0.07466129204729628
5.257484479907845 0.07180242681059404
5.263626401029233 0.06886634146233102
5.269768322150621 0.0658571740869748
5.275910243272008 0.06278085710392659
5.282052164393396 0.05964517857551721
5.2881940855147835 0.05645981491850676
5.294336006636171 0.0532363311314262
5.300477927757559 0.049988144989460886
5.306619848878946 0.04673045216583753
5.312761770000335 0.04348010991834243
5.318903691121722 0.0402554778296958
5.32504561224311 0.037076215101703
5.331187533364497 0.03396303505805789
5.337329454485885 0.030937418783701445
5.3434713756072725 0.02802129118575844
5.34961329672866 0.02523666416048473
5.355755217850048 0.02260525294369348
5.361897138971436 0.020148073054694904
5.368039060092824 0.017885026458261753
5.374180981214211 0.015834486606703432
5.380322902335599 0.014012892827437699
5.386464823456986 0.012434365037491076
5.392606744578374 0.01111034994947062
5.398748665699761 0.010049309748307467
5.404890586821149 0.00925646364195114
5.411032507942537 0.008733591714797227
5.417174429063925 0.008478909149325014
5.4233163501853126 0.008487017156218662
5.4294582713067 0.008748934910829604
5.435600192428088 0.009252214495653062
5.441742113549475 0.009981138370879798
5.447884034670863 0.010916996326506775
5.45402595579225 0.012038436306938377
5.460167876913639 0.013321881043754952
5.466309798035026 0.014742000185225803
5.472451719156414 0.016272225667745818
5.4785936402778015 0.017885296520091392
5.484735561399189 0.01955381819703261
5.490877482520577 0.021250820956768248
5.497019403641964 0.0229503017578094
5.503161324763352 0.024627734662931697
5.509303245884739 0.02626053578419303
5.515445167006128 0.02782847034380734
5.521587088127515 0.029313991399174504
5.527729009248903 0.030702502106093592
5.53387093037029 0.03198253597675389
5.540012851491678 0.03314585232293597
5.5461547726130656 0.03418744684937205
5.552296693734453 0.035105480067166565
5.558438614855841 0.03590112872791603
5.564580535977229 0.03657836774147612
5.570722457098617 0.03714369195459458
5.576864378220004 0.03760578867212823
5.583006299341392 0.037975172855684185
5.589148220462779 0.03826379751588926
5.595290141584167 0.0384846519249263
5.6014320627055545 0.03865135993640421
5.607573983826942 0.03877778994898769
5.6137159049483305 0.03887768694258923
5.619857826069718 0.038964335617084116
5.625999747191106 0.0390502620470722
5.632141668312493 0.03914697950970672
5.638283589433881 0.03926478232361723
5.644425510555268 0.03941258972954406
5.650567431676656 0.039597840114952106
5.656709352798043 0.03982643429398532
5.662851273919432 0.04010272514812775
5.668993195040819 0.04042954974728214
5.675135116162207 0.04080829912864234
5.681277037283595 0.04123902022246946
5.687418958404982 0.04172054397900476
5.69356087952637 0.042250633558413325
5.699702800647757 0.04282614647643696
5.705844721769145 0.043443204826190907
5.711986642890533 0.04409736809031071
5.718128564011921 0.04478380358359922
5.724270485133308 0.045497450189523586
5.730412406254696 0.046233171740009044
5.7365543273760835 0.04698589710455447
5.742696248497471 0.047750744772391586
5.748838169618859 0.04852313040473495
5.754980090740246 0.049298856482027704
5.761122011861635 0.05007418375703002
5.767263932983022 0.05084588473683322
5.77340585410441 0.05161127984807504
5.779547775225797 0.05236825728653977
5.785689696347185 0.05311527781531697
5.7918316174685724 0.0538513659581825
5.79797353858996 0.05457608914272499
5.804115459711348 0.05528952638869017
5.810257380832735 0.05599222812005623
5.816399301954124 0.05668516861423902
5.822541223075511 0.05736969249860127
5.828683144196899 0.0580474565730585
5.834825065318286 0.05872036808758122
5.840966986439674 0.05939052044369656
5.847108907561061 0.0600601271278022
5.853250828682449 0.060731454528428125
5.8593927498038365 0.061406754145784226
5.865534670925225 0.062088194575329124
5.8716765920466125 0.06277779354208798
5.877818513168 0.06347735018255696
5.883960434289388 0.06418837771896956
5.890102355410775 0.064912036648405
5.896244276532163 0.06564906857791891
5.90238619765355 0.06639973087709954
5.908528118774938 0.06716373239105011
5.914670039896326 0.0679401705589118
5.920811961017714 0.06872747041408055
5.9269538821391015 0.06952332609983017
5.933095803260489 0.07032464571484698
5.939237724381877 0.07112750050293146
5.945379645503264 0.0719270796144722
5.951521566624652 0.07271765188770721
5.957663487746039 0.07349253631745459
5.963805408867428 0.07424408308881818
5.969947329988815 0.0749636672429373
5.976089251110203 0.07564169719950517
5.98223117223159 0.07626764047376865
5.988373093352978 0.07683006898042752
5.9945150144743655 0.07731672629913044
6.000656935595753 0.0777146191719114
6.006798856717141 0.07801013529823263
6.012940777838529 0.0781891891758127
6.019082698959917 0.07823739729465434
6.025224620081304 0.0781402834200797
6.031366541202692 0.0778835139944257
6.037508462324079 0.07745316284747021
6.043650383445467 0.0768360034395319
6.0497923045668545 0.07601982578200941
6.055934225688242 0.07499377400867428
6.06207614680963 0.07374869933582048
6.068218067931018 0.07227752188677598
6.074359989052406 0.07057559361028368
6.080501910173793 0.06864105334375592
6.086643831295181 0.06647516401800628
6.092785752416568 0.06408262113037631
6.098927673537956 0.06147182099056783
6.105069594659343 0.058655076929386166
6.111211515780731 0.055648771712324824
6.117353436902119 0.05247343486730917
6.123495358023507 0.04915373455771109
6.1296372791448945 0.045718375032092105
6.135779200266282 0.04219989256728001
6.14192112138767 0.038634345176917745
6.148063042509057 0.03506089414638182
6.154204963630445 0.03152127861594089
6.160346884751832 0.02805918788238316
6.166488805873221 0.02471953971776883
6.172630726994608 0.021547676685380074
6.178772648115996 0.018588496024613134
6.1849145692373835 0.01588553202552856
6.191056490358771 0.013480012763431533
6.197198411480159 0.011409915461356297
6.203340332601546 0.009709046452565512
6.209482253722934 0.008406172604796536
6.215624174844322 0.007524231049063377
6.22176609596571 0.007079643068625388
6.227908017087097 0.007081756028166418
6.234049938208485 0.007532434282484474
6.240191859329872 0.008425816166087834
6.24633378045126 0.009748249542046412
6.2524757015726475 0.01147841313300732
6.258617622694035 0.01358762515727385
6.2647595438154235 0.01604033486332897
6.270901464936811 0.018794786629816027
6.277043386058199 0.021803840614072287
