time TPR_both_B_open_144_rho12_real
904.7786842338604 -0.0009325033265343993
904.7848261549818 -0.0009194739166450301
904.7909680761032 -0.0009142731560946031
904.7971099972245 -0.000916738661827057
904.803251918346 -0.0009266229224595687
904.8093938394674 -0.0009435952110999019
904.8155357605888 -0.0009672440539052919
904.8216776817102 -0.0009970802392705084
904.8278196028315 -0.0010325403493434688
904.8339615239529 -0.001072990792495984
904.8401034450743 -0.0011177323124159013
904.8462453661957 -0.001166004946673234
904.852387287317 -0.001216993404952512
904.8585292084384 -0.0012698328346540393
904.8646711295598 -0.0013236149392615952
904.8708130506812 -0.0013773944127658763
904.8769549718027 -0.0014301956515348384
904.883096892924 -0.0014810197033406879
904.8892388140454 -0.0015288514118029137
904.8953807351668 -0.0015726667132964075
904.9015226562882 -0.001611440042392338
904.9076645774096 -0.0016441518011902003
904.9138064985309 -0.0016697958474238338
904.9199484196523 -0.0016873869559980426
904.9260903407737 -0.001695968208687606
904.9322322618951 -0.0016946182669844284
904.9383741830165 -0.0016824584836743386
904.9445161041378 -0.00165865980948846
904.9506580252593 -0.0016224494522698
904.9567999463807 -0.0015731172473505562
904.9629418675021 -0.0015100216993863803
904.9690837886234 -0.0014325956576411918
904.9752257097448 -0.0013403515886891305
904.9813676308662 -0.0012328864126784642
904.9875095519876 -0.0011098858716727937
904.993651473109 -0.0009711284011586751
904.9997933942303 -0.0008164884784798357
905.0059353153517 -0.0006459394249059499
905.0120772364731 -0.0004595556410278713
905.0182191575946 -0.00025751425828233197
905.024361078716 -4.00961926670035e-05
905.0305029998373 0.000192313409906527
905.0366449209587 0.00043922534386875797
905.0427868420801 0.0007000471335879938
905.0489287632015 0.0009740844425755878
905.0550706843229 0.00126054309907479
905.0612126054442 0.0015585317312821216
905.0673545265656 0.0018670650021056399
905.073496447687 0.0021850674296757825
905.0796383688084 0.0025113777768488244
905.0857802899299 0.002844753989277487
905.0919222110512 0.0031838786587114155
905.0980641321726 0.0035273649850035916
905.104206053294 0.0038737632074041417
905.1103479744154 0.004221567472945228
905.1164898955367 0.004569223107075523
905.1226318166581 0.004915134249390621
905.1287737377795 0.005257671814836055
905.1349156589009 0.0055951817390311066
905.1410575800223 0.0059259934642948925
905.1471995011436 0.006248428621577346
905.153341422265 0.006560809861998476
905.1594833433865 0.006861469790750432
905.1656252645079 0.007148759955207069
905.1717671856293 0.007421059838543841
905.1779091067506 0.007676785809863321
905.184051027872 0.00791439998178576
905.1901929489934 0.0081324189266983
905.1963348701148 0.008329422203348417
905.2024767912362 0.008504060646264541
905.2086187123575 0.00865506437146687
905.2147606334789 0.00878125045327502
905.2209025546003 0.008881530228522496
905.2270444757218 0.008954916186295798
905.233186396843 0.009000528403321405
905.2393283179645 0.009017600487380092
905.2454702390859 0.009005484993580797
905.2516121602073 0.008963658280985626
905.2577540813287 0.008891724779918024
905.26389600245 0.008789420643325331
905.2700379235714 0.008656616758642535
905.2761798446928 0.008493321100115126
905.2823217658142 0.008299680404658977
905.2884636869356 0.00807598115817384
905.2946056080569 0.007822649882612146
905.3007475291784 0.007540252717877896
905.3068894502998 0.007229494296312678
905.3130313714212 0.006891215911255706
905.3191732925426 0.006526392984947016
905.3253152136639 0.006136131844624529
905.3314571347853 0.005721665819524826
905.3375990559067 0.005284350675030675
905.3437409770281 0.004825659403684326
905.3498828981494 0.004347176396269548
905.3560248192708 0.0038505910196239015
905.3621667403922 0.0033376906308059456
905.3683086615137 0.0028103530604404016
905.3744505826351 0.0022705386008806477
905.3805925037564 0.0017202815375238832
905.3867344248778 0.0011616812641044992
905.3928763459992 0.0005968930250610658
905.3990182671206 2.811833019459704e-05
905.405160188242 -0.0005424049115414519
905.4113021093633 -0.0011124124903600441
905.4174440304847 -0.0016796241763897878
905.4235859516061 -0.002241754131647686
905.4297278727275 -0.0027965214018192738
905.435869793849 -0.0033416604352389284
905.4420117149702 -0.0038749315766579673
905.4481536360917 -0.004394131483384445
905.4542955572131 -0.004897103411244731
905.4604374783345 -0.005381747318990395
905.4665793994558 -0.005846029740042768
905.4727213205772 -0.0062879933720295655
905.4788632416986 -0.006705766335360636
905.48500516282 -0.007097571054394152
905.4911470839414 -0.007461732715899475
905.4972890050627 -0.00779668726207331
905.5034309261841 -0.00810098887745014
905.5095728473055 -0.008373316931619159
905.515714768427 -0.008612482342366794
905.5218566895484 -0.008817433326730411
905.5279986106697 -0.00898726051059543
905.5341405317911 -0.00912120137056152
905.5402824529125 -0.009218643985244041
905.5464243740339 -0.009279130076657519
905.5525662951553 -0.009302357325864742
905.5587082162766 -0.009288180950728468
905.564850137398 -0.009236614537378679
905.5709920585194 -0.009147830120736453
905.5771339796408 -0.009022157513248644
905.5832759007621 -0.008860082884788572
905.5894178218836 -0.008662246600468465
905.595559743005 -0.008429440326863913
905.6017016641264 -0.008162603420877046
905.6078435852478 -0.007862818619037351
905.6139855063691 -0.007531307048686993
905.6201274274905 -0.00716942258579838
905.6262693486119 -0.006778645587662289
905.6324112697333 -0.006360576031577136
905.6385531908547 -0.005916926093984141
905.644695111976 -0.00544951220711544
905.6508370330974 -0.004960246632809858
905.6569789542189 -0.004451128595887601
905.6631208753403 -0.003924235021251253
905.6692627964617 -0.003381710921255349
905.675404717583 -0.0028257594812994063
905.6815466387044 -0.0022586318933909095
905.6876885598258 -0.0016826169883949692
905.6938304809472 -0.001100030718803104
905.6999724020686 -0.0005132055444980946
905.7061143231899 7.552022558083741e-05
905.7122562443113 0.0006638130828238986
905.7183981654327 0.0012493549064805727
905.7245400865542 0.0018298534367778131
905.7306820076755 0.0024030525819212995
905.7368239287969 0.002966742507995169
905.7429658499183 0.0035187694621233024
905.7491077710397 0.004057045280791297
905.7552496921611 0.0045795565368955855
905.7613916132824 0.005084373280944616
905.7675335344038 0.005569657334260444
905.7736754555252 0.006033670094291723
905.7798173766466 0.006474779814831818
905.785959297768 0.006891468326752843
905.7921012188893 0.00728233716781258
905.7982431400108 0.007646113093419324
905.8043850611322 0.007981652943162023
905.8105269822536 0.00828794784186864
905.816668903375 0.008564126716954893
905.8228108244963 0.00880945911780007
905.8289527456177 0.009023357326402283
905.8350946667391 0.009205377752338165
905.8412365878605 0.00935522160880261
905.8473785089818 0.009472734870246862
905.8535204301032 0.00955790751594266
905.8596623512246 0.009610872067386816
905.865804272346 0.009631901431276972
905.8719461934675 0.009621406063244877
905.8780881145888 0.009579930471099566
905.8842300357102 0.00950814907967521
905.8903719568316 0.009406861482654709
905.896513877953 0.009276987109830331
905.9026557990744 0.009119559341210575
905.9087977201957 0.008935719102145908
905.9149396413171 0.008726707976218119
905.9210815624385 0.008493860875001034
905.9272234835599 0.008238598305973037
905.9333654046814 0.00796241828171149
905.9395073258027 0.007666887915301667
905.9456492469241 0.0073536347481789775
905.9517911680455 0.007024337857998411
905.9579330891669 0.006680718794776206
905.9640750102882 0.006324532394526441
905.9702169314096 0.005957557519759586
905.976358852531 0.005581587776464402
905.9825007736524 0.005198422257020386
905.9886426947738 0.0048098563580832344
905.9947846158951 0.00441767272187047
906.0009265370165 0.004023632348169939
906.007068458138 0.0036294659236142685
906.0132103792594 0.003236865412771515
906.0193523003808 0.0028474759545208876
906.0254942215021 0.0024628881048991496
906.0316361426235 0.0020846304656880186
906.0377780637449 0.0017141627356570767
906.0439199848663 0.0013528692188810856
906.0500619059877 0.0010020528219217286
906.056203827109 0.0006629295686971071
906.0623457482304 0.00033662365906208093
906.0684876693518 2.4163093906365193e-05
906.0746295904733 -0.00027352411369414907
906.0807715115945 -0.0005556131250135084
906.086913432716 -0.0008213848469554156
906.0930553538374 -0.00107022787876612
906.0991972749588 -0.0013016398282498216
906.1053391960802 -0.0015152279951240262
906.1114811172015 -0.0017107094226733138
906.1176230383229 -0.0018879103223704244
906.1237649594443 -0.0020467648796126756
906.1299068805657 -0.0021873134521104643
906.1360488016871 -0.0023097001759054365
906.1421907228084 -0.002414169997089129
906.1483326439298 -0.0025010651506278277
906.1544745650513 -0.002570821110517346
906.1606164861727 -0.0026239620386105398
906.1667584072941 -0.0026610957619130145
906.1729003284154 -0.002682908310874154
906.1790422495368 -0.002690158053532652
906.1851841706582 -0.0026836694624002315
906.1913260917796 -0.0026643265531116644
906.1974680129009 -0.002633066035411635
906.2036099340223 -0.002590870218678616
906.2097518551437 -0.0025387597152814042
906.2158937762651 -0.0024777859862510224
906.2220356973866 -0.002409023774318099
906.2281776185079 -0.002333563469978951
906.2343195396293 -0.0022525034564289024
906.2404614607507 -0.002166942479186981
906.2466033818721 -0.0020779720859446043
906.2527453029935 -0.001986669181616435
906.2588872241148 -0.0018940887427837674
906.2650291452362 -0.001801256734640722
906.2711710663576 -0.0017091632722707713
906.277312987479 -0.0016187560665450297
906.2834549086004 -0.0015309341931620901
906.2895968297217 -0.0014465422213615238
906.2957387508432 -0.0013663647366660614
906.3018806719646 -0.0012911212896132885
906.308022593086 -0.001221461799876729
906.3141645142074 -0.0011579624424457537
906.3203064353287 -0.0011011220396515637
906.3264483564501 -0.0010513589798201676
906.3325902775715 -0.001009008680187471
906.3387321986929 -0.0009743216085064667
906.3448741198142 -0.0009474618744454808
906.3510160409356 -0.0009285063985254535
906.357157962057 -0.000917444662919295
906.3632998831785 -0.0009141790450202215
906.3694418042999 -0.0009185257312324868
906.3755837254212 -0.0009302162050317089
906.3817256465426 -0.000948899299960469
906.387867567664 -0.0009741438048841835
906.3940094887854 -0.0010054416055995494
906.4001514099068 -0.0010422113437100948
906.4062933310281 -0.0010838025706473354
906.4124352521495 -0.0011295003717820679
906.4185771732709 -0.001178530432802131
906.4247190943923 -0.0012300645179080883
906.4308610155138 -0.0012832263269359336
906.437002936635 -0.0013370976962581531
906.4431448577565 -0.0013907251062580477
906.4492867788779 -0.0014431264563266257
906.4554286999993 -0.0014932980667090212
906.4615706211206 -0.0015402218651328805
906.467712542242 -0.0015828727149983198
906.4738544633634 -0.0016202258410024375
906.4799963844848 -0.0016512643074073454
906.4861383056062 -0.0016749865037532323
906.4922802267275 -0.001690413592679055
906.4984221478489 -0.0016965968746052939
906.5045640689704 -0.0016926250244043372
906.5107059900918 -0.0016776311557974734
906.5168479112132 -0.0016507996700830373
906.5229898323345 -0.001611372846925424
906.5291317534559 -0.0015586571362430285
906.5352736745773 -0.001492029111917302
906.5414155956987 -0.0014109410497100167
906.5475575168201 -0.0013149260939486875
906.5536994379414 -0.001203602979663335
906.5598413590628 -0.0010766802793269975
906.5659832801842 -0.0009339601459368688
906.5721252013057 -0.0007753415269352189
906.578267122427 -0.0006008228264070362
906.5844090435484 -0.0004105039959525937
906.5905509646698 -0.00020458803797075394
906.5966928857912 1.6618091864138132e-05
906.6028348069126 0.0002527031926017215
906.6089767280339 0.0005031521429099519
906.6151186491553 0.0007673468456703881
906.6212605702767 0.0010445677917212937
906.6274024913981 0.0013339962386228425
906.6335444125195 0.0016347169968566418
906.6396863336408 0.0019457218124107473
906.6458282547623 0.0022659133312921413
906.6519701758837 0.0025941096281711764
906.6581120970051 0.002929049278075504
906.6642540181265 0.003269396946990772
906.6703959392478 0.003613749474036649
906.6765378603692 0.003960642415182112
906.6826797814906 0.0043085570155133755
906.688821702612 0.004655927574772937
906.6949636237333 0.005001149168199294
906.7011055448547 0.005342585682754989
906.7072474659761 0.005678578126737975
906.7133893870975 0.006007453169056615
906.719531308219 0.006327531862932432
906.7256732293403 0.006637138507495733
906.7318151504617 0.006934609599810918
906.7379570715831 0.007218302828902111
906.7440989927045 0.007486606063133149
906.7502409138259 0.007737946281777375
906.7563828349472 0.007970798401836255
906.7625247560686 0.008183693951378303
906.76866667719 0.008375229541262214
906.7748085983114 0.008544075087939485
906.7809505194328 0.008688981741124504
906.7870924405541 0.008808789471485815
906.7932343616756 0.0089024342750911
906.799376282797 0.008968954953211192
906.8055182039184 0.00900749942815351
906.8116601250397 0.009017330558081824
906.8178020461611 0.008997831416320866
906.8239439672825 0.008948510003318309
906.8300858884039 0.008869003362342198
906.8362278095253 0.00875908107304046
906.8423697306466 0.008618648100194125
906.848511651768 0.008447746978332874
906.8546535728894 0.008246559316328329
906.8607954940109 0.008015406609662743
906.8669374151323 0.007754750351592733
906.8730793362536 0.007465191438284231
906.879221257375 0.007147468866497069
906.8853631784964 0.006802457726405439
906.8915050996178 0.0064311664954923705
906.8976470207392 0.0060347336435957015
906.9037889418605 0.005614423562560342
906.9099308629819 0.005171621837512793
906.9160727841033 0.004707829880666592
906.9222147052247 0.004224658951447128
906.9283566263462 0.003723823590503691
906.9344985474675 0.0032071344979378346
906.9406404685889 0.0026764908894366837
906.9467823897103 0.002133872366520439
906.9529243108317 0.0015813303399319913
906.959066231953 0.0010209790475757662
906.9652081530744 0.00045498621064607415
906.9713500741958 -0.00011443662641639835
906.9774919953172 -0.000685044024749138
906.9836339164386 -0.0012545667997007116
906.9897758375599 -0.0018207223392273056
906.9959177586813 -0.002381225040741037
907.0020596798028 -0.0029337968145083993
907.0082016009242 -0.0034761776012967264
907.0143435220456 -0.004006135851702958
907.0204854431669 -0.004521478914549624
907.0266273642883 -0.005020063282338749
907.0327692854097 -0.005499804642196835
907.0389112065311 -0.005958687681700372
907.0450531276525 -0.00639477560012419
907.0511950487738 -0.006806219277011425
907.0573369698952 -0.007191266051827383
907.0634788910166 -0.007548268069928293
907.069620812138 -0.007875690152831004
907.0757627332594 -0.008172117152506108
907.0819046543808 -0.008436260752438187
907.0880465755022 -0.008666965680628321
907.0941884966236 -0.008863215302973758
907.100330417745 -0.009024136568223887
907.1064723388663 -0.009149004279212067
907.1126142599877 -0.009237244668391884
907.1187561811091 -0.009288438259092952
907.1248981022305 -0.009302321997699113
907.1310400233519 -0.009278790645471904
907.1371819444732 -0.009217897422572664
907.1433238655947 -0.009119853900566145
907.1494657867161 -0.008985029143522295
907.1556077078375 -0.00881394810161499
907.1617496289589 -0.008607289264907753
907.1678915500802 -0.008365881588761904
907.1740334712016 -0.008090700705991662
907.180175392323 -0.007782864444499698
907.1863173134444 -0.007443627672673172
907.1924592345657 -0.0070743764981447904
907.1986011556871 -0.006676621848900455
907.2047430768085 -0.006251992468800731
907.21088499793 -0.0058022273624934294
907.2170269190514 -0.005329167727494641
907.2231688401727 -0.004834748413902733
907.2293107612941 -0.0043209889544196575
907.2354526824155 -0.003789984209619613
907.2415946035369 -0.0032438946752862668
907.2477365246583 -0.0026849365003139346
907.2538784457796 -0.0021153712651544167
907.260020366901 -0.0015374955717282956
907.2661622880224 -0.0009536304971120541
907.2723042091438 -0.00036611096322020873
907.2784461302653 0.00022272492422516254
907.2845880513865 0.000810546514571666
907.290729972508 0.0013950411760660654
907.2968718936294 0.0019739247322832355
907.3030138147508 0.0025449517195546374
907.3091557358721 0.0031059254147525156
907.3152976569935 0.0036547075842993867
907.3214395781149 0.004189227906360269
907.3275814992363 0.004707493020542713
907.3337234203577 0.005207595160953193
907.339865341479 0.00568772033110166
907.3460072626004 0.006146155981292307
907.3521491837218 0.006581298152087292
907.3582911048433 0.006991658050135193
907.3644330259647 0.007375868025745289
907.370574947086 0.0077326869247724365
907.3767168682074 0.008061004790707035
907.3828587893288 0.008359846896318085
907.3890007104502 0.008628377087716724
907.3951426315716 0.008865900427434095
907.4012845526929 0.009071865126639007
907.4074264738143 0.009245863760542658
907.4135683949357 0.009387633764611799
907.4197103160571 0.00949705721317457
907.4258522371784 0.009574159885524946
907.4319941582999 0.009619109628503332
907.4381360794213 0.009632214028087479
907.4442780005427 0.009613917406115604
907.4504199216641 0.009564797161725957
907.4565618427854 0.00948555948045232
907.4627037639068 0.00937703443711171
907.4688456850282 0.009240170521733107
907.4749876061496 0.009076028620600309
907.481129527271 0.008885775487283198
907.4872714483923 0.008670676740990268
907.4934133695137 0.008432089431919438
907.4995552906352 0.008171454215367807
907.5056972117566 0.007890287178219728
907.511839132878 0.007590171363083137
907.5179810539993 0.007272748036634937
907.5241229751207 0.006939707749964709
907.5302648962421 0.006592781239517178
907.5364068173635 0.006233730217784657
907.5425487384849 0.005864338103254757
907.5486906596062 0.005486400739270716
907.5548325807276 0.005101717151106818
907.560974501849 0.004712080390196504
907.5671164229705 0.0043192685136847165
907.5732583440918 0.003925035746494642
907.5794002652132 0.0035311038718620286
907.5855421863346 0.003139153894803785
907.591684107456 0.0027508180213196357
907.5978260285774 0.0023676719940482643
907.6039679496987 0.0019912278231844116
907.6101098708201 0.0016229269488267407
907.6162517919415 0.001264133868706894
907.6223937130629 0.0009161302621194125
907.6285356341843 0.0005801096384586323
907.6346775553056 0.000257172535431707
907.640819476427 -5.167771111980606e-05
907.6469613975485 -0.00034553860681190687
907.6531033186699 -0.000623611532531836
907.6592452397913 -0.0008852041603082962
907.6653871609126 -0.001129732242845332
907.671529082034 -0.0013567207715834432
907.6776710031554 -0.0015658045018892785
907.6838129242768 -0.0017567278473770301
907.6899548453981 -0.0019293441489091272
907.6960967665195 -0.0020836143272806263
907.7022386876409 -0.0022196049319950883
907.7083806087624 -0.00233748560186906
907.7145225298838 -0.0024375259564039195
907.7206644510051 -0.0025200919400598988
907.7268063721265 -0.002585641644436031
907.7329482932479 -0.002634720636268269
907.7390902143693 -0.0026679568218515664
907.7452321354907 -0.0026860548809579474
907.751374056612 -0.0026897903055927265
907.7575159777334 -0.0026800030811202353
907.7636578988548 -0.0026575910491162986
907.7697998199762 -0.0026235029929906634
907.7759417410977 -0.0025787314888503473
907.782083662219 -0.0025243055652477277
907.7882255833404 -0.002461283216443986
907.7943675044618 -0.002390743814397278
907.8005094255832 -0.002313780465259508
907.8066513467045 -0.0022314923561848722
907.8127932678259 -0.002144977138265287
907.8189351889473 -0.0020553233909798773
907.8250771100687 -0.001963603213000403
907.8312190311901 -0.0018708649832567745
907.8373609523114 -0.0017781263351002575
907.8435028734328 -0.0016863673850313324
907.8496447945543 -0.0015965242558387896
907.8557867156757 -0.0015094829322167226
907.8619286367971 -0.0014260734848543211
907.8680705579184 -0.0013470646967779492
907.8742124790398 -0.001273159123276322
907.8803544001612 -0.0012049886141464769
907.8864963212826 -0.0011431103242206878
907.892638242404 -0.0010880032352221728
907.8987801635253 -0.0010400652089526804
907.9049220846467 -0.0009996105886589304
907.9110640057681 -0.0009668683621753243
907.9172059268896 -0.0009419808971136425
907.9233478480108 -0.0009250032549944783
907.9294897691323 -0.0009159030877903501
907.9356316902537 -0.0009145611169187775
907.9417736113751 -0.0009207721912926563
907.9479155324965 -0.0009342469176225484
907.9540574536178 -0.000954613852790613
907.9601993747392 -0.0009814222448140994
907.9663412958606 -0.00101414530567932
907.972483216982 -0.0010521839961951441
907.9786251381034 -0.0010948712999954598
907.9847670592247 -0.0011414769609307397
907.9909089803461 -0.0011912126553553877
907.9970509014676 -0.0012432375682273756
908.003192822589 -0.0012966643395566566
908.0093347437104 -0.001350565345512442
908.0154766648317 -0.0014039792765065614
908.0216185859531 -0.0014559179727743423
908.0277605070745 -0.001505373476409156
908.0339024281959 -0.0015513252574729072
908.0400443493172 -0.0015927475707139115
908.0461862704386 -0.001628616898567099
908.05232819156 -0.0016579194355338764
908.0584701126814 -0.0016796585686723639
908.0646120338029 -0.0016928623088672738
908.0707539549242 -0.0016965906276928608
908.0768958760456 -0.0016899426551376313
908.083037797167 -0.0016720636941127626
908.0891797182884 -0.0016421520086096187
908.0953216394098 -0.0015994653435411198
908.1014635605311 -0.0015433271357135066
908.1076054816525 -0.0014731323770183294
908.1137474027739 -0.0013883530927962797
908.1198893238953 -0.0012885434004169683
908.1260312450167 -0.0011733441153494722
908.132173166138 -0.0010424868745434956
908.1383150872595 -0.0008957977494843205
908.1444570083809 -0.0007332003242096056
908.1505989295023 -0.0005547182163539596
908.1567408506237 -0.0003604770225589158
908.162882771745 -0.00015070567264981757
908.1690246928664 7.426281974853464e-05
908.1751666139878 0.00031399121894851807
908.1813085351092 0.0005679385468935019
908.1874504562305 0.0008354611827202081
908.1935923773519 0.0011158145808197887
908.1997342984733 0.0014081556022528044
908.2058762195948 0.001711545451259634
908.2120181407162 0.0020249532047942748
908.2181600618375 0.002347259919870337
908.2243019829589 0.0026772633000680134
908.2304439040803 0.0030136828993514385
908.2365858252017 0.003355165838222482
908.2427277463231 0.003700293004208588
908.2488696674444 0.004047585705914391
908.2550115885658 0.004395512747047138
908.2611535096872 0.00474249788437097
908.2672954308086 0.005086927631240719
908.27343735193 0.005427159366200264
908.2795792730514 0.005761529704155633
908.2857211941728 0.006088363086055402
908.2918631152942 0.006405980541473037
908.2980050364156 0.006712708577303934
908.3041469575369 0.007006888144827613
908.3102888786583 0.007286883636685249
908.3164307997797 0.007551091864888697
908.3225727209011 0.007797950970791465
908.3287146420225 0.008025949218097546
908.3348565631438 0.008233633620270861
908.3409984842652 0.008419618354432622
908.3471404053867 0.008582592914653365
908.3532823265081 0.008721329958787109
908.3594242476295 0.008834692804329544
908.3655661687508 0.008921642530513415
908.3717080898722 0.008981244645715588
908.3778500109936 0.009012675281416405
908.383991932115 0.009015226876273768
908.3901338532364 0.008988313316470918
908.3962757743577 0.008931474501196907
908.4024176954791 0.008844380305119453
908.4085596166005 0.008726833912738126
908.414701537722 0.00857877450278245
908.4208434588433 0.008400279264174772
908.4269853799647 0.008191564728556963
908.4331273010861 0.007952987407948673
908.4392692222075 0.007685043729739694
908.4454111433289 0.007388369264952555
908.4515530644502 0.007063737249321004
908.4576949855716 0.006712056400621199
908.463836906693 0.006334368039351655
908.4699788278144 0.005931842523498316
908.4761207489358 0.005505775011805558
908.4822626700571 0.005057580573678804
908.4884045911786 0.004588788667130692
908.4945465123 0.004101037009711753
908.5006884334214 0.00359606487057751
908.5068303545428 0.003075705814958941
908.5129722756641 0.002541879935333366
908.5191141967855 0.0019965856061107136
908.5252561179069 0.0014418908018151778
908.5313980390283 0.0008799240202970207
908.5375399601496 0.0003128648555219649
908.543681881271 -0.00025706573422909203
908.5498238023924 -0.0008276154146837688
908.5559657235139 -0.0013965106715110906
908.5621076446353 -0.0019614671630885853
908.5682495657566 -0.0025202001788508675
908.574391486878 -0.0030704351512929754
908.5805334079994 -0.0036099181688627937
908.5866753291208 -0.0041364264374983495
908.5928172502422 -0.004647778638137914
908.5989591713635 -0.005141845128390431
908.6051010924849 -0.005616557936870854
908.6112430136063 -0.006069920499974908
908.6173849347277 -0.006500017091905432
908.6235268558491 -0.006905021900299388
908.6296687769704 -0.0072832077015183355
908.6358106980919 -0.007632954091627617
908.6419526192133 -0.007952755231284766
908.6480945403347 -0.008241227065129066
908.6542364614561 -0.008497113978988053
908.6603783825774 -0.008719294860829624
908.6665203036988 -0.008906788534589039
908.6726622248202 -0.009058758538924707
908.6788041459416 -0.009174517226489813
908.6849460670629 -0.009253529162461001
908.6910879881843 -0.009295413804799353
908.6972299093057 -0.00929994745223685
908.7033718304272 -0.009267064449706248
908.7095137515486 -0.00919685764467856
908.7156556726699 -0.009089578091663953
908.7217975937913 -0.008945634005913987
908.7279395149127 -0.008765588971212504
908.7340814360341 -0.008550159410337205
908.7402233571555 -0.008300211330600191
908.7463652782768 -0.008016756360477138
908.7525071993982 -0.007700947096960548
908.7586491205196 -0.007354071786753682
908.764791041641 -0.0069775483677909835
908.7709329627625 -0.006572917900844092
908.7770748838838 -0.006141837423957048
908.7832168050052 -0.0056860722655034295
908.7893587261266 -0.0052074878543334185
908.795500647248 -0.00470804106795672
908.8016425683693 -0.004189771162057348
908.8077844894907 -0.0036547903268453258
908.8139264106121 -0.0031052739174233955
908.8200683317335 -0.0025434504070899863
908.8262102528549 -0.00197159111381508
908.8323521739762 -0.001391999751229503
908.8384940950976 -0.0008070018562984635
908.844636016219 -0.00021893414639982822
908.8507779373405 0.0003698661411323386
908.8569198584619 0.0009570718741064953
908.8630617795832 0.0015403765622956347
908.8692037007046 0.002117504753966671
908.875345621826 0.002686222240515898
908.8814875429474 0.0032443460192184423
908.8876294640688 0.003789753964870797
908.8937713851901 0.004320394163112324
908.8999133063115 0.004834293860050243
908.906055227433 0.005329567984531694
908.9121971485544 0.005804427202263319
908.9183390696757 0.006257185463014867
908.9244809907971 0.006686267005282856
908.9306229119185 0.0070902127852112366
908.9367648330399 0.007467686300259798
908.9429067541613 0.007817478780734839
908.9490486752826 0.008138513726072223
908.955190596404 0.00842985076604981
908.9613325175254 0.008690688830730922
908.9674744386468 0.00892036861658685
908.9736163597682 0.009118374339928667
908.9797582808895 0.009284334772593208
908.985900202011 0.009418023558480523
908.9920421231324 0.00951935881337033
908.9981840442538 0.009588402014181758
909.0043259653752 0.009625356187494225
909.0104678864965 0.009630563410765468
909.0166098076179 0.009604501643266886
909.0227517287393 0.009547780907158554
909.0288936498607 0.009461138842458212
909.035035570982 0.009345435662836812
909.0411774921034 0.009201648542199114
909.0473194132248 0.00903086546486049
909.0534613343463 0.008834278574818092
909.0596032554677 0.00861317706203542
909.065745176589 0.008368939626003364
909.0718870977104 0.008103026558768088
909.0780290188318 0.00781697149156696
909.0841709399532 0.007512372850554638
909.0903128610746 0.007190885068663538
909.0964547821959 0.006854209601532262
909.1025967033173 0.006504085796192517
909.1087386244387 0.006142281661979974
909.1148805455601 0.005770584593049964
909.1210224666816 0.005390792092190353
909.1271643878028 0.005004702545093415
909.1333063089243 0.004614106093955516
909.1394482300457 0.004220775658272449
909.1455901511671 0.0038264581497686237
909.1517320722884 0.0034328659270602985
909.1578739934098 0.0030416685341190823
909.1640159145312 0.0026544847648309285
909.1701578356526 0.0022728750939457767
909.176299756774 0.0018983345125556913
909.1824416778953 0.0015322858037050482
909.1885835990167 0.0011760732913352761
909.1947255201381 0.0008309570929091995
909.2008674412596 0.0004981079031017942
909.207009362381 0.0001786023329416163
909.2131512835023 -0.0001265811742935841
909.2192932046237 -0.00041656583258159875
909.2254351257451 -0.0006905793934529474
909.2315770468665 -0.0009479564059528216
909.2377189679879 -0.0011881398486241284
909.2438608891092 -0.0014106821293416445
909.2500028102306 -0.0016152454525101393
909.256144731352 -0.0018016015563265
909.2622866524734 -0.0019696308267801274
909.2684285735947 -0.002119320798035533
909.2745704947162 -0.0022507640525881935
909.2807124158376 -0.0023641555376172387
909.286854336959 -0.002459789317443953
909.2929962580804 -0.002538054784785951
909.2991381792017 -0.0025994323566608944
909.3052801003231 -0.0026444886835678364
909.3114220214445 -0.0026738714030491743
909.3175639425659 -0.002688303471426874
909.3237058636873 -0.002688577109553895
909.3298477848086 -0.0026755474006248526
909.33598970593 -0.0026501255798026015
909.3421316270515 -0.0026132720571212346
909.3482735481729 -0.002565989216437802
909.3544154692943 -0.0025093140343493197
909.3605573904156 -0.0024443105638634567
909.366699311537 -0.002372062328230959
909.3728412326584 -0.0022936646707097464
909.3789831537798 -0.002210217106123739
909.3851250749012 -0.002122815719942806
909.3912669960225 -0.0020325456601497896
909.3974089171439 -0.0019404737665297826
909.4035508382653 -0.001847641381040915
909.4096927593868 -0.001755057381797552
909.415834680508 -0.0016636914817240761
909.4219766016295 -0.0015744678313270504
909.4281185227509 -0.00148825896313663
909.4342604438723 -0.001405880113286296
909.4404023649937 -0.0013280839534105526
909.446544286115 -0.001255555763561873
909.4526862072364 -0.001188909074207289
909.4588281283578 -0.0011286818025396752
909.4649700494792 -0.0010753329054156947
909.4711119706006 -0.001029239568132829
909.477253891722 -0.0009906949450940966
909.4833958128434 -0.0009599064651308087
909.4895377339648 -0.0009369947109151319
909.4956796550862 -0.0009219928785021681
909.5018215762076 -0.0009148468196154107
909.5079634973289 -0.0009154156658582934
909.5141054184503 -0.0009234730305978852
909.5202473395717 -0.0009387087808676319
909.5263892606931 -0.0009607313682814573
909.5325311818144 -0.0009890707046575592
909.5386731029358 -0.0010231815648372596
909.5448150240572 -0.0010624474960852217
909.5509569451787 -0.001106185210463846
909.5570988663001 -0.0011536494337242471
909.5632407874214 -0.0012040381815557597
909.5693827085428 -0.0012564984315021298
909.5755246296642 -0.0013101321565003768
909.5816665507856 -0.0013640026838393482
909.587808471907 -0.0014171413413838782
909.5939503930283 -0.001468554351172881
909.6000923141497 -0.00151722992899195
909.6062342352711 -0.0015621455472500127
909.6123761563925 -0.0016022753174480485
909.618518077514 -0.0016365974477546147
909.6246599986353 -0.0016641017306647334
909.6308019197567 -0.001683797015428776
909.6369438408781 -0.0016947186199476995
909.6430857619995 -0.0016959356370226833
909.6492276831208 -0.0016865580903794007
909.6553696042422 -0.0016657438965788688
909.6615115253636 -0.001632705589996077
909.667653446485 -0.0015867167691715957
909.6737953676064 -0.0015271182244235865
909.6799372887277 -0.001453323708227512
909.6860792098491 -0.0013648253118261954
909.6922211309706 -0.0012611984136505908
909.698363052092 -0.0011421061674557168
909.7045049732134 -0.0010073035006055292
909.7106468943347 -0.0008566405955715677
909.7167888154561 -0.0006900658306199788
909.7229307365775 -0.0005076281586127891
909.7290726576989 -0.00030947890593201486
909.7352145788203 -9.58729767679534e-05
909.7413564999416 0.00013283054862114858
909.747498421063 0.000376168429779769
909.7536403421844 0.000633573900653653
909.7597822633059 0.0009043779240588812
909.7659241844271 0.0011878110636656825
909.7720661055486 0.001483005967646726
909.77820802667 0.0017890004546692454
909.7843499477914 0.00210474118944447
909.7904918689128 0.002429087931760378
909.7966337900341 0.0027608183394676237
909.8027757111555 0.0030986333028672746
909.8089176322769 0.003441162784642156
909.8150595533983 0.00378697213678574
909.8212014745197 0.004134568862858012
909.827343395641 0.004482409791455245
909.8334853167624 0.004828908624299507
909.8396272378839 0.005172443819867674
909.8457691590053 0.0055113667716953285
909.8519110801267 0.005844010238366428
909.858053001248 0.006168696980763662
909.8641949223694 0.006483748560592556
909.8703368434908 0.0067874942531820194
909.8764787646122 0.007078280026589085
909.8826206857336 0.007354477538428131
909.8887626068549 0.007614493101470706
909.8949045279763 0.007856776568959242
909.9010464490977 0.008079830090744854
909.9071883702192 0.008282216691783967
909.9133302913405 0.008462568625260328
909.9194722124619 0.00861959545351626
909.9256141335833 0.008752091811241324
909.9317560547047 0.008858944806840754
909.9378979758261 0.008939141019612719
909.9440398969474 0.008991773052341452
909.9501818180688 0.009016045601101579
909.9563237391902 0.009011281006471776
909.9624656603116 0.008976924252967236
909.968607581433 0.008912547386295322
909.9747495025543 0.008817853321036538
909.9808914236758 0.008692679014394076
909.9870333447972 0.00853699798512745
909.9931752659186 0.008350922159886946
909.99931718704 0.008134703032971357
910.0054591081613 0.007888732128904744
910.0116010292827 0.007613540760984091
910.0177429504041 0.007309799082624547
910.0238848715255 0.0069783144320548695
910.0300267926468 0.006620028974706191
910.0361687137682 0.006236016651170178
910.0423106348896 0.005827479442669919
910.0484525560111 0.005395742969140071
910.0545944771325 0.0049422514390084216
910.0607363982538 0.004468561972882098
910.0668783193752 0.00397633832702949
910.0730202404966 0.0034673440454921654
910.079162161618 0.00294343507290474
910.0853040827394 0.002406551862960848
910.0914460038607 0.0018587110202064852
910.0975879249821 0.0013019965153831068
910.1037298461035 0.0007385505168663235
910.109871767225 0.0001705638829257396
910.1160136883464 -0.0003997336387868835
910.1221556094677 -0.000970083456132641
910.1282975305891 -0.001538208372392773
910.1344394517105 -0.002101822970223007
910.1405813728319 -0.002658644088414729
910.1467232939532 -0.0032064013389541306
910.1528652150746 -0.0037428476120687872
910.159007136196 -0.004265769516631173
910.1651490573174 -0.004772997703581684
910.1712909784388 -0.0052624170205207415
910.1774328995601 -0.005731976446316151
910.1835748206815 -0.006179698755823087
910.189716741803 -0.006603689865607965
910.1958586629244 -0.0070021478138086336
910.2020005840458 -0.007373371328350378
910.2081425051671 -0.007715767940235491
910.2142844262885 -0.00802786160065124
910.2204263474099 -0.008308299763161718
910.2265682685313 -0.008555859894907073
910.2327101896527 -0.008769455383555029
910.238852110774 -0.008948140809857619
910.2449940318954 -0.00909111655871904
910.2511359530168 -0.009197732745090259
910.2572778741383 -0.009267492434459212
910.2634197952596 -0.009300054141217581
910.269561716381 -0.009295233591817309
910.2757036375024 -0.009253004743395278
910.2818455586238 -0.009173500052260574
910.2879874797452 -0.009057009990447881
910.2941294008665 -0.008903981812341937
910.3002713219879 -0.008715017577173361
910.3064132431093 -0.00849087143695111
910.3125551642307 -0.008232446203136914
910.3186970853521 -0.00794078920896212
910.3248390064734 -0.00761708748795445
910.3309809275949 -0.007262662292578045
910.3371228487163 -0.006878962980407755
910.3432647698377 -0.006467560298196126
910.3494066909591 -0.006030139097539309
910.3555486120804 -0.005568490518521739
910.3616905332018 -0.00508450368035579
910.3678324543232 -0.0045801569208174485
910.3739743754446 -0.00405750862811752
910.3801162965659 -0.0035186877112832623
910.3862582176873 -0.0029658837565427272
910.3924001388087 -0.0024013369192672045
910.3985420599302 -0.0018273276016426883
910.4046839810516 -0.0012461659679505546
910.4108259021729 -0.000660181349627723
910.4169678232943 -7.171159298434692e-05
910.4231097444157 0.0005169075973900049
910.4292516655371 0.0011033532665654282
910.4353935866585 0.0016853257158720432
910.4415355077798 0.002260558856259914
910.4476774289012 0.0028268303571701726
910.4538193500226 0.003381971540950608
910.459961271144 0.003923876974321212
910.4661031922655 0.004450513710000999
910.4722451133867 0.004959930133405156
910.4783870345082 0.005450264371689945
910.4845289556296 0.00591975222463061
910.490670876751 0.006366734579451034
910.4968127978724 0.006789664274494045
910.5029547189937 0.007187112379524548
910.5090966401151 0.007557773863749821
910.5152385612365 0.007900472625524249
910.5213804823579 0.00821416586163985
910.5275224034792 0.00849794775706636
910.5336643246006 0.008751052479998243
910.539806245722 0.008972856470447784
910.5459481668435 0.00916288001461961
910.5520900879649 0.009320788100757092
910.5582320090862 0.009446390556125672
910.5643739302076 0.009539641468499975
910.570515851329 0.00960063789914536
910.5766577724504 0.009629617898120271
910.5827996935718 0.00962695783619445
910.5889416146931 0.009593169071274565
910.5950835358145 0.00952889397059583
910.6012254569359 0.009434901313252706
910.6073673780573 0.00931208110076755
910.6135092991788 0.009161438806387033
910.6196512203 0.008984089096605379
910.6257931414215 0.008781249061034998
910.6319350625429 0.008554230989160526
910.6380769836643 0.008304434734740193
910.6442189047856 0.008033339710531754
910.650360825907 0.007742496557847585
910.6565027470284 0.007433518536909557
910.6626446681498 0.00710807268518148
910.6687865892712 0.006767870791862723
910.6749285103925 0.006414660237537453
910.681070431514 0.006050214748302363
910.6872123526354 0.005676325113982829
910.6933542737568 0.005294789919944241
910.6994961948782 0.004907406341666225
910.7056381159995 0.004515961050697619
910.7117800371209 0.0041222212795702234
910.7179219582423 0.0037279260925298444
910.7240638793637 0.0033347779070142464
910.7302058004851 0.0029444343097811644
910.7363477216064 0.0025585002093645916
910.7424896427278 0.0021785203646736986
910.7486315638492 0.0018059723272439443
910.7547734849707 0.0014422598322000257
910.760915406092 0.0010887066704120597
910.7670573272134 0.0007465510713461678
910.7731992483348 0.0004169406235271728
910.7793411694562 0.00010092775598498681
910.7854830905776 -0.00020053419873777514
910.7916250116989 -0.00048659434305360844
910.7977669328203 -0.0007565069404270363
910.8039088539417 -0.0010096335189268561
910.8100507750631 -0.0012454443454243034
910.8161926961845 -0.0014635192671924632
910.8223346173058 -0.0016635479211843883
910.8284765384273 -0.001845329314783827
910.8346184595487 -0.002008770785312369
910.8407603806701 -0.0021538863489806385
910.8469023017915 -0.0022807944534330394
910.8530442229128 -0.0023897151511516478
910.8591861440342 -0.0024809667143509163
910.8653280651556 -0.0025549617148432867
910.871469986277 -0.002612202595515788
910.8776119073983 -0.0026532767625445782
910.8837538285197 -0.002678851230276769
910.8898957496411 -0.0026896668530071066
910.8960376707626 -0.0026865321801145727
910.902179591884 -0.0026703169730205602
910.9083215130053 -0.0026419454241907473
910.9144634341267 -0.002602389120011673
910.9206053552481 -0.002552659790549729
910.9267472763695 -0.002493801890450968
910.9328891974909 -0.0024268850558669336
910.9390311186122 -0.002352996482972419
910.9451730397336 -0.0022732332738801156
910.951314960855 -0.0021886947958079956
910.9574568819764 -0.002100475099129308
910.9635988030979 -0.002009655439444249
910.9697407242192 -0.0019172969480890367
910.9758826453406 -0.0018244334944791678
910.982024566462 -0.0017320647824620233
910.9881664875834 -0.0016411497213763796
910.9943084087047 -0.0015526001108008293
911.0004503298261 -0.0014672746760385688
911.0065922509475 -0.001385973489260188
911.0127341720689 -0.0013094328088785001
911.0188760931903 -0.0012383203672127316
911.0250180143116 -0.0011732311338084034
911.031159935433 -0.0011146835789351396
911.0373018565544 -0.0010631164588030385
911.0434437776759 -0.0010188861409339558
911.0495856987973 -0.0009822644849240647
911.0557276199186 -0.00095343729053538
