time TPR_both_B_open_1_rho13_real
0.0 0.0
0.00614192112138767 -7.527706776225255e-07
0.01228384224277534 -3.0025125359530475e-06
0.01842576336416301 -6.732361624340917e-06
0.02456768448555068 -1.1920184753930612e-05
0.030709605606938348 -1.8538692806512925e-05
0.03685152672832602 -2.65555761399258e-05
0.042993447849713685 -3.593366142408318e-05
0.04913536897110136 -4.663108914734425e-05
0.05527729009248903 -5.8601510942739e-05
0.061419211213876695 -7.179430579801184e-05
0.06756113233526437 -8.61548141329646e-05
0.07370305345665204 -0.00010162458865256135
0.07984497457803971 -0.0001181416608150416
0.08598689569942737 -0.00013564082169117118
0.09212881682081504 -0.00015405391593398412
0.09827073794220272 -0.00017331014752813332
0.10441265906359039 -0.00019333639594441826
0.11055458018497806 -0.00021405754128829644
0.11669650130636572 -0.00023539679700126462
0.12283842242775339 -0.0002572760486509276
0.12898034354914106 -0.00027961619732932546
0.13512226467052874 -0.0003023375061695981
0.1412641857919164 -0.00032535994848822026
0.14740610691330408 -0.00034860355606371505
0.15354802803469175 -0.00037198876607277815
0.15968994915607942 -0.0003954367652209397
0.16583187027746707 -0.00041886982962704685
0.17197379139885474 -0.000442211659048745
0.17811571252024241 -0.00046538770406953894
0.1842576336416301 -0.0004883254849066692
0.19039955476301776 -0.0005109549005427098
0.19654147588440543 -0.0005332085269322
0.2026833970057931 -0.0005550219030875279
0.20882531812718078 -0.0005763338039054053
0.21496723924856845 -0.000597086498656364
0.22110916036995612 -0.000617225994124493
0.2272510814913438 -0.0006367022614528685
0.23339300261273144 -0.0006554694458215421
0.2395349237341191 -0.0006734860581592879
0.24567684485550678 -0.0006907151481673108
0.25181876597689445 -0.0007071244580125188
0.2579606870982821 -0.0007226865561295013
0.2641026082196698 -0.0007373789506537724
0.27024452934105747 -0.0007511841820938467
0.27638645046244514 -0.00076408989493605
0.2825283715838328 -0.000776088887963332
0.2886702927052205 -0.0007871791431574551
0.29481221382660816 -0.0007973638331424636
0.30095413494799583 -0.0008066513072159897
0.3070960560693835 -0.0008150550561033901
0.3132379771907712 -0.0008225936556575838
0.31937989831215885 -0.0008292906898144479
0.3255218194335465 -0.0008351746531993399
0.33166374055493414 -0.0008402788338644071
0.3378056616763218 -0.000844641176718415
0.3439475827977095 -0.0008483041282905294
0.35008950391909716 -0.0008513144635464049
0.35623142504048483 -0.000853723095548704
0.3623733461618725 -0.0008555848688244233
0.3685152672832602 -0.0008569583373677352
0.37465718840464785 -0.000857905528269147
0.3807991095260355 -0.0008584916920192566
0.3869410306474232 -0.0008587850405879261
0.39308295176881086 -0.0008588564744270185
0.39922487289019853 -0.0008587792995866369
0.4053667940115862 -0.0008586289361708589
0.4115087151329739 -0.0008584826193890256
0.41765063625436155 -0.0008584190944825812
0.4237925573757492 -0.0008585183068250973
0.4299344784971369 -0.0008588610885043892
0.43607639961852457 -0.0008595288427004685
0.44221832073991224 -0.0008606032271714775
0.4483602418612999 -0.0008621658381517689
0.4545021629826876 -0.0008642978959519839
0.4606440841040752 -0.0008670799335305119
0.4667860052254629 -0.0008705914892792276
0.47292792634685055 -0.0008749108052341285
0.4790698474682382 -0.0008801145318837035
0.4852117685896259 -0.0008862774407048149
0.49135368971101356 -0.0008934721455079451
0.49749561083240124 -0.0009017688336211588
0.5036375319537889 -0.000911235007885479
0.5097794530751766 -0.0009219352403739627
0.5159213741965643 -0.0009339309386830219
0.5220632953179519 -0.0009472801255778861
0.5282052164393396 -0.0009620372327050288
0.5343471375607273 -0.000978252909013272
0.5404890586821149 -0.0009959738444526524
0.5466309798035026 -0.0010152426094463625
0.5527729009248903 -0.001036097510556648
0.558914822046278 -0.0010585724626908345
0.5650567431676656 -0.0010826968781190982
0.5711986642890533 -0.0011084955725015528
0.577340585410441 -0.0011359886880490612
0.5834825065318286 -0.0011651916338702487
0.5896244276532163 -0.0011961150434867712
0.595766348774604 -0.0012287647494303037
0.6019082698959917 -0.0012631417747681764
0.6080501910173793 -0.0012992423413403734
0.614192112138767 -0.0013370578944288706
0.6203340332601547 -0.001376575143521281
0.6264759543815424 -0.0014177761187745574
0.63261787550293 -0.0014606382427313116
0.6387597966243177 -0.0015051344167911526
0.6449017177457054 -0.0015512331218925151
0.651043638867093 -0.0015988985328167383
0.6571855599884806 -0.001648090645485791
0.6633274811098683 -0.001698765416588009
0.669469402231256 -0.0017508749148326345
0.6756113233526436 -0.001804367483103746
0.6817532444740313 -0.0018591879107574887
0.687895165595419 -0.0019152776152832603
0.6940370867168066 -0.001972574832529779
0.7001790078381943 -0.0020310148146807055
0.706320928959582 -0.0020905300351517424
0.7124628500809697 -0.0021510503995719084
0.7186047712023573 -0.002212503462005919
0.724746692323745 -0.002274814645572379
0.7308886134451327 -0.0023379074666136975
0.7370305345665203 -0.002401703761578356
0.743172455687908 -0.0024661239157842524
0.7493143768092957 -0.0025310870932433865
0.7554562979306834 -0.0025965114667430137
0.761598219052071 -0.002662314447396532
0.7677401401734587 -0.002728412912898757
0.7738820612948464 -0.002794723433744692
0.780023982416234 -0.0028611624966983925
0.7861659035376217 -0.002927646724828892
0.7923078246590094 -0.0029940930934632152
0.7984497457803971 -0.0030604191414421327
0.8045916669017847 -0.003126543177102311
0.8107335880231724 -0.0031923844784485936
0.8168755091445601 -0.003257863487022181
0.8230174302659478 -0.0033229019950140977
0.8291593513873354 -0.003387423325218363
0.8353012725087231 -0.0034513525034653076
0.8414431936301108 -0.0035146164232222757
0.8475851147514984 -0.00357714400209621
0.8537270358728861 -0.003638866330019847
0.8598689569942738 -0.0036997168089503486
0.8660108781156615 -0.003759631283955569
0.8721527992370491 -0.0038185481656086715
0.8782947203584368 -0.0038764085436559684
0.8844366414798245 -0.003933156291965425
0.8905785626012122 -0.003988738164803903
0.8967204837225998 -0.004043103884529581
0.9028624048439875 -0.0040962062208219265
0.9090043259653752 -0.004148001061604636
0.9151462470867628 -0.004198447475847152
0.9212881682081504 -0.004247507768457326
0.9274300893295381 -0.004295147527501392
0.9335720104509257 -0.004341335664007675
0.9397139315723134 -0.004386044444627087
0.9458558526937011 -0.004429249517436614
0.9519977738150888 -0.0044709299311815505
0.9581396949364764 -0.00451106814825828
0.9642816160578641 -0.004549650051742057
0.9704235371792518 -0.00458666494676348
0.9765654583006395 -0.004622105556533559
0.9827073794220271 -0.004655968013310402
0.9888493005434148 -0.004688251844590964
0.9949912216648025 -0.004718959954799203
1.0011331427861903 -0.004748098602727612
1.0072750639075778 -0.004775677374972763
1.0134169850289656 -0.004801709155587512
1.0195589061503532 -0.004826210092153098
1.025700827271741 -0.004849199558453947
1.0318427483931285 -0.004870700113916789
1.0379846695145163 -0.0048907374599539925
1.0441265906359039 -0.004909340393329275
1.0502685117572914 -0.0049265407566421275
1.0564104328786792 -0.004942373386006063
1.0625523540000668 -0.004956876055975
1.0686942751214545 -0.0049700894217522594
1.074836196242842 -0.004982056958697795
1.0809781173642299 -0.00499282489913163
1.0871200384856174 -0.005002442166415194
1.0932619596070052 -0.005010960306277426
1.0994038807283928 -0.005018433415339207
1.1055458018497806 -0.005024918066778054
1.1116877229711681 -0.005030473233065001
1.117829644092556 -0.005035160205697219
1.1239715652139435 -0.005039042511843333
1.1301134863353313 -0.005042185827813333
1.1362554074567188 -0.005044657889261591
1.1423973285781066 -0.005046528398029705
1.1485392496994942 -0.005047868925535528
1.154681170820882 -0.00504875281261595
1.1608230919422695 -0.005049255065733533
1.1669650130636573 -0.00504945224946097
1.1731069341850449 -0.005049422375162566
1.1792488553064326 -0.005049244785798314
1.1853907764278202 -0.005049000036783796
1.191532697549208 -0.005048769772847897
1.1976746186705955 -0.005048636600840294
1.2038165397919833 -0.005048683958451749
1.209958460913371 -0.005048995978822494
1.2161003820347587 -0.005049657351027393
1.2222423031561462 -0.005050753176441203
1.228384224277534 -0.0050523688210030735
1.2345261453989216 -0.0050545897634165365
1.2406680665203094 -0.005057501439339714
1.246809987641697 -0.005061189081640207
1.2529519087630847 -0.005065737556810399
1.2590938298844723 -0.005071231197661525
1.26523575100586 -0.005077753632438997
1.2713776721272476 -0.005085387610527085
1.2775195932486354 -0.005094214824938171
1.283661514370023 -0.005104315731810318
1.2898034354914107 -0.005115769367166923
1.2959453566127983 -0.005128653161223481
1.302087277734186 -0.005143042750559054
1.3082291988555736 -0.005159011788503708
1.3143711199769612 -0.005176631754127712
1.320513041098349 -0.0051959717602536055
1.3266549622197366 -0.005217098360948088
1.3327968833411243 -0.005240075358986592
1.338938804462512 -0.005264963613819447
1.3450807255838997 -0.005291820850604004
1.3512226467052872 -0.005320701470901859
1.357364567826675 -0.005351656365673942
1.3635064889480626 -0.005384732731238281
1.3696484100694504 -0.005419973888885354
1.375790331190838 -0.005457419108873663
1.3819322523122257 -0.005497103439553044
1.3880741734336133 -0.005539057542384918
1.394216094555001 -0.005583307533646672
1.4003580156763886 -0.005629874833621349
1.4064999367977764 -0.00567877602408336
1.412641857919164 -0.0057300227148957324
1.4187837790405518 -0.005783621420534054
1.4249257001619393 -0.005839573447346719
1.431067621283327 -0.005897874792349738
1.4372095424047147 -0.005958516054337556
1.4433514635261024 -0.006021482358068378
1.44949338464749 -0.006086753292253844
1.4556353057688778 -0.006154302862048219
1.4617772268902653 -0.006224099456691754
1.4679191480116531 -0.006296105832916674
1.4740610691330407 -0.006370279114672509
1.4802029902544285 -0.006446570809670425
1.486344911375816 -0.006524926843184295
1.4924868324972038 -0.006605287609479604
1.4986287536185914 -0.006687588041170599
1.5047706747399792 -0.0067717576967316105
1.5109125958613667 -0.006857720866310824
1.5170545169827545 -0.006945396695914483
1.523196438104142 -0.0070346993299471704
1.5293383592255299 -0.0071255380720098285
1.5354802803469174 -0.007217817563772585
1.5416222014683052 -0.007311437981654275
1.5477641225896928 -0.007406295250955987
1.5539060437110805 -0.007502281277012133
1.560047964832468 -0.007599284192840371
1.5661898859538559 -0.0076971886226915144
1.5723318070752434 -0.007795875960823122
1.578473728196631 -0.007895224664745907
1.5846156493180188 -0.007995110562121389
1.5907575704394064 -0.008095407170422168
1.5968994915607941 -0.008195986028403759
1.6030414126821817 -0.008296717038378887
1.6091833338035695 -0.008397468818232178
1.615325254924957 -0.008498109062065207
1.6214671760463448 -0.00859850490831915
1.6276090971677324 -0.008698523314185035
1.6337510182891202 -0.008798031435079496
1.6398929394105077 -0.008896897007937605
1.6460348605318955 -0.008994988737052975
1.652176781653283 -0.009092176681179672
1.6583187027746709 -0.009188332640599628
1.6644606238960584 -0.009283330542853702
1.6706025450174462 -0.009377046825833776
1.6767444661388338 -0.009469360816937207
1.6828863872602216 -0.009560155106993415
1.6890283083816091 -0.009649315917685256
1.695170229502997 -0.009736733461204603
1.7013121506243845 -0.009822302290902456
1.7074540717457722 -0.009905921641718465
1.7135959928671598 -0.0099874957592027
1.7197379139885476 -0.010066934215974134
1.7258798351099351 -0.010144152214494873
1.732021756231323 -0.010219070875076973
1.7381636773527105 -0.010291617508079493
1.7443055984740983 -0.010361725869297032
1.7504475195954858 -0.010429336397587535
1.7565894407168736 -0.010494396433836286
1.7627313618382612 -0.010556860420405035
1.768873282959649 -0.010616690080269825
1.7750152040810365 -0.01067385457510824
1.7811571252024243 -0.010728330641656977
1.7872990463238119 -0.010780102705722949
1.7934409674451997 -0.010829162973296513
1.7995828885665872 -0.010875511498283108
1.805724809687975 -0.010919156226439932
1.8118667308093626 -0.010960113015177155
1.8180086519307503 -0.01099840562895847
1.824150573052138 -0.011034065710113282
1.8302924941735257 -0.011067132724952806
1.8364344152949132 -0.01109765388516408
1.8425763364163008 -0.011125684044539662
1.8487182575376886 -0.011151285571186147
1.8548601786590762 -0.011174528195441256
1.861002099780464 -0.011195488833817093
1.8671440209018515 -0.011214251389375537
1.8732859420232393 -0.011230906529030586
1.8794278631446268 -0.011245551438361161
1.8855697842660146 -0.011258289554606117
1.8917117053874022 -0.011269230278600315
1.89785362650879 -0.011278488666496498
1.9039955476301775 -0.011286185102201352
1.9101374687515653 -0.011292444951535389
1.9162793898729529 -0.011297398199204545
1.9224213109943407 -0.011301179069745995
1.9285632321157282 -0.011303925633681265
1.934705153237116 -0.011305779400175686
1.9408470743585036 -0.01130688489756418
1.9469889954798913 -0.01130738924315871
1.953130916601279 -0.011307441703802122
1.9592728377226667 -0.011307193248676255
1.9654147588440543 -0.011306796095908468
1.971556679965442 -0.011306403254550195
1.9776986010868296 -0.011306168063523329
1.9838405222082174 -0.011306243729144884
1.989982443329605 -0.01130678286284775
1.9961243644509927 -0.011307937020714877
2.0022662855723805 -0.011309856246436316
2.008408206693768 -0.011312688619282973
2.0145501278151556 -0.011316579808668048
2.020692048936543 -0.011321672636836918
2.026833970057931 -0.01132810665118906
2.0329758911793188 -0.011336017707691671
2.0391178123007063 -0.011345537566794378
2.045259733422094 -0.01135679350319814
2.051401654543482 -0.011369907930769538
2.0575435756648695 -0.011384998043824637
2.063685496786257 -0.011402175475934945
2.0698274179076446 -0.01142154597733214
2.0759693390290326 -0.011443209111908752
2.08211126015042 -0.011467257974729358
2.0882531812718077 -0.011493778930881639
2.0943951023931953 -0.011522851376409297
2.100537023514583 -0.011554547521979926
2.106678944635971 -0.01158893219985096
2.1128208657573584 -0.011626062694606061
2.118962786878746 -0.01166598859804372
2.1251047080001335 -0.011708751688509033
2.1312466291215215 -0.011754385834869869
2.137388550242909 -0.011802916925249696
2.1435304713642966 -0.01185436282054171
2.149672392485684 -0.011908733332642989
2.155814313607072 -0.011966030227263459
2.1619562347284598 -0.01202624725108238
2.1680981558498473 -0.012089370182945732
2.174240076971235 -0.012155376908720735
2.180381998092623 -0.012224237519349463
2.1865239192140105 -0.012295914431572113
2.192665840335398 -0.012370362530721744
2.1988077614567856 -0.012447529334927055
2.2049496825781736 -0.012527355179997183
2.211091603699561 -0.012609773424203443
2.2172335248209487 -0.012694710672117098
2.2233754459423363 -0.012782087016609558
2.2295173670637243 -0.012871816298072545
2.235659288185112 -0.01296380637986994
2.2418012093064994 -0.013057959438991127
2.247943130427887 -0.013154172270837285
2.254085051549275 -0.013252336607037304
2.2602269726706625 -0.013352339445159338
2.26636889379205 -0.013454063389157004
2.2725108149134376 -0.013557386999366391
2.2786527360348257 -0.013662185150851259
2.284794657156213 -0.013768329398879278
2.2909365782776008 -0.013875688350301885
2.2970784993989883 -0.013984128039604483
2.3032204205203763 -0.014093512308392434
2.309362341641764 -0.014203703187081446
2.3155042627631515 -0.014314561277568747
2.321646183884539 -0.014425946135674036
2.327788105005927 -0.014537716652156179
2.3339300261273146 -0.014649731431133645
2.340071947248702 -0.01476184916476283
2.3462138683700897 -0.01487392900305967
2.3523557894914777 -0.014985830917785103
2.3584977106128653 -0.0150974160593549
2.364639631734253 -0.015208547105778016
2.3707815528556404 -0.015319088602675586
2.376923473977028 -0.01542890729348395
2.383065395098416 -0.015537872439000028
2.3892073162198035 -0.015645856125485257
2.395349237341191 -0.015752733560604734
2.4014911584625787 -0.01585838335654135
2.4076330795839667 -0.01596268779968936
2.4137750007053542 -0.01606553310639825
2.419916921826742 -0.016166809664305073
2.4260588429481293 -0.01626641225886138
2.4322007640695174 -0.016364240284728975
2.438342685190905 -0.016460197941786336
2.4444846063122925 -0.016554194415554464
2.45062652743368 -0.016646144041916527
2.456768448555068 -0.016735966456069517
2.4629103696764556 -0.01682358672570792
2.469052290797843 -0.01690893546849859
2.4751942119192307 -0.016991948953962464
2.4813361330406187 -0.017072569189931674
2.4874780541620063 -0.017150743993800656
2.493619975283394 -0.017226427048835362
2.4997618964047814 -0.017299577945847
2.5059038175261694 -0.017370162210574698
2.512045738647557 -0.017438151317155023
2.5181876597689445 -0.017503522688086224
2.524329580890332 -0.01756625968112027
2.53047150201172 -0.017626351563537014
2.5366134231331077 -0.01768379347427212
2.5427553442544952 -0.017738586374383393
2.548897265375883 -0.017790736986349958
2.555039186497271 -0.01784025772270437
2.5611811076186584 -0.017887166604500546
2.567323028740046 -0.017931487170119862
2.5734649498614335 -0.017973248374914604
2.5796068709828215 -0.01801248448218215
2.585748792104209 -0.018049234945955454
2.5918907132255966 -0.018083544286085496
2.598032634346984 -0.01811546195608007
2.604174555468372 -0.018145042204150596
2.6103164765897597 -0.018172343927904837
2.6164583977111473 -0.01819743052310906
2.622600318832535 -0.01822036972692825
2.6287422399539224 -0.018241233456037557
2.6348841610753104 -0.018260097639983073
2.641026082196698 -0.018277042050154516
2.6471680033180855 -0.018292150124717563
2.653309924439473 -0.01830550878983867
2.659451845560861 -0.01831720827752104
2.6655937666822487 -0.018327341940356415
2.6717356878036362 -0.018336006063484223
2.677877608925024 -0.01834329967403649
2.684019530046412 -0.01834932434833491
2.6901614511677994 -0.018354184017094346
2.696303372289187 -0.018357984768875908
2.7024452934105745 -0.018360834652021474
2.7085872145319625 -0.018362843475291147
2.71472913565335 -0.018364122607414664
2.7208710567747376 -0.01836478477575783
2.727012977896125 -0.018364943864295106
2.733154899017513 -0.018364714711070047
2.7392968201389007 -0.018364212905315813
2.7454387412602883 -0.01836355458439875
2.751580662381676 -0.018362856230739227
2.757722583503064 -0.018362234468855175
2.7638645046244514 -0.018361805862665496
2.770006425745839 -0.018361686713182758
2.7761483468672266 -0.018361992856717125
2.7822902679886146 -0.01836283946370706
2.788432189110002 -0.018364340838286423
2.7945741102313897 -0.018366610218692785
2.8007160313527772 -0.018369759578618246
2.8068579524741653 -0.018373899429601524
2.812999873595553 -0.018379138624559338
2.8191417947169404 -0.018385584162556003
2.825283715838328 -0.01839334099491255
2.831425636959716 -0.01840251183276156
2.8375675580811035 -0.0184131969561605
2.843709479202491 -0.01842549402488522
2.8498514003238786 -0.01843949789103661
2.8559933214452666 -0.01845530041360692
2.862135242566654 -0.01847299027516808
2.8682771636880418 -0.01849265280086269
2.8744190848094293 -0.018514369779898714
2.8805610059308173 -0.01853821928977153
2.886702927052205 -0.01856427552346147
2.8928448481735924 -0.018592608619881375
2.89898676929498 -0.01862328449787636
2.9051286904163676 -0.01865636469410701
2.9112706115377556 -0.01869190620517704
2.917412532659143 -0.01872996133439681
2.9235544537805307 -0.018770577543604314
2.9296963749019183 -0.01881379731049545
2.9358382960233063 -0.01885965799194433
2.941980217144694 -0.018908191693822365
2.9481221382660814 -0.01895942514785075
2.954264059387469 -0.019013379596044808
2.960405980508857 -0.019070070683329405
2.9665479016302445 -0.019129508358922513
2.972689822751632 -0.01919169678709766
2.9788317438730196 -0.019256634267946025
2.9849736649944076 -0.019324313168764096
2.991115586115795 -0.01939471986669309
2.9972575072371828 -0.01946783470323171
3.0033994283585703 -0.01954363195123344
3.0095413494799583 -0.01962207979498381
3.015683270601346 -0.019703140323931518
3.0218251917227335 -0.01978676954061999
3.027967112844121 -0.019872917383332796
3.034109033965509 -0.019961527763927765
3.0402509550868966 -0.0200525386212901
3.046392876208284 -0.020145881990785555
3.0525347973296717 -0.02024148409003987
3.0586767184510597 -0.020339265421311647
3.0648186395724473 -0.02043914089066222
3.070960560693835 -0.020541019944058814
3.0771024818152224 -0.020644806720476864
3.0832444029366104 -0.02075040022199377
3.089386324057998 -0.020857694500791144
3.0955282451793855 -0.02096657886290532
3.101670166300773 -0.021076938088487984
3.107812087422161 -0.0211886526682603
3.1139540085435486 -0.02130159905576585
3.120095929664936 -0.0214156499349503
3.1262378507863238 -0.0215306745025201
3.1323797719077118 -0.021646538764458562
3.1385216930290993 -0.02176310584600645
3.144663614150487 -0.021880236314346022
3.1508055352718745 -0.02199778851316277
3.156947456393262 -0.02211561890819812
3.16308937751465 -0.022233582442849877
3.1692312986360376 -0.02235153290282493
3.175373219757425 -0.022469323288801496
3.1815151408788127 -0.022586806196015646
3.1876570620002007 -0.022703834199649494
3.1937989831215883 -0.022820260244866247
3.199940904242976 -0.02293593804030999
3.2060828253643634 -0.023050722453866378
3.2122247464857514 -0.023164469909463137
3.218366667607139 -0.023277038783677408
3.2245085887285265 -0.02338828980090978
3.230650509849914 -0.02349808642588201
3.236792430971302 -0.023606295252217507
3.2429343520926897 -0.02371278638586942
3.249076273214077 -0.023817433822171365
3.2552181943354648 -0.023920115815299577
3.261360115456853 -0.024020715238952564
3.2675020365782403 -0.024119119937075304
3.273643957699628 -0.024215223063478532
3.2797858788210155 -0.02430892340923106
3.2859277999424035 -0.024400125716732234
3.292069721063791 -0.024488740979404598
3.2982116421851786 -0.024574686725981298
3.304353563306566 -0.024657887288400668
3.310495484427954 -0.024738274052360152
3.3166374055493417 -0.024815785689624132
3.3227793266707293 -0.024890368371224963
3.328921247792117 -0.024961975960743583
3.335063168913505 -0.025030570186905795
3.3412050900348924 -0.02509612079478215
3.34734701115628 -0.025158605674934074
3.3534889322776675 -0.025218010969905884
3.3596308533990555 -0.02527433115752214
3.365772774520443 -0.025327569110512052
3.3719146956418307 -0.025377736132047954
3.3780566167632182 -0.02542485196685222
3.3841985378846062 -0.02546894478759797
3.390340459005994 -0.025510051156401498
3.3964823801273814 -0.02554821596128045
3.402624301248769 -0.025583492327529614
3.4087662223701565 -0.025615941504046842
3.4149081434915445 -0.02564563272472411
3.421050064612932 -0.025672643045103333
3.4271919857343196 -0.025697057154582537
3.433333906855707 -0.025718967164545525
3.439475827977095 -0.02573847237287656
3.4456177490984827 -0.025755679005410346
3.4517596702198703 -0.025770699934956794
3.457901591341258 -0.02578365437862856
3.464043512462646 -0.02579466757428706
3.4701854335840334 -0.025803870437009116
3.476327354705421 -0.025811399196560555
3.4824692758268085 -0.025817395016945126
3.4886111969481965 -0.025822003599175632
3.494753118069584 -0.02582537476848935
3.5008950391909717 -0.025827662047300776
3.5070369603123592 -0.025829022215250567
3.5131788814337472 -0.025829614857770786
3.519320802555135 -0.025829601904641286
3.5254627236765224 -0.02582914716006133
3.53160464479791 -0.02582841582580262
3.537746565919298 -0.025827574019045445
3.5438884870406855 -0.025826788286527687
3.550030408162073 -0.025826225116657227
3.5561723292834606 -0.025826050451251158
3.5623142504048486 -0.025826429198570484
3.568456171526236 -0.025827524749316398
3.5745980926476237 -0.02582949849724384
3.5807400137690113 -0.025832509366029738
3.5868819348903993 -0.025836713344007868
3.593023856011787 -0.025842263028348845
3.5991657771331744 -0.025849307180223706
3.605307698254562 -0.02585799029244248
3.61144961937595 -0.025868452171005387
3.6175915404973376 -0.02588082753194516
3.623733461618725 -0.025895245614773334
3.6298753827401127 -0.025911829813773476
3.6360173038615007 -0.025930697328309004
3.6421592249828882 -0.025951958833234482
3.648301146104276 -0.025975718170416412
3.6544430672256634 -0.026002072062283887
3.6605849883470514 -0.026031109848241078
3.666726909468439 -0.026062913244683468
3.6728688305898265 -0.02609755612926748
3.679010751711214 -0.02613510434999084
3.6851526728326016 -0.02617561555954706
3.6912945939539896 -0.02621913907532429
3.697436515075377 -0.02626571576532533
3.7035784361967647 -0.026315377960193093
3.7097203573181523 -0.026368149391434254
3.7158622784395403 -0.026424045155843675
3.722004199560928 -0.0264830717060435
3.7281461206823154 -0.026545226866964335
3.734288041803703 -0.026610499878011253
3.740429962925091 -0.02667887146057499
3.7465718840464786 -0.026750313910469357
3.752713805167866 -0.02682479121479816
3.7588557262892537 -0.02690225919268115
3.7649976474106417 -0.02698266565919668
3.7711395685320293 -0.027065950611830328
3.777281489653417 -0.02715204643865351
3.7834234107748044 -0.02724087814739356
3.7895653318961924 -0.027332363614498152
3.79570725301758 -0.027426413853240968
3.8018491741389675 -0.027522933299863522
3.807991095260355 -0.02762182011669932
3.814133016381743 -0.02772296651118148
3.8202749375031306 -0.02782625906959373
3.826416858624518 -0.027931579104386955
3.8325587797459058 -0.028038803013850457
3.8387007008672938 -0.028147802652897166
3.8448426219886813 -0.028258445713697268
3.850984543110069 -0.02837059611487355
3.8571264642314564 -0.028484114397955795
3.8632683853528444 -0.028598858129779275
3.869410306474232 -0.028714682309505985
3.8755522275956196 -0.028831439778944423
3.881694148717007 -0.028948981634846972
3.887836069838395 -0.029067157641871216
3.8939779909597827 -0.029185816644904543
3.9001199120811703 -0.029304806979469022
3.906261833202558 -0.029423976878946514
3.912403754323946 -0.029543174877391772
3.9185456754453334 -0.02966225020673419
3.924687596566721 -0.029781053187206412
3.9308295176881085 -0.02989943560988056
3.936971438809496 -0.03001725111023942
3.943113359930884 -0.030134355531761307
3.9492552810522716 -0.03025060727855224
3.955397202173659 -0.030365867656117804
3.9615391232950468 -0.030480001199429525
3.9676810444164348 -0.030592875987505135
3.9738229655378223 -0.03070436394379023
3.97996488665921 -0.030814341121698122
3.9861068077805974 -0.03092268797473631
3.9922487289019855 -0.03102928961072043
3.998390650023373 -0.031134036029649627
4.004532571144761 -0.031236822344890763
4.010674492266149 -0.031337548987391904
4.016816413387536 -0.0314361218927176
4.022958334508924 -0.03153245267076963
4.029100255630311 -0.03162645875812568
4.035242176751699 -0.03171806355299585
4.041384097873086 -0.031807196532860696
4.047526018994474 -0.03189379335491644
4.053667940115862 -0.03197779593951061
4.05980986123725 -0.032059152536806024
4.0659517823586375 -0.03213781777696165
4.072093703480025 -0.03221375270416533
4.078235624601413 -0.03228692479489589
4.0843775457228 -0.03235730796082974
4.090519466844188 -0.03242488253684159
4.096661387965575 -0.03248963525457721
4.102803309086964 -0.03255155920210209
4.108945230208351 -0.032610653770150204
4.115087151329739 -0.03266692458551377
4.1212290724511265 -0.03272038343212811
4.127370993572514 -0.03277104816041439
4.133512914693902 -0.032818942585448874
4.139654835815289 -0.03286409637452975
4.145796756936677 -0.03290654492471194
4.151938678058065 -0.032946329230877244
4.158080599179453 -0.032983495744901475
4.16422252030084 -0.033018096226472615
4.170364441422228 -0.03305018758610481
4.176506362543615 -0.033079831720881664
4.182648283665003 -0.03310709534345057
4.1887902047863905 -0.033132049804776346
4.194932125907778 -0.033154770911148615
4.201074047029166 -0.03317533873592297
4.207215968150554 -0.03319383742646095
4.213357889271942 -0.033210355006718914
4.219499810393329 -0.03322498317592075
4.225641731514717 -0.03323781710373396
4.231783652636104 -0.03324895522235401
4.237925573757492 -0.03325849901588636
4.2440674948788795 -0.03326655280740131
4.250209416000267 -0.03327322354402177
4.2563513371216555 -0.03327862058038976
4.262493258243043 -0.03328285546084308
4.268635179364431 -0.03328604170061941
4.274777100485818 -0.03328829456639083
4.280919021607206 -0.033289730856417524
4.287060942728593 -0.03329046868059562
4.293202863849981 -0.03329062724065968
4.299344784971368 -0.03329032661078626
4.305486706092757 -0.033289687518830643
4.311628627214144 -0.033288831128414915
4.317770548335532 -0.03328787882207097
4.3239124694569195 -0.03328695198562801
4.330054390578307 -0.033286171794020505
4.336196311699695 -0.033285658998678205
4.342338232821082 -0.03328553371664716
4.34848015394247 -0.033285915221577415
4.354622075063858 -0.03328692173670143
4.360763996185246 -0.033288670229915544
4.366905917306633 -0.033291276211067165
4.373047838428021 -0.03329485353154126
4.3791897595494085 -0.033299514186232164
4.385331680670796 -0.033305368117981286
4.391473601792184 -0.033312523024557214
4.397615522913571 -0.03332108416825284
4.40375744403496 -0.03333115418817473
4.409899365156347 -0.0333428329153023
4.416041286277735 -0.03335621719040014
4.422183207399122 -0.03337140068487393
4.42832512852051 -0.03338847372467141
4.434467049641897 -0.03340752311734246
4.440608970763285 -0.033428631982388254
4.4467508918846725 -0.033451879585047396
4.452892813006061 -0.03347734117368761
4.4590347341274486 -0.03350508782099432
4.465176655248836 -0.03353518626917225
4.471318576370224 -0.0335676987794026
4.477460497491611 -0.03360268298582638
4.483602418612999 -0.033640191754353524
4.489744339734386 -0.03368027304662696
4.495886260855774 -0.03372296978950099
4.5020281819771615 -0.033768319750422694
4.50817010309855 -0.0338163554191346
4.5143120242199375 -0.03386710389614429
4.520453945341325 -0.03392058678843309
4.526595866462713 -0.03397682011289989
4.5327377875841 -0.03403581420805751
4.538879708705488 -0.034097573654517196
4.545021629826875 -0.03416209720481133
4.551163550948263 -0.0342293777231151
4.557305472069651 -0.034299402135433914
4.563447393191039 -0.03437215139082443
4.569589314312426 -0.03444760043421377
4.575731235433814 -0.034525718191371985
4.5818731565552016 -0.03460646756657847
4.588015077676589 -0.034689805453502975
4.594156998797977 -0.03477568275979585
4.600298919919364 -0.03486404444585092
4.606440841040753 -0.0349548295781673
4.61258276216214 -0.03504797139769437
4.618724683283528 -0.035143397403496486
4.624866604404915 -0.03524102945202181
4.631008525526303 -0.035340783872202776
4.6371504466476905 -0.0354425715965552
4.643292367769078 -0.03554629830837798
4.649434288890466 -0.035651864605088325
4.655576210011854 -0.035759166177656856
4.661718131133242 -0.035868094006035016
4.667860052254629 -0.03597853457039337
4.674001973376017 -0.036090370077915074
4.680143894497404 -0.036203478704814045
4.686285815618792 -0.036317734853173064
4.692427736740179 -0.03643300942212363
4.698569657861567 -0.036549170092817676
4.7047115789829554 -0.03666608162657119
4.710853500104343 -0.036783606175492846
4.716995421225731 -0.03690160360484645
4.723137342347118 -0.03701993182633493
4.729279263468506 -0.03713844714143721
4.735421184589893 -0.03725700459387572
4.741563105711281 -0.037375458330244686
4.747705026832668 -0.03749366196778447
4.753846947954056 -0.037611468968249094
4.759988869075444 -0.03772873301677907
4.766130790196832 -0.03784530840466264
4.7722727113182195 -0.037961050414843864
4.778414632439607 -0.038075815709016546
4.784556553560995 -0.03818946271512783
4.790698474682382 -0.03830185201410529
4.79684039580377 -0.03841284672461545
4.802982316925157 -0.038522312884660286
4.809124238046546 -0.03863011982882076
4.815266159167933 -0.03873614055996355
4.821408080289321 -0.03884025211423662
4.8275500014107084 -0.03894233591819372
4.833691922532096 -0.03904227813690486
4.839833843653484 -0.039139970011929745
4.845975764774871 -0.039235308188054444
4.852117685896259 -0.03932819502771747
4.858259607017647 -0.03941853891207987
4.864401528139035 -0.039506254527724834
4.870543449260422 -0.039591263138005865
4.87668537038181 -0.039673492838098554
4.882827291503197 -0.03975287879284856
4.888969212624585 -0.03982936345654952
4.8951111337459725 -0.039902896773826774
4.90125305486736 -0.039973436360848484
4.9073949759887485 -0.04004094766613268
4.913536897110136 -0.04010540411026928
4.919678818231524 -0.040166787203928384
4.925820739352911 -0.04022508664358132
4.931962660474299 -0.040280300384418495
4.938104581595686 -0.0403324346900091
4.944246502717074 -0.04038150415831026
4.9503884238384614 -0.04042753172369971
4.95653034495985 -0.04047054863477453
4.9626722660812375 -0.040510594407729965
4.968814187202625 -0.04054771675520652
4.974956108324013 -0.0405819714905699
4.9810980294454 -0.04061342240766766
4.987239950566788 -0.04064214113618726
4.993381871688175 -0.040668206972823515
4.999523792809563 -0.040691706688548185
5.00566571393095 -0.04071273431236036
5.011807635052339 -0.04073139089198366
5.017949556173726 -0.0407477842320634
5.024091477295114 -0.040762028610505055
5.0302333984165015 -0.040774244473682275
5.036375319537889 -0.04078455811132916
5.042517240659277 -0.04079310131201674
5.048659161780664 -0.040800011000196056
5.054801082902052 -0.04080542885587124
5.06094300402344 -0.04080950091804275
5.067084925144828 -0.04081237717313491
5.073226846266215 -0.040814211129691205
5.079368767387603 -0.04081515938068519
5.0855106885089905 -0.040815381154854634
5.091652609630378 -0.040815037858519726
5.097794530751766 -0.04081429260939388
5.103936451873153 -0.0408133097639364
5.110078372994542 -0.040812254439830324
5.116220294115929 -0.04081129203519535
5.122362215237317 -0.04081058774616533
5.128504136358704 -0.0408103060844713
5.134646057480092 -0.04081061039667531
5.140787978601479 -0.0408116623866964
5.146929899722867 -0.04081362164325905
5.1530718208442545 -0.04081664517387483
5.159213741965643 -0.04082088694694242
5.1653556630870305 -0.04082649744351652
5.171497584208418 -0.04083362322025625
5.177639505329806 -0.04084240648501585
5.183781426451193 -0.0408529846864871
5.189923347572581 -0.04086549011924319
5.196065268693968 -0.040880049545468915
5.202207189815356 -0.04089678383459195
5.208349110936744 -0.040915807621955756
5.214491032058132 -0.040937228987595754
5.2206329531795195 -0.040961149156099164
5.226774874300907 -0.04098766221844327
5.232916795422295 -0.04101685487662017
5.239058716543682 -0.04104880621176645
5.24520063766507 -0.04108358747642574
5.251342558786457 -0.04112126191148029
5.257484479907845 -0.0411618845881958
5.263626401029233 -0.041205502275731117
5.269768322150621 -0.04125215333437285
5.275910243272008 -0.04130186763466346
5.282052164393396 -0.041354666502501254
5.2881940855147835 -0.04141056269020169
5.294336006636171 -0.04146956037342221
5.300477927757559 -0.04153165517376733
5.306619848878946 -0.04159683420680702
5.312761770000335 -0.041665076155160866
5.318903691121722 -0.04173635136622092
5.32504561224311 -0.04181062197401081
5.331187533364497 -0.04188784204460443
5.337329454485885 -0.04196795774445757
5.3434713756072725 -0.04205090753093741
5.34961329672866 -0.04213662236427058
5.355755217850048 -0.04222502594006861
5.361897138971436 -0.04231603494153109
5.368039060092824 -0.04240955931037193
5.374180981214211 -0.042505502535462106
5.380322902335599 -0.04260376195813438
5.386464823456986 -0.04270422909305028
5.392606744578374 -0.04280678996348925
5.398748665699761 -0.042911325449882326
5.404890586821149 -0.043017711650380014
5.411032507942537 -0.04312582025221433
5.417174429063925 -0.04323551891259099
5.4233163501853126 -0.04334667164782657
5.4294582713067 -0.04345913922942996
5.435600192428088 -0.04357277958581592
5.441742113549475 -0.04368744820833213
5.447884034670863 -0.04380299856027921
5.45402595579225 -0.043919282487606744
5.460167876913639 -0.04403615062997633
5.466309798035026 -0.044153452830896146
5.472451719156414 -0.044271038545649934
5.4785936402778015 -0.044388757245766776
5.484735561399189 -0.04450645881880662
5.490877482520577 -0.04462399396226985
5.497019403641964 -0.04474121457047774
5.503161324763352 -0.044857974113313326
5.509303245884739 -0.04497412800575998
5.515445167006128 -0.04508953396722639
5.521587088127515 -0.045204052369702555
5.527729009248903 -0.04531754657385039
5.53387093037029 -0.04542988325219545
5.540012851491678 -0.04554093269865129
5.5461547726130656 -0.045650569123676495
5.552296693734453 -0.04575867093443384
5.558438614855841 -0.045865120999392814
5.564580535977229 -0.045969806896889544
5.570722457098617 -0.04607262114723107
5.576864378220004 -0.04617346142800437
5.583006299341392 -0.0462722307723237
5.589148220462779 -0.046368837749821534
5.595290141584167 -0.04646319663025933
5.6014320627055545 -0.04655522752970312
5.607573983826942 -0.04664485653927591
5.6137159049483305 -0.04673201583656226
5.619857826069718 -0.04681664377980239
5.625999747191106 -0.04689868498506983
5.632141668312493 -0.04697809038668164
5.638283589433881 -0.04705481728113998
5.644425510555268 -0.04712882935495005
5.650567431676656 -0.04720009669670172
5.656709352798043 -0.04726859579383971
5.662851273919432 -0.04733430951458072
5.668993195040819 -0.04739722707546522
5.675135116162207 -0.04745734399505601
5.681277037283595 -0.04751466203431726
5.687418958404982 -0.0475691891242235
5.69356087952637 -0.04762093928116161
5.699702800647757 -0.04766993251069776
5.705844721769145 -0.04771619470028694
5.711986642890533 -0.04775975750150581
5.718128564011921 -0.04780065820238848
5.724270485133308 -0.047838939590443
5.730412406254696 -0.047874649806919974
5.7365543273760835 -0.04790784219289819
5.742696248497471 -0.04793857512774284
5.748838169618859 -0.04796691186048096
5.754980090740246 -0.04799292033462737
5.761122011861635 -0.04801667300698121
5.767263932983022 -0.04803824666089946
5.77340585410441 -0.04805772221453974
5.779547775225797 -0.0480751845245497
5.785689696347185 -0.048090722185665576
5.7918316174685724 -0.04810442732666699
5.79797353858996 -0.04811639540312002
5.804115459711348 -0.048126724987325196
5.810257380832735 -0.04813551755587168
5.816399301954124 -0.04814287727518394
5.822541223075511 -0.04814891078543177
5.828683144196899 -0.048153726983159575
5.834825065318286 -0.04815743680297582
5.840966986439674 -0.048160152998628164
5.847108907561061 -0.04816198992377507
5.853250828682449 -0.04816306331274938
5.8593927498038365 -0.04816349006159393
5.865534670925225 -0.04816338800963436
5.8716765920466125 -0.04816287572183853
5.877818513168 -0.0481620722721967
5.883960434289388 -0.04816109702834097
5.890102355410775 -0.04816006943760704
5.896244276532163 -0.04815910881472587
5.90238619765355 -0.04815833413131763
5.908528118774938 -0.04815786380734519
5.914670039896326 -0.04815781550466996
5.920811961017714 -0.048158305922838894
5.9269538821391015 -0.04815945059721809
5.933095803260489 -0.048161363699576194
5.939237724381877 -0.04816415784120975
5.945379645503264 -0.04816794387869224
5.951521566624652 -0.04817283072232107
5.957663487746039 -0.04817892514732918
5.963805408867428 -0.04818633160792416
5.969947329988815 -0.04819515205421455
5.976089251110203 -0.048205485752083076
5.98223117223159 -0.04821742910606856
5.988373093352978 -0.048231075485323016
5.9945150144743655 -0.048246515052717584
6.000656935595753 -0.04826383459718106
6.006798856717141 -0.048283117369367315
6.012940777838529 -0.04830444292076301
6.019082698959917 -0.048327886946365084
6.025224620081304 -0.048353521131077326
6.031366541202692 -0.0483814129999979
6.037508462324079 -0.048411625772794155
6.043650383445467 -0.048444218222387
6.0497923045668545 -0.048479244538194806
6.055934225688242 -0.04851675419421513
6.06207614680963 -0.0485567918222522
6.068218067931018 -0.048599397090627
6.074359989052406 -0.04864460458873647
6.080501910173793 -0.04869244371785662
6.086643831295181 -0.048742938588611756
6.092785752416568 -0.04879610792555753
6.098927673537956 -0.048851964979349155
6.105069594659343 -0.04891051744698689
6.111211515780731 -0.04897176740064833
6.117353436902119 -0.04903571122563145
6.123495358023507 -0.049102339567942195
6.1296372791448945 -0.0491716372920663
6.135779200266282 -0.04924358344946582
6.14192112138767 -0.04931815125833724
6.148063042509057 -0.049395308095158595
6.154204963630445 -0.04947501549853877
6.160346884751832 -0.04955722918586206
6.166488805873221 -0.049641899083195606
6.172630726994608 -0.049728969368896696
6.178772648115996 -0.04981837853132045
6.1849145692373835 -0.049910059440987115
6.191056490358771 -0.050003939437521586
6.197198411480159 -0.05009994043162761
6.203340332601546 -0.05019797902230254
6.209482253722934 -0.05029796662944064
6.215624174844322 -0.050399809641909515
6.22176609596571 -0.05050340958111911
6.227908017087097 -0.05060866328003441
6.234049938208485 -0.050715463077513845
6.240191859329872 -0.05082369702778362
6.24633378045126 -0.0509332491247868
6.2524757015726475 -0.051043999541074116
6.258617622694035 -0.05115582488083184
6.2647595438154235 -0.051268598446571785
6.270901464936811 -0.05138219051893971
6.277043386058199 -0.0514964686490314
