time TPR_both_C_closed_1_rho13_imag
0.0 0.0
0.00614192112138767 -7.718212957284691e-07
0.01228384224277534 -6.161705501687543e-06
0.01842576336416301 -2.0724769184721264e-05
0.02456768448555068 -4.8891230394888684e-05
0.030709605606938348 -9.490643056376253e-05
0.03685152672832602 -0.00016277378176030795
0.042993447849713685 -0.00025620154750080805
0.04913536897110136 -0.0003785543076350706
0.05527729009248903 -0.0005328098855597941
0.061419211213876695 -0.000721522429325828
0.06756113233526437 -0.0009467922375907277
0.07370305345665204 -0.0012102428076929774
0.07984497457803971 -0.001513005457724237
0.08598689569942737 -0.001855711739195105
0.09212881682081504 -0.0022384937140914416
0.09827073794220272 -0.0026609920226578583
0.10441265906359039 -0.003122371519401863
0.11055458018497806 -0.0036213441081863968
0.11669650130636572 -0.00415619826665572
0.12283842242775339 -0.004724834619435291
0.12898034354914106 -0.005324806802234934
0.13512226467052874 -0.005953366758534168
0.1412641857919164 -0.006607513529836725
0.14740610691330408 -0.007284044541841828
0.15354802803469175 -0.007979608353871648
0.15968994915607942 -0.00869075782830867
0.16583187027746707 -0.009414002690607519
0.17197379139885474 -0.01014586048781432
0.17811571252024241 -0.01088290501285311
0.1842576336416301 -0.011621811340842612
0.19039955476301776 -0.01235939671954229
0.19654147588440543 -0.01309265666541436
0.2026833970057931 -0.013818795736166204
0.20882531812718078 -0.014535252576310364
0.21496723924856845 -0.015239718960570643
0.22110916036995612 -0.01593015268735215
0.2272510814913438 -0.016604784297739383
0.23339300261273144 -0.01726211771172415
0.2395349237341191 -0.017900924980186115
0.24567684485550678 -0.018520235446645973
0.25181876597689445 -0.019119319695604573
0.2579606870982821 -0.019697668733520638
0.2641026082196698 -0.020254968903814313
0.27024452934105747 -0.02079107307883248
0.27638645046244514 -0.021305968699996368
0.2825283715838328 -0.021799743253243263
0.2886702927052205 -0.0222725477715085
0.29481221382660816 -0.022724558950712417
0.30095413494799583 -0.023155940451976206
0.3070960560693835 -0.02356680394211239
0.3132379771907712 -0.02395717039832541
0.31937989831215885 -0.02432693217296351
0.3255218194335465 -0.024675816281422958
0.33166374055493414 -0.02500334934211224
0.3378056616763218 -0.025308824562758084
0.3439475827977095 -0.025591271133112214
0.35008950391909716 -0.025849426350929443
0.35623142504048483 -0.02608171077637857
0.3623733461618725 -0.026286206680059453
0.3685152672832602 -0.02646064002161053
0.37465718840464785 -0.026602366169409027
0.3807991095260355 -0.026708359546869356
0.3869410306474232 -0.026775207367000644
0.39308295176881086 -0.026799107593774005
0.39922487289019853 -0.026775871246006114
0.4053667940115862 -0.026700929136396604
0.4115087151329739 -0.02656934311458061
0.41765063625436155 -0.02637582185812766
0.4237925573757492 -0.0261147412289577
0.4299344784971369 -0.025780169184363235
0.43607639961852457 -0.02536589520155136
0.44221832073991224 -0.02486546414230526
0.4483602418612999 -0.024272214450112278
0.4545021629826876 -0.023579320536164388
0.4606440841040752 -0.022779839173404558
0.4667860052254629 -0.02186675967980885
0.47292792634685055 -0.0208330576340197
0.4790698474682382 -0.01967175182903985
0.4852117685896259 -0.018375964133783763
0.49135368971101356 -0.01693898189870218
0.49749561083240124 -0.0153543225112684
0.5036375319537889 -0.013615799680571312
0.5097794530751766 -0.011717591008201425
0.5159213741965643 -0.009654306385447241
0.5220632953179519 -0.0074210567447029665
0.5282052164393396 -0.005013522685805849
0.5343471375607273 -0.0024280224953341567
0.5404890586821149 0.0003384209220516969
0.5466309798035026 0.003288014677430396
0.5527729009248903 0.006422132568793526
0.558914822046278 0.00974125425701864
0.5650567431676656 0.013244907411330581
0.5711986642890533 0.0169316132898881
0.577340585410441 0.020798836227398244
0.5834825065318286 0.024842937514565584
0.5896244276532163 0.0290591341746211
0.595766348774604 0.03344146317042886
0.6019082698959917 0.037982751611269176
0.6080501910173793 0.04267459357000402
0.614192112138767 0.04750733416664034
0.6203340332601547 0.0524700616200341
0.6264759543815424 0.05755060801138562
0.63261787550293 0.06273555953618824
0.6387597966243177 0.06801027703968593
0.6449017177457054 0.07335892762855807
0.651043638867093 0.07876452812233323
0.6571855599884806 0.08420900104612786
0.6633274811098683 0.08967324376669689
0.669469402231256 0.09513721123267782
0.6756113233526436 0.10058001259519843
0.6817532444740313 0.10598002175662101
0.687895165595419 0.11131500162541846
0.6940370867168066 0.11656224154885932
0.7001790078381943 0.12169870705977734
0.706320928959582 0.1267012007191853
0.7124628500809697 0.13154653247506243
0.7186047712023573 0.1362116976033073
0.724746692323745 0.14067405996480944
0.7308886134451327 0.1449115380185463
0.7370305345665203 0.14890279078991026
0.743172455687908 0.15262740082026133
0.7493143768092957 0.15606605103007445
0.7554562979306834 0.1592006924232231
0.761598219052071 0.1620146996495995
0.7677401401734587 0.16449301162903773
0.7738820612948464 0.16662225471865635
0.780023982416234 0.16839084627113438
0.7861659035376217 0.16978907687173309
0.7923078246590094 0.1708091700419634
0.7984497457803971 0.17144531873948715
0.8045916669017847 0.17169369854673702
0.8107335880231724 0.17155245800326407
0.8168755091445601 0.17102168707732002
0.8230174302659478 0.17010336527001862
0.8291593513873354 0.16880129128206253
0.8353012725087231 0.16712099653294737
0.8414431936301108 0.16506964509402955
0.8475851147514984 0.16265592277243046
0.8537270358728861 0.15988991815960304
0.8598689569942738 0.15678299843824592
0.8660108781156615 0.15334768263020515
0.8721527992370491 0.14959751477599956
0.8782947203584368 0.1455469392767624
0.8844366414798245 0.14121118031718696
0.8905785626012122 0.13660612694038732
0.8967204837225998 0.13174822497982092
0.9028624048439875 0.12665437668649918
0.9090043259653752 0.12134184853728558
0.9151462470867628 0.11582818738582105
0.9212881682081504 0.11013114483263971
0.9274300893295381 0.1042686094535736
0.9335720104509257 0.09825854634073196
0.9397139315723134 0.09211894328024865
0.9458558526937011 0.0858677628148032
0.9519977738150888 0.07952289941323062
0.9581396949364764 0.07310214098881164
0.9642816160578641 0.06662313406488661
0.9704235371792518 0.0601033519729894
0.9765654583006395 0.053560065575912544
0.9827073794220271 0.04701031612711417
0.9888493005434148 0.040470890000198705
0.9949912216648025 0.03395829514018172
1.0011331427861903 0.027488739195313243
1.0072750639075778 0.021078109379101737
1.0134169850289656 0.014741954182970642
1.0195589061503532 0.00849546710823747
1.025700827271741 0.0023534726107190948
1.0318427483931285 -0.0036695855475912037
1.0379846695145163 -0.009559653366456812
1.0441265906359039 -0.015303072962876354
1.0502685117572914 -0.020886586140661613
1.0564104328786792 -0.026297335173378854
1.0625523540000668 -0.03152286088323544
1.0686942751214545 -0.03655109818882272
1.074836196242842 -0.041370369388468414
1.0809781173642299 -0.0459693755400228
1.0871200384856174 -0.05033718638917921
1.0932619596070052 -0.05446322938429846
1.0994038807283928 -0.05833727839387717
1.1055458018497806 -0.061949442811436405
1.1116877229711681 -0.06529015779017427
1.117829644092556 -0.06835017639509344
1.1239715652139435 -0.07112056449256732
1.1301134863353313 -0.07359269921582988
1.1362554074567188 -0.07575827184916677
1.1423973285781066 -0.07760929596332683
1.1485392496994942 -0.07913812160957216
1.154681170820882 -0.08033745633963943
1.1608230919422695 -0.08120039376345332
1.1669650130636573 -0.08172045028553888
1.1731069341850449 -0.08189161057447632
1.1792488553064326 -0.08170838221727682
1.1853907764278202 -0.08116585989204653
1.191532697549208 -0.0802597992577104
1.1976746186705955 -0.07898670060892853
1.2038165397919833 -0.0773439021779291
1.209958460913371 -0.07532968278328318
1.2161003820347587 -0.07294337332950415
1.2222423031561462 -0.07018547645193608
1.228384224277534 -0.0670577933803785
1.2345261453989216 -0.06356355686437556
1.2406680665203094 -0.05970756876578652
1.246809987641697 -0.05549634068334655
1.2529519087630847 -0.050938235733259736
1.2590938298844723 -0.046043609373770576
1.26523575100586 -0.040824946935045014
1.2713776721272476 -0.03529699530386807
1.2775195932486354 -0.029476886021379243
1.283661514370023 -0.02338424688725475
1.2898034354914107 -0.017041299031544593
1.2959453566127983 -0.010472936321818335
1.302087277734186 -0.003706783924273553
1.3082291988555736 0.003226767161513011
1.3143711199769612 0.010294552718485978
1.320513041098349 0.017460658087739337
1.3266549622197366 0.024686473935186675
1.3327968833411243 0.03193078759800083
1.338938804462512 0.03914991229098118
1.3450807255838997 0.04629785607852173
1.3512226467052872 0.05332653207881585
1.357364567826675 0.060186010865955354
1.3635064889480626 0.06682481547657562
1.3696484100694504 0.0731902588157439
1.375790331190838 0.07922882259813742
1.3819322523122257 0.08488657626247419
1.3880741734336133 0.09010963356789609
1.394216094555001 0.0948446438296607
1.4003580156763886 0.09903931398802303
1.4064999367977764 0.10264295693928122
1.412641857919164 0.1056070608031262
1.4187837790405518 0.10788587306795469
1.4249257001619393 0.10943699285882404
1.431067621283327 0.11022196392526917
1.4372095424047147 0.11020686036323449
1.4433514635261024 0.10936285658278594
1.44949338464749 0.1076667726278177
1.4556353057688778 0.1051015856631063
1.4617772268902653 0.10165689828564753
1.4679191480116531 0.09732935430908012
1.4740610691330407 0.09212299282935138
1.4802029902544285 0.08604953172246137
1.486344911375816 0.07912857226467614
1.4924868324972038 0.07138771731230684
1.4986287536185914 0.06286259643788372
1.5047706747399792 0.05359679259276216
1.5109125958613667 0.04364166624681677
1.5170545169827545 0.03305607453055938
1.523196438104142 0.021905984652406573
1.5293383592255299 0.010263982754395112
1.5354802803469174 -0.0017913186343265718
1.5416222014683052 -0.014175969330659777
1.5477641225896928 -0.026801459137222705
1.5539060437110805 -0.03957557509236169
1.560047964832468 -0.05240332712703811
1.5661898859538559 -0.06518792918751107
1.5723318070752434 -0.07783182137429102
1.578473728196631 -0.09023771742372251
1.5846156493180188 -0.10230966096716347
1.5907575704394064 -0.11395407348310777
1.5968994915607941 -0.12508077673745718
1.6030414126821817 -0.13560397280113143
1.6091833338035695 -0.14544316544282918
1.615325254924957 -0.15452400780405612
1.6214671760463448 -0.16277906274522821
1.6276090971677324 -0.17014846406425585
1.6337510182891202 -0.17658046887927656
1.6398929394105077 -0.18203189377249016
1.6460348605318955 -0.18646842974276412
1.652176781653283 -0.18986483353734188
1.6583187027746709 -0.19220499545313008
1.6644606238960584 -0.19348188614336004
1.6706025450174462 -0.19369738726844268
1.6767444661388338 -0.19286201293056987
1.6828863872602216 -0.19099453067942646
1.6890283083816091 -0.18812149243163653
1.695170229502997 -0.1842766868814604
1.7013121506243845 -0.17950052587923074
1.7074540717457722 -0.17383937781343495
1.7135959928671598 -0.16734486125987624
1.7197379139885476 -0.160073112074649
1.7258798351099351 -0.15208403673301377
1.732021756231323 -0.14344056408669517
1.7381636773527105 -0.13420790686567483
1.7443055984740983 -0.12445284322827664
1.7504475195954858 -0.11424302750759448
1.7565894407168736 -0.10364633805503891
1.7627313618382612 -0.09273026878311916
1.768873282959649 -0.08156136969664635
1.7750152040810365 -0.07020474040756143
1.7811571252024243 -0.058723579382225236
1.7872990463238119 -0.047178790495034574
1.7934409674451997 -0.035628647377410484
1.7995828885665872 -0.02412851507039293
1.805724809687975 -0.012730627621476621
1.8118667308093626 -0.0014839195169022033
1.8180086519307503 0.009566091789402011
1.824150573052138 0.02037737550163086
1.8302924941735257 0.030911412913848517
1.8364344152949132 0.04113318259249383
1.8425763364163008 0.0510111094501782
1.8487182575376886 0.06051698195835496
1.8548601786590762 0.0696258417746987
1.861002099780464 0.0783158500206422
1.8671440209018515 0.08656813434555417
1.8732859420232393 0.09436662076627
1.8794278631446268 0.10169785408339464
1.8855697842660146 0.10855081045761025
1.8917117053874022 0.11491670548805748
1.89785362650879 0.12078880087781046
1.9039955476301775 0.12616221250482307
1.9101374687515653 0.13103372244591002
1.9162793898729529 0.1354015972309645
1.9224213109943407 0.13926541433849382
1.9285632321157282 0.1426258986847214
1.934705153237116 0.14548477060924972
1.9408470743585036 0.14784460662223733
1.9469889954798913 0.14970871395219834
1.953130916601279 0.15108101972031696
1.9592728377226667 0.15196597536647835
1.9654147588440543 0.15236847676351978
1.971556679965442 0.15229380027855827
1.9776986010868296 0.15174755487241767
1.9838405222082174 0.15073565016864673
1.989982443329605 0.14926428027073532
1.9961243644509927 0.14733992295811832
2.0022662855723805 0.1449693537466404
2.008408206693768 0.14215967415561787
2.0145501278151556 0.13891835337994118
2.020692048936543 0.1352532824205012
2.026833970057931 0.13117283957863995
2.0329758911793188 0.12668596606978738
2.0391178123007063 0.12180225035793317
2.045259733422094 0.11653201965668077
2.051401654543482 0.11088643688558288
2.0575435756648695 0.10487760121424806
2.063685496786257 0.09851865017407445
2.0698274179076446 0.09182386117194924
2.0759693390290326 0.0848087501061493
2.08211126015042 0.07749016466703809
2.0882531812718077 0.06988636980966452
2.0943951023931953 0.062017122818255964
2.100537023514583 0.05390373535043308
2.106678944635971 0.045569119858489826
2.1128208657573584 0.03703781784288196
2.118962786878746 0.028336007505339315
2.1251047080001335 0.019491488541203267
2.1312466291215215 0.01053364204699565
2.137388550242909 0.0014933638226922094
2.1435304713642966 -0.007597030280339705
2.149672392485684 -0.016703927876480798
2.155814313607072 -0.025792572837439586
2.1619562347284598 -0.03482724720957923
2.1680981558498473 -0.04377148150284343
2.174240076971235 -0.05258829195636469
2.180381998092623 -0.061240442724601794
2.1865239192140105 -0.06969073026339717
2.192665840335398 -0.0779022865469741
2.1988077614567856 -0.08583889713530529
2.2049496825781736 -0.09346532955792713
2.211091603699561 -0.10074766700641516
2.2172335248209487 -0.10765364195361704
2.2233754459423363 -0.11415296406151472
2.2295173670637243 -0.12021763661643804
2.235659288185112 -0.12582225575147554
2.2418012093064994 -0.1309442868878397
2.247943130427887 -0.13556431315076062
2.254085051549275 -0.1396662509866161
2.2602269726706625 -0.1432375288159446
2.26636889379205 -0.14626922528553893
2.2725108149134376 -0.14875616451051818
2.2786527360348257 -0.15069696659822304
2.284794657156213 -0.15209405269061738
2.2909365782776008 -0.15295360471913144
2.2970784993989883 -0.15328548100334005
2.3032204205203763 -0.15310308971114817
2.309362341641764 -0.1524232230041776
2.3155042627631515 -0.15126585539248233
2.321646183884539 -0.14965391039719836
2.327788105005927 -0.1476130000538326
2.3339300261273146 -0.14517114207473888
2.340071947248702 -0.14235845962588994
2.3462138683700897 -0.13920686866597154
2.3523557894914777 -0.13574975765693656
2.3584977106128653 -0.13202166420157274
2.364639631734253 -0.12805795281662719
2.3707815528556404 -0.12389449763360368
2.376923473977028 -0.11956737335878789
2.383065395098416 -0.11511255734437074
2.3892073162198035 -0.11056564514705959
2.395349237341191 -0.10596158149964778
2.4014911584625787 -0.10133440821105791
2.4076330795839667 -0.09671703015311131
2.4137750007053542 -0.09214100019443215
2.419916921826742 -0.08763632370517532
2.4260588429481293 -0.08323128307772733
2.4322007640695174 -0.07895228258117935
2.438342685190905 -0.07482371378108695
2.4444846063122925 -0.07086784169854889
2.45062652743368 -0.06710471184071409
2.456768448555068 -0.06355207819528871
2.4629103696764556 -0.060225352232450624
2.469052290797843 -0.057137572888735805
2.4751942119192307 -0.054299397411587555
2.4813361330406187 -0.05171911281606281
2.4874780541620063 -0.04940266754568498
2.493619975283394 -0.047353722739813024
2.4997618964047814 -0.045573722295294584
2.5059038175261694 -0.04406198067812642
2.512045738647557 -0.04281578720074376
2.5181876597689445 -0.04183052524287016
2.524329580890332 -0.041099804669446245
2.53047150201172 -0.04061560549851219
2.5366134231331077 -0.040368430704578524
2.5427553442544952 -0.040347465916942056
2.548897265375883 -0.04054074369363431
2.555039186497271 -0.040935310024014224
2.5611811076186584 -0.041517390737934146
2.567323028740046 -0.04227255557606875
2.5734649498614335 -0.04318587780144879
2.5796068709828215 -0.044242087401605734
2.585748792104209 -0.04542571613764823
2.5918907132255966 -0.04672123293351015
2.598032634346984 -0.048113168357325695
2.604174555468372 -0.049586227218844904
2.6103164765897597 -0.051125388583610654
2.6164583977111473 -0.05271599277828574
2.622600318832535 -0.05434381522484829
2.6287422399539224 -0.055995127188088044
2.6348841610753104 -0.05765674374583944
2.641026082196698 -0.059316059490749334
2.6471680033180855 -0.06096107264342111
2.653309924439473 -0.06258039839802919
2.659451845560861 -0.06416327243256385
2.6655937666822487 -0.065699545597382
2.6717356878036362 -0.06717967084914593
2.677877608925024 -0.06859468352467911
2.684019530046412 -0.06993617605338644
2.6901614511677994 -0.07119626819068421
2.696303372289187 -0.07236757382152907
2.7024452934105745 -0.07344316533587185
2.7085872145319625 -0.07441653651983
2.71472913565335 -0.07528156484057653
2.7208710567747376 -0.07603247393209962
2.727012977896125 -0.07666379701553806
2.733154899017513 -0.07717034191379717
2.7392968201389007 -0.0775471582473336
2.7454387412602883 -0.07778950732768626
2.751580662381676 -0.0778928351985269
2.757722583503064 -0.07785274921133042
2.7638645046244514 -0.07766499846457252
2.770006425745839 -0.0773254583816952
2.7761483468672266 -0.07683011965376738
2.7822902679886146 -0.07617508172740856
2.788432189110002 -0.07535655097661867
2.7945741102313897 -0.07437084365797779
2.8007160313527772 -0.07321439371152395
2.8068579524741653 -0.07188376543365865
2.812999873595553 -0.07037567101287985
2.8191417947169404 -0.06868699288317773
2.825283715838328 -0.06681481081280388
2.831425636959716 -0.0647564336071231
2.8375675580811035 -0.06250943526278445
2.843709479202491 -0.06007169536598353
2.8498514003238786 -0.057441443479771016
2.8559933214452666 -0.05461730721393438
2.862135242566654 -0.05159836361588989
2.8682771636880418 -0.0483841934623442
2.8744190848094293 -0.04497493796952924
2.8805610059308173 -0.041371357375038324
2.886702927052205 -0.03757489077741287
2.8928448481735924 -0.03358771655153761
2.89898676929498 -0.029412812589745162
2.9051286904163676 -0.0250540155516361
2.9112706115377556 -0.020516078241572182
2.917412532659143 -0.015804724173353317
2.9235544537805307 -0.010926698328691373
2.9296963749019183 -0.005889813071871397
2.9358382960233063 -0.0007029881496412324
2.941980217144694 0.004623716314777262
2.9481221382660814 0.010079074929323186
2.954264059387469 0.015650681325039436
2.960405980508857 0.021324942682017522
2.9665479016302445 0.027087085484290355
2.972689822751632 0.032921173420534605
2.9788317438730196 0.03881013824484453
2.9849736649944076 0.04473582428411004
2.991115586115795 0.05067904712562054
2.9972575072371828 0.056619666841117
3.0033994283585703 0.06253667590304364
3.0095413494799583 0.06840830172749197
3.015683270601346 0.074212123539356
3.0218251917227335 0.07992520300248417
3.027967112844121 0.08552422779582693
3.034109033965509 0.0909856670511969
3.0402509550868966 0.09628593730530027
3.046392876208284 0.10140157736465617
3.0525347973296717 0.10630943024361782
3.0586767184510597 0.11098683011974364
3.0648186395724473 0.11541179206381551
3.070960560693835 0.119563202150041
3.0771024818152224 0.12342100544088783
3.0832444029366104 0.12696638927519147
3.089386324057998 0.13018195927112425
3.0955282451793855 0.13305190548955725
3.101670166300773 0.13556215628909354
3.107812087422161 0.1377005175409918
3.1139540085435486 0.13945679505820538
3.120095929664936 0.1408228983243153
3.1262378507863238 0.14179292388036815
3.1323797719077118 0.14236321703453714
3.1385216930290993 0.14253241089411994
3.144663614150487 0.1423014420739895
3.1508055352718745 0.14167354280206668
3.156947456393262 0.14065420951237756
3.16308937751465 0.1392511483815461
3.1692312986360376 0.13747419861728305
3.175373219757425 0.13533523464025954
3.1815151408788127 0.1328480486071617
3.1876570620002007 0.130028214997124
3.1937989831215883 0.12689293922155048
3.199940904242976 0.12346089241509912
3.2060828253643634 0.11975203472096028
3.2122247464857514 0.11578742949525415
3.218366667607139 0.1115890509231669
3.2245085887285265 0.10717958756407997
3.230650509849914 0.10258224432599002
3.236792430971302 0.09782054531328664
3.2429343520926897 0.09291813989937545
3.249076273214077 0.08789861425012734
3.2552181943354648 0.08278531036950625
3.261360115456853 0.07760115455904927
3.2675020365782403 0.07236849698240366
3.273643957699628 0.0671089638092041
3.2797858788210155 0.061843323183566154
3.2859277999424035 0.05659136602567748
3.292069721063791 0.05137180243458594
3.2982116421851786 0.046202174220332494
3.304353563306566 0.04109878385786507
3.310495484427954 0.03607663992723479
3.3166374055493417 0.031149418887649157
3.3227793266707293 0.026329442829915492
3.328921247792117 0.02162767266514697
3.335063168913505 0.01705371603939297
3.3412050900348924 0.012615849115728535
3.34734701115628 0.008321051238459531
3.3534889322776675 0.004175051389173042
3.3596308533990555 0.00018238526161322983
3.365772774520443 -0.0036535382784282145
3.3719146956418307 -0.007330362621510433
3.3780566167632182 -0.010846702023776826
3.3841985378846062 -0.01420205468997378
3.390340459005994 -0.017396711606472267
3.3964823801273814 -0.020431662368593388
3.402624301248769 -0.023308499201561396
3.4087662223701565 -0.02602932031861068
3.4149081434915445 -0.028596633695435414
3.421050064612932 -0.031013262269554673
3.4271919857343196 -0.03328225149845057
3.433333906855707 -0.03540678013355798
3.439475827977095 -0.03739007499019517
3.4456177490984827 -0.039235330417936254
3.4517596702198703 -0.040945633103093175
3.457901591341258 -0.042523892765947646
3.464043512462646 -0.04397277925090316
3.4701854335840334 -0.045294666448234176
3.476327354705421 -0.04649158343170233
3.4824692758268085 -0.047565173146774886
3.4886111969481965 -0.048516658939012566
3.494753118069584 -0.049346819170600485
3.5008950391909717 -0.050055970133939184
3.5070369603123592 -0.05064395743343167
3.5131788814337472 -0.05111015596866686
3.519320802555135 -0.051453478612537164
3.5254627236765224 -0.05167239363479816
3.53160464479791 -0.051764950873509484
3.537746565919298 -0.05172881660207057
3.5438884870406855 -0.051561316976666605
3.550030408162073 -0.051259489876548436
3.5561723292834606 -0.0508201448666242
3.5623142504048486 -0.050239930917630425
3.568456171526236 -0.04951541141339034
3.5745980926476237 -0.048643145857583475
3.5807400137690113 -0.04761977756484883
3.5868819348903993 -0.04644212648438727
3.593023856011787 -0.04510728616067267
3.5991657771331744 -0.043612723688329004
3.605307698254562 -0.04195638137032708
3.61144961937595 -0.040136778644779936
3.6175915404973376 -0.03815311271082375
3.623733461618725 -0.036005356164003306
3.6298753827401127 -0.033694349852326666
3.6360173038615007 -0.03122188909207442
3.6421592249828882 -0.028590801343943883
3.648301146104276 -0.025805013451356534
3.6544430672256634 -0.02286960658939687
3.6605849883470514 -0.01979085716966002
3.666726909468439 -0.016576262096812896
3.6728688305898265 -0.013234546978901017
3.679010751711214 -0.009775656155433883
3.6851526728326016 -0.006210723722931419
3.6912945939539896 -0.0025520251023632666
3.697436515075377 0.001187090900349614
3.7035784361967647 0.0049922891505773635
3.7097203573181523 0.00884835350863975
3.7158622784395403 0.012739309106716487
3.722004199560928 0.01664855981051378
3.7281461206823154 0.020559038670819447
3.734288041803703 0.02445336878962586
3.740429962925091 0.028314031708613137
3.7465718840464786 0.03212354019082863
3.752713805167866 0.03586461212350758
3.7588557262892537 0.03952034223204191
3.7649976474106417 0.04307436836890287
3.7711395685320293 0.04651102932871759
3.777281489653417 0.049815511438115974
3.7834234107748044 0.05297398156704354
3.7895653318961924 0.0559737046919215
3.79570725301758 0.058803144689868796
3.8018491741389675 0.061452047632148316
3.807991095260355 0.06391150744546623
3.814133016381743 0.06617401439110002
3.8202749375031306 0.06823348734295052
3.826416858624518 0.07008529129688833
3.8325587797459058 0.07172624188887747
3.8387007008672938 0.07315459891723762
3.8448426219886813 0.07437005094076261
3.850984543110069 0.07537369295317371
3.8571264642314564 0.07616799891844796
3.8632683853528444 0.07675679060325252
3.869410306474232 0.0771452036833761
3.8755522275956196 0.07733965156028243
3.881694148717007 0.07734778673795281
3.887836069838395 0.0771784590199962
3.8939779909597827 0.07684166923567788
3.9001199120811703 0.07634851673368687
3.906261833202558 0.07571113853334618
3.912403754323946 0.07494263782777442
3.9185456754453334 0.07405699951686182
3.924687596566721 0.07306899062404536
3.9308295176881085 0.07199404382212601
3.936971438809496 0.07084812284980987
3.943113359930884 0.06964756932009057
3.9492552810522716 0.06840893127075244
3.955397202173659 0.06714877474350996
3.9615391232950468 0.06588348065201582
3.9676810444164348 0.06462903015659122
3.9738229655378223 0.06340078265062189
3.97996488665921 0.062213251228207936
3.9861068077805974 0.06107988109851896
3.9922487289019855 0.06001283680151105
3.998390650023373 0.059022804234959134
4.004532571144761 0.058118813409199874
4.010674492266149 0.05730808750165624
4.016816413387536 0.05659592319933549
4.022958334508924 0.05598560651752882
4.029100255630311 0.05547836730121773
4.035242176751699 0.05507337449521594
4.041384097873086 0.05476777305905882
4.047526018994474 0.05455676215567946
4.053667940115862 0.05443371301206694
4.05980986123725 0.05439032368619449
4.0659517823586375 0.054416806923530514
4.072093703480025 0.054502106387496675
4.078235624601413 0.05463413583185617
4.0843775457228 0.05480003527018044
4.090519466844188 0.05498643789917082
4.096661387965575 0.05517974144968895
4.102803309086964 0.05536637776354182
4.108945230208351 0.05553307470879012
4.115087151329739 0.05566710502815847
4.1212290724511265 0.05575651733539089
4.127370993572514 0.05579034520096883
4.133512914693902 0.05575879106770169
4.139654835815289 0.05565338257443409
4.145796756936677 0.05546709971011769
4.151938678058065 0.0551944720411214
4.158080599179453 0.05483164602600179
4.16422252030084 0.054376423132568595
4.170364441422228 0.053828270085402044
4.176506362543615 0.053188303086387737
4.182648283665003 0.052459248259701816
4.1887902047863905 0.05164538087387469
4.194932125907778 0.05075244608910679
4.201074047029166 0.04978756407340788
4.207215968150554 0.04875912233472867
4.213357889271942 0.047676658038541916
4.219499810393329 0.04655073293323798
4.225641731514717 0.04539280330203118
4.231783652636104 0.044215087112773714
4.237925573757492 0.04303043025895753
4.2440674948788795 0.041852173488311994
4.250209416000267 0.04069402131093462
4.2563513371216555 0.03956991387678374
4.262493258243043 0.03849390252128149
4.268635179364431 0.03748002940500426
4.274777100485818 0.03654221142496766
4.280919021607206 0.03569412835544246
4.287060942728593 0.03494911498908481
4.293202863849981 0.03432005689678462
4.299344784971368 0.03381928930847963
4.305486706092757 0.033458498537890444
4.311628627214144 0.03324862533165519
4.317770548335532 0.03319976951705517
4.3239124694569195 0.0333210953513804
4.330054390578307 0.03362073703844552
4.336196311699695 0.03410570397206981
4.342338232821082 0.03478178539029514
4.34848015394247 0.035653454275302636
4.354622075063858 0.036723770509624235
4.360763996185246 0.03799428349622148
4.366905917306633 0.03946493466479812
4.373047838428021 0.04113396051545419
4.3791897595494085 0.04299779708903162
4.385331680670796 0.045050986996440244
4.391473601792184 0.04728609038147849
4.397615522913571 0.04969360142732195
4.40375744403496 0.052261872239614794
4.409899365156347 0.054977046142237654
4.416041286277735 0.05782300259830546
4.422183207399122 0.060781316111631026
4.42832512852051 0.06383123156556209
4.434467049641897 0.06694965850990421
4.440608970763285 0.07011118690610743
4.4467508918846725 0.07328812678035791
4.452892813006061 0.07645057410903189
4.4590347341274486 0.07956650506782187
4.465176655248836 0.08260190051299485
4.471318576370224 0.08552090223083628
4.477460497491611 0.08828600209144868
4.483602418612999 0.09085826478006281
4.489744339734386 0.09319758425932718
4.495886260855774 0.0952629735483354
4.5020281819771615 0.09701288679906414
4.50817010309855 0.09840557202081919
4.5143120242199375 0.09939945216200179
4.520453945341325 0.0999535316207069
4.526595866462713 0.10002782463649863
4.5327377875841 0.0995838014300872
4.538879708705488 0.09858484741980134
4.545021629826875 0.09699673036656047
4.551163550948263 0.0947880698935562
4.557305472069651 0.09193080350184374
4.563447393191039 0.08840064296477941
4.569589314312426 0.08417751483631432
4.575731235433814 0.07924597875156592
4.5818731565552016 0.07359561723142607
4.588015077676589 0.06722139082286964
4.594156998797977 0.06012395260827044
4.600298919919364 0.0523099163948024
4.606440841040753 0.043792073243176445
4.61258276216214 0.03458955140838412
4.618724683283528 0.024727915239789542
4.624866604404915 0.01423919912142926
4.631008525526303 0.0031618731251797636
4.6371504466476905 -0.008459262299241084
4.643292367769078 -0.02057325455992901
4.649434288890466 -0.033123251267185405
4.655576210011854 -0.04604682702075803
4.661718131133242 -0.059276384052815094
4.667860052254629 -0.07273962514550635
4.674001973376017 -0.08636009617798655
4.680143894497404 -0.1000577945311377
4.686285815618792 -0.11374983840169023
4.692427736740179 -0.12735119086973373
4.698569657861567 -0.14077543134970366
4.7047115789829554 -0.15393556586575682
4.710853500104343 -0.16674486646412828
4.716995421225731 -0.1791177290476129
4.723137342347118 -0.1909705380330132
4.729279263468506 -0.20222252553352776
4.735421184589893 -0.21279661229480892
4.741563105711281 -0.22262021740124785
4.747705026832668 -0.23162602384645337
4.753846947954056 -0.23975268744827344
4.759988869075444 -0.24694547729261818
4.766130790196832 -0.2531568369083526
4.7722727113182195 -0.25834685669160096
4.778414632439607 -0.2624836496835529
4.784556553560995 -0.26554362462119396
4.790698474682382 -0.2675116521752171
4.79684039580377 -0.2683811224055244
4.802982316925157 -0.26815389363853864
4.809124238046546 -0.2668401351356778
4.815266159167933 -0.2644580680127526
4.821408080289321 -0.26103361082284243
4.8275500014107084 -0.2565999379734748
4.833691922532096 -0.25119696066387953
4.839833843653484 -0.24487074126113334
4.845975764774871 -0.2376728529578505
4.852117685896259 -0.22965969715352197
4.858259607017647 -0.2208917912735644
4.864401528139035 -0.211433039693123
4.870543449260422 -0.20135000008572024
4.87668537038181 -0.19071115689815224
4.882827291503197 -0.17958621279801584
4.888969212624585 -0.16804540788976563
4.8951111337459725 -0.1561588752933228
4.90125305486736 -0.1439960403713866
4.9073949759887485 -0.13162506952252276
4.913536897110136 -0.11911237306937578
4.919678818231524 -0.10652216540387412
4.925820739352911 -0.09391608423831137
4.931962660474299 -0.08135286958143736
4.938104581595686 -0.06888810193513328
4.944246502717074 -0.056573998206809126
4.9503884238384614 -0.04445926296648184
4.95653034495985 -0.03258899195124943
4.9626722660812375 -0.02100462413434526
4.968814187202625 -0.009743938227662388
4.974956108324013 0.0011589108313734152
4.9810980294454 0.011673320055168723
4.987239950566788 0.021772135978745336
4.993381871688175 0.03143152635784225
4.999523792809563 0.04063083063069955
5.00566571393095 0.04935239362379918
5.011807635052339 0.057581386768522966
5.017949556173726 0.06530562083972127
5.024091477295114 0.07251535394011913
5.0302333984165015 0.07920309814664174
5.036375319537889 0.0853634279151359
5.042517240659277 0.09099279301621
5.048659161780664 0.09608933845328152
5.054801082902052 0.10065273349935072
5.06094300402344 0.10468401168522401
5.067084925144828 0.10818542328148524
5.073226846266215 0.11116030154104913
5.079368767387603 0.11361294370933786
5.0855106885089905 0.11554850756499584
5.091652609630378 0.11697292402495264
5.097794530751766 0.11789282613245908
5.103936451873153 0.11831549454397726
5.110078372994542 0.11824881943878147
5.116220294115929 0.117701278591955
5.122362215237317 0.11668193117524824
5.128504136358704 0.11520042667913057
5.134646057480092 0.11326702818162789
5.140787978601479 0.11089264902368709
5.146929899722867 0.10808890178567744
5.1530718208442545 0.10486815829442642
5.159213741965643 0.10124361922453988
5.1653556630870305 0.09722939169183935
5.171497584208418 0.0928405730713012
5.177639505329806 0.08809333910824237
5.183781426451193 0.08300503423168848
5.189923347572581 0.07759426182554728
5.196065268693968 0.0718809720697647
5.202207189815356 0.06588654483408564
5.208349110936744 0.05963386499602945
5.214491032058132 0.053147387467430605
5.2206329531795195 0.04645318915606409
5.226774874300907 0.039579005066471426
5.232916795422295 0.032554245763312395
5.239058716543682 0.025409993487528468
5.24520063766507 0.018178974336212756
5.251342558786457 0.010895504096711589
5.257484479907845 0.0035954055687057156
5.263626401029233 -0.003684104481693937
5.269768322150621 -0.010904560212393473
5.275910243272008 -0.018026424467992557
5.282052164393396 -0.025009299925704238
5.2881940855147835 -0.031812173554967293
5.294336006636171 -0.03839369368311061
5.300477927757559 -0.0447124782727568
5.306619848878946 -0.05072745229296643
5.312761770000335 -0.05639821131956148
5.318903691121722 -0.061685407747155425
5.32504561224311 -0.06655115525479188
5.331187533364497 -0.07095944645906087
5.337329454485885 -0.07487657803458451
5.3434713756072725 -0.07827157700377173
5.34961329672866 -0.08111662141742183
5.355755217850048 -0.08338744828570284
5.361897138971436 -0.08506374139390731
5.368039060092824 -0.0861294915650614
5.374180981214211 -0.08657332202419527
5.380322902335599 -0.08638877178477257
5.386464823456986 -0.08557453041941031
5.392606744578374 -0.08413461819215162
5.398748665699761 -0.08207850631015741
5.404890586821149 -0.07942117298507499
5.411032507942537 -0.0761830920594654
5.417174429063925 -0.07239015212753876
5.4233163501853126 -0.06807350533389492
5.4294582713067 -0.06326934633751098
5.435600192428088 -0.0580186232472482
5.441742113549475 -0.052366683635006406
5.447884034670863 -0.04636285997902536
5.45402595579225 -0.040060000049938746
5.460167876913639 -0.03351394879602457
5.466309798035026 -0.026782989185502357
5.472451719156414 -0.019927250201288636
5.4785936402778015 -0.013008090741299903
5.484735561399189 -0.0060874685450342855
5.490877482520577 0.0007726965594826046
5.497019403641964 0.007511155813572193
5.503161324763352 0.014067952020561426
5.509303245884739 0.020385018681443743
5.515445167006128 0.026406749617314075
5.521587088127515 0.03208053159574941
5.527729009248903 0.03735723326775813
5.53387093037029 0.04219164460426438
5.540012851491678 0.04654286197263407
5.5461547726130656 0.05037461499116708
5.552296693734453 0.0536555323204188
5.558438614855841 0.0563593445738913
5.564580535977229 0.05846502353818991
5.570722457098617 0.059956857867482706
5.576864378220004 0.06082446634458824
5.583006299341392 0.06106275066905017
5.589148220462779 0.06067179053103643
5.595290141584167 0.059656684450685074
5.6014320627055545 0.058027340499195126
5.607573983826942 0.05579822156566379
5.6137159049483305 0.05298805028889072
5.619857826069718 0.0496194791338203
5.625999747191106 0.045718731356812856
5.632141668312493 0.041315218772439766
5.638283589433881 0.03644114230799155
5.644425510555268 0.031131081312465475
5.650567431676656 0.025421577477720125
5.656709352798043 0.019350719035194933
5.662851273919432 0.012957730617768143
5.668993195040819 0.006282573829860122
5.675135116162207 -0.0006344368421400035
5.681277037283595 -0.007752998613502895
5.687418958404982 -0.015033161824994612
5.69356087952637 -0.022435645099369468
5.699702800647757 -0.029922121692467055
5.705844721769145 -0.03745547508204056
5.711986642890533 -0.04500002241886275
5.718128564011921 -0.052521705035259325
5.724270485133308 -0.059988245755617065
5.730412406254696 -0.06736927327218871
5.7365543273760835 -0.07463641432937837
5.742696248497471 -0.08176335489377272
5.748838169618859 -0.08872587187005934
5.754980090740246 -0.0955018372508179
5.761122011861635 -0.10207119685872693
5.767263932983022 -0.10841592605229121
5.77340585410441 -0.11451996492149978
5.779547775225797 -0.120369135599955
5.785689696347185 -0.12595104436815144
5.7918316174685724 -0.13125497122293173
5.79797353858996 -0.13627174954560228
5.804115459711348 -0.14099363842121246
5.810257380832735 -0.14541419004985756
5.816399301954124 -0.14952811455344683
5.822541223075511 -0.1533311443240148
5.828683144196899 -0.15681989988793268
5.834825065318286 -0.15999175907956
5.840966986439674 -0.16284473113268955
5.847108907561061 -0.16537733711282046
5.853250828682449 -0.1675884979314174
5.8593927498038365 -0.16947743100783202
5.865534670925225 -0.17104355647777303
5.8716765920466125 -0.1722864136907717
5.877818513168 -0.1732055885940295
5.883960434289388 -0.1738006524668511
5.890102355410775 -0.1740711123484771
5.896244276532163 -0.17401637339205853
5.90238619765355 -0.17363571327783328
5.908528118774938 -0.17292826872804912
5.914670039896326 -0.17189303408332166
5.920811961017714 -0.1705288718232322
5.9269538821391015 -0.16883453484121871
5.933095803260489 -0.1668087002133217
5.939237724381877 -0.16445001413018318
5.945379645503264 -0.16175714759003795
5.951521566624652 -0.15872886237553016
5.957663487746039 -0.15536408675746363
5.963805408867428 -0.15166200028270613
5.969947329988815 -0.14762212691035081
5.976089251110203 -0.1432444356591518
5.98223117223159 -0.13852944781988275
5.988373093352978 -0.13347834966870337
5.9945150144743655 -0.1280931094925111
6.000656935595753 -0.12237659760576408
6.006798856717141 -0.11633270790218485
6.012940777838529 -0.10996647934650942
6.019082698959917 -0.10328421567413557
6.025224620081304 -0.09629360143389327
6.031366541202692 -0.08900381238565952
6.037508462324079 -0.08142561815516071
6.043650383445467 -0.07357147495865635
6.0497923045668545 -0.06545560614624647
6.055934225688242 -0.0570940682805669
6.06207614680963 -0.04850480047396957
6.068218067931018 -0.03970765475811161
6.074359989052406 -0.030724405360945877
6.080501910173793 -0.021578734922409352
6.086643831295181 -0.012296195895611511
6.092785752416568 -0.0029041456575067993
6.098927673537956 0.006568345807273525
6.105069594659343 0.016090616384859712
6.111211515780731 0.025630560749740395
6.117353436902119 0.035154807488306614
6.123495358023507 0.044628923642140515
6.1296372791448945 0.054017645300244575
6.135779200266282 0.06328513226686576
6.14192112138767 0.07239524422701754
6.148063042509057 0.08131183524280429
6.154204963630445 0.0899990628590546
6.160346884751832 0.09842170759585761
6.166488805873221 0.106545498177411
6.172630726994608 0.11433743750902385
6.178772648115996 0.12176612418309023
6.1849145692373835 0.12880206418337276
6.191056490358771 0.13541796747448565
6.197198411480159 0.1415890243151357
6.203340332601546 0.14729315641988366
6.209482253722934 0.15251123851028883
6.215624174844322 0.15722728633262067
6.22176609596571 0.16142860786139215
6.227908017087097 0.16510591513703374
6.234049938208485 0.16825339497971897
6.240191859329872 0.1708687376547933
6.24633378045126 0.17295312341195476
6.2524757015726475 0.17451116765360114
6.258617622694035 0.1755508262817777
6.2647595438154235 0.176083263504271
6.270901464936811 0.17612268502808678
6.277043386058199 0.17568614011640435
