time TPR_both_A_closed_1_rho33
0.0 0.0
0.00614192112138767 4.4599705163768134e-10
0.01228384224277534 7.123099224521636e-09
0.01842576336416301 3.5952504437274636e-08
0.02456768448555068 1.1315074723207913e-07
0.030709605606938348 2.7475726825281794e-07
0.03685152672832602 5.659844272931791e-07
0.042993447849713685 1.0404011232731158e-06
0.04913536897110136 1.7589640191642651e-06
0.05527729009248903 2.7889129482835384e-06
0.061419211213876695 4.202549354267451e-06
0.06756113233526437 6.075918550225512e-06
0.07370305345665204 8.48741813964917e-06
0.07984497457803971 1.1516356096637923e-05
0.08598689569942737 1.524148273777348e-05
0.09212881682081504 1.9739521122545624e-05
0.09827073794220272 2.5083720291874448e-05
0.10441265906359039 3.134245520142701e-05
0.11055458018497806 3.857789624247883e-05
0.11669650130636572 4.684476988995955e-05
0.12283842242775339 5.6189230303995594e-05
0.12898034354914106 6.664785967301148e-05
0.13512226467052874 7.824681276412663e-05
0.1412641857919164 9.100111858572496e-05
0.14740610691330408 0.00010491414931696125
0.15354802803469175 0.0001199772637716316
0.15968994915607942 0.0001361696296930326
0.16583187027746707 0.0001534582261766231
0.17197379139885474 0.00017179802454262826
0.17811571252024241 0.0001911323430840421
0.1842576336416301 0.0002113933683474226
0.19039955476301776 0.0002325028330119865
0.19654147588440543 0.0002543728380604766
0.2026833970057931 0.00027690680482221944
0.20882531812718078 0.00030000054064867955
0.21496723924856845 0.0003235434004829581
0.22110916036995612 0.00034741952542936166
0.2272510814913438 0.00037150913863334174
0.23339300261273144 0.0003956898783552558
0.2395349237341191 0.0004198381480664644
0.24567684485550678 0.00044383046370968126
0.25181876597689445 0.00046754477893729533
0.2579606870982821 0.0004908617701555099
0.2641026082196698 0.0005136660645366989
0.27024452934105747 0.0005358473957900465
0.27638645046244514 0.0005573016743690533
0.2825283715838328 0.0005779319609071775
0.2886702927052205 0.0005976493339692442
0.29481221382660816 0.0006163736456426317
0.30095413494799583 0.0006340341610224953
0.3070960560693835 0.0006505700802215177
0.3132379771907712 0.000665930944107997
0.31937989831215885 0.0006800769274973754
0.3255218194335465 0.000692979025943052
0.33166374055493414 0.0007046191445452948
0.3378056616763218 0.0007149900992772498
0.3439475827977095 0.0007240955431722824
0.35008950391909716 0.0007319498312887048
0.35623142504048483 0.0007385778396322114
0.3623733461618725 0.000744014754143952
0.3685152672832602 0.0007483058464296278
0.37465718840464785 0.0007515062530949427
0.3807991095260355 0.0007536807753544347
0.3869410306474232 0.0007549037149903039
0.39308295176881086 0.000755258761758765
0.39922487289019853 0.0007548389459843359
0.4053667940115862 0.0007537466683654168
0.4115087151329739 0.0007520938169627736
0.41765063625436155 0.0007500019789883669
0.4237925573757492 0.0007476027523942402
0.4299344784971369 0.0007450381594248203
0.43607639961852457 0.0007424611612913769
0.44221832073991224 0.0007400362700095773
0.4483602418612999 0.0007379402502688622
0.4545021629826876 0.0007363629010373494
0.4606440841040752 0.0007355079035114438
0.4667860052254629 0.0007355937190591067
0.47292792634685055 0.0007368545180429997
0.4790698474682382 0.0007395411179057514
0.4852117685896259 0.0007439219067125791
0.49135368971101356 0.0007502837265302564
0.49749561083240124 0.0007589326896243634
0.5036375319537889 0.000770194899520654
0.5097794530751766 0.0007844170485355528
0.5159213741965643 0.0008019668634611118
0.5220632953179519 0.0008232333717080404
0.5282052164393396 0.000848626961373838
0.5343471375607273 0.0008785792104088215
0.5404890586821149 0.000913542462287971
0.5466309798035026 0.0009539891283379901
0.5527729009248903 0.0010004107000838522
0.558914822046278 0.0010533164586250267
0.5650567431676656 0.0011132318720774269
0.5711986642890533 0.0011806966764637606
0.577340585410441 0.0012562626400363305
0.5834825065318286 0.0013404910158004379
0.5896244276532163 0.00143394969189688
0.595766348774604 0.001537210054418811
0.6019082698959917 0.0016508435820998444
0.6080501910173793 0.0017754181970348088
0.614192112138767 0.0019114944001012066
0.6203340332601547 0.002059621223959947
0.6264759543815424 0.002220332040354142
0.63261787550293 0.002394140261825788
0.6387597966243177 0.0025815349808696736
0.6449017177457054 0.0027829765918872605
0.651043638867093 0.0029988924430445238
0.6571855599884806 0.0032296725662402954
0.6633274811098683 0.003475665533828974
0.669469402231256 0.0037371744904975616
0.6756113233526436 0.004014453407766646
0.6817532444740313 0.004307703606973734
0.687895165595419 0.004617070594321658
0.6940370867168066 0.004942641248661353
0.7001790078381943 0.0052844413991639545
0.706320928959582 0.005642433825968129
0.7124628500809697 0.0060165167123194556
0.7186047712023573 0.00640652257171237
0.724746692323745 0.006812217668170764
0.7308886134451327 0.007233301942136046
0.7370305345665203 0.007669409448550896
0.743172455687908 0.008120109307716084
0.7493143768092957 0.008584907163441747
0.7554562979306834 0.009063247136999507
0.761598219052071 0.009554514259493357
0.7677401401734587 0.01005803735958961
0.7738820612948464 0.010573092378160537
0.780023982416234 0.011098906076380125
0.7861659035376217 0.011634660099235946
0.7923078246590094 0.012179495352354604
0.7984497457803971 0.012732516646539068
0.8045916669017847 0.013292797561535398
0.8107335880231724 0.013859385478327043
0.8168755091445601 0.014431306727730022
0.8230174302659478 0.015007571802255738
0.8291593513873354 0.015587180578133197
0.8353012725087231 0.0161691274950417
0.8414431936301108 0.016752406642491054
0.8475851147514984 0.017336016703880245
0.8537270358728861 0.017918965712038545
0.8598689569942738 0.018500275573465855
0.8660108781156615 0.019078986322492796
0.8721527992370491 0.019654160071117338
0.8782947203584368 0.020224884625277093
0.8844366414798245 0.020790276743710735
0.8905785626012122 0.021349485021266927
0.8967204837225998 0.021901692384449487
0.9028624048439875 0.02244611819305184
0.9090043259653752 0.02298201994783963
0.9151462470867628 0.023508694610292646
0.9212881682081504 0.02402547954632148
0.9274300893295381 0.024531753111537585
0.9335720104509257 0.025026934900987636
0.9397139315723134 0.025510485691179002
0.9458558526937011 0.02598190710664353
0.9519977738150888 0.026440741047139726
0.9581396949364764 0.02688656891481632
0.9642816160578641 0.027319010683198877
0.9704235371792518 0.027737723851675073
0.9765654583006395 0.028142402330211366
0.9827073794220271 0.028532775299317505
0.9888493005434148 0.028908606089779586
0.9949912216648025 0.029269691125415682
1.0011331427861903 0.029615858970090916
1.0072750639075778 0.029946969517495307
1.0134169850289656 0.030262913358782964
1.0195589061503532 0.030563611359153156
1.025700827271741 0.030849014469889524
1.0318427483931285 0.03111910379734021
1.0379846695145163 0.03137389094490438
1.0441265906359039 0.03161341863837951
1.0502685117572914 0.031837761639116266
1.0564104328786792 0.032047027943421055
1.0625523540000668 0.03224136026064263
1.0686942751214545 0.03242093775647589
1.074836196242842 0.03258597804231218
1.0809781173642299 0.03273673938605341
1.0871200384856174 0.03287352311477505
1.0932619596070052 0.0329966761750504
1.0994038807283928 0.033106593812708536
1.1055458018497806 0.033203722330351786
1.1116877229711681 0.03328856187815835
1.117829644092556 0.033361669231381584
1.1239715652139435 0.033423660506557824
1.1301134863353313 0.03347521376776623
1.1362554074567188 0.033517071474350624
1.1423973285781066 0.03355004272230745
1.1485392496994942 0.033575005233045484
1.154681170820882 0.03359290704540256
1.1608230919422695 0.03360476786962012
1.1669650130636573 0.03361168006537924
1.1731069341850449 0.033614809209933004
1.1792488553064326 0.03361539422676394
1.1853907764278202 0.033614747049981755
1.191532697549208 0.0336142518047789
1.1976746186705955 0.03361536348960145
1.2038165397919833 0.03361960615118921
1.209958460913371 0.033628570549211326
1.2161003820347587 0.03364391131279027
1.2222423031561462 0.03366734359669042
1.228384224277534 0.033700639250271475
1.2345261453989216 0.0337456225173997
1.2406680665203094 0.03380416529030609
1.246809987641697 0.03387818194481798
1.2529519087630847 0.03396962378841646
1.2590938298844723 0.034080473156138075
1.26523575100586 0.03421273719240725
1.2713776721272476 0.03436844135942338
1.2775195932486354 0.03454962271471064
1.283661514370023 0.03475832300185437
1.2898034354914107 0.03499658159928856
1.2959453566127983 0.035266428372266435
1.302087277734186 0.03556987647285003
1.3082291988555736 0.03590891513191306
1.3143711199769612 0.03628550248578944
1.320513041098349 0.036701558478350146
1.3266549622197366 0.03715895787699312
1.3327968833411243 0.03765952343833006
1.338938804462512 0.03820501925630108
1.3450807255838997 0.038797144322099304
1.3512226467052872 0.03943752632170294
1.357364567826675 0.04012771569305455
1.3635064889480626 0.040869179961063436
1.3696484100694504 0.04166329836470278
1.375790331190838 0.042511356786598106
1.3819322523122257 0.043414542991723815
1.3880741734336133 0.04437394217820691
1.394216094555001 0.045390532839844455
1.4003580156763886 0.0464651829368344
1.4064999367977764 0.04759864636845241
1.412641857919164 0.0487915597390313
1.4187837790405518 0.050044439406656524
1.4249257001619393 0.0513576788025168
1.431067621283327 0.05273154600787112
1.4372095424047147 0.054166181575129334
1.4433514635261024 0.05566159657960266
1.44949338464749 0.05721767088906059
1.4556353057688778 0.058834151639320285
1.4617772268902653 0.06051065190567152
1.4679191480116531 0.062246649561971096
1.4740610691330407 0.064041486321684
1.4802029902544285 0.06589436695795156
1.486344911375816 0.06780435870286813
1.4924868324972038 0.06977039082948064
1.4986287536185914 0.07179125442351207
1.5047706747399792 0.07386560235537197
1.5109125958613667 0.07599194946656873
1.5170545169827545 0.07816867298809363
1.523196438104142 0.0803940132116181
1.5293383592255299 0.08266607443734736
1.5354802803469174 0.08498282622502289
1.5416222014683052 0.08734210497678407
1.5477641225896928 0.08974161588231697
1.5539060437110805 0.09217893525786772
1.560047964832468 0.09465151331123162
1.5661898859538559 0.09715667736469835
1.5723318070752434 0.09969163556711329
1.578473728196631 0.10225348112468317
1.5846156493180188 0.1048391970779108
1.5907575704394064 0.10744566164909461
1.5968994915607941 0.1100696541812017
1.6030414126821817 0.11270786168465191
1.6091833338035695 0.11535688600368801
1.615325254924957 0.1180132516086138
1.6214671760463448 0.12067341401433274
1.6276090971677324 0.12333376881939571
1.6337510182891202 0.12599066135326092
1.6398929394105077 0.12864039691277657
1.6460348605318955 0.13127925156212075
1.652176781653283 0.133903483463678
1.6583187027746709 0.13650934470069873
1.6644606238960584 0.1390930935461862
1.6706025450174462 0.14165100712637668
1.6767444661388338 0.14417939442152544
1.6828863872602216 0.14667460954156303
1.6890283083816091 0.14913306520963024
1.695170229502997 0.1515512463825963
1.7013121506243845 0.15392572393448142
1.7074540717457722 0.1562531683262794
1.7135959928671598 0.15853036318404726
1.7197379139885476 0.16075421870632045
1.7258798351099351 0.16292178482192476
1.732021756231323 0.16503026402009627
1.7381636773527105 0.16707702377646164
1.7443055984740983 0.1690596085008537
1.7504475195954858 0.17097575093609554
1.7565894407168736 0.17282338294073596
1.7627313618382612 0.17460064559319982
1.768873282959649 0.17630589855986362
1.7750152040810365 0.17793772867510665
1.7811571252024243 0.17949495768734477
1.7872990463238119 0.18097664913134587
1.7934409674451997 0.1823821142936682
1.7995828885665872 0.18371091724477256
1.805724809687975 0.1849628789181495
1.8118667308093626 0.18613808022359105
1.8180086519307503 0.18723686418844154
1.824150573052138 0.1882598371272046
1.8302924941735257 0.18920786884619342
1.8364344152949132 0.19008209189591635
1.8425763364163008 0.19088389988952978
1.8487182575376886 0.19161494491091086
1.8548601786590762 0.19227713404065144
1.861002099780464 0.19287262503251354
1.8671440209018515 0.1934038211765813
1.8732859420232393 0.1938733653884707
1.8794278631446268 0.19428413356649546
1.8855697842660146 0.1946392272606334
1.8917117053874022 0.19494196569848393
1.89785362650879 0.1951958772141684
1.9039955476301775 0.19540469012631223
1.9101374687515653 0.19557232311088568
1.9162793898729529 0.19570287511380005
1.9224213109943407 0.19580061484679415
1.9285632321157282 0.19586996990834787
1.934705153237116 0.19591551556917405
1.9408470743585036 0.1959419632593226
1.9469889954798913 0.1959541487911432
1.953130916601279 0.1959570203493566
1.9592728377226667 0.19595562627634744
1.9654147588440543 0.19595510267758384
1.971556679965442 0.1959606608688595
1.9776986010868296 0.19597757468391278
1.9838405222082174 0.19601116765797608
1.989982443329605 0.19606680010001157
1.9961243644509927 0.1961498560638656
2.0022662855723805 0.1962657302263767
2.008408206693768 0.1964198146786653
2.0145501278151556 0.19661748563545559
2.020692048936543 0.19686409006638247
2.026833970057931 0.19716493225284365
2.0329758911793188 0.1975252602741
2.0391178123007063 0.1979502524270145
2.045259733422094 0.19844500358506184
2.051401654543482 0.19901451150402397
2.0575435756648695 0.19966366308410163
2.063685496786257 0.2003972206009833
2.0698274179076446 0.2012198079216892
2.0759693390290326 0.20213589672469512
2.08211126015042 0.20314979274788483
2.0882531812718077 0.20426562209221188
2.0943951023931953 0.20548731761349773
2.100537023514583 0.20681860543947397
2.106678944635971 0.2082629916539034
2.1128208657573584 0.20982374919430025
2.118962786878746 0.21150390501432115
2.1251047080001335 0.21330622756622322
2.1312466291215215 0.21523321466279166
2.137388550242909 0.2172870817817397
2.1435304713642966 0.2194697508786928
2.149672392485684 0.22178283977740956
2.155814313607072 0.22422765220779028
2.1619562347284598 0.22680516856342575
2.1680981558498473 0.22951603745087934
2.174240076971235 0.23236056810254724
2.180381998092623 0.23533872372376505
2.1865239192140105 0.23845011584281
2.192665840335398 0.24169399972958483
2.1988077614567856 0.24506927094506412
2.2049496825781736 0.24857446307906336
2.211091603699561 0.25220774672858143
2.2172335248209487 0.25596692976291924
2.2233754459423363 0.2598494589150425
2.2295173670637243 0.26385242273129833
2.235659288185112 0.26797255590369484
2.2418012093064994 0.2722062450005815
2.247943130427887 0.2765495356028237
2.254085051549275 0.28099814084353303
2.2602269726706625 0.2855474513401951
2.26636889379205 0.29019254649872755
2.2725108149134376 0.2949282071596988
2.2786527360348257 0.2997489295477459
2.284794657156213 0.30464894047623625
2.2909365782776008 0.30962221375052573
2.2970784993989883 0.3146624877048523
2.3032204205203763 0.31976328380006175
2.309362341641764 0.3249179262020615
2.3155042627631515 0.3301195622542105
2.321646183884539 0.33536118375084084
2.327788105005927 0.3406356489138195
2.3339300261273146 0.3459357049695479
2.340071947248702 0.3512540112200889
2.3462138683700897 0.35658316249924
2.3523557894914777 0.36191571290235275
2.3584977106128653 0.3672441996775388
2.364639631734253 0.37256116716560295
2.3707815528556404 0.37785919067659596
2.376923473977028 0.38313090019226503
2.383065395098416 0.38836900378587375
2.3892073162198035 0.39356631065383324
2.395349237341191 0.3987157536572952
2.4014911584625787 0.40381041127625417
2.4076330795839667 0.408843528883744
2.4137750007053542 0.41380853925333727
2.419916921826742 0.4186990822192948
2.4260588429481293 0.4235090234153129
2.4322007640695174 0.4282324720248012
2.438342685190905 0.4328637974829278
2.4444846063122925 0.437397645078211
2.45062652743368 0.44182895040915676
2.456768448555068 0.4461529526592487
2.4629103696764556 0.4503652066614307
2.469052290797843 0.454461593731002
2.4751942119192307 0.4584383312535026
2.4813361330406187 0.4622919810216327
2.4874780541620063 0.4660194563224609
2.493619975283394 0.46961802778306877
2.4997618964047814 0.47308532798930075
2.5059038175261694 0.47641935489838433
2.512045738647557 0.47961847407181146
2.5181876597689445 0.48268141975999607
2.524329580890332 0.48560729487479914
2.53047150201172 0.48839556989003424
2.5366134231331077 0.49104608071350203
2.5427553442544952 0.4935590255769496
2.548897265375883 0.4959349609926071
2.555039186497271 0.4981747968266232
2.5611811076186584 0.5002797905408177
2.567323028740046 0.5022515406547134
2.5734649498614335 0.5040919794798269
2.5796068709828215 0.5058033651777207
2.585748792104209 0.5073882731923891
2.5918907132255966 0.5088495871062
2.598032634346984 0.5101904889669108
2.604174555468372 0.5114144491312432
2.6103164765897597 0.5125252156682106
2.6164583977111473 0.5135268033628897
2.622600318832535 0.5144234823586685
2.6287422399539224 0.515219766473232
2.6348841610753104 0.5159204012207363
2.641026082196698 0.5165303515697995
2.6471680033180855 0.5170547894641574
2.653309924439473 0.5174990811301511
2.659451845560861 0.5178687741926465
2.6655937666822487 0.5181695846185853
2.6717356878036362 0.5184073835051604
2.677877608925024 0.5185881837276121
2.684019530046412 0.5187181264598817
2.6901614511677994 0.5188034675798543
2.696303372289187 0.518850563969664
2.7024452934105745 0.5188658597205534
2.7085872145319625 0.5188558722510468
2.71472913565335 0.5188271783467299
2.7208710567747376 0.5187864001297087
2.727012977896125 0.518740190965837
2.733154899017513 0.5186952213180396
2.7392968201389007 0.5186581645545102
2.7454387412602883 0.5186356827211893
2.751580662381676 0.5186344122887365
2.757722583503064 0.5186609498851573
2.7638645046244514 0.5187218380263257
2.770006425745839 0.5188235508578286
2.7761483468672266 0.5189724799228351
2.7822902679886146 0.519174919972033
2.788432189110002 0.5194370548330806
2.7945741102313897 0.5197649433584479
2.8007160313527772 0.5201645054719843
2.8068579524741653 0.5206415083360089
2.812999873595553 0.5212015526621866
2.8191417947169404 0.5218500591908991
2.825283715838328 0.5225922553652458
2.831425636959716 0.5234331622272059
2.8375675580811035 0.5243775815648472
2.843709479202491 0.5254300833407752
2.8498514003238786 0.5265949934332771
2.8559933214452666 0.5278763817228038
2.862135242566654 0.5292780505575689
2.8682771636880418 0.530803523633091
2.8744190848094293 0.5324560353214774
2.8805610059308173 0.5342385204871197
2.886702927052205 0.5361536048262451
2.8928448481735924 0.5382035957684194
2.89898676929498 0.5403904739786242
2.9051286904163676 0.542715885498912
2.9112706115377556 0.5451811345688654
2.917412532659143 0.5477871771641356
2.9235544537805307 0.5505346152921894
2.9296963749019183 0.553423692084039
2.9358382960233063 0.5564542877201462
2.941980217144694 0.559625916227859
2.9481221382660814 0.5629377231866464
2.954264059387469 0.5663884843760137
2.960405980508857 0.5699766053993109
2.9665479016302445 0.5737001223146493
2.972689822751632 0.5775567033018298
2.9788317438730196 0.581543651391535
2.9849736649944076 0.5856579082800358
2.991115586115795 0.5898960592493276
2.9972575072371828 0.5942543392089129
3.0033994283585703 0.5987286398714156
3.0095413494799583 0.6033145180698376
3.015683270601346 0.6080072052195729
3.0218251917227335 0.6128016179232892
3.027967112844121 0.617692369711505
3.034109033965509 0.6226737839061364
3.0402509550868966 0.6277399075885279
3.046392876208284 0.632884526647518
3.0525347973296717 0.6381011818769845
3.0586767184510597 0.643383186086117
3.0648186395724473 0.648723642179401
3.070960560693835 0.6541154621570491
3.0771024818152224 0.6595513869804177
3.0832444029366104 0.6650240072408743
3.089386324057998 0.6705257845646772
3.0955282451793855 0.6760490736807692
3.101670166300773 0.6815861450730262
3.107812087422161 0.6871292081334949
3.1139540085435486 0.6926704347285718
3.120095929664936 0.6982019830859643
3.1262378507863238 0.7037160219066856
3.1323797719077118 0.7092047546033283
3.1385216930290993 0.714660443563466
3.144663614150487 0.7200754343352919
3.1508055352718745 0.7254421796315542
3.156947456393262 0.7307532630475011
3.16308937751465 0.73600142238893
3.1692312986360376 0.7411795725075555
3.175373219757425 0.7462808275427564
3.1815151408788127 0.7512985224713384
3.1876570620002007 0.7562262338702392
3.1937989831215883 0.7610577998010641
3.199940904242976 0.7657873387299682
3.2060828253643634 0.77040926740163
3.2122247464857514 0.7749183175918608
3.218366667607139 0.7793095516696978
3.2245085887285265 0.7835783769065908
3.230650509849914 0.7877205584774339
3.236792430971302 0.791732231105662
3.2429343520926897 0.7956099093123389
3.249076273214077 0.7993504962370526
3.2552181943354648 0.802951291006419
3.261360115456853 0.8064099946340113
3.2675020365782403 0.8097247144434955
3.273643957699628 0.8128939670146051
3.2797858788210155 0.8159166796592539
3.2859277999424035 0.8187921904424983
3.292069721063791 0.8215202467701728
3.2982116421851786 0.8241010025717613
3.304353563306566 0.826535014113406
3.310495484427954 0.8288232344818312
3.3166374055493417 0.8309670067853552
3.3227793266707293 0.832968056123035
3.328921247792117 0.8348284803773294
3.335063168913505 0.8365507398894457
3.3412050900348924 0.8381376460797674
3.34734701115628 0.8395923490784165
3.3534889322776675 0.8409183244331263
3.3596308533990555 0.8421193589631576
3.365772774520443 0.8431995358290503
3.3719146956418307 0.8441632188885383
3.3780566167632182 0.8450150364090341
3.3841985378846062 0.845759864206716
3.390340459005994 0.8464028082814844
3.3964823801273814 0.846949187015902
3.402624301248769 0.8474045130047733
3.4087662223701565 0.8477744745802508
3.4149081434915445 0.8480649170953661
3.421050064612932 0.8482818240266747
3.4271919857343196 0.8484312979543427
3.433333906855707 0.8485195414755292
3.439475827977095 0.848552838104357
3.4456177490984827 0.8485375332091696
3.4517596702198703 0.8484800150351736
3.457901591341258 0.8483866958579982
3.464043512462646 0.8482639933111916
3.4701854335840334 0.8481183119282594
3.476327354705421 0.8479560249375414
3.4824692758268085 0.8477834563460537
3.4886111969481965 0.8476068633464005
3.494753118069584 0.8474324190790041
3.5008950391909717 0.8472661957802265
3.5070369603123592 0.8471141483454487
3.5131788814337472 0.8469820983348672
3.519320802555135 0.8468757184486289
3.5254627236765224 0.8468005174969795
3.53160464479791 0.8467618258903099
3.537746565919298 0.8467647816733712
3.5438884870406855 0.8468143171274495
3.550030408162073 0.8469151459639432
3.5561723292834606 0.8470717511325542
3.5623142504048486 0.8472883732671519
3.568456171526236 0.8475689997922885
3.5745980926476237 0.8479173547133011
3.5807400137690113 0.848336889112904
3.5868819348903993 0.8488307723771356
3.593023856011787 0.8494018841734344
3.5991657771331744 0.8500528072034637
3.605307698254562 0.8507858207530535
3.61144961937595 0.8516028950612456
3.6175915404973376 0.8525056865299003
3.623733461618725 0.8534955337946168
3.6298753827401127 0.854573454676816
3.6360173038615007 0.8557401440357115
3.6421592249828882 0.8569959725375403
3.648301146104276 0.8583409863578171
3.6544430672256634 0.8597749078305049
3.6605849883470514 0.8612971370558731
3.666726909468439 0.862906754476394
3.6728688305898265 0.864602524427373
3.679010751711214 0.8663828996660584
3.6851526728326016 0.8682460268797967
3.6912945939539896 0.8701897531703656
3.697436515075377 0.8722116335079703
3.7035784361967647 0.8743089391445324
3.7097203573181523 0.8764786669718898
3.7158622784395403 0.8787175498063456
3.722004199560928 0.8810220675767386
3.7281461206823154 0.8833884593888435
3.734288041803703 0.885812736434524
3.740429962925091 0.888290695709664
3.7465718840464786 0.8908179345005478
3.752713805167866 0.8933898655940936
3.7588557262892537 0.8960017331631857
3.7649976474106417 0.898648629274366
3.7711395685320293 0.9013255109613536
3.777281489653417 0.904027217804305
3.7834234107748044 0.9067484899514507
3.7895653318961924 0.9094839865167629
3.79570725301758 0.9122283042846651
3.8018491741389675 0.9149759966505119
3.807991095260355 0.9177215927236578
3.814133016381743 0.9204596165184317
3.8202749375031306 0.9231846061572399
3.826416858624518 0.9258911330093514
3.8325587797459058 0.928573820688675
3.8387007008672938 0.9312273638340292
3.8448426219886813 0.9338465465960212
3.850984543110069 0.9364262607556908
3.8571264642314564 0.9389615234015237
3.8632683853528444 0.9414474940932893
3.869410306474232 0.9438794914433913
3.8755522275956196 0.9462530090490193
3.881694148717007 0.9485637307113254
3.887836069838395 0.9508075448811212
3.8939779909597827 0.9529805582741426
3.9001199120811703 0.9550791086027687
3.906261833202558 0.9570997763751458
3.912403754323946 0.9590393957169736
3.9185456754453334 0.9608950641756818
3.924687596566721 0.962664151471374
3.9308295176881085 0.9643443071636963
3.936971438809496 0.9659334672086726
3.943113359930884 0.96742985938451
3.9492552810522716 0.9688320075704066
3.955397202173659 0.970138734867435
3.9615391232950468 0.9713491655556309
3.9676810444164348 0.9724627258864426
3.9738229655378223 0.9734791437146922
3.97996488665921 0.974398446979112
3.9861068077805974 0.9752209610453533
3.9922487289019855 0.9759473049300927
3.998390650023373 0.9765783864294477
4.004532571144761 0.9771153961793565
4.010674492266149 0.9775598006798594
4.016816413387536 0.9779133343192998
4.022958334508924 0.9781779904383552
4.029100255630311 0.9783560114774705
4.035242176751699 0.9784498782546993
4.041384097873086 0.9784622984241391
4.047526018994474 0.9783961941680657
4.053667940115862 0.9782546891785092
4.05980986123725 0.9780410949863757
4.0659517823586375 0.9777588966982731
4.072093703480025 0.9774117382029516
4.078235624601413 0.9770034069107166
4.0843775457228 0.9765378180902924
4.090519466844188 0.9760189988684217
4.096661387965575 0.9754510719579736
4.102803309086964 0.9748382391804956
4.108945230208351 0.9741847648489935
4.115087151329739 0.9734949590762627
4.1212290724511265 0.9727731610733256
4.127370993572514 0.9720237225014678
4.133512914693902 0.9712509909400222
4.139654835815289 0.9704592935304339
4.145796756936677 0.9696529208552738
4.151938678058065 0.9688361111087587
4.158080599179453 0.9680130346130195
4.16422252030084 0.9671877787318348
4.170364441422228 0.9663643332308547
4.176506362543615 0.9655465761304911
4.182648283665003 0.9647382600946747
4.1887902047863905 0.963942999395597
4.194932125907778 0.963164257491391
4.201074047029166 0.9624053352504872
4.207215968150554 0.9616693598531266
4.213357889271942 0.9609592743972536
4.219499810393329 0.9602778282327595
4.225641731514717 0.9596275680448392
4.231783652636104 0.9590108297040587
4.237925573757492 0.9584297308976558
4.2440674948788795 0.9578861645535963
4.250209416000267 0.9573817930660281
4.2563513371216555 0.9569180433280114
4.262493258243043 0.9564961025747682
4.268635179364431 0.9561169150382091
4.274777100485818 0.9557811794111529
4.280919021607206 0.95548934711747
4.287060942728593 0.9552416213823507
4.293202863849981 0.9550379570950349
4.299344784971368 0.9548780614546228
4.305486706092757 0.954761395388033
4.311628627214144 0.9546871757277605
4.317770548335532 0.9546543781358269
4.3239124694569195 0.9546617407591723
4.330054390578307 0.9547077686007372
4.336196311699695 0.9547907385895718
4.342338232821082 0.9549087053325145
4.34848015394247 0.9550595075292613
4.354622075063858 0.9552407750319925
4.360763996185246 0.9554499365301315
4.366905917306633 0.9556842278402476
4.373047838428021 0.9559407007805728
4.3791897595494085 0.9562162326090721
4.385331680670796 0.9565075360034561
4.391473601792184 0.9568111695609516
4.397615522913571 0.9571235487950315
4.40375744403496 0.9574409576056346
4.409899365156347 0.9577595601986651
4.416041286277735 0.9580754134297471
4.422183207399122 0.9583844795463017
4.42832512852051 0.9586826393010162
4.434467049641897 0.9589657054086704
4.440608970763285 0.9592294363170867
4.4467508918846725 0.9594695502616547
4.452892813006061 0.9596817395714832
4.4590347341274486 0.9598616851937181
4.465176655248836 0.9600050714009786
4.471318576370224 0.9601076006451927
4.477460497491611 0.9601650085193777
4.483602418612999 0.9601730787871344
4.489744339734386 0.9601276584378149
4.495886260855774 0.9600246727235083
4.5020281819771615 0.9598601401321971
4.50817010309855 0.9596301872496835
4.5143120242199375 0.9593310634612112
4.520453945341325 0.958959155442133
4.526595866462713 0.9585110013855394
4.5327377875841 0.9579833049134928
4.538879708705488 0.9573729486174366
4.545021629826875 0.9566770071725166
4.551163550948263 0.9558927599699747
4.557305472069651 0.9550177032114932
4.563447393191039 0.9540495614094148
4.569589314312426 0.9529862982371593
4.575731235433814 0.9518261266749216
4.5818731565552016 0.9505675183969088
4.588015077676589 0.9492092123479423
4.594156998797977 0.9477502224592598
4.600298919919364 0.9461898444557827
4.606440841040753 0.9445276617099891
4.61258276216214 0.9427635501008321
4.618724683283528 0.9408976818398795
4.624866604404915 0.9389305282309895
4.631008525526303 0.9368628613343744
4.6371504466476905 0.9346957545108066
4.643292367769078 0.9324305818269638
4.649434288890466 0.930069016308449
4.655576210011854 0.927613027032825
4.661718131133242 0.9250648750610234
4.667860052254629 0.9224271082116603
4.674001973376017 0.9197025546890933
4.680143894497404 0.9168943155824029
4.686285815618792 0.9140057562588197
4.692427736740179 0.9110404966814164
4.698569657861567 0.9080024006870326
4.7047115789829554 0.9048955642663923
4.710853500104343 0.9017243028941062
4.716995421225731 0.8984931379617024
4.723137342347118 0.8952067823719095
4.729279263468506 0.8918701253571235
4.735421184589893 0.8884882165892224
4.741563105711281 0.8850662496516579
4.747705026832668 0.8816095449479883
4.753846947954056 0.8781235321237003
4.759988869075444 0.8746137320802834
4.766130790196832 0.8710857386620403
4.7722727113182195 0.8675452000970435
4.778414632439607 0.8639978002739758
4.784556553560995 0.8604492399363282
4.790698474682382 0.8569052178745793
4.79684039580377 0.8533714121955754
4.802982316925157 0.8498534617463861
4.809124238046546 0.8463569477674617
4.815266159167933 0.8428873758470079
4.821408080289321 0.8394501582451419
4.8275500014107084 0.8360505966526808
4.833691922532096 0.8326938654453467
4.839833843653484 0.8293849954898416
4.845975764774871 0.826128858553669
4.852117685896259 0.8229301523658414
4.858259607017647 0.8197933863707394
4.864401528139035 0.8167228682124553
4.870543449260422 0.8137226909820002
4.87668537038181 0.8107967212548322
4.882827291503197 0.8079485879413218
4.888969212624585 0.8051816719680585
4.8951111337459725 0.8024990968033467
4.90125305486736 0.7999037198358986
4.9073949759887485 0.7973981246116104
4.913536897110136 0.7949846139294696
4.919678818231524 0.7926652037940696
4.925820739352911 0.7904416182189589
4.931962660474299 0.788315284872115
4.938104581595686 0.7862873315522246
4.944246502717074 0.7843585834821853
4.9503884238384614 0.7825295614043055
4.95653034495985 0.7808004804600767
4.9626722660812375 0.7791712498361134
4.968814187202625 0.7776414731568883
4.974956108324013 0.776210449604228
4.9810980294454 0.7748771757431461
4.987239950566788 0.7736403480334695
4.993381871688175 0.7724983660068342
4.999523792809563 0.7714493360889603
5.00566571393095 0.7704910760476409
5.011807635052339 0.7696211200475735
5.017949556173726 0.7688367242939882
5.024091477295114 0.768134873247965
5.0302333984165015 0.7675122863973542
5.036375319537889 0.7669654255682788
5.042517240659277 0.7664905027633013
5.048659161780664 0.7660834885134229
5.054801082902052 0.765740120732152
5.06094300402344 0.7654559140608801
5.067084925144828 0.7652261696957281
5.073226846266215 0.7650459856868483
5.079368767387603 0.7649102677018494
5.0855106885089905 0.7648137402455569
5.091652609630378 0.7647509583286864
5.097794530751766 0.7647163195781898
5.103936451873153 0.7647040767820092
5.110078372994542 0.7647083508607333
5.116220294115929 0.7647231442581757
5.122362215237317 0.7647423547421889
5.128504136358704 0.7647597896060633
5.134646057480092 0.7647691802596582
5.140787978601479 0.764764197197949
5.146929899722867 0.7647384653329701
5.1530718208442545 0.7646855796731755
5.159213741965643 0.7645991213320537
5.1653556630870305 0.7644726738454191
5.171497584208418 0.7642998397741821
5.177639505329806 0.7640742575665849
5.183781426451193 0.7637896186509151
5.189923347572581 0.7634396847265833
5.196065268693968 0.7630183052182189
5.202207189815356 0.7625194348541188
5.208349110936744 0.7619371513270246
5.214491032058132 0.7612656729918261
5.2206329531795195 0.7604993765514515
5.226774874300907 0.7596328146789328
5.232916795422295 0.7586607335204784
5.239058716543682 0.7575780900213839
5.24520063766507 0.756380069013824
5.251342558786457 0.7550621000030059
5.257484479907845 0.7536198735859074
5.263626401029233 0.7520493574348892
5.269768322150621 0.7503468117768947
5.275910243272008 0.7485088042977995
5.282052164393396 0.7465322244007345
5.2881940855147835 0.7444142967469526
5.294336006636171 0.7421525940080388
5.300477927757559 0.7397450487590022
5.306619848878946 0.7371899644430586
5.312761770000335 0.7344860253407143
5.318903691121722 0.7316323054781048
5.32504561224311 0.7286282764124274
5.331187533364497 0.7254738138357137
5.337329454485885 0.722169202942126
5.3434713756072725 0.7187151425083894
5.34961329672866 0.7151127476418783
5.355755217850048 0.7113635511562364
5.361897138971436 0.7074695035401731
5.368039060092824 0.7034329714912289
5.374180981214211 0.6992567349927828
5.380322902335599 0.6949439829193491
5.386464823456986 0.6904983071622227
5.392606744578374 0.6859236952747466
5.398748665699761 0.6812245216438241
5.404890586821149 0.676405537201742
5.411032507942537 0.671471857699853
5.417174429063925 0.6664289505731255
5.4233163501853126 0.661282620431973
5.4294582713067 0.6560389932250428
5.435600192428088 0.6507044991237574
5.441742113549475 0.6452858541862838
5.447884034670863 0.6397900408652254
5.45402595579225 0.6342242874296394
5.460167876913639 0.6285960463779351
5.466309798035026 0.6229129719237623
5.472451719156414 0.6171828966421294
5.4785936402778015 0.6114138073676445
5.484735561399189 0.6056138204409304
5.490877482520577 0.5997911564029046
5.497019403641964 0.5939541142396851
5.503161324763352 0.5881110452833986
5.509303245884739 0.5822703268760759
5.515445167006128 0.5764403359051291
5.521587088127515 0.5706294223195938
5.527729009248903 0.5648458827363856
5.53387093037029 0.5590979342452522
5.540012851491678 0.5533936885199167
5.5461547726130656 0.5477411263410867
5.552296693734453 0.5421480726345879
5.558438614855841 0.5366221721248428
5.564580535977229 0.5311708657003238
5.570722457098617 0.5258013675834393
5.576864378220004 0.5205206433926254
5.583006299341392 0.5153353891792312
5.589148220462779 0.5102520115161377
5.595290141584167 0.5052766087089943
5.6014320627055545 0.5004149531945208
5.607573983826942 0.4956724751835748
5.6137159049483305 0.49105424759965993
5.619857826069718 0.4865649723563257
5.625999747191106 0.4822089680095233
5.632141668312493 0.47799015881351636
5.638283589433881 0.47391206520144336
5.644425510555268 0.4699777957041702
5.650567431676656 0.46619004031371036
5.656709352798043 0.46255106529028966
5.662851273919432 0.4590627094051573
5.668993195040819 0.45572638160455087
5.675135116162207 0.4525430600738595
5.681277037283595 0.44951329267505985
5.687418958404982 0.4466371987249486
5.69356087952637 0.44391447207662743
5.699702800647757 0.44134438546212046
5.705844721769145 0.43892579604996285
5.711986642890533 0.43665715216810763
5.718128564011921 0.4345365011395591
5.724270485133308 0.4325614981757734
5.730412406254696 0.4307294162710514
5.7365543273760835 0.4290371570398872
5.742696248497471 0.427481262438497
5.748838169618859 0.4260579273115203
5.754980090740246 0.42476301270512423
5.761122011861635 0.42359205988840765
5.767263932983022 0.4225403050260639
5.77340585410441 0.42160269444665954
5.779547775225797 0.42077390045257973
5.785689696347185 0.4200483376196199
5.7918316174685724 0.4194201795363194
5.79797353858996 0.4188833759353726
5.804115459711348 0.41843167017177335
5.810257380832735 0.4180586170046839
5.816399301954124 0.41775760064232936
5.822541223075511 0.41752185301144984
5.828683144196899 0.4173444722149505
5.834825065318286 0.41721844114333967
5.840966986439674 0.4171366462072965
5.847108907561061 0.4170918961602393
5.853250828682449 0.4170769409810428
5.8593927498038365 0.4170844907880684
5.865534670925225 0.41710723475640565
5.8716765920466125 0.41713786001067543
5.877818513168 0.41716907046591667
5.883960434289388 0.4171936055889666
5.890102355410775 0.41720425905237396
5.896244276532163 0.41719389725225753
5.90238619765355 0.4171554776606722
5.908528118774938 0.417082066981986
5.914670039896326 0.41696685908154224
5.920811961017714 0.41680319265350607
5.9269538821391015 0.41658456859331267
5.933095803260489 0.4163046670385837
5.939237724381877 0.41595736404079237
5.945379645503264 0.4155367478283785
5.951521566624652 0.4150371346204894
5.957663487746039 0.41445308394907515
5.963805408867428 0.4137794134457554
5.969947329988815 0.413011213048728
5.976089251110203 0.4121438585840432
5.98223117223159 0.4111730246748686
5.988373093352978 0.4100946969319391
5.9945150144743655 0.40890518337826326
6.000656935595753 0.4076011250613698
6.006798856717141 0.4061795058069465
6.012940777838529 0.404637661068672
6.019082698959917 0.4029732858303903
6.025224620081304 0.40118444151853383
6.031366541202692 0.39926956188487683
6.037508462324079 0.3972274578223019
6.043650383445467 0.39505732107928143
6.0497923045668545 0.39275872684221363
6.055934225688242 0.39033163515859226
6.06207614680963 0.3877763911782151
6.068218067931018 0.38509372419422827
6.074359989052406 0.3822847454707304
6.080501910173793 0.3793509448488928
6.086643831295181 0.37629418612904897
6.092785752416568 0.3731167012319288
6.098927673537956 0.3698210831481124
6.105069594659343 0.3664102776908023
6.111211515780731 0.3628875740731139
6.117353436902119 0.3592565943371978
6.123495358023507 0.3555212816685832
6.1296372791448945 0.3516858876351049
6.135779200266282 0.3477549583955902
6.14192112138767 0.34373331992907663
6.148063042509057 0.33962606234065
6.154204963630445 0.335438523304976
6.160346884751832 0.3311762707132049
6.166488805873221 0.3268450845930962
6.172630726994608 0.3224509383759104
6.178772648115996 0.3179999795867977
6.1849145692373835 0.3134985100380622
6.191056490358771 0.30895296560675417
6.197198411480159 0.30436989567954564
6.203340332601546 0.29975594234874675
6.209482253722934 0.29511781944364035
6.215624174844322 0.29046229148104313
6.22176609596571 0.28579615261816477
6.227908017087097 0.28112620568945385
6.234049938208485 0.2764592414072182
6.240191859329872 0.2718020178034232
6.24633378045126 0.2671612399872481
6.2524757015726475 0.2625435402897617
6.258617622694035 0.25795545886351356
6.2647595438154235 0.25340342480098044
6.270901464936811 0.2488937378317132
6.277043386058199 0.24443255065375336
