time TPR_both_A_open_1_rho23_imag
0.0 0.0
0.00614192112138767 -1.2889015047807e-07
0.01228384224277534 -1.0225608241185867e-06
0.01842576336416301 -3.416654759810321e-06
0.02456768448555068 -8.004101770744704e-06
0.030709605606938348 -1.5423876562883965e-05
0.03685152672832602 -2.625078908811561e-05
0.042993447849713685 -4.0986486266916067e-05
0.04913536897110136 -6.005182016592775e-05
0.05527729009248903 -8.378071119546655e-05
0.061419211213876695 -0.0001124156061446737
0.06756113233526437 -0.00014610460048102995
0.07370305345665204 -0.00018490026291578758
0.07984497457803971 -0.0002287601684001579
0.08598689569942737 -0.0002775491140912414
0.09212881682081504 -0.00033104296202094677
0.09827073794220272 -0.00038893402279919164
0.10441265906359039 -0.0004508378672310388
0.11055458018497806 -0.0005163014277250841
0.11669650130636572 -0.0005848122292596715
0.12283842242775339 -0.000655808570832319
0.12898034354914106 -0.000728690463053716
0.13512226467052874 -0.0008028311160936502
0.1412641857919164 -0.0008775887646977375
0.14740610691330408 -0.0009523186135479411
0.15354802803469175 -0.0010263846868360117
0.15968994915607942 -0.001099171370480986
0.16583187027746707 -0.0011700944438016985
0.17197379139885474 -0.0012386114094377432
0.17811571252024241 -0.0013042309456211428
0.1842576336416301 -0.0013665213232055499
0.19039955476301776 -0.001425117650782728
0.19654147588440543 -0.0014797278343412395
0.2026833970057931 -0.0015301371628033027
0.20882531812718078 -0.0015762114569445446
0.21496723924856845 -0.0016178987461764175
0.22110916036995612 -0.0016552294649662296
0.2272510814913438 -0.0016883151878020483
0.23339300261273144 -0.0017173459481072133
0.2395349237341191 -0.0017425862119180063
0.24567684485550678 -0.001764369601029285
0.25181876597689445 -0.0017830924822884637
0.2579606870982821 -0.00179920655941649
0.2641026082196698 -0.0018132106208347373
0.27024452934105747 -0.0018256416112035765
0.27638645046244514 -0.0018370652055048216
0.2825283715838328 -0.0018480660723507153
0.2886702927052205 -0.0018592380176541887
0.29481221382660816 -0.0018711742007813208
0.30095413494799583 -0.001884457612814958
0.3070960560693835 -0.0018996520006318537
0.3132379771907712 -0.0019172934112327087
0.31937989831215885 -0.0019378825183173612
0.3255218194335465 -0.0019618778776701244
0.33166374055493414 -0.001989690239766388
0.3378056616763218 -0.0020216780274308374
0.3439475827977095 -0.0020581440637121753
0.35008950391909716 -0.0020993336107691892
0.35623142504048483 -0.002145433754901486
0.3623733461618725 -0.0021965741463452777
0.3685152672832602 -0.002252829075551383
0.37465718840464785 -0.0023142208408439753
0.3807991095260355 -0.0023807243361063115
0.3869410306474232 -0.002452272761934222
0.39308295176881086 -0.0025287643400110377
0.39922487289019853 -0.002610069888743085
0.4053667940115862 -0.0026960410988813603
0.4115087151329739 -0.0027865193313375055
0.41765063625436155 -0.0028813447460337032
0.4237925573757492 -0.002980365560710731
0.4299344784971369 -0.0030834472324038197
0.43607639961852457 -0.0031904813519679255
0.44221832073991224 -0.003301394043710515
0.4483602418612999 -0.003416153667917677
0.4545021629826876 -0.003534777633810255
0.4606440841040752 -0.0036573381441370252
0.4667860052254629 -0.0037839667100217577
0.47292792634685055 -0.003914857295575886
0.4790698474682382 -0.004050267975842682
0.4852117685896259 -0.0041905210184593426
0.49135368971101356 -0.004336001328556872
0.49749561083240124 -0.00448715322735705
0.5036375319537889 -0.004644475567120136
0.5097794530751766 -0.004808515217960405
0.5159213741965643 -0.004979858994970096
0.5220632953179519 -0.005159124126454883
0.5282052164393396 -0.005346947395264712
0.5343471375607273 -0.005543973114594698
0.5404890586821149 -0.005750840126648458
0.5466309798035026 -0.005968168036654008
0.5527729009248903 -0.006196542915401784
0.558914822046278 -0.006436502720295108
0.5650567431676656 -0.006688522697492864
0.5711986642890533 -0.006953001035785203
0.577340585410441 -0.007230245046160349
0.5834825065318286 -0.007520458139465236
0.5896244276532163 -0.007823727868095359
0.595766348774604 -0.008140015286320754
0.6019082698959917 -0.008469145867806203
0.6080501910173793 -0.00881080219834223
0.614192112138767 -0.009164518637079688
0.6203340332601547 -0.009529678111041827
0.6264759543815424 -0.009905511175830438
0.63261787550293 -0.010291097440764138
0.6387597966243177 -0.010685369419755399
0.6449017177457054 -0.01108711883065708
0.651043638867093 -0.011495005326227187
0.6571855599884806 -0.011907567599927511
0.6633274811098683 -0.012323236770149834
0.669469402231256 -0.012740351907808749
0.6756113233526436 -0.013157177535192483
0.6817532444740313 -0.01357192288913569
0.687895165595419 -0.013982762709546067
0.6940370867168066 -0.014387859285610299
0.7001790078381943 -0.014785385467099597
0.706320928959582 -0.015173548327505917
0.7124628500809697 -0.015550613149615361
0.7186047712023573 -0.01591492739284169
0.724746692323745 -0.016264944295403226
0.7308886134451327 -0.016599245763355842
0.7370305345665203 -0.01691656420264127
0.743172455687908 -0.017215802959643648
0.7493143768092957 -0.01749605505016156
0.7554562979306834 -0.017756619876017333
0.761598219052071 -0.017997017652487797
0.7677401401734587 -0.018217001298031946
0.7738820612948464 -0.01841656557002903
0.780023982416234 -0.018595953265986433
0.7861659035376217 -0.018755658348439456
0.7923078246590094 -0.018896425893010355
0.7984497457803971 -0.019019248802248107
0.8045916669017847 -0.01912536127233066
0.8107335880231724 -0.019216229044852345
0.8168755091445601 -0.019293536521100135
0.8230174302659478 -0.01935917086079821
0.8291593513873354 -0.019415203230626774
0.8353012725087231 -0.01946386740926523
0.8414431936301108 -0.019507535994659934
0.8475851147514984 -0.01954869449508681
0.8537270358728861 -0.01958991361782222
0.8598689569942738 -0.019633820097347914
0.8660108781156615 -0.019683066428548418
0.8721527992370491 -0.019740299888920832
0.8782947203584368 -0.019808131247086243
0.8844366414798245 -0.019889103562618037
0.8905785626012122 -0.01998566148421556
0.8967204837225998 -0.020100121449462077
0.9028624048439875 -0.020234643179813175
0.9090043259653752 -0.020391202849149793
0.9151462470867628 -0.020571568283373958
0.9212881682081504 -0.020777276522386708
0.9274300893295381 -0.021009614044713763
0.9335720104509257 -0.021269599919464203
0.9397139315723134 -0.021557972110726402
0.9458558526937011 -0.021875177116497547
0.9519977738150888 -0.02222136307844525
0.9581396949364764 -0.022596376450898233
0.9642816160578641 -0.022999762268187333
0.9704235371792518 -0.023430767999564135
0.9765654583006395 -0.02388835093118648
0.9827073794220271 -0.02437118896585428
0.9888493005434148 -0.024877694684070854
0.9949912216648025 -0.025406032465336906
1.0011331427861903 -0.0259541384270593
1.0072750639075778 -0.02651974290072977
1.0134169850289656 -0.027100395131689697
1.0195589061503532 -0.027693489860364132
1.025700827271741 -0.02829629541975657
1.0318427483931285 -0.02890598296658694
1.0379846695145163 -0.0295196564519778
1.0441265906359039 -0.030134382932188362
1.0502685117572914 -0.030747222820605775
1.0564104328786792 -0.031355259688960725
1.0625523540000668 -0.03195562923837414
1.0686942751214545 -0.03254554707909617
1.074836196242842 -0.03312233498130803
1.0809781173642299 -0.03368344528767704
1.0871200384856174 -0.0342264832109617
1.0932619596070052 -0.034749226776270965
1.0994038807283928 -0.03524964420694465
1.1055458018497806 -0.035725908594759014
1.1116877229711681 -0.03617640973855578
1.117829644092556 -0.03659976307971915
1.1239715652139435 -0.036994815707448794
1.1301134863353313 -0.03736064945078009
1.1362554074567188 -0.03769658111708643
1.1423973285781066 -0.03800215997770101
1.1485392496994942 -0.03827716263969912
1.154681170820882 -0.03852158547822492
1.1608230919422695 -0.03873563483552842
1.1669650130636573 -0.03891971522066849
1.1731069341850449 -0.03907441576728139
1.1792488553064326 -0.03920049522563129
1.1853907764278202 -0.03929886577915327
1.191532697549208 -0.039370575984751986
1.1976746186705955 -0.03941679314019277
1.2038165397919833 -0.039438785381056524
1.209958460913371 -0.0394379038040406
1.2161003820347587 -0.039415564903058836
1.2222423031561462 -0.03937323358987591
1.228384224277534 -0.039312407052215004
1.2345261453989216 -0.03923459967976515
1.2406680665203094 -0.039141329262697096
1.246809987641697 -0.03903410463862271
1.2529519087630847 -0.038914414932886734
1.2590938298844723 -0.03878372050416672
1.26523575100586 -0.03864344567310682
1.2713776721272476 -0.03849497327665806
1.2775195932486354 -0.038339641055488385
1.283661514370023 -0.038178739846796435
1.2898034354914107 -0.038013513520650896
1.2959453566127983 -0.03784516056509644
1.302087277734186 -0.03767483719421907
1.3082291988555736 -0.037503661824617854
1.3143711199769612 -0.03733272073972971
1.320513041098349 -0.03716307473860251
1.3266549622197366 -0.03699576654637425
1.3327968833411243 -0.03683182874820858
1.338938804462512 -0.03667229199702968
1.3450807255838997 -0.0365181932383031
1.3512226467052872 -0.03637058369248169
1.357364567826675 -0.03623053633766875
1.3635064889480626 -0.03609915264157688
1.3696484100694504 -0.035977568302941514
1.375790331190838 -0.03586695777808039
1.3819322523122257 -0.035768537388099465
1.3880741734336133 -0.0356835668260912
1.394216094555001 -0.03561334891124027
1.4003580156763886 -0.0355592274676708
1.4064999367977764 -0.035522583239696766
1.412641857919164 -0.035504827791376425
1.4187837790405518 -0.03550739537637133
1.4249257001619393 -0.03553173280347248
1.431067621283327 -0.03557928736314585
1.4372095424047147 -0.03565149292039914
1.4433514635261024 -0.03574975431849967
1.44949338464749 -0.03587543027588339
1.4556353057688778 -0.036029814994301794
1.4617772268902653 -0.03621411872918066
1.4679191480116531 -0.03642944760267067
1.4740610691330407 -0.03667678296535127
1.4802029902544285 -0.036956960633458595
1.486344911375816 -0.03727065034436325
1.4924868324972038 -0.03761833578342241
1.4986287536185914 -0.03800029553995385
1.5047706747399792 -0.03841658534871139
1.5109125958613667 -0.03886702196576153
1.5170545169827545 -0.03935116901406598
1.523196438104142 -0.039868325114464774
1.5293383592255299 -0.040417514592347936
1.5354802803469174 -0.040997481019425304
1.5416222014683052 -0.04160668381408636
1.5477641225896928 -0.04224329808341738
1.5539060437110805 -0.042905217845635
1.560047964832468 -0.043590062724204834
1.5661898859538559 -0.04429518815501389
1.5723318070752434 -0.04501769909647557
1.578473728196631 -0.04575446718022844
1.5846156493180188 -0.046502151188022985
1.5907575704394064 -0.047257220689357504
1.5968994915607941 -0.04801598262529369
1.6030414126821817 -0.04877461057748988
1.6091833338035695 -0.04952917641862685
1.615325254924957 -0.050275684001789736
1.6214671760463448 -0.05101010451266152
1.6276090971677324 -0.0517284130801353
1.6337510182891202 -0.05242662621862676
1.6398929394105077 -0.05310083965931379
1.6460348605318955 -0.053747266117991174
1.652176781653283 -0.05436227254432582
1.6583187027746709 -0.05494241640104126
1.6644606238960584 -0.055484480531844266
1.6706025450174462 -0.055985506193513626
1.6767444661388338 -0.056442823850182865
1.6828863872602216 -0.056854081356052
1.6890283083816091 -0.05721726918605489
1.695170229502997 -0.05753074241182012
1.7013121506243845 -0.05779323916195553
1.7074540717457722 -0.05800389535058014
1.7135959928671598 -0.05816225550540402
1.7197379139885476 -0.058268279575778244
1.7258798351099351 -0.058322345651260404
1.732021756231323 -0.058325248571622634
1.7381636773527105 -0.05827819445915142
1.7443055984740983 -0.05818279125285329
1.7504475195954858 -0.05804103537113666
1.7565894407168736 -0.0578552946740782
1.7627313618382612 -0.05762828793795043
1.768873282959649 -0.057363061092793786
1.7750152040810365 -0.057062960508034145
1.7811571252024243 -0.05673160364111819
1.7872990463238119 -0.05637284738957519
1.7934409674451997 -0.055990754507598044
1.7995828885665872 -0.05558955846402155
1.805724809687975 -0.055173627129384256
1.8118667308093626 -0.054747425685579186
1.8180086519307503 -0.054315479152481694
1.824150573052138 -0.0538823349219997
1.8302924941735257 -0.053452525681391756
1.8364344152949132 -0.05303053309465902
1.8425763364163008 -0.05262075259360659
1.8487182575376886 -0.052227459609092586
1.8548601786590762 -0.051854777548389054
1.861002099780464 -0.05150664779684179
1.8671440209018515 -0.05118680199154615
1.8732859420232393 -0.05089873678197871
1.8794278631446268 -0.05064569125789186
1.8855697842660146 -0.05043062718874949
1.8917117053874022 -0.05025621218202983
1.89785362650879 -0.05012480583032365
1.9039955476301775 -0.05003844887978726
1.9101374687515653 -0.04999885541564631
1.9162793898729529 -0.05000740802454882
1.9224213109943407 -0.050065155859088176
1.9285632321157282 -0.050172815497187113
1.934705153237116 -0.050330774458664865
1.9408470743585036 -0.05053909721357741
1.9469889954798913 -0.05079753349217592
1.953130916601279 -0.051105528684877055
1.9592728377226667 -0.05146223610274901
1.9654147588440543 -0.051866530854905966
1.971556679965442 -0.0523170250890404
1.9776986010868296 -0.05281208433521802
1.9838405222082174 -0.053349844691070875
1.989982443329605 -0.05392823058864204
1.9961243644509927 -0.0545449728892953
2.0022662855723805 -0.055197627063172404
2.008408206693768 -0.05588359122346985
2.0145501278151556 -0.05660012380305976
2.020692048936543 -0.05734436068138846
2.026833970057931 -0.05811333159278259
2.0329758911793188 -0.05890397567286424
2.0391178123007063 -0.059713156027263056
2.045259733422094 -0.0605376732357209
2.051401654543482 -0.06137427773449044
2.0575435756648695 -0.06221968105008848
2.063685496786257 -0.06307056588742806
2.0698274179076446 -0.063923595104562
2.0759693390290326 -0.06477541963418719
2.08211126015042 -0.06562268543815528
2.0882531812718077 -0.06646203960502091
2.0943951023931953 -0.06729013572168005
2.100537023514583 -0.06810363866800269
2.106678944635971 -0.06889922899770128
2.1128208657573584 -0.06967360707921198
2.118962786878746 -0.07042349717689285
2.1251047080001335 -0.07114565165521448
2.1312466291215215 -0.07183685548678358
2.137388550242909 -0.07249393123900566
2.1435304713642966 -0.07311374470406638
2.149672392485684 -0.07369321132285502
2.155814313607072 -0.0742293035357264
2.1619562347284598 -0.0747190591719056
2.1680981558498473 -0.07515959096526836
2.174240076971235 -0.07554809725761003
2.180381998092623 -0.07588187392182943
2.1865239192140105 -0.07615832750722024
2.192665840335398 -0.07637498957782639
2.1988077614567856 -0.07652953218314675
2.2049496825781736 -0.07661978436893724
2.211091603699561 -0.07664374960502594
2.2172335248209487 -0.07659962397748454
2.2233754459423363 -0.07648581496471893
2.2295173670637243 -0.07630096059156008
2.235659288185112 -0.07604394873270881
2.2418012093064994 -0.07571393631733801
2.247943130427887 -0.07531036817064068
2.254085051549275 -0.07483299521594174
2.2602269726706625 -0.07428189175290613
2.26636889379205 -0.07365747152355814
2.2725108149134376 -0.07296050227838727
2.2786527360348257 -0.07219211855980398
2.284794657156213 -0.07135383242960383
2.2909365782776008 -0.07044754188081696
2.2970784993989883 -0.06947553669221711
2.3032204205203763 -0.06844050150563377
2.309362341641764 -0.06734551593179332
2.3155042627631515 -0.06619405151939814
2.321646183884539 -0.06498996545418079
2.327788105005927 -0.0637374908893413
2.3339300261273146 -0.062441223845661226
2.340071947248702 -0.06110610665821743
2.3462138683700897 -0.05973740798651164
2.3523557894914777 -0.058340699445476964
2.3584977106128653 -0.05692182895570558
2.364639631734253 -0.055486890951838536
2.3707815528556404 -0.0540421936278467
2.376923473977028 -0.0525942234363921
2.383065395098416 -0.05114960709608872
2.3892073162198035 -0.04971507139479237
2.395349237341191 -0.048297401108576415
2.4014911584625787 -0.04690339538436079
2.4076330795839667 -0.04553982295885285
2.4137750007053542 -0.04421337660717144
2.419916921826742 -0.04293062723094198
2.4260588429481293 -0.04169797800750523
2.4322007640695174 -0.04052161902895722
2.438342685190905 -0.03940748286188187
2.4444846063122925 -0.03836120145574727
2.45062652743368 -0.03738806481998414
2.456768448555068 -0.03649298187677703
2.4629103696764556 -0.0356804438786754
2.469052290797843 -0.034954490757436056
2.4751942119192307 -0.03431868074327005
2.4813361330406187 -0.03377606356218105
2.4874780541620063 -0.0333291574837042
2.493619975283394 -0.03297993045249972
2.4997618964047814 -0.03272978549539143
2.5059038175261694 -0.03257955055108468
2.512045738647557 -0.0325294728235072
2.5181876597689445 -0.03257921771208307
2.524329580890332 -0.032727872323889746
2.53047150201172 -0.03297395352419688
2.5366134231331077 -0.033315420433980066
2.5427553442544952 -0.03374969123628414
2.548897265375883 -0.0342736641083976
2.555039186497271 -0.03488374205429685
2.5611811076186584 -0.03557586137228916
2.567323028740046 -0.03634552345675159
2.5734649498614335 -0.03718782960079834
2.5796068709828215 -0.03809751843902574
2.585748792104209 -0.039069005646521666
2.5918907132255966 -0.04009642549235866
2.598032634346984 -0.04117367383300745
2.604174555468372 -0.04229445212362516
2.6103164765897597 -0.04345231202301668
2.6164583977111473 -0.04464070017118975
2.622600318832535 -0.045853002726685674
2.6287422399539224 -0.047082589264063994
2.6348841610753104 -0.04832285564975953
2.641026082196698 -0.04956726553666657
2.6471680033180855 -0.05080939014382564
2.653309924439473 -0.0520429460170243
2.659451845560861 -0.05326183049847486
2.6655937666822487 -0.05446015466845095
2.6717356878036362 -0.05563227355829223
2.677877608925024 -0.05677281347194066
2.684019530046412 -0.057876696291577524
2.6901614511677994 -0.05893916068140858
2.696303372289187 -0.05995578014164622
2.7024452934105745 -0.060922477901722796
2.7085872145319625 -0.061835538677253124
2.71472913565335 -0.06269161734877937
2.7208710567747376 -0.06348774465148015
2.727012977896125 -0.06422132999344415
2.733154899017513 -0.06489016154550468
2.7392968201389007 -0.06549240376775863
2.7454387412602883 -0.06602659255657811
2.751580662381676 -0.06649162821104108
2.757722583503064 -0.0668867664292044
2.7638645046244514 -0.06721160755251804
2.770006425745839 -0.06746608428098802
2.7761483468672266 -0.06765044808254593
2.7822902679886146 -0.06776525451763543
2.788432189110002 -0.0678113476944764
2.7945741102313897 -0.06778984406205958
2.8007160313527772 -0.06770211573692783
2.8068579524741653 -0.06754977354651814
2.812999873595553 -0.06733464995659219
2.8191417947169404 -0.06705878203341273
2.825283715838328 -0.06672439457317914
2.831425636959716 -0.06633388351217426
2.8375675580811035 -0.06588979971145344
2.843709479202491 -0.06539483319007909
2.8498514003238786 -0.06485179786121362
2.8559933214452666 -0.06426361680616315
2.862135242566654 -0.06363330810302921
2.8682771636880418 -0.06296397120927022
2.8744190848094293 -0.06225877388147081
2.8805610059308173 -0.06152093960121292
2.886702927052205 -0.06075373546335171
2.8928448481735924 -0.059960460472410666
2.89898676929498 -0.059144434184376544
2.9051286904163676 -0.05830898562501303
2.9112706115377556 -0.05745744241200755
2.917412532659143 -0.056593120006861265
2.9235544537805307 -0.05571931102343806
2.9296963749019183 -0.0548392745234718
2.9358382960233063 -0.053956225235024836
2.941980217144694 -0.05307332263778596
2.9481221382660814 -0.05219365986905043
2.954264059387469 -0.05132025241605556
2.960405980508857 -0.05045602657384021
2.9665479016302445 -0.04960380766270629
2.972689822751632 -0.0487663080154093
2.9788317438730196 -0.04794611476109259
2.9849736649944076 -0.0471456774503777
2.991115586115795 -0.04636729558359377
2.9972575072371828 -0.04561310612151285
3.0033994283585703 -0.04488507107479801
3.0095413494799583 -0.04418496528429981
3.015683270601346 -0.04351436451899922
3.0218251917227335 -0.04287463403144246
3.027967112844121 -0.042266917721619245
3.034109033965509 -0.041692128069093844
3.0402509550868966 -0.041150936999538916
3.046392876208284 -0.04064376785540719
3.0525347973296717 -0.0401707886411156
3.0586767184510597 -0.039731906710665746
3.0648186395724473 -0.039326765059992476
3.070960560693835 -0.03895474037748465
3.0771024818152224 -0.03861494299408156
3.0832444029366104 -0.038306218859199596
3.089386324057998 -0.03802715365062999
3.0955282451793855 -0.03777607910567311
3.101670166300773 -0.03755108163739823
3.107812087422161 -0.037350013274351536
3.1139540085435486 -0.037170504934642475
3.120095929664936 -0.03700998201652166
3.1262378507863238 -0.03686568225776193
3.1323797719077118 -0.03673467578583373
3.1385216930290993 -0.03661388725051237
3.144663614150487 -0.03650011990066114
3.1508055352718745 -0.03639008143799704
3.156947456393262 -0.036280411453147685
3.16308937751465 -0.036167710223717224
3.1692312986360376 -0.036048568630831425
3.175373219757425 -0.0359195989301298
3.1815151408788127 -0.03577746609577174
3.1876570620002007 -0.03561891944202985
3.1937989831215883 -0.03544082421670488
3.199940904242976 -0.03524019285409993
3.2060828253643634 -0.03501421557275955
3.2122247464857514 -0.034760290004667335
3.218366667607139 -0.03447604954809435
3.2245085887285265 -0.03415939014572232
3.230650509849914 -0.03380849520289324
3.236792430971302 -0.033421858377660006
3.2429343520926897 -0.032998303994479596
3.249076273214077 -0.03253700485659773
3.2552181943354648 -0.032037497258078675
3.261360115456853 -0.031499693024655634
3.2675020365782403 -0.030923888442709997
3.273643957699628 -0.030310769967304634
3.2797858788210155 -0.029661416632860618
3.2859277999424035 -0.028977299123336298
3.292069721063791 -0.028260275492205313
3.2982116421851786 -0.027512583555709916
3.304353563306566 -0.02673683001537871
3.310495484427954 -0.0259359763972586
3.3166374055493417 -0.02511332192536242
3.3227793266707293 -0.024272483475151752
3.328921247792117 -0.023417372779171605
3.335063168913505 -0.022552171080978765
3.3412050900348924 -0.021681301455050647
3.34734701115628 -0.02080939902925591
3.3534889322776675 -0.019941279362585742
3.3596308533990555 -0.01908190524409611
3.365772774520443 -0.018236352189348878
3.3719146956418307 -0.017409772918050702
3.3780566167632182 -0.01660736110109673
3.3841985378846062 -0.01583431466688549
3.390340459005994 -0.015095798955667435
3.3964823801273814 -0.014396910006932391
3.402624301248769 -0.013742638258564924
3.4087662223701565 -0.01313783292785577
3.4149081434915445 -0.012587167333623106
3.421050064612932 -0.01209510540585553
3.4271919857343196 -0.011665869614636483
3.433333906855707 -0.011303410533853121
3.439475827977095 -0.011011378237545236
3.4456177490984827 -0.010793095707927528
3.4517596702198703 -0.010651534414342412
3.457901591341258 -0.010589292201888164
3.464043512462646 -0.010608573607440384
3.4701854335840334 -0.010711172699455773
3.476327354705421 -0.010898458516530679
3.4824692758268085 -0.011171363158384944
3.4886111969481965 -0.011530372561956083
3.494753118069584 -0.011975519974805792
3.5008950391909717 -0.012506382118243438
3.5070369603123592 -0.013122078013623391
3.5131788814337472 -0.013821270427335575
3.519320802555135 -0.01460216987321744
3.5254627236765224 -0.01546254109560161
3.53160464479791 -0.016399711942080324
3.537746565919298 -0.017410584522413095
3.5438884870406855 -0.01849164853889287
3.550030408162073 -0.01963899666397661
3.5561723292834606 -0.020848341833102586
3.5623142504048486 -0.022115036314375655
3.568456171526236 -0.023434092412183062
3.5745980926476237 -0.024800204658779287
3.5807400137690113 -0.026207773346385604
3.5868819348903993 -0.027650929252319427
3.593023856011787 -0.02912355941099531
3.5991657771331744 -0.030619333789214675
3.605307698254562 -0.03213173272484704
3.61144961937595 -0.03365407499366174
3.6175915404973376 -0.03517954637453123
3.623733461618725 -0.03670122858933338
3.6298753827401127 -0.03821212850045188
3.6360173038615007 -0.039705207455641614
3.6421592249828882 -0.041173410677008505
3.648301146104276 -0.04260969659778499
3.6544430672256634 -0.044007066057295506
3.6605849883470514 -0.04535859127085449
3.666726909468439 -0.04665744449717879
3.6728688305898265 -0.04789692633111194
3.679010751711214 -0.04907049355394164
3.6851526728326016 -0.050171786477272655
3.6912945939539896 -0.05119465571923028
3.697436515075377 -0.052133188353688964
3.7035784361967647 -0.05298173337423662
3.7097203573181523 -0.05373492641471583
3.7158622784395403 -0.05438771366747329
3.722004199560928 -0.054935374938961584
3.7281461206823154 -0.055373545780164256
3.734288041803703 -0.055698238626560544
3.740429962925091 -0.05590586287914002
3.7465718840464786 -0.05599324385445577
3.752713805167866 -0.05595764052802365
3.7588557262892537 -0.05579676199169092
3.7649976474106417 -0.05550878254207996
3.7711395685320293 -0.05509235531402522
3.777281489653417 -0.05454662437023067
3.7834234107748044 -0.05387123515634061
3.7895653318961924 -0.05306634322939021
3.79570725301758 -0.05213262116732292
3.8018491741389675 -0.05107126356805801
3.807991095260355 -0.049883990048570775
3.814133016381743 -0.04857304615770442
3.8202749375031306 -0.04714120212103614
3.826416858624518 -0.04559174934212303
3.8325587797459058 -0.04392849459188518
3.8387007008672938 -0.04215575182674806
3.8448426219886813 -0.04027833158645226
3.850984543110069 -0.03830152793410241
3.8571264642314564 -0.03623110291401484
3.8632683853528444 -0.034073268517148356
3.869410306474232 -0.03183466615926756
3.8755522275956196 -0.02952234369337102
3.881694148717007 -0.027143729995183642
3.887836069838395 -0.02470660717850514
3.8939779909597827 -0.02221908051576417
3.9001199120811703 -0.01968954615806443
3.906261833202558 -0.017126656768142057
3.912403754323946 -0.014539285198775884
3.9185456754453334 -0.011936486368106982
3.924687596566721 -0.00932745750181443
3.9308295176881085 -0.006721496929955438
3.936971438809496 -0.004127961643289758
3.943113359930884 -0.0015562238298673695
3.9492552810522716 0.0009843733726451395
3.955397202173659 0.0034845606601909516
3.9615391232950468 0.005935187620809029
3.9676810444164348 0.008327267798339144
3.9738229655378223 0.010652023483551865
3.97996488665921 0.012900929949308505
3.9861068077805974 0.015065758843032026
3.9922487289019855 0.017138620448842998
3.998390650023373 0.019112004533265933
4.004532571144761 0.020978819492512058
4.010674492266149 0.022732429526026016
4.016816413387536 0.024366689570265165
4.022958334508924 0.025875977738530686
4.029100255630311 0.02725522502705052
4.035242176751699 0.028499942064336585
4.041384097873086 0.029606242699994952
4.047526018994474 0.030570864250513273
4.053667940115862 0.031391184242911326
4.05980986123725 0.03206523352231624
4.0659517823586375 0.03259170561628394
4.072093703480025 0.0329699622767766
4.078235624601413 0.03320003514984827
4.0843775457228 0.033282623552987854
4.090519466844188 0.03321908837041163
4.096661387965575 0.0330114421070622
4.102803309086964 0.032662335172328895
4.108945230208351 0.0321750384942243
4.115087151329739 0.03155342259360325
4.1212290724511265 0.030801933275675476
4.127370993572514 0.029925564122230075
4.133512914693902 0.028929825992369776
4.139654835815289 0.027820713761876305
4.145796756936677 0.026604670551352013
4.151938678058065 0.02528854971079516
4.158080599179453 0.023879574843087996
4.16422252030084 0.02238529816086255
4.170364441422228 0.020813557480262552
4.176506362543615 0.019172432161164404
4.182648283665003 0.01747019830644449
4.1887902047863905 0.015715283532893545
4.194932125907778 0.01391622162344164
4.201074047029166 0.012081607364565025
4.207215968150554 0.010220051864230764
4.213357889271942 0.008340138634664207
4.219499810393329 0.006450380710790056
4.225641731514717 0.004559179059634644
4.231783652636104 0.0026747825185144646
4.237925573757492 0.0008052494807549626
4.2440674948788795 -0.0010415884727494108
4.250209416000267 -0.002858160819316929
4.2563513371216555 -0.004637190063051604
4.262493258243043 -0.006371721294405042
4.268635179364431 -0.008055149231876101
4.274777100485818 -0.009681242659866413
4.280919021607206 -0.011244166199253364
4.287060942728593 -0.012738499369200301
4.293202863849981 -0.014159252919884627
4.299344784971368 -0.015501882435983407
4.305486706092757 -0.01676229922973939
4.311628627214144 -0.017936878560087716
4.317770548335532 -0.019022465230538153
4.3239124694569195 -0.020016376633176368
4.330054390578307 -0.0209164033192192
4.336196311699695 -0.02172080718798043
4.342338232821082 -0.02242831739587379
4.34848015394247 -0.023038124095206725
4.354622075063858 -0.02354987011904168
4.360763996185246 -0.02396364073337724
4.366905917306633 -0.024279951581411344
4.373047838428021 -0.02449973494678147
4.3791897595494085 -0.024624324463550475
4.385331680670796 -0.0246554384004352
4.391473601792184 -0.02459516164549469
4.397615522913571 -0.02444592651534132
4.40375744403496 -0.024210492510055203
4.409899365156347 -0.023891925131512518
4.416041286277735 -0.023493573878928156
4.422183207399122 -0.023019049531199407
4.42832512852051 -0.022472200821260706
4.434467049641897 -0.021857090603244724
4.440608970763285 -0.021177971608914818
4.4467508918846725 -0.020439261885697106
4.452892813006061 -0.019645520004794467
4.4590347341274486 -0.01880142012439572
4.465176655248836 -0.017911726989968776
4.471318576370224 -0.016981270951105253
4.477460497491611 -0.016014923072401235
4.483602418612999 -0.01501757041444036
4.489744339734386 -0.01399409156009522
4.495886260855774 -0.012949332461071304
4.5020281819771615 -0.011888082679856332
4.50817010309855 -0.01081505210296365
4.5143120242199375 -0.009734848202511682
4.520453945341325 -0.008651953924687225
4.526595866462713 -0.007570706285414214
4.5327377875841 -0.0064952757554858475
4.538879708705488 -0.00542964651941174
4.545021629826875 -0.004377597694159631
4.551163550948263 -0.00334268559570857
4.557305472069651 -0.002328227142746041
4.563447393191039 -0.0013372844878031605
4.569589314312426 -0.0003726509664954206
4.575731235433814 0.0005631615448025326
4.5818731565552016 0.0014679337737009254
4.588015077676589 0.00233974861194101
4.594156998797977 0.003176999007113241
4.600298919919364 0.003978394106445771
4.606440841040753 0.0047429635787033355
4.61258276216214 0.00547006004704284
4.618724683283528 0.006159359573774728
4.624866604404915 0.00681086014738113
4.631008525526303 0.007424878132832893
4.6371504466476905 0.008002042658177663
4.643292367769078 0.008543287923477284
4.649434288890466 0.009049843432358306
4.655576210011854 0.009523222161586194
4.661718131133242 0.009965206700038368
4.667860052254629 0.010377833405070019
4.674001973376017 0.010763374641350718
4.680143894497404 0.011124319184603274
4.686285815618792 0.011463350890076041
4.692427736740179 0.011783325742804218
4.698569657861567 0.012087247423528867
4.7047115789829554 0.012378241540309521
4.710853500104343 0.012659528691152912
4.716995421225731 0.012934396537160617
4.723137342347118 0.013206171078550844
4.729279263468506 0.013478187337237525
4.735421184589893 0.013753759659263193
4.741563105711281 0.014036151858122358
4.747705026832668 0.014328547425740372
4.753846947954056 0.014634020041480641
4.759988869075444 0.01495550461096004
4.766130790196832 0.015295769065611062
4.7722727113182195 0.015657387150823928
4.778414632439607 0.016042712425146197
4.784556553560995 0.01645385368546412
4.790698474682382 0.016892652023413043
4.79684039580377 0.01736065970657466
4.802982316925157 0.017859121064450544
4.809124238046546 0.018388955543912656
4.815266159167933 0.018950743082002515
4.821408080289321 0.019544711925779664
4.8275500014107084 0.020170729009614533
4.833691922532096 0.020828292980107115
4.839833843653484 0.02151652993791279
4.845975764774871 0.022234191944402345
4.852117685896259 0.02297965831950171
4.858259607017647 0.023750939735469708
4.864401528139035 0.024545685089994662
4.870543449260422 0.025361191121025847
4.87668537038181 0.02619441470538983
4.882827291503197 0.027041987763653772
4.888969212624585 0.027900234675036852
4.8951111337459725 0.028765192088579215
4.90125305486736 0.02963263100037006
4.9073949759887485 0.030498080951511655
4.913536897110136 0.031356856187731715
4.919678818231524 0.03220408360921311
4.925820739352911 0.03303473232832475
4.931962660474299 0.03384364464353967
4.938104581595686 0.03462556822991817
4.944246502717074 0.03537518934011201
4.9503884238384614 0.03608716680489142
4.95653034495985 0.03675616661867793
4.9626722660812375 0.03737689689344662
4.968814187202625 0.037944142963593996
4.974956108324013 0.03845280242489969
4.9810980294454 0.038897919892488766
4.987239950566788 0.03927472126566429
4.993381871688175 0.03957864729157059
4.999523792809563 0.039805386224802806
5.00566571393095 0.03995090538624049
5.011807635052339 0.04001148143149105
5.017949556173726 0.0399837291473263
5.024091477295114 0.03986462860332523
5.0302333984165015 0.039651550495544696
5.036375319537889 0.03934227952937333
5.042517240659277 0.038935035699731016
5.048659161780664 0.038428493338405825
5.054801082902052 0.037821797810522306
5.06094300402344 0.037114579754857366
5.067084925144828 0.03630696677591387
5.073226846266215 0.03539959250927117
5.079368767387603 0.03439360299570839
5.0855106885089905 0.033290660313875745
5.091652609630378 0.0320929434358212
5.097794530751766 0.030803146284397752
5.103936451873153 0.02942447298641885
5.110078372994542 0.027960630330328275
5.116220294115929 0.02641581745203789
5.122362215237317 0.024794712787385577
5.128504136358704 0.02310245834431153
5.134646057480092 0.021344641362253867
5.140787978601479 0.0195272734403609
5.146929899722867 0.017656767229819827
5.1530718208442545 0.015739910798837332
5.159213741965643 0.013783839791497558
5.1653556630870305 0.011796007513794268
5.171497584208418 0.009784153091509705
5.177639505329806 0.0077562678552330466
5.183781426451193 0.00572056011759789
5.189923347572581 0.00368541851672412
5.196065268693968 0.001659374107811939
5.202207189815356 -0.0003489386081898831
5.208349110936744 -0.002330821523975641
5.214491032058132 -0.0042775534335883665
5.2206329531795195 -0.006180431004907111
5.226774874300907 -0.008030810010701155
5.232916795422295 -0.009820146610481858
5.239058716543682 -0.01154003847494571
5.24520063766507 -0.013182265545486073
5.251342558786457 -0.014738830223039496
5.257484479907845 -0.016201996783405868
5.263626401029233 -0.017564329820112568
5.269768322150621 -0.018818731520846243
5.275910243272008 -0.019958477589413992
5.282052164393396 -0.02097725163206661
5.2881940855147835 -0.021869177834777917
5.294336006636171 -0.022628851766661257
5.300477927757559 -0.02325136915406397
5.306619848878946 -0.02373235247994772
5.312761770000335 -0.024067975273872978
5.318903691121722 -0.024254983969193022
5.32504561224311 -0.024290717215858813
5.331187533364497 -0.024173122549473097
5.337329454485885 -0.023900770329842707
5.3434713756072725 -0.023472864875194573
5.34961329672866 -0.022889252731378613
5.355755217850048 -0.022150428028715436
5.361897138971436 -0.021257534892596835
5.368039060092824 -0.02021236688745511
5.374180981214211 -0.019017363487224062
5.380322902335599 -0.017675603578873558
5.386464823456986 -0.016190796018953346
5.392606744578374 -0.0145672672762917
5.398748665699761 -0.012809946207013478
5.404890586821149 -0.010924346020832093
5.411032507942537 -0.008916543510094115
5.417174429063925 -0.006793155625281297
5.4233163501853126 -0.004561313492566389
5.4294582713067 -0.00222863398055808
5.435600192428088 0.00019681106548717758
5.441742113549475 0.0027065277929735326
5.447884034670863 0.005291635375490245
5.45402595579225 0.007942902961422534
5.460167876913639 0.010650788379187016
5.466309798035026 0.013405478431817318
5.472451719156414 0.016196930605367973
5.4785936402778015 0.019014916007918763
5.484735561399189 0.0218490633489026
5.490877482520577 0.024688903762061544
5.497019403641964 0.02752391626961144
5.503161324763352 0.030343573680199777
5.509303245884739 0.0331373887090199
5.515445167006128 0.0358949601050424
5.521587088127515 0.0386060185677885
5.527729009248903 0.041260472234454566
5.53387093037029 0.04384845151753664
5.540012851491678 0.04636035307347027
5.5461547726130656 0.048786882684218255
5.552296693734453 0.051119096836268425
5.558438614855841 0.05334844278517916
5.564580535977229 0.055466796898670616
5.570722457098617 0.057466501077333
5.576864378220004 0.059340397059338246
5.583006299341392 0.06108185842409855
5.589148220462779 0.06268482011963768
5.595290141584167 0.06414380534950191
5.6014320627055545 0.0654539496673301
5.607573983826942 0.06661102214068823
5.6137159049483305 0.06761144346040737
5.619857826069718 0.06845230088738477
5.625999747191106 0.06913135994554098
5.632141668312493 0.06964707278727701
5.638283589433881 0.06999858317625021
5.644425510555268 0.07018572805145615
5.650567431676656 0.07020903565634604
5.656709352798043 0.07006972023687649
5.662851273919432 0.06976967333283252
5.668993195040819 0.06931145170732135
5.675135116162207 0.06869826197984015
5.681277037283595 0.06793394204859786
5.687418958404982 0.06702293940765038
5.69356087952637 0.06597028648370896
5.699702800647757 0.06478157313603584
5.705844721769145 0.06346291648047539
5.711986642890533 0.06202092821522649
5.718128564011921 0.06046267964128685
5.724270485133308 0.05879566458445142
5.730412406254696 0.05702776043820295
5.7365543273760835 0.0551671875576713
5.742696248497471 0.05322246724397449
5.748838169618859 0.05120237856560452
5.754980090740246 0.04911591426903081
5.761122011861635 0.04697223603432466
5.767263932983022 0.04478062933334512
5.77340585410441 0.04255045814786752
5.779547775225797 0.04029111980301693
5.785689696347185 0.03801200016751735
5.7918316174685724 0.035722429466662944
5.79797353858996 0.033431638946629
5.804115459711348 0.031148718619871587
5.810257380832735 0.028882576311024415
5.816399301954124 0.026641898211016125
5.822541223075511 0.024435111134237218
5.828683144196899 0.022270346659623328
5.834825065318286 0.02015540732165317
5.840966986439674 0.01809773500162415
5.847108907561061 0.01610438165334135
5.853250828682449 0.014181982480682911
5.8593927498038365 0.012336731667547571
5.865534670925225 0.010574360743598753
5.8716765920466125 0.00890011965214116
5.877818513168 0.007318760569534258
5.883960434289388 0.005834524508900919
5.890102355410775 0.004451130724633352
5.896244276532163 0.0031717689184533014
5.90238619765355 0.001999094232634854
5.908528118774938 0.0009352250015319618
5.914670039896326 -1.8256781163746992e-05
5.920811961017714 -0.0008603023349200579
5.9269538821391015 -0.00159039037216707
5.933095803260489 -0.0022085188641426667
5.939237724381877 -0.0027151943818159658
5.945379645503264 -0.0031114191103217967
5.951521566624652 -0.0033986756438483443
5.957663487746039 -0.003578909675554007
5.963805408867428 -0.0036545107038740417
5.969947329988815 -0.003628290882544691
5.976089251110203 -0.003503462146861685
5.98223117223159 -0.003283611753142719
5.988373093352978 -0.0029726763721300772
5.9945150144743655 -0.0025749148801951813
6.000656935595753 -0.0020948799947441148
6.006798856717141 -0.001537388902219793
6.012940777838529 -0.0009074930286000726
6.019082698959917 -0.0002104471033461178
6.025224620081304 0.0005483223315989019
6.031366541202692 0.0013632488158873395
6.037508462324079 0.0022286581161196375
6.043650383445467 0.0031388004710633526
6.0497923045668545 0.004087882786028808
6.055934225688242 0.005070100626687052
6.06207614680963 0.006079669863907121
6.068218067931018 0.007110857822782911
6.074359989052406 0.008158013790927954
6.080501910173793 0.009215598743361067
6.086643831295181 0.010278214143908457
6.092785752416568 0.011340629686047037
6.098927673537956 0.01239780983953763
6.105069594659343 0.01344493907309005
6.111211515780731 0.014477445627702902
6.117353436902119 0.015491023720272754
6.123495358023507 0.016481654062610672
6.1296372791448945 0.017445622587180253
6.135779200266282 0.018379537277711588
6.14192112138767 0.01928034301038823
6.148063042509057 0.020145334319565958
6.154204963630445 0.02097216601098475
6.160346884751832 0.02175886155518415
6.166488805873221 0.022503819204324083
6.172630726994608 0.023205815786834415
6.178772648115996 0.023864008146241344
6.1849145692373835 0.02447793220310331
6.191056490358771 0.02504749963218861
6.197198411480159 0.025572992160766788
6.203340332601546 0.026055053508092677
6.209482253722934 0.026494679000741324
6.215624174844322 0.02689320291329968
6.22176609596571 0.02725228359892188
6.227908017087097 0.02757388648928547
6.234049938208485 0.02786026505840794
6.240191859329872 0.028113939859463345
6.24633378045126 0.028337675758026048
6.2524757015726475 0.028534457498920043
6.258617622694035 0.028707463756918208
6.2647595438154235 0.028860039833771927
6.270901464936811 0.028995669175316072
6.277043386058199 0.029117943892554888
