time TPR_both_C_open_8_rho13_real
43.982297150257104 -0.20284668818444557
43.988439071378494 -0.20413300877241752
43.99458099249988 -0.2048352129958332
44.00072291362127 -0.20495737199850175
44.00686483474266 -0.20450758642157832
44.01300675586404 -0.20349784518613342
44.01914867698543 -0.20194384231822113
44.025290598106814 -0.19986475543708548
44.031432519228204 -0.19728299001950056
44.037574440349594 -0.19422389394651515
44.04371636147098 -0.19071544713096564
44.04985828259237 -0.1867879312154865
44.05600020371376 -0.1824735844244821
44.06214212483514 -0.17780624665473604
44.06828404595653 -0.17282099980472554
44.07442596707792 -0.16755380818032034
44.080567888199305 -0.1620411635832316
44.086709809320695 -0.1563197393975489
44.092851730442085 -0.15042605764849984
44.09899365156347 -0.14439617262556487
44.10513557268486 -0.1382653742482814
44.11127749380624 -0.13206791391623
44.11741941492763 -0.12583675513300965
44.12356133604902 -0.11960335073497974
44.129703257170405 -0.11339744809648543
44.135845178291795 -0.10724692323053253
44.141987099413186 -0.10117764426359353
44.14812902053457 -0.09521336434091872
44.15427094165596 -0.08937564361930574
44.16041286277735 -0.08368379963233365
44.16655478389873 -0.07815488497253326
44.17269670502012 -0.07280369092916648
44.178838626141506 -0.06764277545209049
44.184980547262896 -0.06268251358373002
44.191122468384286 -0.057931168313845566
44.19726438950567 -0.05339497966646983
44.20340631062706 -0.04907826972495882
44.20954823174845 -0.04498356123895233
44.21569015286983 -0.04111170743470929
44.22183207399122 -0.037462030665630766
44.22797399511261 -0.034032467590126556
44.234115916233996 -0.030819718646036557
44.24025783735539 -0.027819399700839926
44.24639975847678 -0.02502619389084662
44.25254167959816 -0.022434001816156915
44.25868360071955 -0.02003608842698011
44.26482552184093 -0.017825225116538893
44.27096744296232 -0.015793825721940043
44.277109364083714 -0.01393407532299392
44.2832512852051 -0.012238050916220116
44.28939320632649 -0.010697833223779067
44.29553512744788 -0.009305609071832392
44.30167704856926 -0.008053763937317281
44.30781896969065 -0.006934964414317735
44.31396089081204 -0.005942230489564006
44.320102811933424 -0.00506899764003219
44.326244733054814 -0.004309168873584868
44.3323866541762 -0.0036571569259132904
44.33852857529759 -0.0031079169039360203
44.34467049641898 -0.0026569697279239064
44.35081241754036 -0.0023004167727518187
44.35695433866175 -0.002034946144046523
44.36309625978314 -0.001857831048876072
44.369238180904524 -0.001766920734480347
44.375380102025915 -0.0017606244739798522
44.381522023147305 -0.0018378890765903884
44.38766394426869 -0.0019981703932291056
44.39380586539008 -0.002241399278151608
44.39994778651147 -0.0025679424548797998
44.40608970763285 -0.0029785587215888326
44.41223162875424 -0.003474350918651111
44.418373549875625 -0.004056714070296955
44.424515470997015 -0.004727280104320504
44.430657392118405 -0.005487859549302204
44.43679931323979 -0.006340380608446794
44.44294123436118 -0.007286826013350621
44.44908315548257 -0.008329168069951244
44.45522507660395 -0.009469302322566223
44.46136699772534 -0.010708980280106651
44.46750891884673 -0.01204974167077651
44.473650839968116 -0.01349284671720975
44.479792761089506 -0.015039208952253432
44.485934682210896 -0.016689329125435887
44.49207660333228 -0.0184432307804156
44.49821852445367 -0.020300398113116964
44.50436044557505 -0.02225971674741084
44.51050236669644 -0.024319418088634394
44.51664428781783 -0.026477027933513135
44.522786208939216 -0.028729320026628903
44.528928130060606 -0.03107227525710805
44.535070051182 -0.03350104718334554
44.54121197230338 -0.03600993455718194
44.54735389342477 -0.038592361491059546
44.55349581454616 -0.04124086587155297
44.55963773566754 -0.04394709656984503
44.56577965678893 -0.04670181993403644
44.57192157791032 -0.04949493596978431
44.57806349903171 -0.052315504525136794
44.5842054201531 -0.055151781693378116
44.59034734127448 -0.05799126653533123
44.59648926239587 -0.06082075810130105
44.60263118351726 -0.06362642260434875
44.608773104638644 -0.06639387046276765
44.614915025760034 -0.06910824279254726
44.621056946881424 -0.07175430679246977
44.62719886800281 -0.07431655932754591
44.6333407891242 -0.07677933788305817
44.63948271024559 -0.07912693793380918
44.64562463136697 -0.08134373565346076
44.65176655248836 -0.08341431477919704
44.657908473609744 -0.08532359634930635
44.664050394731134 -0.08705696994746098
44.670192315852525 -0.08860042501912907
44.67633423697391 -0.0899406807741378
44.6824761580953 -0.09106531315622536
44.68861807921669 -0.09196287734658022
44.69476000033807 -0.09262302427479265
44.70090192145946 -0.09303660963808648
44.70704384258085 -0.09319579397867844
44.713185763702235 -0.09309413243991822
44.719327684823625 -0.09272665291455447
44.72546960594501 -0.09208992141276433
44.7316115270664 -0.09118209361286649
44.73775344818779 -0.0900029517129463
44.74389536930917 -0.08855392587546686
44.75003729043056 -0.08683809974748015
44.75617921155195 -0.08486019974385903
44.762321132673335 -0.0826265679971374
44.768463053794726 -0.08014511910173482
44.774604974916116 -0.07742528100868692
44.7807468960375 -0.07447792065529384
44.78688881715889 -0.0713152551378841
44.79303073828028 -0.06795074945047384
44.79917265940166 -0.0643990020127737
44.80531458052305 -0.06067561939325224
44.811456501644436 -0.05679708179246432
44.817598422765826 -0.05278060098474549
44.823740343887216 -0.04864397251950363
44.8298822650086 -0.04440542405404499
44.83602418612999 -0.0400834617266124
44.84216610725138 -0.035696716480227174
44.84830802837276 -0.03126379221519226
44.85444994949415 -0.026803117581922956
44.86059187061554 -0.02233280312809578
44.86673379173693 -0.017870505387819795
44.87287571285832 -0.013433299349294733
44.8790176339797 -0.009037560565352919
44.88515955510109 -0.0046988579830004856
44.89130147622248 -0.0004318583685541103
44.897443397343864 0.0037497570009539464
44.903585318465254 0.007833362916706693
44.909727239586644 0.011807447828019253
44.91586916070803 0.01566165838037827
44.92201108182942 0.01938683102378355
44.92815300295081 0.02297501098395477
44.93429492407219 0.026419459042031097
44.94043684519358 0.029714646702110704
44.94657876631497 0.03285624043906005
44.952720687436354 0.035841075810771596
44.958862608557745 0.03866712228934003
44.96500452967913 0.041333439714951084
44.97114645080052 0.04384012730555216
44.97728837192191 0.04618826616590016
44.98343029304329 0.04837985623305004
44.98957221416468 0.050417748573595496
44.99571413528607 0.052305573913079086
45.001856056407455 0.05404766823207268
45.007997977528845 0.055648996208654516
45.014139898650235 0.05711507322552338
45.02028181977162 0.058451886593835406
45.02642374089301 0.05966581657699971
45.03256566201439 0.06076355772793005
45.03870758313578 0.06175204098426513
45.04484950425717 0.06263835689937328
45.050991425378555 0.06342968032379774
45.057133346499946 0.064133196793376
45.063275267621336 0.06475603082750751
45.06941718874272 0.06530517629472732
45.07555910986411 0.0657874289635428
45.0817010309855 0.06620932132484239
45.08784295210688 0.06657705974839727
45.09398487322827 0.0668964640202933
45.10012679434966 0.06717290930054881
45.106268715471046 0.06741127054060993
45.112410636592436 0.06761586940873221
45.11855255771382 0.06779042378708437
45.12469447883521 0.06793799992729771
45.1308363999566 0.06806096738069888
45.13697832107798 0.0681609568547815
45.14312024219937 0.06823882118799678
45.14926216332076 0.0682945996796928
45.15540408444215 0.06832748606002548
45.16154600556354 0.06833580043488391
45.16768792668493 0.06831696559203888
45.17382984780631 0.06826748810552874
45.1799717689277 0.06818294472440892
45.18611369004908 0.0680579745778296
45.192255611170474 0.0678862777693702
45.198397532291864 0.06766062096810126
45.20453945341325 0.06737285063004977
45.21068137453464 0.06701391450003197
45.21682329565603 0.0665738920482835
45.22296521677741 0.06604203448719632
45.2291071378988 0.06540681498910406
45.23524905902019 0.06465598968471602
45.241390980141574 0.06377666996196876
45.247532901262964 0.06275540650545705
45.253674822384355 0.06157828541604047
45.25981674350574 0.06023103662787738
45.26595866462713 0.05869915469560401
45.27210058574851 0.05696803185753914
45.2782425068699 0.055023103092110975
45.28438442799129 0.05285000267523351
45.290526349112675 0.050434731517631747
45.296668270234065 0.04776383431554414
45.302810191355455 0.04482458528879229
45.30895211247684 0.04160518101074689
45.31509403359823 0.03809493855985769
45.32123595471962 0.03428449694752755
45.327377875841 0.030166019508375504
45.33351979696239 0.025733394683207317
45.339661718083775 0.020982432389752326
45.345803639205165 0.01591105296939173
45.351945560326556 0.010519465527902016
45.35808748144794 0.00481033236304128
45.36422940256933 -0.0012110839002669664
45.37037132369072 -0.00753679385761047
45.3765132448121 -0.014155978889464214
45.38265516593349 -0.02105491594584662
45.38879708705488 -0.02821693254647464
45.394939008176266 -0.03562239470249342
45.401080929297656 -0.043248730095396724
45.407222850419046 -0.05107048839866215
45.41336477154043 -0.05905944010215347
45.41950669266182 -0.06718471460549155
45.4256486137832 -0.0754129776939077
45.43179053490459 -0.08370864781076996
45.43793245602598 -0.09203414980976848
45.444074377147366 -0.10035020412319495
45.45021629826876 -0.10861614853944321
45.45635821939015 -0.11679028906219614
45.46250014051153 -0.12483027564577427
45.46864206163292 -0.13269349798571717
45.47478398275431 -0.140337496009652
45.48092590387569 -0.14772037927810092
45.487067824997084 -0.15480124918300633
45.49320974611847 -0.16154061763514166
45.49935166723986 -0.16790081586848776
45.50549358836125 -0.17384638706448544
45.51163550948263 -0.17934445671175284
45.51777743060402 -0.1843650749633604
45.52391935172541 -0.18888152572565017
45.530061272846794 -0.19287059779768828
45.536203193968184 -0.1963128140632087
45.542345115089574 -0.19919261549889572
45.54848703621096 -0.2014984975836306
45.55462895733235 -0.2032230975511722
45.56077087845374 -0.20436323180142582
45.56691279957512 -0.20491988365115046
45.57305472069651 -0.20489814244295093
45.579196641817894 -0.20430709582274467
45.585338562939285 -0.20315967772404017
45.591480484060675 -0.201472475248465
45.59762240518206 -0.19926549819533293
45.60376432630345 -0.1965619154609762
45.60990624742484 -0.1933877628966548
45.61604816854622 -0.1897716274806077
45.62219008966761 -0.18574431282639925
45.628332010789 -0.18133849111975664
45.634473931910385 -0.17658834655517805
45.640615853031775 -0.17152921523874015
45.64675777415316 -0.16619722634305664
45.65289969527455 -0.16062894905323308
45.65904161639594 -0.1548610495381719
45.66518353751732 -0.14892996182935528
45.67132545863871 -0.14287157609839796
45.6774673797601 -0.13672094740432442
45.683609300881486 -0.13051202754025365
45.689751222002876 -0.12427742215491024
45.695893143124266 -0.11804817486473072
45.70203506424565 -0.11185357961425299
45.70817698536704 -0.10572102209229253
45.71431890648843 -0.09967585057511927
45.72046082760981 -0.0937412761508231
45.7266027487312 -0.08793830188609922
45.732744669852586 -0.08228568013223286
45.738886590973976 -0.0767998968349371
45.74502851209537 -0.07149518141603163
45.75117043321675 -0.06638354053655483
45.75731235433814 -0.061474813832576844
45.76345427545953 -0.05677674953813501
45.76959619658091 -0.052295097774890345
45.7757381177023 -0.04803371919509011
45.781880038823694 -0.04399470661238477
45.78802195994508 -0.04017851724236673
45.79416388106647 -0.03658411319906871
45.80030580218786 -0.03320910795225519
45.80644772330924 -0.03004991653975629
45.81258964443063 -0.027101907445488245
45.818731565552014 -0.024359554193082642
45.824873486673404 -0.021816584862858722
45.831015407794794 -0.019466127911793394
45.83715732891618 -0.017300852857807417
45.84329925003757 -0.015313104576822103
45.84944117115896 -0.013495030149649631
45.85558309228034 -0.011838697382149837
45.86172501340173 -0.01033620430291613
45.86786693452312 -0.008979779115165622
45.874008855644504 -0.007761870241089422
45.880150776765895 -0.00667522624577876
45.88629269788728 -0.0057129655625496436
45.89243461900867 -0.004868636061089701
45.89857654013006 -0.004136264603920417
45.90471846125144 -0.0035103968250750953
45.91086038237283 -0.0029861274380441785
45.91700230349422 -0.0025591214385538405
45.923144224615605 -0.002225626612571078
45.929286145736995 -0.001982477792293356
45.935428066858385 -0.0018270933241142833
45.94156998797977 -0.0017574642241495236
45.94771190910116 -0.0017721365004851712
45.95385383022255 -0.0018701871184457004
45.95999575134393 -0.002051194077481953
45.96613767246532 -0.002315201057365124
45.972279593586705 -0.00266267707869053
45.978421514708096 -0.00309447160963095
45.984563435829486 -0.0036117655387595702
45.99070535695087 -0.004216018423590056
45.99684727807226 -0.004908912417301179
46.00298919919365 -0.005692293272613394
46.00913112031503 -0.006568108822531207
46.01527304143642 -0.0075383453430527755
46.02141496255781 -0.008604962213077832
46.027556883679196 -0.009769825301554527
46.033698804800586 -0.011034639531148001
46.03984072592198 -0.012400881090862764
46.04598264704336 -0.013869729796425598
46.05212456816475 -0.015442002125988792
46.05826648928613 -0.017118085488767844
46.06440841040752 -0.018897874314390866
46.07055033152891 -0.02078070857972684
46.0766922526503 -0.02276531541630789
46.08283417377169 -0.024849754463757905
46.08897609489308 -0.027031367651363707
46.09511801601446 -0.0293067340996254
46.10125993713585 -0.03167163083492297
46.107401858257234 -0.03412100000204502
46.113543779378624 -0.03664892324013366
46.119685700500014 -0.039248603856710904
46.1258276216214 -0.041912357391174805
46.13196954274279 -0.04463161110312346
46.13811146386418 -0.04739691285197451
46.14425338498556 -0.0501979497528384
46.15039530610695 -0.05302357690003385
46.15653722722834 -0.0558618563448834
46.162679148349724 -0.05870010639969374
46.168821069471115 -0.061524961216587494
46.174962990592505 -0.06432244045984324
46.18110491171389 -0.06707802875556479
46.18724683283528 -0.06977676446494326
46.19338875395667 -0.07240333718931793
46.19953067507805 -0.07494219327896663
46.20567259619944 -0.07737764848534828
46.211814517320825 -0.07969400677063625
46.217956438442215 -0.0818756841709942
46.224098359563605 -0.08390733650321792
46.23024028068499 -0.08577398961002057
46.23638220180638 -0.08746117075914428
46.24252412292777 -0.08895503974723719
46.24866604404915 -0.0902425182124644
46.25480796517054 -0.09131141563137685
46.26094988629193 -0.09215055046671188
46.267091807413316 -0.0927498649444164
46.273233728534706 -0.09310053197097014
46.27937564965609 -0.09319505275650644
46.28551757077748 -0.09302734378550769
46.29165949189887 -0.0925928118749908
46.29780141302025 -0.09188841617969801
46.30394333414164 -0.0909127161442173
46.31008525526303 -0.08966590456204766
46.316227176384416 -0.0881498250798383
46.322369097505806 -0.08636797367938415
46.3285110186272 -0.0843254838779004
46.33465293974858 -0.08202909560560061
46.34079486086997 -0.0794871079452078
46.34693678199136 -0.07670931614677198
46.35307870311274 -0.07370693355875402
46.35922062423413 -0.07049249933826442
46.36536254535552 -0.06707977301489318
46.37150446647691 -0.06348361717904272
46.3776463875983 -0.05971986974265153
46.38378830871968 -0.055805207373352136
46.38993022984107 -0.05175700182887019
46.39607215096246 -0.04759317101368019
46.402214072083844 -0.04333202664227527
46.408355993205234 -0.03899212042147902
46.414497914326624 -0.03459209065743064
46.42063983544801 -0.030150511151624166
46.4267817565694 -0.025685744176100308
46.43292367769078 -0.021215799212766815
46.43906559881217 -0.016758199008920234
46.44520751993356 -0.012329854344208276
46.451349441054944 -0.007946948727669914
46.457491362176334 -0.0036248340519703733
46.463633283297725 0.0006220619696605325
46.46977520441911 0.004780315964989074
46.4759171255405 0.008837576250934318
46.48205904666189 0.01278261715895732
46.48820096778327 0.016605380322292144
46.49434288890466 0.020297003091284314
46.50048481002605 0.02384983440937583
46.506626731147435 0.027257438630673095
46.512768652268825 0.030514587888687852
46.51891057339021 0.03361724373363048
46.5250524945116 0.03656252884201234
46.53119441563299 0.03934868966728979
46.53733633675437 0.04197505094450589
46.54347825787576 0.044441962986319195
46.54962017899715 0.046750742713917486
46.555762100118535 0.048903609355788316
46.561904021239926 0.05090361572208509
46.568045942361316 0.052754575924475154
46.5741878634827 0.0544609903630234
46.58032978460409 0.05602796874501352
46.58647170572547 0.05746115183776789
46.59261362684686 0.0587666325905172
46.59875554796825 0.05995087719114147
46.604897469089636 0.06102064655389419
46.611039390211026 0.06198291866568629
46.617181311332416 0.062844812152573
46.6233232324538 0.06361351136601087
46.62946515357519 0.06429619323136242
46.63560707469658 0.06489995604991423
46.64174899581796 0.06543175040107699
46.64789091693935 0.06589831225408835
46.65403283806074 0.06630609836883566
46.66017475918213 0.06666122404363511
46.66631668030352 0.06696940325414709
46.6724586014249 0.0672358912220517
46.67860052254629 0.06746542945451874
46.68474244366768 0.06766219330576474
46.69088436478906 0.06782974212958714
46.697026285910454 0.06797097211640393
46.703168207031844 0.06808807193933711
46.70931012815323 0.06818248137057485
46.71545204927462 0.06825485307091726
46.72159397039601 0.0683050178010746
46.72773589151739 0.06833195335193067
46.73387781263878 0.06833375754156369
46.740019733760164 0.0683076256780272
46.746161654881554 0.0682498329373904
46.752303576002944 0.06815572215500942
46.75844549712433 0.06801969757272737
46.76458741824572 0.06783522512426435
46.77072933936711 0.06759483987365254
46.77687126048849 0.0672901612454705
46.78301318160988 0.06691191669913114
46.78915510273127 0.0664499745007198
46.795297023852655 0.06589338623309333
46.801438944974045 0.065230439656499
46.807580866095435 0.06444872248614679
46.81372278721682 0.06353519758850446
46.81986470833821 0.06247629001333581
46.82600662945959 0.06125798617256221
46.83214855058098 0.059865945349151364
46.83829047170237 0.05828562356913307
46.844432392823755 0.05650240969745512
46.850574313945145 0.0545017734244215
46.856716235066536 0.05226942459497425
46.86285815618792 0.04979148309990357
46.86900007730931 0.0470546582987171
46.8751419984307 0.04404643668156743
46.88128391955208 0.040755276206359825
46.88742584067347 0.03717080547176042
46.893567761794856 0.0332840256128677
46.899709682916246 0.029087512540159847
46.905851604037636 0.02457561689099677
46.91199352515902 0.019744658834048204
46.91813544628041 0.014593114668559191
46.9242773674018 0.009121792000636174
46.93041928852318 0.003333990166071073
46.93656120964457 -0.002764357488336668
46.94270313076596 -0.009164562847874634
46.948845051887346 -0.015855087105805864
46.95498697300874 -0.022821472830998373
46.96112889413013 -0.03004630695786593
46.96727081525151 -0.037509217319676866
46.9734127363729 -0.04518690495566542
46.97955465749428 -0.05305321395294845
46.98569657861567 -0.06107924004091011
46.991838499737064 -0.06923347854618335
46.99798042085845 -0.07748201165072333
47.00412234197984 -0.08578873418675804
47.01026426310123 -0.09411561646569365
47.01640618422261 -0.10242300189053581
47.022548105344 -0.11066993636188391
47.02869002646539 -0.11881452577568538
47.034831947586774 -0.12681431724674616
47.040973868708164 -0.13462669909522476
47.04711578982955 -0.142209314122448
47.05325771095094 -0.14952048029406287
47.05939963207233 -0.15651961265703668
47.06554155319371 -0.16316764015311905
47.0716834743151 -0.16942741096257394
47.07782539543649 -0.17526408012141292
47.083967316557874 -0.18064547340206016
47.090109237679265 -0.18554242182617156
47.096251158800655 -0.18992906167981383
47.10239307992204 -0.19378309551230335
47.10853500104343 -0.19708601030440262
47.11467692216482 -0.19982324977023833
47.1208188432862 -0.2019843385894194
47.12696076440759 -0.2035629572294687
47.133102685528975 -0.20455696689163586
47.139244606650365 -0.20496838497381398
47.145386527771755 -0.20480331227230453
47.15152844889314 -0.20407181392117446
47.15767037001453 -0.20278775677801208
47.16381229113592 -0.20096860659493646
47.1699542122573 -0.19863518885380516
47.17609613337869 -0.1958114175878397
47.18223805450008 -0.19252399685466132
47.188379975621466 -0.188802099767239
47.194521896742856 -0.1846770301312786
47.20066381786424 -0.18018187178429104
47.20680573898563 -0.1753511306889756
47.21294766010702 -0.17022037470895987
47.2190895812284 -0.16482587579698443
47.22523150234979 -0.15920425906323687
47.23137342347118 -0.15339216287425528
47.237515344592566 -0.1474259137700765
47.243657265713956 -0.1413412195882627
47.24979918683535 -0.13517288375708011
47.25594110795673 -0.12895454327486144
47.26208302907812 -0.1227184324362866
47.26822495019951 -0.11649517390641846
47.27436687132089 -0.11031359828665718
47.28050879244228 -0.10420059286952632
47.28665071356367 -0.09818097984723631
47.29279263468506 -0.09227742382754817
47.29893455580645 -0.08651036812420647
47.30507647692783 -0.08089799893255055
47.31121839804922 -0.07545623617732541
47.31736031917061 -0.07019874953242097
47.323502240291994 -0.06513699786372584
47.329644161413384 -0.06028029013823145
47.335786082534774 -0.05563586567615341
47.34192800365616 -0.05120899149851961
47.34806992477755 -0.04700307444001124
47.35421184589893 -0.04301978565482054
47.36035376702032 -0.03925919514011767
47.36649568814171 -0.03571991393492203
47.372637609263094 -0.03239924171883035
47.378779530384485 -0.02929331763156577
47.384921451505875 -0.02639727225683754
47.39106337262726 -0.0237053788583241
47.39720529374865 -0.021211202117338093
47.40334721487004 -0.018907742796503747
47.40948913599142 -0.01678757693719607
47.41563105711281 -0.0148429883863608
47.4217729782342 -0.013066093636717586
47.427914899355585 -0.011448958149625694
47.434056820476975 -0.009983703508868945
47.44019874159836 -0.008662604923530012
47.44634066271975 -0.007478178756678525
47.45248258384114 -0.006423259902043233
47.45862450496252 -0.005491068961823612
47.46476642608391 -0.004675269294556921
47.4709083472053 -0.003970014102091668
47.477050268326686 -0.0033699838092675883
47.483192189448076 -0.0028704140593198836
47.489334110569466 -0.002467114703023148
47.49547603169085 -0.0021564802011761106
47.50161795281224 -0.0019354918894794887
47.50775987393362 -0.0018017125735421172
47.51390179505501 -0.0017532739311783463
47.5200437161764 -0.0017888572009931833
47.526185637297786 -0.0019076676320025697
47.532327558419176 -0.0021094031604168622
47.53846947954057 -0.0023942177682106844
47.54461140066195 -0.0027626799651891227
47.55075332178334 -0.0032157268233408724
47.55689524290473 -0.0037546139805235378
47.56303716402611 -0.004380862021023917
47.5691790851475 -0.00509619963421328
47.575321006268894 -0.005902503950038286
47.58146292739028 -0.00680173845196305
47.58760484851167 -0.007795888874549548
47.59374676963306 -0.00888689750418036
47.59988869075444 -0.0100765963173741
47.60603061187583 -0.011366639411419818
47.612172532997214 -0.012758435206087042
47.618314454118604 -0.014253078922218311
47.624456375239994 -0.015851285872206067
47.63059829636138 -0.017553326127538373
47.63674021748277 -0.019358961158611923
47.64288213860416 -0.021267383070464746
47.64902405972554 -0.02327715708355801
47.65516598084693 -0.02538616792977956
47.661307901968314 -0.027591570848945833
47.667449823089704 -0.029889747878802077
47.673591744211095 -0.03227627013051785
47.67973366533248 -0.03474586673067351
47.68587558645387 -0.03729240108870099
47.69201750757526 -0.03990885511480366
47.69815942869664 -0.04258732196694156
47.70430134981803 -0.045319007846219235
47.71044327093942 -0.04809424328793338
47.716585192060805 -0.05090250431094787
47.722727113182195 -0.053732443691603494
47.728869034303585 -0.05657193252099969
47.73501095542497 -0.05940811208747727
47.74115287654636 -0.0622274560010284
47.74729479766775 -0.06501584234495436
47.75343671878913 -0.06775863550437251
47.75957863991052 -0.07044077718328007
47.765720561031905 -0.07304688598405527
47.771862482153296 -0.07556136478780455
47.778004403274686 -0.07796851504312692
47.78414632439607 -0.08025265694690989
47.79028824551746 -0.08239825438583222
47.79643016663885 -0.08439004340336977
47.80257208776023 -0.08621316286615587
47.80871400888162 -0.08785328592727422
47.814855930003006 -0.08929675082400905
47.820997851124396 -0.09053068950512787
47.827139772245786 -0.09154315255913568
47.83328169336717 -0.09232322891112625
47.83942361448856 -0.09286115877271323
47.84556553560995 -0.09314843836768376
47.85170745673133 -0.0931779150158834
47.85784937785272 -0.09294387123960869
47.86399129897411 -0.09244209666032834
47.8701332200955 -0.09166994657843654
47.87627514121689 -0.09062638627419223
47.88241706233828 -0.08931202023278526
47.88855898345966 -0.08772910567892406
47.89470090458105 -0.08588155000434593
47.90084282570244 -0.08377489188253939
47.906984746823824 -0.08141626608558356
47.913126667945214 -0.07881435224478701
47.9192685890666 -0.07597930802568154
47.92541051018799 -0.07292268741451921
47.93155243130938 -0.0696573450332175
47.93769435243076 -0.06619732760788194
47.94383627355215 -0.06255775390807934
47.94997819467354 -0.05875468464541453
47.956120115794924 -0.05480498396659975
47.962262036916314 -0.05072617429459078
47.9684039580377 -0.04653628635854937
47.97454587915909 -0.04225370630724984
47.98068780028048 -0.03789702181994197
47.98682972140186 -0.033484869113159024
47.99297164252325 -0.029035782692324406
47.99911356364464 -0.024568049614757434
48.005255484766025 -0.020099569918279957
48.011397405887415 -0.015647724730392925
48.017539327008805 -0.011229253410773852
48.02368124813019 -0.006860140899065526
48.02982316925158 -0.002555516245419452
48.03596509037297 0.0016704369020873163
48.04210701149435 0.0058045572862569445
48.04824893261574 0.009834770145111046
48.05439085373713 0.013750138271850221
48.060532774858515 0.017540900061744573
48.066674695979906 0.02119849475534073
48.07281661710129 0.024715575249379874
48.07895853822268 0.02808600899043795
48.08510045934407 0.03130486758980563
48.09124238046545 0.03436840590060899
48.09738430158684 0.03727403137915115
48.10352622270823 0.040020264612183616
48.109668143829616 0.04260669193097455
48.115810064951006 0.045033911052747504
48.12195198607239 0.047303470691842715
48.12809390719378 0.0494178050685656
48.13423582831517 0.05138016421509664
48.14037774943655 0.05319454093716545
48.14651967055794 0.054865595239573524
48.15266159167933 0.056398576965259406
48.158803512800716 0.057799247333524595
48.16494543392211 0.05907379999530329
48.1710873550435 0.060228782153847624
48.17722927616488 0.061271016229637196
48.18337119728627 0.06220752248030868
48.18951311840766 0.06304544292132415
48.19565503952904 0.06379196683216524
48.201796960650434 0.06445425807714439
48.207938881771824 0.06503938442030506
48.21408080289321 0.0655542489710432
48.2202227240146 0.06600552386161228
48.22636464513598 0.06639958622993722
48.23250656625737 0.06674245656138776
48.23864848737876 0.06703973943155939
48.244790408500144 0.0672965666885257
48.250932329621534 0.06751754311745896
48.257074250742924 0.06770669464262627
48.26321617186431 0.06786741914117551
48.2693580929857 0.06800243996941716
48.27550001410708 0.06811376233481334
48.28164193522847 0.0682026326848876
48.28778385634986 0.06826950132705527
48.293925777471244 0.06831398853983976
48.300067698592635 0.06833485448522149
48.306209619714025 0.06832997328270332
48.31235154083541 0.06829631165681846
48.3184934619568 0.0682299126199743
48.32463538307819 0.06812588470018048
48.33077730419957 0.06797839726680537
48.33691922532096 0.06778068254548707
48.34306114644235 0.06752504494391703
48.349203067563735 0.06720287833166834
48.355344988685125 0.0668046919278503
48.361486909806516 0.0663201454482767
48.3676288309279 0.06573809414727784
48.37377075204929 0.065046644356646
48.37991267317067 0.06423322007380754
48.38605459429206 0.0632846410817244
48.39219651541345 0.06218721299309599
48.398338436534836 0.06092682950002897
48.404480357656226 0.059489086976962924
48.410622278777616 0.057859411428918615
48.416764199899 0.05602319759928211
48.42290612102039 0.05396595985210904
48.42904804214177 0.05167349422458621
48.43518996326316 0.04913205080779696
48.44133188438455 0.046328515361016204
48.447473805505936 0.04325059879977231
48.453615726627326 0.0398870329251358
48.45975764774872 0.03622777048609106
48.4658995688701 0.032264187394221544
48.47204148999149 0.02798928464681173
48.47818341111288 0.02339788726800662
48.48432533223426 0.01848683735561022
48.490467253355654 0.013255178131545794
48.496609174477044 0.007704325745259576
48.50275109559843 0.0018382254797237251
48.50889301671982 -0.0043365110328747285
48.51503493784121 -0.010810490956787284
48.52117685896259 -0.017571451037925293
48.52731878008398 -0.024604197138020426
48.533460701205364 -0.03189057537856661
48.539602622326754 -0.039409477425491946
48.545744543448144 -0.04713688203489403
48.55188646456953 -0.05504593449165939
48.55802838569092 -0.063107065012121
48.56417030681231 -0.07128814655725992
48.57031222793369 -0.07955469182525696
48.57645414905508 -0.08787008847498383
48.582596070176464 -0.09619587089094056
48.588737991297855 -0.10449202605280748
48.594879912419245 -0.11271733033834598
48.60102183354063 -0.1208297133865076
48.60716375466202 -0.12878664449851224
48.61330567578341 -0.13654553647765677
48.61944759690479 -0.14406416132187272
48.62558951802618 -0.15130107180276164
48.63173143914757 -0.15821602270431298
48.637873360268955 -0.1647703853638614
48.644015281390345 -0.17092754916344807
48.650157202511735 -0.17665330376376
48.65629912363312 -0.1819161961531858
48.66244104475451 -0.18668785699502918
48.6685829658759 -0.19094329128617235
48.67472488699728 -0.19466112897654358
48.68086680811867 -0.19782383192357655
48.68700872924006 -0.20041785434989118
48.693150650361446 -0.2024337548144939
48.699292571482836 -0.20386625857583832
48.70543449260422 -0.20471427009695028
48.71157641372561 -0.20498083629716365
48.717718334847 -0.20467306197190835
48.72386025596838 -0.2038019795636503
48.73000217708977 -0.20238237615824495
48.736144098211156 -0.20043258118933535
48.742286019332546 -0.19797421884983554
48.74842794045394 -0.19503192962790142
48.75456986157532 -0.19163306570224095
48.76071178269671 -0.18780736514795981
48.7668537038181 -0.18358661002187632
48.77299562493948 -0.17900427342001823
48.77913754606087 -0.1740951605361353
48.785279467182264 -0.16889504860632587
48.79142138830365 -0.1634403304099384
48.79756330942504 -0.15776766571991338
48.80370523054643 -0.15191364476618946
48.80984715166781 -0.14591446740314007
48.8159890727892 -0.13980564126530962
48.82213099391059 -0.1336217017638591
48.828272915031974 -0.12739595632742068
48.834414836153364 -0.1211602548331849
48.840556757274754 -0.1149447877143281
48.84669867839614 -0.10877791277501463
48.85284059951753 -0.10268601130025183
48.85898252063891 -0.09669337362056121
48.8651244417603 -0.0908221138858974
48.87126636288169 -0.085092113423987
48.877408284003074 -0.07952099170956949
48.883550205124465 -0.0741241036562292
48.889692126245855 -0.06891456166469422
48.89583404736724 -0.06390328062292433
48.90197596848863 -0.05909904385559869
48.90811788961001 -0.05450858786474595
48.9142598107314 -0.05013670358942966
48.92040173185279 -0.04598635184000804
48.926543652974175 -0.04205879053039623
48.932685574095565 -0.03835371133790624
48.938827495216955 -0.03486938346212709
48.94496941633834 -0.031602802228769274
48.95111133745973 -0.028549840387791542
48.95725325858112 -0.025705400083504436
48.9633951797025 -0.023063563623439243
48.96953710082389 -0.020617741338185204
48.97567902194528 -0.018360815001736787
48.981820943066666 -0.016285275466809915
48.987962864188056 -0.014383353357940679
48.994104785309446 -0.01264714185311238
49.00024670643083 -0.011068710768640959
49.00638862755222 -0.00964021133900001
49.0125305486736 -0.008353971250539083
49.01867246979499 -0.007202579643467152
49.02481439091638 -0.0061789619384149735
49.030956312037766 -0.0052764444711205566
49.037098233159156 -0.004488809030656466
49.04324015428055 -0.003810337492839577
49.04938207540193 -0.0032358468211719665
49.05552399652332 -0.002760714773395318
49.0616659176447 -0.0023808967032858007
49.06780783876609 -0.0020929338857340342
49.07394975988748 -0.001893953819794457
49.08009168100887 -0.0017816629805871627
49.08623360213026 -0.0017543324983377345
49.09237552325165 -0.00181077724298722
49.09851744437303 -0.0019503287873163422
49.10465936549442 -0.00217280271204473
49.11080128661581 -0.0024784607043794797
49.116943207737194 -0.0028679678884422606
49.123085128858584 -0.0033423458132735527
49.129227049979974 -0.003902921512837322
49.13536897110136 -0.004551273043658517
49.14151089222275 -0.005289171900308605
49.14765281334414 -0.006118522707526874
49.15379473446552 -0.007041300590787797
49.15993665558691 -0.008059486634885746
49.166078576708294 -0.009175001852605443
49.172220497829684 -0.010389640102605655
49.178362418951075 -0.011705000416930567
49.18450434007246 -0.013122419223406326
49.19064626119385 -0.014642902975878773
49.19678818231524 -0.01626706173478576
49.20293010343662 -0.01799504427082145
49.20907202455801 -0.019826475294204005
49.215213945679395 -0.021760395439905857
49.221355866800785 -0.023795204663708783
49.227497787922175 -0.025928609723650232
49.23363970904356 -0.02815757643480943
49.23978163016495 -0.030478287391057568
49.24592355128634 -0.03288610584399725
49.25206547240772 -0.035375546415651715
49.25820739352911 -0.0379402532965259
49.2643493146505 -0.04057298654364468
49.270491235771885 -0.043265617043548615
49.276633156893276 -0.0460091306427604
49.282775078014666 -0.04879364187298597
49.28891699913605 -0.051608417610682585
49.29505892025744 -0.05444191091133744
49.30120084137883 -0.05728180514888976
49.30734276250021 -0.06011506847154211
49.3134846836216 -0.06292801845835257
49.319626604742986 -0.0657063967283207
49.325768525864376 -0.06843545311721383
49.331910446985766 -0.0711000388992885
49.33805236810715 -0.07368470839360994
49.34419428922854 -0.07617382816014508
49.35033621034993 -0.07855169286148124
49.35647813147131 -0.08080264674412188
49.3626200525927 -0.08291120958095316
49.368761973714086 -0.08486220581565744
49.37490389483548 -0.086640895562418
49.38104581595687 -0.08823310604190236
49.38718773707825 -0.08962536197873547
49.39332965819964 -0.09080501344782248
49.39947157932103 -0.09176035963811287
49.40561350044241 -0.0924807670036788
49.411755421563804 -0.09295678029411358
49.417897342685194 -0.09318022499981325
49.42403926380658 -0.09314429981303814
49.43018118492797 -0.09284365779288545
49.43632310604936 -0.09227447503123973
49.44246502717074 -0.0914345057468784
49.44860694829213 -0.09032312288532647
49.45474886941352 -0.08894134347143488
49.460890790534904 -0.0872918381482156
49.467032711656294 -0.08537892453696146
49.47317463277768 -0.08320854426731844
49.47931655389907 -0.08078822374847815
49.48545847502046 -0.07812701898037001
49.49160039614184 -0.07523544493243098
49.49774231726323 -0.07212539024288611
49.50388423838462 -0.06881001820879405
49.510026159506005 -0.06530365524169267
49.516168080627395 -0.0616216681509646
49.52231000174878 -0.057780331782607566
49.52845192287017 -0.0537966886809619
49.53459384399156 -0.0496884025518018
49.54073576511294 -0.04547360738418023
49.54687768623433 -0.04117075413377512
49.55301960735572 -0.0367984568811195
49.559161528477105 -0.032375340353951815
49.565303449598495 -0.027919890644950016
49.571445370719886 -0.023450310866064847
49.57758729184127 -0.018984383361217962
49.58372921296266 -0.014539339953767116
49.58987113408405 -0.010131741537855884
49.59601305520543 -0.005777368138085432
49.60215497632682 -0.001491120364767222
49.60829689744821 0.002713067012753912
49.614438818569596 0.006822298859633093
49.620580739690986 0.010824780526101403
49.62672266081237 0.014709865644015963
49.63286458193376 0.01846809094657829
49.63900650305515 0.022091198362707346
49.64514842417653 0.025572144795181932
49.65129034529792 0.028905100130359955
49.65743226641931 0.0320854341456191
49.663574187540696 0.035109693077778906
49.66971610866209 0.03797556669139142
49.67585802978347 0.04068184674028824
49.68199995090486 0.04322837774995018
49.68814187202625 0.04561600106333005
49.69428379314763 0.04784649309033073
49.700425714269024 0.04992249868300029
49.706567635390414 0.05184746052670396
49.7127095565118 0.05362554539416693
49.71885147763319 0.0552615680565204
49.72499339875458 0.05676091358547865
49.73113531987596 0.05812945871559857
49.73727724099735 0.05937349286722215
49.74341916211874 0.060499639361024204
49.749561083240124 0.06151477728576766
49.755703004361514 0.06242596441346566
49.761844925482905 0.06324036149200524
49.76798684660429 0.06396515818556732
49.77412876772568 0.06460750087892767
49.78027068884706 0.06517442251374436
49.78641260996845 0.06567277458388163
49.79255453108984 0.06610916138327373
49.798696452211225 0.06648987657403681
49.804838373332615 0.06682084212483107
49.810980294454005 0.06710754965986526
49.81712221557539 0.0673550042573763
49.82326413669678 0.06756767074279853
49.82940605781816 0.06774942253581866
49.83554797893955 0.0679034931316729
49.84168990006094 0.0680324303249772
49.847831821182325 0.06813805331829198
49.853973742303715 0.06822141289694282
49.860115663425105 0.06828275489539276
49.86625758454649 0.06832148722773566
49.87239950566788 0.06833615080466508
49.87854142678927 0.06832439471031442
49.88468334791065 0.06828295606338158
49.89082526903204 0.06820764503663708
49.89696719015343 0.06809333555571032
49.903109111274816 0.067933962240383
49.909251032396206 0.06772252418792281
49.915392953517596 0.06745109622646767
49.92153487463898 0.0671108482853709
49.92767679576037 0.0666920735370231
49.93381871688175 0.06618422595912658
49.93996063800314 0.06557596794595809
49.94610255912453 0.0648552285602483
49.952244480245916 0.0640092729622018
49.95838640136731 0.06302478347765204
49.9645283224887 0.06188795267210079
49.97067024361008 0.06058458868054847
49.97681216473147 0.05910023290406583
49.98295408585285 0.05742029002276941
49.98909600697424 0.055530170091566515
49.995237928095634 0.05341544228064596
50.00137984921702 0.051061999598575526
50.00752177033841 0.04845623369426123
50.0136636914598 0.045585218577719265
50.01980561258118 0.04243690183225463
50.02594753370257 0.039000301616656956
50.03208945482396 0.03526570748059158
50.038231375945344 0.03122488274547399
50.044373297066734 0.02687126594346019
50.050515218188124 0.022200168566078718
50.05665713930951 0.017208966159326468
50.0627990604309 0.011897279621914275
50.06894098155229 0.0062671434261122524
50.07508290267367 0.0003231573945591507
50.08122482379506 -0.005927381360717505
50.087366744916444 -0.012474369691776654
50.093508666037835 -0.019304816104040053
50.099650587159225 -0.02640278793619157
50.10579250828061 -0.03374939081669377
50.111934429402 -0.041322782832731685
50.11807635052339 -0.049098225416907414
50.12421827164477 -0.057048172449831513
50.13036019276616 -0.0651423984992155
50.136502113887545 -0.07334816647704157
50.142644035008935 -0.08163043430742917
50.148785956130325 -0.08995209947311365
50.15492787725171 -0.09827427956404255
50.1610697983731 -0.10655662620570266
50.16721171949449 -0.11475766901658888
50.17335364061587 -0.12283518555368356
50.17949556173726 -0.13074659257195717
50.18563748285865 -0.1384493533678386
50.191779403980036 -0.14590139551504494
50.197921325101426 -0.15306153294968342
50.204063246222816 -0.1598898861326816
50.2102051673442 -0.16634829392057002
50.21634708846559 -0.1724007108158159
50.22248900958698 -0.1780135834463642
50.22863093070836 -0.183156200437687
50.23477285182975 -0.18780101028220286
50.240914772951136 -0.19192390236907603
50.247056694072526 -0.1955044469973575
50.25319861519392 -0.1985260909394901
50.2593405363153 -0.20097630593026597
