time TPR_both_B_open_145_rho11
904.7786842338604 0.5025512462633064
904.7848261549818 0.502551208905744
904.7909680761032 0.5025510803936224
904.7971099972245 0.5025508663859094
904.803251918346 0.5025505732132001
904.8093938394674 0.5025502078302216
904.8155357605888 0.5025497777628598
904.8216776817102 0.5025492910500376
904.8278196028315 0.5025487561808051
904.8339615239529 0.502548182027032
904.8401034450743 0.5025475777721308
904.8462453661957 0.5025469528362521
904.852387287317 0.5025463167984322
904.8585292084384 0.5025456793161847
904.8646711295598 0.5025450500430506
904.8708130506812 0.5025444385446386
904.8769549718027 0.5025438542136939
904.883096892924 0.5025433061847515
904.8892388140454 0.5025428032489303
904.8953807351668 0.5025423537694289
904.9015226562882 0.502541965598285
904.9076645774096 0.5025416459949564
904.9138064985309 0.5025414015472723
904.9199484196523 0.5025412380952988
904.9260903407737 0.502541160658644
904.9322322618951 0.5025411733677142
904.9383741830165 0.5025412793994151
904.9445161041378 0.5025414809177648
904.9506580252593 0.502541779019866
904.9567999463807 0.5025421736876508
904.9629418675021 0.5025426637457892
904.9690837886234 0.5025432468261086
904.9752257097448 0.5025439193388487
904.9813676308662 0.5025446764510284
904.9875095519876 0.5025455120721698
904.993651473109 0.5025464188475812
904.9997933942303 0.5025473881593562
905.0059353153517 0.5025484101352091
905.0120772364731 0.5025494736652163
905.0182191575946 0.5025505664264927
905.024361078716 0.5025516749157855
905.0305029998373 0.5025527844899201
905.0366449209587 0.5025538794139924
905.0427868420801 0.5025549429171497
905.0489287632015 0.5025559572557656
905.0550706843229 0.5025569037837613
905.0612126054442 0.502557763029791
905.0673545265656 0.5025585147809645
905.073496447687 0.5025591381727345
905.0796383688084 0.5025596117845504
905.0857802899299 0.5025599137408294
905.0919222110512 0.502560021816773
905.0980641321726 0.5025599135485184
905.104206053294 0.5025595663470889
905.1103479744154 0.5025589576155777
905.1164898955367 0.5025580648689797
905.1226318166581 0.5025568658560613
905.1287737377795 0.5025553386826456
905.1349156589009 0.5025534619356697
905.1410575800223 0.5025512148073705
905.1471995011436 0.5025485772189346
905.153341422265 0.5025455299429603
905.1594833433865 0.5025420547240624
905.1656252645079 0.5025381343969719
905.1717671856293 0.5025337530014728
905.1779091067506 0.5025288958935448
905.184051027872 0.5025235498520798
905.1901929489934 0.5025177031805723
905.1963348701148 0.5025113458031926
905.2024767912362 0.5025044693546837
905.2086187123575 0.5024970672635489
905.2147606334789 0.5024891348280232
905.2209025546003 0.5024806692843624
905.2270444757218 0.502471669867013
905.233186396843 0.5024621378602677
905.2393283179645 0.5024520766410534
905.2454702390859 0.5024414917125375
905.2516121602073 0.5024303907282865
905.2577540813287 0.5024187835067561
905.26389600245 0.5024066820359385
905.2700379235714 0.5023941004680451
905.2761798446928 0.5023810551041463
905.2823217658142 0.5023675643687464
905.2884636869356 0.50235364877432
905.2946056080569 0.5023393308758852
905.3007475291784 0.5023246352157427
905.3068894502998 0.5023095882585548
905.3130313714212 0.5022942183169969
905.3191732925426 0.5022785554682488
905.3253152136639 0.5022626314616543
905.3314571347853 0.5022464796179119
905.3375990559067 0.50223013472021
905.3437409770281 0.5022136328977597
905.3498828981494 0.502197011502216
905.3560248192708 0.5021803089775193
905.3621667403922 0.502163564723721
905.3683086615137 0.50214681895539
905.3744505826351 0.5021301125552244
905.3805925037564 0.502113486923523
905.3867344248778 0.5020969838241868
905.3928763459992 0.5020806452279483
905.3990182671206 0.5020645131535352
905.405160188242 0.5020486295074915
905.4113021093633 0.5020330359233888
905.4174440304847 0.5020177736011608
905.4235859516061 0.5020028831473029
905.4297278727275 0.5019884044166686
905.435869793849 0.5019743763565981
905.4420117149702 0.501960836854094
905.4481536360917 0.5019478225867575
905.4542955572131 0.501935368878174
905.4604374783345 0.5019235095584199
905.4665793994558 0.50191227683034
905.4727213205772 0.5019017011422168
905.4788632416986 0.5018918110674254
905.48500516282 0.5018826331916325
905.4911470839414 0.5018741920080649
905.4972890050627 0.5018665098213346
905.5034309261841 0.5018596066602669
905.5095728473055 0.5018535002001336
905.515714768427 0.5018482056946544
905.5218566895484 0.5018437359180737
905.5279986106697 0.5018401011175835
905.5341405317911 0.5018373089763026
905.5402824529125 0.5018353645869814
905.5464243740339 0.5018342704365429
905.5525662951553 0.5018340264015251
905.5587082162766 0.5018346297544306
905.564850137398 0.5018360751809465
905.5709920585194 0.5018383548079354
905.5771339796408 0.5018414582420558
905.5832759007621 0.5018453726188147
905.5894178218836 0.5018500826618042
905.595559743005 0.5018555707518325
905.6017016641264 0.501861817005604
905.6078435852478 0.5018687993635648
905.6139855063691 0.5018764936864827
905.6201274274905 0.5018848738602925
905.6262693486119 0.5018939119086964
905.6324112697333 0.5019035781129767
905.6385531908547 0.50191384113844
905.644695111976 0.5019246681668864
905.6508370330974 0.5019360250344691
905.6569789542189 0.5019478763742825
905.6631208753403 0.5019601857630025
905.6692627964617 0.5019729158708788
905.675404717583 0.5019860286143725
905.6815466387044 0.5019994853107168
905.6876885598258 0.5020132468336759
905.6938304809472 0.5020272737697713
905.6999724020686 0.502041526574252
905.7061143231899 0.502055965726082
905.7122562443113 0.5020705518812331
905.7183981654327 0.5020852460235812
905.7245400865542 0.5021000096127182
905.7306820076755 0.5021148047280148
905.7368239287969 0.502129594208286
905.7429658499183 0.5021443417864416
905.7491077710397 0.5021590122185317
905.7552496921611 0.5021735714066251
905.7613916132824 0.5021879865149985
905.7675335344038 0.5022022260791443
905.7736754555252 0.5022162601071506
905.7798173766466 0.5022300601730423
905.785959297768 0.5022435995017195
905.7921012188893 0.5022568530451714
905.7982431400108 0.5022697975496895
905.8043850611322 0.5022824116138547
905.8105269822536 0.5022946757371171
905.816668903375 0.5023065723588366
905.8228108244963 0.502318085887705
905.8289527456177 0.5023292027215137
905.8350946667391 0.5023399112572867
905.8412365878605 0.5023502018918424
905.8473785089818 0.5023600670128969
905.8535204301032 0.5023695009808722
905.8596623512246 0.5023785001016134
905.865804272346 0.5023870625902681
905.8719461934675 0.5023951885266218
905.8780881145888 0.5024028798022271
905.8842300357102 0.5024101400596999
905.8903719568316 0.5024169746245977
905.896513877953 0.5024233904303256
905.9026557990744 0.5024293959365513
905.9087977201957 0.502435001041637
905.9149396413171 0.5024402169896246
905.9210815624385 0.5024450562723332
905.9272234835599 0.5024495325271497
905.9333654046814 0.5024536604311085
905.9395073258027 0.502457455591871
905.9456492469241 0.5024609344362302
905.9517911680455 0.5024641140967633
905.9579330891669 0.5024670122972722
905.9640750102882 0.5024696472376396
905.9702169314096 0.5024720374787347
905.976358852531 0.5024742018279901
905.9825007736524 0.5024761592262654
905.9886426947738 0.5024779286365991
905.9947846158951 0.5024795289354328
906.0009265370165 0.5024809788068735
906.007068458138 0.5024822966405386
906.0132103792594 0.5024835004335007
906.0193523003808 0.5024846076968229
906.0254942215021 0.5024856353671459
906.0316361426235 0.5024865997237503
906.0377780637449 0.5024875163114925
906.0439199848663 0.5024883998699622
906.0500619059877 0.502489264269184
906.056203827109 0.5024901224521352
906.0623457482304 0.5024909863843153
906.0684876693518 0.5024918670105591
906.0746295904733 0.5024927742192407
906.0807715115945 0.5024937168139709
906.086913432716 0.5024947024928496
906.0930553538374 0.5024957378352822
906.0991972749588 0.5024968282963352
906.1053391960802 0.502497978208552
906.1114811172015 0.5024991907911099
906.1176230383229 0.5025004681661613
906.1237649594443 0.5025018113821507
906.1299068805657 0.5025032204438679
906.1360488016871 0.5025046943489552
906.1421907228084 0.5025062311305489
906.1483326439298 0.5025078279057016
906.1544745650513 0.5025094809292012
906.1606164861727 0.502511185652369
906.1667584072941 0.5025129367863935
906.1729003284154 0.5025147283697333
906.1790422495368 0.5025165538390949
906.1851841706582 0.5025184061034814
906.1913260917796 0.502520277620784
906.1974680129009 0.5025221604763787
906.2036099340223 0.5025240464631828
906.2097518551437 0.5025259271626185
906.2158937762651 0.5025277940259268
906.2220356973866 0.5025296384552789
906.2281776185079 0.5025314518841325
906.2343195396293 0.5025332258562919
906.2404614607507 0.5025349521031381
906.2466033818721 0.5025366226185102
906.2527453029935 0.5025382297307377
906.2588872241148 0.5025397661713406
906.2650291452362 0.5025412251399388
906.2711710663576 0.5025426003649388
906.277312987479 0.5025438861595902
906.2834549086004 0.5025450774730402
906.2895968297217 0.5025461699360428
906.2957387508432 0.5025471599010164
906.3018806719646 0.5025480444761786
906.308022593086 0.5025488215535288
906.3141645142074 0.5025494898304835
906.3203064353287 0.5025500488250145
906.3264483564501 0.5025504988841786
906.3325902775715 0.5025508411859736
906.3387321986929 0.5025510777344924
906.3448741198142 0.5025512113483963
906.3510160409356 0.5025512456427651
906.357157962057 0.5025511850044294
906.3632998831785 0.5025510345609285
906.3694418042999 0.5025508001432787
906.3755837254212 0.5025504882427799
906.3817256465426 0.5025501059621218
906.387867567664 0.502549660961092
906.3940094887854 0.5025491613972215
906.4001514099068 0.5025486158617376
906.4062933310281 0.502548033311224
906.4124352521495 0.5025474229954171
906.4185771732709 0.5025467943815964
906.4247190943923 0.5025461570760442
906.4308610155138 0.5025455207430787
906.437002936635 0.5025448950221766
906.4431448577565 0.5025442894437181
906.4492867788779 0.5025437133439012
906.4554286999993 0.5025431757793773
906.4615706211206 0.5025426854421676
906.467712542242 0.5025422505754225
906.4738544633634 0.5025418788905844
906.4799963844848 0.50254157748651
906.4861383056062 0.5025413527711
906.4922802267275 0.5025412103859754
906.4984221478489 0.5025411551347232
906.5045640689704 0.5025411909152184
906.5107059900918 0.5025413206565106
906.5168479112132 0.5025415462607355
906.5229898323345 0.5025418685504925
906.5291317534559 0.502542287222096
906.5352736745773 0.5025428008050793
906.5414155956987 0.5025434066282943
906.5475575168201 0.5025441007929202
906.5536994379414 0.5025448781526479
906.5598413590628 0.502545732301277
906.5659832801842 0.5025466555679141
906.5721252013057 0.5025476390199217
906.578267122427 0.5025486724737254
906.5844090435484 0.5025497445135381
906.5905509646698 0.5025508425180192
906.5966928857912 0.5025519526948387
906.6028348069126 0.5025530601230725
906.6089767280339 0.5025541488033073
906.6151186491553 0.502555201715291
906.6212605702767 0.5025562008829182
906.6274024913981 0.5025571274462961
906.6335444125195 0.5025579617405965
906.6396863336408 0.5025586833813556
906.6458282547623 0.5025592713558424
906.6519701758837 0.5025597041200849
906.6581120970051 0.5025599597010975
906.6642540181265 0.5025600158038315
906.6703959392478 0.5025598499223268
906.6765378603692 0.5025594394545246
906.6826797814906 0.5025587618201693
906.688821702612 0.5025577945812075
906.6949636237333 0.5025565155640704
906.7011055448547 0.5025549029832134
906.7072474659761 0.5025529355652658
906.7133893870975 0.5025505926731448
906.719531308219 0.5025478544294709
906.7256732293403 0.502544701838626
906.7318151504617 0.5025411169067949
906.7379570715831 0.5025370827593338
906.7440989927045 0.5025325837548187
906.7502409138259 0.5025276055951385
906.7563828349472 0.5025221354310121
906.7625247560686 0.5025161619623278
906.76866667719 0.5025096755327244
906.7748085983114 0.5025026682178599
906.7809505194328 0.5024951339068402
906.7870924405541 0.5024870683763133
906.7932343616756 0.5024784693567682
906.799376282797 0.5024693365906104
906.8055182039184 0.5024596718816339
906.8116601250397 0.5024494791355395
906.8178020461611 0.5024387643912037
906.8239439672825 0.5024275358424388
906.8300858884039 0.5024158038500361
906.8362278095253 0.5024035809439328
906.8423697306466 0.5023908818153878
906.848511651768 0.5023777232991065
906.8546535728894 0.5023641243453011
906.8607954940109 0.5023501059817277
906.8669374151323 0.5023356912657864
906.8730793362536 0.5023209052268266
906.879221257375 0.5023057747988472
906.8853631784964 0.5022903287438292
906.8915050996178 0.5022745975659877
906.8976470207392 0.5022586134172777
906.9037889418605 0.5022424099945314
906.9099308629819 0.502226022428648
906.9160727841033 0.5022094871663013
906.9222147052247 0.5021928418446647
906.9283566263462 0.5021761251596949
906.9344985474675 0.502159376728545
906.9406404685889 0.5021426369467129
906.9467823897103 0.5021259468405563
906.9529243108317 0.5021093479158318
906.959066231953 0.5020928820029388
906.9652081530744 0.5020765910995642
906.9713500741958 0.5020605172114424
906.9774919953172 0.5020447021919565
906.9836339164386 0.5020291875813093
906.9897758375599 0.5020140144460067
906.9959177586813 0.5019992232193864
907.0020596798028 0.5019848535439297
907.0082016009242 0.5019709441160846
907.0143435220456 0.5019575325343162
907.0204854431669 0.5019446551510904
907.0266273642883 0.5019323469294784
907.0327692854097 0.5019206413050461
907.0389112065311 0.5019095700536716
907.0450531276525 0.501899163165908
907.0511950487738 0.5018894487284719
907.0573369698952 0.5018804528134121
907.0634788910166 0.5018721993754741
907.069620812138 0.5018647101581347
907.0757627332594 0.5018580046087457
907.0819046543808 0.5018520998031775
907.0880465755022 0.5018470103803112
907.0941884966236 0.5018427484866796
907.100330417745 0.5018393237315103
907.1064723388663 0.5018367431523741
907.1126142599877 0.5018350111915886
907.1187561811091 0.5018341296834816
907.1248981022305 0.5018340978525614
907.1310400233519 0.5018349123225897
907.1371819444732 0.501836567136505
907.1433238655947 0.5018390537870879
907.1494657867161 0.5018423612582076
907.1556077078375 0.5018464760764471
907.1617496289589 0.5018513823728427
907.1678915500802 0.5018570619544355
907.1740334712016 0.5018634943852811
907.180175392323 0.5018706570765205
907.1863173134444 0.501878525385072
907.1924592345657 0.5018870727204651
907.1986011556871 0.5018962706592955
907.2047430768085 0.5019060890667515
907.21088499793 0.5019164962246224
907.2170269190514 0.5019274589651767
907.2231688401727 0.5019389428102647
907.2293107612941 0.5019509121149863
907.2354526824155 0.5019633302152331
907.2415946035369 0.5019761595784108
907.2477365246583 0.5019893619566241
907.2538784457796 0.5020028985416061
907.260020366901 0.5020167301206614
907.2661622880224 0.5020308172328976
907.2723042091438 0.5020451203250162
907.2784461302653 0.5020595999059438
907.2845880513865 0.5020742166995906
907.290729972508 0.5020889317950392
907.2968718936294 0.5021037067934816
907.3030138147508 0.5021185039512411
907.3091557358721 0.502133286318242
907.3152976569935 0.5021480178713126
907.3214395781149 0.5021626636417403
907.3275814992363 0.5021771898365258
907.3337234203577 0.5021915639528207
907.339865341479 0.5022057548850691
907.3460072626004 0.5022197330244147
907.3521491837218 0.502233470349974
907.3582911048433 0.5022469405116216
907.3644330259647 0.5022601189039773
907.370574947086 0.5022729827313335
907.3767168682074 0.502285511063305
907.3828587893288 0.5022976848810334
907.3890007104502 0.5023094871138304
907.3951426315716 0.5023209026661861
907.4012845526929 0.5023319184351256
907.4074264738143 0.5023425233179402
907.4135683949357 0.5023527082103728
907.4197103160571 0.5023624659953806
907.4258522371784 0.5023717915226489
907.4319941582999 0.5023806815790733
907.4381360794213 0.502389134850475
907.4442780005427 0.5023971518748505
907.4504199216641 0.5024047349875058
907.4565618427854 0.5024118882584592
907.4627037639068 0.5024186174225316
907.4688456850282 0.5024249298025851
907.4749876061496 0.5024308342263927
907.481129527271 0.5024363409376568
907.4872714483923 0.5024414615017205
907.4934133695137 0.5024462087065321
907.4995552906352 0.502450596459452
907.5056972117566 0.5024546396804993
907.511839132878 0.502458354192654
907.5179810539993 0.5024617566098397
907.5241229751207 0.5024648642232132
907.5302648962421 0.5024676948864004
907.5364068173635 0.5024702669003048
907.5425487384849 0.5024725988981239
907.5486906596062 0.5024747097311897
907.5548325807276 0.5024766183562497
907.560974501849 0.5024783437247817
907.5671164229705 0.5024799046749256
907.5732583440918 0.5024813198265917
907.5794002652132 0.5024826074802828
907.5855421863346 0.5024837855201418
907.591684107456 0.5024848713217082
907.5978260285774 0.5024858816648347
907.6039679496987 0.502486832652184
907.6101098708201 0.5024877396336865
907.6162517919415 0.5024886171373072
907.6223937130629 0.5024894788064259
907.6285356341843 0.5024903373440985
907.6346775553056 0.5024912044644206
907.640819476427 0.5024920908511766
907.6469613975485 0.5024930061239089
907.6531033186699 0.5024939588115003
907.6592452397913 0.5024949563333174
907.6653871609126 0.5024960049879176
907.671529082034 0.5024971099492771
907.6776710031554 0.5024982752704559
907.6838129242768 0.502499503894567
907.6899548453981 0.5025007976728821
907.6960967665195 0.5025021573898575
907.7022386876409 0.5025035827948288
907.7083806087624 0.5025050726400819
907.7145225298838 0.502506624724975
907.7206644510051 0.5025082359457473
907.7268063721265 0.5025099023506231
907.7329482932479 0.5025116191997857
907.7390902143693 0.5025133810297743
907.7452321354907 0.5025151817218261
907.751374056612 0.5025170145736718
907.7575159777334 0.5025188723742686
907.7636578988548 0.502520747480944
907.7697998199762 0.5025226318984088
907.7759417410977 0.5025245173590935
907.782083662219 0.5025263954042503
907.7882255833404 0.5025282574652686
907.7943675044618 0.5025300949446492
907.8005094255832 0.5025318992960872
907.8066513467045 0.5025336621031237
907.8127932678259 0.5025353751558368
907.8189351889473 0.5025370305250575
907.8250771100687 0.5025386206336127
907.8312190311901 0.5025401383241195
907.8373609523114 0.5025415769228797
907.8435028734328 0.502542930299444
907.8496447945543 0.5025441929214532
907.8557867156757 0.5025453599043871
907.8619286367971 0.5025464270558871
907.8680705579184 0.5025473909143577
907.8742124790398 0.5025482487815837
907.8803544001612 0.5025489987491419
907.8864963212826 0.5025496397184247
907.892638242404 0.5025501714141353
907.8987801635253 0.5025505943911532
907.9049220846467 0.502550910034716
907.9110640057681 0.5025511205538993
907.9172059268896 0.5025512289684267
907.9233478480108 0.5025512390888804
907.9294897691323 0.5025511554904235
907.9356316902537 0.5025509834801916
907.9417736113751 0.5025507290585489
907.9479155324965 0.5025503988744425
907.9540574536178 0.5025500001751301
907.9601993747392 0.5025495407505894
907.9663412958606 0.5025490288729546
907.972483216982 0.5025484732313572
907.9786251381034 0.502547882862579
907.9847670592247 0.5025472670779536
907.9909089803461 0.5025466353869775
907.9970509014676 0.5025459974181163
908.003192822589 0.5025453628373102
908.0093347437104 0.5025447412647026
908.0154766648317 0.5025441421901254
908.0216185859531 0.5025435748878913
908.0277605070745 0.5025430483314474
908.0339024281959 0.5025425711084491
908.0400443493172 0.502542151336819
908.0461862704386 0.5025417965823468
908.05232819156 0.5025415137783871
908.0584701126814 0.5025413091482018
908.0646120338029 0.5025411881304795
908.0707539549242 0.5025411553085541
908.0768958760456 0.5025412143438227
908.083037797167 0.5025413679138456
908.0891797182884 0.5025416176555855
908.0953216394098 0.5025419641142149
908.1014635605311 0.5025424066978977
908.1076054816525 0.5025429436389101
908.1137474027739 0.5025435719614404
908.1198893238953 0.5025442874563676
908.1260312450167 0.5025450846632786
908.132173166138 0.5025459568599497
908.1383150872595 0.5025468960594693
908.1444570083809 0.5025478930151445
908.1505989295023 0.5025489372332819
908.1567408506237 0.5025500169938975
908.162882771745 0.5025511193793553
908.1690246928664 0.502552230310899
908.1751666139878 0.502553334592987
908.1813085351092 0.5025544159653014
908.1874504562305 0.502555457162253
908.1935923773519 0.5025564399797631
908.1997342984733 0.502557345349055
908.2058762195948 0.502558153417151
908.2120181407162 0.5025588436337266
908.2181600618375 0.5025593948439331
908.2243019829589 0.5025597853867682
908.2304439040803 0.5025599931985315
908.2365858252017 0.5025599959208732
908.2427277463231 0.5025597710129144
908.2488696674444 0.5025592958668861
908.2550115885658 0.5025585479267115
908.2611535096872 0.502557504808935
908.2672954308086 0.502556144425377
908.27343735193 0.5025544451068873
908.2795792730514 0.502552385727548
908.2857211941728 0.5025499458286735
908.2918631152942 0.5025471057419493
908.2980050364156 0.5025438467110476
908.3041469575369 0.5025401510110613
908.3102888786583 0.5025360020651036
908.3164307997797 0.5025313845574255
908.3225727209011 0.5025262845424234
908.3287146420225 0.5025206895489169
908.3348565631438 0.5025145886791024
908.3409984842652 0.5025079727016064
908.3471404053867 0.5025008341380934
908.3532823265081 0.5024931673429054
908.3594242476295 0.5024849685752493
908.3655661687508 0.5024762360634784
908.3717080898722 0.5024669700610515
908.3778500109936 0.5024571728937969
908.383991932115 0.5024468489981455
908.3901338532364 0.5024360049500439
908.3962757743577 0.5024246494843034
908.4024176954791 0.5024127935041874
908.4085596166005 0.5024004500810888
908.414701537722 0.502387634444197
908.4208434588433 0.5023743639601059
908.4269853799647 0.5023606581023631
908.4331273010861 0.5023465384110111
908.4392692222075 0.502332028442225
908.4454111433289 0.5023171537081965
908.4515530644502 0.5023019416074672
908.4576949855716 0.5022864213459629
908.463836906693 0.5022706238490263
908.4699788278144 0.502254581664793
908.4761207489358 0.5022383288593005
908.4822626700571 0.5022219009037634
908.4884045911786 0.5022053345544856
908.4945465123 0.5021886677259243
908.5006884334214 0.5021719393574497
908.5068303545428 0.5021551892743858
908.5129722756641 0.5021384580439386
908.5191141967855 0.5021217868266553
908.5252561179069 0.5021052172240751
908.5313980390283 0.5020887911232571
908.5375399601496 0.5020725505388864
908.543681881271 0.5020565374536768
908.5498238023924 0.502040793657794
908.5559657235139 0.5020253605880367
908.5621076446353 0.5020102791675118
908.5682495657566 0.5019955896465409
908.574391486878 0.5019813314455307
908.5805334079994 0.5019675430005368
908.5866753291208 0.5019542616122326
908.5928172502422 0.501941523298983
908.5989591713635 0.5019293626547101
908.6051010924849 0.5019178127122045
908.6112430136063 0.5019069048125231
908.6173849347277 0.5018966684810795
908.6235268558491 0.5018871313110023
908.6296687769704 0.5018783188543056
908.6358106980919 0.5018702545213783
908.6419526192133 0.5018629594892569
908.6480945403347 0.5018564526191082
908.6542364614561 0.5018507503833052
908.6603783825774 0.5018458668024294
908.6665203036988 0.5018418133924911
908.6726622248202 0.5018385991226063
908.6788041459416 0.5018362303833218
908.6849460670629 0.5018347109657264
908.6910879881843 0.5018340420514383
908.6972299093057 0.5018342222135036
908.7033718304272 0.5018352474281886
908.7095137515486 0.5018371110976014
908.7156556726699 0.5018398040830181
908.7217975937913 0.5018433147487473
908.7279395149127 0.5018476290163082
908.7340814360341 0.5018527304286547
908.7402233571555 0.5018586002241259
908.7463652782768 0.5018652174197603
908.7525071993982 0.5018725589035643
908.7586491205196 0.5018805995352866
908.764791041641 0.5018893122552073
908.7709329627625 0.5018986682004138
908.7770748838838 0.5019086368280039
908.7832168050052 0.5019191860446206
908.7893587261266 0.501930282341697
908.795500647248 0.5019418909357642
908.8016425683693 0.5019539759131515
908.8077844894907 0.5019665003783903
908.8139264106121 0.5019794266056197
908.8200683317335 0.5019927161922748
908.8262102528549 0.5020063302143382
908.8323521739762 0.5020202293824235
908.8384940950976 0.5020343741979644
908.844636016219 0.502048725108783
908.8507779373405 0.5020632426633194
908.8569198584619 0.5020778876628119
908.8630617795832 0.5020926213107373
908.8692037007046 0.5021074053588289
908.875345621826 0.5021222022490203
908.8814875429474 0.5021369752506794
908.8876294640688 0.5021516885925279
908.8937713851901 0.5021663075886719
908.8999133063115 0.502180798758198
908.906055227433 0.502195129937831
908.9121971485544 0.5022092703871822
908.9183390696757 0.5022231908861571
908.9244809907971 0.5022368638241392
908.9306229119185 0.5022502632806026
908.9367648330399 0.5022633650968579
908.9429067541613 0.5022761469386768
908.9490486752826 0.5022885883495958
908.955190596404 0.5023006707947394
908.9613325175254 0.5023123776950585
908.9674744386468 0.5023236944519267
908.9736163597682 0.5023346084620853
908.9797582808895 0.5023451091229791
908.985900202011 0.5023551878285725
908.9920421231324 0.5023648379557819
908.9981840442538 0.5023740548417095
909.0043259653752 0.502382835751908
909.0104678864965 0.5023911798399481
909.0166098076179 0.5023990880986061
909.0227517287393 0.5024065633030277
909.0288936498607 0.502413609946261
909.035035570982 0.5024202341675916
909.0411774921034 0.5024264436741398
909.0473194132248 0.5024322476562195
909.0534613343463 0.5024376566969784
909.0596032554677 0.5024426826768675
909.065745176589 0.5024473386735122
909.0718870977104 0.5024516388575709
909.0780290188318 0.5024555983851886
909.0841709399532 0.5024592332876597
909.0903128610746 0.5024625603589283
909.0964547821959 0.5024655970415551
909.1025967033173 0.5024683613117872
909.1087386244387 0.5024708715643598
909.1148805455601 0.5024731464976604
909.1210224666816 0.5024752049998731
909.1271643878028 0.5024770660367119
909.1333063089243 0.5024787485413373
909.1394482300457 0.5024802713070292
909.1455901511671 0.5024816528831749
909.1517320722884 0.5024829114751007
909.1578739934098 0.5024840648482524
909.1640159145312 0.502485130237201
909.1701578356526 0.5024861242599161
909.176299756774 0.5024870628377186
909.1824416778953 0.5024879611212849
909.1885835990167 0.5024888334230396
909.1947255201381 0.5024896931562335
909.2008674412596 0.5024905527809602
909.207009362381 0.5024914237573266
909.2131512835023 0.5024923165059454
909.2192932046237 0.5024932403758757
909.2254351257451 0.5024942036200938
909.2315770468665 0.5024952133785278
909.2377189679879 0.5024962756686514
909.2438608891092 0.5024973953835805
909.2500028102306 0.5024985762975778
909.256144731352 0.5024998210788245
909.2622866524734 0.5025011313092775
909.2684285735947 0.5025025075113873
909.2745704947162 0.5025039491814155
909.2807124158376 0.5025054548290515
909.286854336959 0.5025070220229906
909.2929962580804 0.5025086474421042
909.2991381792017 0.5025103269318034
909.3052801003231 0.5025120555651614
909.3114220214445 0.5025138277083412
909.3175639425659 0.5025156370898487
909.3237058636873 0.5025174768731122
909.3298477848086 0.5025193397318668
909.33598970593 0.5025212179278172
909.3421316270515 0.5025231033900335
909.3482735481729 0.5025249877955303
909.3544154692943 0.5025268626504749
909.3605573904156 0.5025287193714686
909.366699311537 0.5025305493663498
909.3728412326584 0.5025323441139691
909.3789831537798 0.5025340952424002
909.3851250749012 0.5025357946050596
909.3912669960225 0.5025374343542246
909.3974089171439 0.5025390070114588
909.4035508382653 0.5025405055344727
909.4096927593868 0.5025419233799737
909.415834680508 0.5025432545620866
909.4219766016295 0.5025444937059548
909.4281185227509 0.5025456360961612
909.4342604438723 0.5025466777196491
909.4404023649937 0.502547615302849
909.446544286115 0.502548446342764
909.4526862072364 0.5025491691318006
909.4588281283578 0.5025497827761711
909.4649700494792 0.5025502872077395
909.4711119706006 0.5025506831892198
909.477253891722 0.5025509723126811
909.4833958128434 0.502551156991357
909.4895377339648 0.5025512404447968
909.4956796550862 0.5025512266774415
909.5018215762076 0.5025511204507471
909.5079634973289 0.502550927249024
909.5141054184503 0.5025506532391918
909.5202473395717 0.5025503052247016
909.5263892606931 0.502549890593903
909.5325311818144 0.5025494172631767
909.5386731029358 0.5025488936151856
909.5448150240572 0.5025483284326291
909.5509569451787 0.5025477308279166
909.5570988663001 0.5025471101692016
909.5632407874214 0.5025464760032459
909.5693827085428 0.502545837975602
909.5755246296642 0.5025452057486258
909.5816665507856 0.5025445889178419
909.587808471907 0.5025439969272059
909.5939503930283 0.5025434389838084
909.6000923141497 0.5025429239725814
909.6062342352711 0.5025424603715658
909.6123761563925 0.5025420561683035
909.618518077514 0.5025417187779097
909.6246599986353 0.502541454963381
909.6308019197567 0.5025412707586828
909.6369438408781 0.5025411713951454
909.6430857619995 0.5025411612316855
909.6492276831208 0.502541243689351
909.6553696042422 0.5025414211906638
909.6615115253636 0.5025416951042118
909.667653446485 0.5025420656949129
909.6737953676064 0.5025425320803488
909.6799372887277 0.5025430921935246
909.6860792098491 0.5025437427523873
909.6922211309706 0.5025444792363908
909.698363052092 0.5025452958703599
909.7045049732134 0.5025461856158667
909.7106468943347 0.5025471401702879
909.7167888154561 0.502548149973673
909.7229307365775 0.5025492042235051
909.7290726576989 0.5025502908973926
909.7352145788203 0.5025513967836884
909.7413564999416 0.5025525075199809
909.747498421063 0.5025536076393626
909.7536403421844 0.5025546806243312
909.7597822633059 0.5025557089681356
909.7659241844271 0.502556674243337
909.7720661055486 0.5025575571773079
909.77820802667 0.5025583377343512
909.7843499477914 0.5025589952040851
909.7904918689128 0.5025595082956936
909.7966337900341 0.5025598552376132
909.8027757111555 0.502560013882183
909.8089176322769 0.5025599618147633
909.8150595533983 0.5025596764667859
909.8212014745197 0.5025591352321865
909.827343395641 0.5025583155866282
909.8334853167624 0.5025571952089217
909.8396272378839 0.5025557521040145
909.8457691590053 0.5025539647269172
909.8519110801267 0.5025518121069172
909.858053001248 0.5025492739714262
909.8641949223694 0.5025463308687984
909.8703368434908 0.5025429642894641
909.8764787646122 0.5025391567847152
909.8826206857336 0.5025348920824942
909.8887626068549 0.5025301551995437
909.8949045279763 0.5025249325492879
909.9010464490977 0.5025192120448343
909.9071883702192 0.5025129831965056
909.9133302913405 0.5025062372033323
909.9194722124619 0.5024989670379646
909.9256141335833 0.5024911675244949
909.9317560547047 0.5024828354087082
909.9378979758261 0.5024739694203216
909.9440398969474 0.5024645703268027
909.9501818180688 0.5024546409784056
909.9563237391902 0.5024441863440989
909.9624656603116 0.50243321353811
909.968607581433 0.5024217318368489
909.9747495025543 0.5024097526860315
909.9808914236758 0.5023972896978608
909.9870333447972 0.5023843586381823
909.9931752659186 0.5023709774035754
909.99931718704 0.5023571659883929
910.0054591081613 0.5023429464418161
910.0116010292827 0.5023283428150368
910.0177429504041 0.502313381098733
910.0238848715255 0.5022980891510527
910.0300267926468 0.5022824966163669
910.0361687137682 0.502266634835105
910.0423106348896 0.5022505367450251
910.0484525560111 0.5022342367743228
910.0545944771325 0.5022177707270197
910.0607363982538 0.502201175661114
910.0668783193752 0.502184489760016
910.0730202404966 0.5021677521978218
910.079162161618 0.5021510029990185
910.0853040827394 0.502134282893233
910.0914460038607 0.5021176331656771
910.0975879249821 0.5021010955039524
910.1037298461035 0.5020847118419054
910.109871767225 0.5020685242012417
910.1160136883464 0.5020525745316137
910.1221556094677 0.5020369045499156
910.1282975305891 0.5020215555795182
910.1344394517105 0.5020065683901828
910.1405813728319 0.5019919830393899
910.1467232939532 0.5019778387158162
910.1528652150746 0.5019641735856823
910.159007136196 0.5019510246426832
910.1651490573174 0.5019384275621968
910.1712909784388 0.5019264165604493
910.1774328995601 0.501915024259291
910.1835748206815 0.50190428155721
910.189716741803 0.5018942175071878
910.1958586629244 0.5018848592019605
910.2020005840458 0.5018762316672235
910.2081425051671 0.5018683577632744
910.2142844262885 0.5018612580955495
910.2204263474099 0.5018549509344717
910.2265682685313 0.5018494521449778
910.2327101896527 0.5018447751260496
910.238852110774 0.5018409307605289
910.2449940318954 0.5018379273754398
910.2511359530168 0.5018357707129988
910.2572778741383 0.5018344639124404
910.2634197952596 0.5018340075027291
910.269561716381 0.5018343994061861
910.2757036375024 0.5018356349529971
910.2818455586238 0.5018377069065229
910.2879874797452 0.5018406054992786
910.2941294008665 0.5018443184793987
910.3002713219879 0.5018488311673549
910.3064132431093 0.501854126522642
910.3125551642307 0.5018601852201064
910.3186970853521 0.5018669857355383
910.3248390064734 0.5018745044401104
910.3309809275949 0.5018827157032036
910.3371228487163 0.5018915920031186
910.3432647698377 0.5019011040451375
910.3494066909591 0.501911220886367
910.3555486120804 0.5019219100667591
910.3616905332018 0.5019331377456848
910.3678324543232 0.5019448688434024
910.3739743754446 0.5019570671867494
910.3801162965659 0.5019696956583638
910.3862582176873 0.5019827163487268
910.3924001388087 0.5019960907103107
910.3985420599302 0.5020097797131063
910.4046839810516 0.5020237440008015
910.4108259021729 0.5020379440468831
910.4169678232943 0.5020523403099361
910.4231097444157 0.5020668933874288
910.4292516655371 0.5020815641672715
910.4353935866585 0.5020963139764636
910.4415355077798 0.5021111047261548
910.4476774289012 0.5021258990524692
910.4538193500226 0.502140660452466
910.459961271144 0.5021553534146399
910.4661031922655 0.5021699435433923
910.4722451133867 0.5021843976769397
910.4783870345082 0.5021986839981606
910.4845289556296 0.5022127721379224
910.490670876751 0.5022266332704687
910.4968127978724 0.5022402402004896
910.5029547189937 0.5022535674415446
910.5090966401151 0.5022665912855488
910.5152385612365 0.5022792898630865
910.5213804823579 0.5022916431943553
910.5275224034792 0.5023036332306022
910.5336643246006 0.5023152438859554
910.539806245722 0.5023264610596053
910.5459481668435 0.5023372726483426
910.5520900879649 0.5023476685495033
910.5582320090862 0.5023576406544245
910.5643739302076 0.502367182832558
910.570515851329 0.5023762909064383
910.5766577724504 0.5023849626177459
910.5827996935718 0.502393197584749
910.5889416146931 0.5024009972514495
910.5950835358145 0.5024083648288014
910.6012254569359 0.5024153052284017
910.6073673780573 0.5024218249890974
910.6135092991788 0.5024279321969745
910.6196512203 0.5024336363992382
910.6257931414215 0.5024389485125076
910.6319350625429 0.5024438807260809
910.6380769836643 0.5024484464007485
910.6442189047856 0.5024526599637427
910.650360825907 0.5024565368004348
910.6565027470284 0.5024600931433993
910.6626446681498 0.502463345959471
910.6687865892712 0.5024663128354281
910.6749285103925 0.5024690118629358
910.681070431514 0.5024714615233807
910.6872123526354 0.5024736805732216
910.6933542737568 0.5024756879304747
910.6994961948782 0.5024775025629383
910.7056381159995 0.5024791433787442
910.7117800371209 0.5024806291198091
910.7179219582423 0.5024819782587345
910.7240638793637 0.502483208899679
910.7302058004851 0.5024843386837023
910.7363477216064 0.5024853846990467
910.7424896427278 0.5024863633967938
910.7486315638492 0.5024872905122965
910.7547734849707 0.5024881809927502
910.760915406092 0.5024890489312305
910.7670573272134 0.502489907507484
910.7731992483348 0.5024907689357143
910.7793411694562 0.5024916444195697
910.7854830905776 0.502492544114487
910.7916250116989 0.5024934770975092
910.7977669328203 0.5024944513446457
910.8039088539417 0.5024954737157983
910.8100507750631 0.5024965499472384
910.8161926961845 0.5024976846515662
910.8223346173058 0.5024988813250466
910.8284765384273 0.5025001423621712
910.8346184595487 0.5025014690772529
910.8407603806701 0.5025028617328202
910.8469023017915 0.5025043195745388
910.8530442229128 0.5025058408723518
910.8591861440342 0.5025074229674912
910.8653280651556 0.5025090623249864
910.871469986277 0.5025107545912574
910.8776119073983 0.5025124946563582
910.8837538285197 0.5025142767204066
910.8898957496411 0.5025160943637166
910.8960376707626 0.5025179406201274
910.902179591884 0.502519808053009
910.9083215130053 0.5025216888334083
910.9144634341267 0.5025235748197934
910.9206053552481 0.5025254576388412
910.9267472763695 0.5025273287667168
910.9328891974909 0.5025291796102865
910.9390311186122 0.5025310015877149
910.9451730397336 0.5025327862078987
910.951314960855 0.5025345251482041
910.9574568819764 0.5025362103299831
910.9635988030979 0.5025378339913635
910.9697407242192 0.5025393887568269
910.9758826453406 0.5025408677031065
910.982024566462 0.502542264420969
910.9881664875834 0.5025435730724654
910.9943084087047 0.502544788443269
911.0004503298261 0.5025459059897505
911.0065922509475 0.5025469218804759
911.0127341720689 0.5025478330318459
911.0188760931903 0.502548637137635
911.0250180143116 0.5025493326922297
911.031159935433 0.5025499190074035
911.0373018565544 0.502550396222506
911.0434437776759 0.502550765307992
911.0495856987973 0.5025510280622507
911.0557276199186 0.5025511871017448
