time TPR_both_B_closed_1_rho33
0.0 0.0
0.00614192112138767 5.688815655283773e-13
0.01228384224277534 9.086082082838301e-12
0.01842576336416301 4.586341585191855e-11
0.02456768448555068 1.443563755277516e-10
0.030709605606938348 3.5057472934872207e-10
0.03685152672832602 7.222710242610934e-10
0.042993447849713685 1.3279203818028113e-09
0.04913536897110136 2.2455084037461115e-09
0.05527729009248903 3.561147148177831e-09
0.061419211213876695 5.367541940668583e-09
0.06756113233526437 7.76233420215166e-09
0.07370305345665204 1.0846347464586393e-08
0.07984497457803971 1.4721765274394754e-08
0.08598689569942737 1.9490270727074587e-08
0.09212881682081504 2.5251177917845503e-08
0.09827073794220272 3.2099585624991307e-08
0.10441265906359039 4.0124583065950885e-08
0.11055458018497806 4.940753659128092e-08
0.11669650130636572 6.002048472716491e-08
0.12283842242775339 7.202466707032397e-08
0.12898034354914106 8.546921021501267e-08
0.13512226467052874 1.0038999119251949e-07
0.1412641857919164 1.1680869587798707e-07
0.14740610691330408 1.3473208652179759e-07
0.15354802803469175 1.541514890522674e-07
0.15968994915607942 1.7504250713560442e-07
0.16583187027746707 1.9736496623314429e-07
0.17197379139885474 2.2106308713127854e-07
0.17811571252024241 2.4606588470286273e-07
0.1842576336416301 2.7228778405586655e-07
0.19039955476301776 2.9962944279902723e-07
0.19654147588440543 3.2797876496540455e-07
0.2026833970057931 3.572120892387255e-07
0.20882531812718078 3.871955315745782e-07
0.21496723924856845 4.1778646014290384e-07
0.22110916036995612 4.4883507877680214e-07
0.2272510814913438 4.80186093824599e-07
0.23339300261273144 5.116804384883507e-07
0.2395349237341191 5.431570284047015e-07
0.24567684485550678 5.744545223865991e-07
0.25181876597689445 6.054130628911374e-07
0.2579606870982821 6.358759718951408e-07
0.2641026082196698 6.656913794227859e-07
0.27024452934105747 6.947137639469996e-07
0.27638645046244514 7.228053862393137e-07
0.2825283715838328 7.498376009248916e-07
0.2886702927052205 7.756920329579958e-07
0.29481221382660816 8.002616094102303e-07
0.30095413494799583 8.234514402972397e-07
0.3070960560693835 8.451795455936591e-07
0.3132379771907712 8.653774290335065e-07
0.31937989831215885 8.839905026955162e-07
0.3255218194335465 9.009783696622336e-07
0.33166374055493414 9.163149751517367e-07
0.3378056616763218 9.299886393882331e-07
0.3439475827977095 9.420019880431568e-07
0.35008950391909716 9.523717982875895e-07
0.35623142504048483 9.611287803019048e-07
0.3623733461618725 9.683173154486597e-07
0.3685152672832602 9.739951731971038e-07
0.37465718840464785 9.782332292680463e-07
0.3807991095260355 9.811152073312236e-07
0.3869410306474232 9.82737465928337e-07
0.39308295176881086 9.832088511179519e-07
0.39922487289019853 9.82650633657711e-07
0.4053667940115862 9.811965473787816e-07
0.4115087151329739 9.789929428004757e-07
0.41765063625436155 9.761990670219294e-07
0.4237925573757492 9.729874775632573e-07
0.4299344784971369 9.695445941688996e-07
0.43607639961852457 9.660713886957979e-07
0.44221832073991224 9.627842091589124e-07
0.4483602418612999 9.599157298712063e-07
0.4545021629826876 9.577160154724366e-07
0.4606440841040752 9.564536825705618e-07
0.4667860052254629 9.564171388013738e-07
0.47292792634685055 9.579158754251488e-07
0.4790698474682382 9.612817862002884e-07
0.4852117685896259 9.66870482275933e-07
0.49135368971101356 9.750625702959967e-07
0.49749561083240124 9.86264858867216e-07
0.5036375319537889 1.000911457067198e-06
0.5097794530751766 1.0194647277999875e-06
0.5159213741965643 1.042416058581593e-06
0.5220632953179519 1.0702864127810666e-06
0.5282052164393396 1.1036266254679084e-06
0.5343471375607273 1.143017409826116e-06
0.5404890586821149 1.1890690425797154e-06
0.5466309798035026 1.242420700012954e-06
0.5527729009248903 1.3037394199277078e-06
0.558914822046278 1.3737186692170144e-06
0.5650567431676656 1.4530765015921928e-06
0.5711986642890533 1.542553295316963e-06
0.577340585410441 1.6429090665014474e-06
0.5834825065318286 1.7549203595100544e-06
0.5896244276532163 1.8793767222513026e-06
0.595766348774604 2.017076780450576e-06
0.6019082698959917 2.1688239313605256e-06
0.6080501910173793 2.335421683637883e-06
0.614192112138767 2.517668676208597e-06
0.6203340332601547 2.7163534147550085e-06
0.6264759543815424 2.932248769891387e-06
0.63261787550293 3.166106286053867e-06
0.6387597966243177 3.4186503545296002e-06
0.6449017177457054 3.6905723078071478e-06
0.651043638867093 3.982524495473714e-06
0.6571855599884806 4.2951144041527615e-06
0.6633274811098683 4.628898885416885e-06
0.669469402231256 4.984378556186899e-06
0.6756113233526436 5.361992435812827e-06
0.6817532444740313 5.762112882813769e-06
0.687895165595419 6.1850408921327815e-06
0.6940370867168066 6.631001810755659e-06
0.7001790078381943 7.1001415256785214e-06
0.706320928959582 7.59252317353162e-06
0.7124628500809697 8.108124415732541e-06
0.7186047712023573 8.646835316919963e-06
0.724746692323745 9.208456857690143e-06
0.7308886134451327 9.792700105413356e-06
0.7370305345665203 1.0399186059247099e-05
0.743172455687908 1.1027446177494709e-05
0.7493143768092957 1.1676923587296423e-05
0.7554562979306834 1.2346974968403185e-05
0.761598219052071 1.3036873094592625e-05
0.7677401401734587 1.3745810008263337e-05
0.7738820612948464 1.4472900796008367e-05
0.780023982416234 1.5217187925639107e-05
0.7861659035376217 1.5977646098318824e-05
0.7923078246590094 1.6753187563276844e-05
0.7984497457803971 1.7542667837106653e-05
0.8045916669017847 1.8344891764991372e-05
0.8107335880231724 1.9158619857423214e-05
0.8168755091445601 1.998257483315271e-05
0.8230174302659478 2.0815448297266794e-05
0.8291593513873354 2.1655907482486477e-05
0.8353012725087231 2.2502601982012472e-05
0.8414431936301108 2.3354170403533484e-05
0.8475851147514984 2.420924687633217e-05
0.8537270358728861 2.5066467346748595e-05
0.8598689569942738 2.5924475601543653e-05
0.8660108781156615 2.6781928963884776e-05
0.8721527992370491 2.763750361267678e-05
0.8782947203584368 2.8489899482693828e-05
0.8844366414798245 2.9337844710331912e-05
0.8905785626012122 3.0180099597683727e-05
0.8967204837225998 3.101546007591855e-05
0.9028624048439875 3.184276065749973e-05
0.9090043259653752 3.2660876875459385e-05
0.9151462470867628 3.346872721663706e-05
0.9212881682081504 3.426527456433753e-05
0.9274300893295381 3.504952717413889e-05
0.9335720104509257 3.5820539214448576e-05
0.9397139315723134 3.657741091073754e-05
0.9458558526937011 3.731928833905841e-05
0.9519977738150888 3.804536292036204e-05
0.9581396949364764 3.875487067216824e-05
0.9642816160578641 3.944709127823406e-05
0.9704235371792518 4.012134703992268e-05
0.9765654583006395 4.0777001774952865e-05
0.9827073794220271 4.1413459730060605e-05
0.9888493005434148 4.2030164573809925e-05
0.9949912216648025 4.262659853434229e-05
1.0011331427861903 4.320228174426872e-05
1.0072750639075778 4.375677185121525e-05
1.0134169850289656 4.4289663947781434e-05
1.0195589061503532 4.4800590868928924e-05
1.025700827271741 4.528922389816507e-05
1.0318427483931285 4.5755273916424026e-05
1.0379846695145163 4.6198493019384385e-05
1.0441265906359039 4.661867662022351e-05
1.0502685117572914 4.7015666045626004e-05
1.0564104328786792 4.7389351623380243e-05
1.0625523540000668 4.773967625025926e-05
1.0686942751214545 4.8066639419241944e-05
1.074836196242842 4.837030167564059e-05
1.0809781173642299 4.8650789462511284e-05
1.0871200384856174 4.890830030698413e-05
1.0932619596070052 4.91431082910013e-05
1.0994038807283928 4.935556974252736e-05
1.1055458018497806 4.9546129076721015e-05
1.1116877229711681 4.971532471094267e-05
1.117829644092556 4.9863794972913684e-05
1.1239715652139435 4.999228391792377e-05
1.1301134863353313 5.01016469687659e-05
1.1362554074567188 5.019285629110957e-05
1.1423973285781066 5.026700581733016e-05
1.1485392496994942 5.0325315833402126e-05
1.154681170820882 5.0369137046323026e-05
1.1608230919422695 5.039995405363297e-05
1.1669650130636573 5.041938814187718e-05
1.1731069341850449 5.042919934725769e-05
1.1792488553064326 5.043128771914589e-05
1.1853907764278202 5.0427693735475604e-05
1.191532697549208 5.042059782818765e-05
1.1976746186705955 5.041231898671889e-05
1.2038165397919833 5.040531241787718e-05
1.209958460913371 5.0402166251167804e-05
1.2161003820347587 5.040559728957588e-05
1.2222423031561462 5.041844581680159e-05
1.228384224277534 5.0443669482825356e-05
1.2345261453989216 5.0484336300285464e-05
1.2406680665203094 5.0543616794321076e-05
1.246809987641697 5.062477535811516e-05
1.2529519087630847 5.0731160875220175e-05
1.2590938298844723 5.086619667773017e-05
1.26523575100586 5.103336991635436e-05
1.2713776721272476 5.123622042434535e-05
1.2775195932486354 5.147832916194868e-05
1.283661514370023 5.1763306331500604e-05
1.2898034354914107 5.2094779255455674e-05
1.2959453566127983 5.2476380110444595e-05
1.302087277734186 5.2911733609936906e-05
1.3082291988555736 5.340444472622366e-05
1.3143711199769612 5.3958086539276356e-05
1.320513041098349 5.457618829563373e-05
1.3266549622197366 5.526222375489274e-05
1.3327968833411243 5.601959989472751e-05
1.338938804462512 5.685164603774201e-05
1.3450807255838997 5.776160345500685e-05
1.3512226467052872 5.875261549197927e-05
1.357364567826675 5.98277182528137e-05
1.3635064889480626 6.098983186900061e-05
1.3696484100694504 6.224175236799674e-05
1.375790331190838 6.358614414720449e-05
1.3819322523122257 6.50255330485012e-05
1.3880741734336133 6.656230001868531e-05
1.394216094555001 6.819867533187061e-05
1.4003580156763886 6.993673334118426e-05
1.4064999367977764 7.177838771927046e-05
1.412641857919164 7.372538714020821e-05
1.4187837790405518 7.577931134965218e-05
1.4249257001619393 7.79415675654114e-05
1.431067621283327 8.02133871473858e-05
1.4372095424047147 8.259582247385816e-05
1.4433514635261024 8.508974396064149e-05
1.44949338464749 8.769583716053646e-05
1.4556353057688778 9.041459988296485e-05
1.4617772268902653 9.324633927749387e-05
1.4679191480116531 9.619116883020752e-05
1.4740610691330407 9.924900522844836e-05
1.4802029902544285 0.00010241956505725374
1.486344911375816 0.00010570236129973256
1.4924868324972038 0.0001090966996235388
1.4986287536185914 0.00011260167444634343
1.5047706747399792 0.00011621616478461975
1.5109125958613667 0.00011993882990195453
1.5170545169827545 0.00012376810478528699
1.523196438104142 0.00012770219548975488
1.5293383592255299 0.00013173907440498724
1.5354802803469174 0.00013587647550751322
1.5416222014683052 0.00014011188967525193
1.5477641225896928 0.00014444256015060092
1.5539060437110805 0.0001488654782482569
1.560047964832468 0.00015337737941239506
1.5661898859538559 0.00015797473973503147
1.5723318070752434 0.00016265377305313988
1.578473728196631 0.00016741042874625716
1.5846156493180188 0.00017224039035877185
1.5907575704394064 0.00017713907517176257
1.5968994915607941 0.00018210163484806826
1.6030414126821817 0.0001871229572711937
1.6091833338035695 0.00019219766969367163
1.615325254924957 0.00019732014330363276
1.6214671760463448 0.00020248449930962387
1.6276090971677324 0.00020768461663323582
1.6337510182891202 0.00021291414128695642
1.6398929394105077 0.0002181664975009775
1.6460348605318955 0.0002234349006476072
1.652176781653283 0.00022871237199564618
1.6583187027746709 0.00023399175530976684
1.6644606238960584 0.00023926573529180296
1.6706025450174462 0.0002445268578421348
1.6767444661388338 0.0002497675521002785
1.6828863872602216 0.0002549801542046011
1.6890283083816091 0.0002601569326920323
1.695170229502997 0.00026529011543997816
1.7013121506243845 0.0002703719180346065
1.7074540717457722 0.0002753945734325085
1.7135959928671598 0.0002803503627666731
1.7197379139885476 0.00028523164713295486
1.7258798351099351 0.00029003090017997834
1.732021756231323 0.0002947407413138681
1.7381636773527105 0.00029935396931949796
1.7443055984740983 0.00030386359619223374
1.7504475195954858 0.0003082628809685156
1.7565894407168736 0.00031254536334016694
1.7627313618382612 0.0003167048968360696
1.768873282959649 0.0003207356813558382
1.7750152040810365 0.0003246322948433378
1.7811571252024243 0.00032838972389329123
1.7872990463238119 0.00033200339309172495
1.7934409674451997 0.00033546919290052614
1.7995828885665872 0.0003387835059077866
1.805724809687975 0.000341943231278746
1.8118667308093626 0.00034494580725683927
1.8180086519307503 0.00034778923158040973
1.824150573052138 0.00035047207969784766
1.8302924941735257 0.0003529935206820388
1.8364344152949132 0.0003553533307638049
1.8425763364163008 0.00035755190442325445
1.8487182575376886 0.00035959026299737574
1.8548601786590762 0.0003614700607815535
1.861002099780464 0.00036319358862171836
1.8671440209018515 0.0003647637750123125
1.8732859420232393 0.0003661841847329377
1.8794278631446268 0.0003674590150732352
1.8855697842660146 0.000368593089711023
1.8917117053874022 0.0003695918503228146
1.89785362650879 0.0003704613460184035
1.9039955476301775 0.00037120822070208707
1.9101374687515653 0.0003718396984722284
1.9162793898729529 0.000372363567178121
1.9224213109943407 0.0003727881602585073
1.9285632321157282 0.0003731223369895687
1.934705153237116 0.0003733754612717837
1.9408470743585036 0.00037355737908477665
1.9469889954798913 0.000373678394737233
1.953130916601279 0.00037374924603523287
1.9592728377226667 0.0003737810784870875
1.9654147588440543 0.00037378541865610047
1.971556679965442 0.00037377414676479504
1.9776986010868296 0.00037375946864523903
1.9838405222082174 0.0003737538871203725
1.989982443329605 0.00037377017289092
1.9961243644509927 0.0003738213349917756
2.0022662855723805 0.00037392059087092583
2.008408206693768 0.00037408133613325324
2.0145501278151556 0.0003743171139811768
2.020692048936543 0.00037464158437426257
2.026833970057931 0.0003750684929208926
2.0329758911793188 0.00037561163950701606
2.0391178123007063 0.00037628484666010656
2.045259733422094 0.0003771019276408787
2.051401654543482 0.00037807665425121676
2.0575435756648695 0.00037922272434424926
2.063685496786257 0.0003805537290216561
2.0698274179076446 0.0003820831195041727
2.0759693390290326 0.000383824173663886
2.08211126015042 0.0003857899622112917
2.0882531812718077 0.00038799331453616404
2.0943951023931953 0.0003904467842090115
2.100537023514583 0.0003931626141591437
2.106678944635971 0.000396152701556041
2.1128208657573584 0.0003994285624326284
2.118962786878746 0.0004030012961020316
2.1251047080001335 0.00040688154943322976
2.1312466291215215 0.00041107948106549003
2.137388550242909 0.0004156047256563299
2.1435304713642966 0.00042046635827275384
2.149672392485684 0.0004256728590503837
2.155814313607072 0.0004312320782595825
2.1619562347284598 0.00043715120193149257
2.1680981558498473 0.00044343671820979986
2.174240076971235 0.0004500943846057533
2.180381998092623 0.00045712919634425397
2.1865239192140105 0.00046454535599747013
2.192665840335398 0.0004723462446092104
2.1988077614567856 0.0004805343945180292
2.2049496825781736 0.0004891114640895765
2.211091603699561 0.000498078214568922
2.2172335248209487 0.0005074344892613766
2.2233754459423363 0.0005171791952456517
2.2295173670637243 0.0005273102878160016
2.235659288185112 0.0005378247578403069
2.2418012093064994 0.0005487186222089107
2.247943130427887 0.0005599869175345159
2.254085051549275 0.0005716236972466833
2.2602269726706625 0.0005836220322056123
2.26636889379205 0.0005959740149391087
2.2725108149134376 0.0006086707675841579
2.2786527360348257 0.0006217024535905842
2.284794657156213 0.0006350582932191283
2.2909365782776008 0.000648726582840221
2.2970784993989883 0.0006626947180130572
2.3032204205203763 0.0006769492202975992
2.309362341641764 0.0006914757677251802
2.3155042627631515 0.0007062592288267635
2.321646183884539 0.000721283700091953
2.327788105005927 0.000736532546706871
2.3339300261273146 0.0007519884463953192
2.340071947248702 0.0007676334361655057
2.3462138683700897 0.000783448961744326
2.3523557894914777 0.0007994159294629786
2.3584977106128653 0.0008155147603417876
2.364639631734253 0.0008317254461086884
2.3707815528556404 0.0008480276068750684
2.376923473977028 0.0008644005501846531
2.383065395098416 0.000880823331145973
2.3892073162198035 0.0008972748133566998
2.395349237341191 0.0009137337303287712
2.4014911584625787 0.0009301787471267371
2.4076330795839667 0.0009465885219380497
2.4137750007053542 0.0009629417673029926
2.419916921826742 0.000979217310743443
2.4260588429481293 0.0009953941545435014
2.4322007640695174 0.0010114515344509965
2.438342685190905 0.0010273689770867256
2.4444846063122925 0.0010431263558677616
2.45062652743368 0.0010587039452719482
2.456768448555068 0.0010740824732925112
2.4629103696764556 0.0010892431719542127
2.469052290797843 0.0011041678257853469
2.4751942119192307 0.0011188388181627607
2.4813361330406187 0.0011332391754696996
2.4874780541620063 0.0011473526090282468
2.493619975283394 0.0011611635547891775
2.4997618964047814 0.0011746572107818759
2.5059038175261694 0.0011878195723452724
2.512045738647557 0.0012006374651773366
2.5181876597689445 0.0012130985762552507
2.524329580890332 0.001225191482690822
2.53047150201172 0.0012369056785958106
2.5366134231331077 0.001248231600039533
2.5427553442544952 0.001259160648186268
2.548897265375883 0.001269685210702618
2.555039186497271 0.0012797986815250518
2.5611811076186584 0.0012894954790754263
2.567323028740046 0.0012987710630074341
2.5734649498614335 0.0013076219495597875
2.5796068709828215 0.001316045725582664
2.585748792104209 0.001324041061292715
2.5918907132255966 0.0013316077217990169
2.598032634346984 0.0013387465774279228
2.604174555468372 0.0013454596128592226
2.6103164765897597 0.001351749935069535
2.6164583977111473 0.0013576217800618457
2.622600318832535 0.0013630805183428168
2.6287422399539224 0.0013681326590923276
2.6348841610753104 0.001372785852952927
2.641026082196698 0.001377048893350876
2.6471680033180855 0.001380931716245487
2.653309924439473 0.0013844453981898945
2.659451845560861 0.0013876021525744367
2.6655937666822487 0.0013904153239137997
2.6717356878036362 0.0013928993800311751
2.677877608925024 0.0013950699019871229
2.684019530046412 0.0013969435715977753
2.6901614511677994 0.00139853815638658
2.696303372289187 0.0013998724918160782
2.7024452934105745 0.0014009664606512537
2.7085872145319625 0.0014018409693138086
2.71472913565335 0.0014025179210972755
2.7208710567747376 0.0014030201861260669
2.727012977896125 0.001403371567957293
2.733154899017513 0.0014035967667422944
2.7392968201389007 0.0014037213388851013
2.7454387412602883 0.001403771653157273
2.751580662381676 0.0014037748432524813
2.757722583503064 0.001403758756789529
2.7638645046244514 0.001403751900798896
2.770006425745839 0.0014037833837550974
2.7761483468672266 0.0014038828542447305
2.7822902679886146 0.0014040804363877745
2.788432189110002 0.0014044066621571112
2.7945741102313897 0.0014048924007680188
2.8007160313527772 0.0014055687853352112
2.8068579524741653 0.0014064671370195095
2.812999873595553 0.0014076188869091666
2.8191417947169404 0.0014090554959018677
2.825283715838328 0.0014108083728723044
2.831425636959716 0.0014129087914266738
2.8375675580811035 0.0014153878055593355
2.843709479202491 0.0014182761645379614
2.8498514003238786 0.001421604227351751
2.8559933214452666 0.0014254018770625306
2.862135242566654 0.0014296984354008166
2.8682771636880418 0.0014345225779481454
2.8744190848094293 0.0014399022502432452
2.8805610059308173 0.0014458645851429944
2.886702927052205 0.0014524358217597266
2.8928448481735924 0.0014596412262844497
2.89898676929498 0.001467505014991146
2.9051286904163676 0.0014760502797007433
2.9112706115377556 0.0014852989159648553
2.917412532659143 0.0014952715542092552
2.9235544537805307 0.0015059874940555797
2.9296963749019183 0.0015174646420172899
2.9358382960233063 0.0015297194527427451
2.941980217144694 0.0015427668739547457
2.9481221382660814 0.001556620295212368
2.954264059387469 0.001571291500597725
2.960405980508857 0.0015867906254077046
2.9665479016302445 0.0016031261169091348
2.972689822751632 0.001620304699195421
2.9788317438730196 0.0016383313421638051
2.9849736649944076 0.0016572092346152226
2.991115586115795 0.0016769397614634688
2.9972575072371828 0.0016975224850272219
3.0033994283585703 0.0017189551303675085
3.0095413494799583 0.0017412335746245314
3.015683270601346 0.0017643518403014592
3.0218251917227335 0.0017883020924387865
3.027967112844121 0.0018130746396211885
3.034109033965509 0.0018386579387593158
3.0402509550868966 0.0018650386035915841
3.046392876208284 0.0018922014168555506
3.0525347973296717 0.001920129346084712
3.0586767184510597 0.0019488035629943072
3.0648186395724473 0.0019782034664286648
3.070960560693835 0.0020083067088525293
3.0771024818152224 0.002039089226379317
3.0832444029366104 0.002070525272340063
3.089386324057998 0.002102587454407596
3.0955282451793855 0.002135246775300876
3.101670166300773 0.0021684726771040792
3.107812087422161 0.002202233089243662
3.1139540085435486 0.002236494480173853
3.120095929664936 0.0022712219128265894
3.1262378507863238 0.0023063791038855203
3.1323797719077118 0.0023419284869450815
3.1385216930290993 0.0023778312796146053
3.144663614150487 0.0024140475546237643
3.1508055352718745 0.0024505363149792377
3.156947456393262 0.002487255573213207
3.16308937751465 0.002524162434752094
3.1692312986360376 0.002561213185418864
3.175373219757425 0.0025983633830642186
3.1815151408788127 0.002635567953301237
3.1876570620002007 0.0026727812892946043
3.1937989831215883 0.0027099573555296867
3.199940904242976 0.0027470497954585923
3.2060828253643634 0.002784012042890255
3.2122247464857514 0.0028207974369598627
3.218366667607139 0.0028573593404798764
3.2245085887285265 0.002893651261440891
3.230650509849914 0.002929626977396063
3.236792430971302 0.0029652406624281415
3.2429343520926897 0.003000447016363798
3.249076273214077 0.0030352013958663145
3.2552181943354648 0.003069459947005259
3.261360115456853 0.003103179738870947
3.2675020365782403 0.0031363188977727033
3.273643957699628 0.0031688367415335836
3.2797858788210155 0.0032006939133707142
3.2859277999424035 0.003231852514830043
3.292069721063791 0.0032622762372274752
3.2982116421851786 0.003291930491035282
3.304353563306566 0.0033207825326436436
3.310495484427954 0.0033488015879223313
3.3166374055493417 0.003375958972007072
3.3227793266707293 0.003402228204739077
3.328921247792117 0.0034275851211946684
3.335063168913505 0.0034520079767548493
3.3412050900348924 0.0034754775461819532
3.34734701115628 0.003497977216192104
3.3534889322776675 0.003519493071037897
3.3596308533990555 0.0035400139706452697
3.365772774520443 0.003559531620881714
3.3719146956418307 0.0035780406355694467
3.3780566167632182 0.003595538589896594
3.3841985378846062 0.0036120260649214276
3.390340459005994 0.0036275066829088484
3.3964823801273814 0.00364198713328419
3.402624301248769 0.0036554771890365367
3.4087662223701565 0.0036679897134517417
3.4149081434915445 0.003679540657103588
3.421050064612932 0.0036901490450797253
3.4271919857343196 0.003699836954466609
3.433333906855707 0.0037086294821642245
3.439475827977095 0.003716554703146519
3.4456177490984827 0.003723643619326718
3.4517596702198703 0.003729930099227803
3.457901591341258 0.0037354508086969098
3.464043512462646 0.003740245132938146
3.4701854335840334 0.0037443550901708937
3.476327354705421 0.003747825237250001
3.4824692758268085 0.00375070256761015
3.4886111969481965 0.0037530364019190145
3.494753118069584 0.0037548782718425603
3.5008950391909717 0.0037562817973409777
3.5070369603123592 0.003757302557925298
3.5131788814337472 0.0037579979583128747
3.519320802555135 0.0037584270889246974
3.5254627236765224 0.003758650581669154
3.53160464479791 0.0037587304614556134
3.537746565919298 0.00375872999387728
3.5438884870406855 0.003758713529496505
3.550030408162073 0.0037587463451574108
3.5561723292834606 0.003758894482740672
3.5623142504048486 0.0037592245857638886
3.568456171526236 0.0037598037342186147
3.5745980926476237 0.0037606992780220808
3.5807400137690113 0.0037619786694483427
3.5868819348903993 0.0037637092948903553
3.593023856011787 0.003765958306291664
3.5991657771331744 0.003768792452574265
3.605307698254562 0.0037722779113780885
3.61144961937595 0.003776480121417714
3.6175915404973376 0.0037814636157535116
3.623733461618725 0.003787291856267692
3.6298753827401127 0.0037940270696307852
3.6360173038615007 0.0038017300850409935
3.6421592249828882 0.003810460174017719
3.648301146104276 0.0038202748925313178
3.6544430672256634 0.003831229925753769
3.6605849883470514 0.0038433789357193455
3.666726909468439 0.0038567734121903764
3.6728688305898265 0.0038714625270306726
3.679010751711214 0.0038874929923978317
3.6851526728326016 0.0039049089230752576
3.6912945939539896 0.003923751703274984
3.697436515075377 0.003944059858252985
3.7035784361967647 0.003965868931089195
3.7097203573181523 0.003989211364994664
3.7158622784395403 0.004014116391517655
3.722004199560928 0.0040406099250288085
3.7281461206823154 0.0040687144638722455
3.734288041803703 0.004098448998574359
3.740429962925091 0.004129828927504747
3.7465718840464786 0.004162865980383797
3.752713805167866 0.004197568150028707
3.7588557262892537 0.004233939632723808
3.7649976474106417 0.004271980777591823
3.7711395685320293 0.004311688045329872
3.777281489653417 0.004353053976657528
3.7834234107748044 0.0043960671708039405
3.7895653318961924 0.004440712274336906
3.79570725301758 0.004486969980608829
3.8018491741389675 0.004534817040062812
3.807991095260355 0.004584226281606781
3.814133016381743 0.004635166645224809
3.8202749375031306 0.00468760322595275
3.826416858624518 0.004741497329300405
3.8325587797459058 0.004796806538154876
3.8387007008672938 0.004853484791149943
3.8448426219886813 0.004911482472434722
3.850984543110069 0.004970746512721814
3.8571264642314564 0.005031220501441223
3.8632683853528444 0.005092844809772013
3.869410306474232 0.0051555567242693515
3.8755522275956196 0.005219290590750985
3.881694148717007 0.005283977968054623
3.887836069838395 0.005349547791226859
3.8939779909597827 0.005415926543655452
3.9001199120811703 0.005483038437610757
3.906261833202558 0.005550805602618972
3.912403754323946 0.0056191482810504295
3.9185456754453334 0.005687985030270462
3.924687596566721 0.005757232930669049
3.9308295176881085 0.005826807798858571
3.936971438809496 0.005896624405306935
3.943113359930884 0.005966596695656269
3.9492552810522716 0.006036638014965357
3.955397202173659 0.00610666133410719
3.9615391232950468 0.006176579477551337
3.9676810444164348 0.006246305351764344
3.9738229655378223 0.006315752173469835
3.97996488665921 0.006384833697023369
3.9861068077805974 0.006453464440174998
3.9922487289019855 0.0065215599075147965
3.998390650023373 0.006589036810922902
4.004532571144761 0.0066558132863755145
4.010674492266149 0.006721809106491435
4.016816413387536 0.006786945888239616
4.022958334508924 0.00685114729526639
4.029100255630311 0.006914339234341016
4.035242176751699 0.006976450045459508
4.041384097873086 0.00703741068518872
4.047526018994474 0.007097154902875051
4.053667940115862 0.00715561940938421
4.05980986123725 0.007212744038079904
4.0659517823586375 0.007268471897789471
4.072093703480025 0.007322749517543137
4.078235624601413 0.007375526982910134
4.0843775457228 0.0074267580637891
4.090519466844188 0.007476400333541773
4.096661387965575 0.007524415279387529
4.102803309086964 0.007570768404001782
4.108945230208351 0.007615429318283346
4.115087151329739 0.007658371825274662
4.1212290724511265 0.007699573995234018
4.127370993572514 0.007739018231870822
4.133512914693902 0.0077766913297635494
4.139654835815289 0.007812584522985331
4.145796756936677 0.007846693524964579
4.151938678058065 0.007879018559607624
4.158080599179453 0.007909564383707563
4.16422252030084 0.007938340300658491
4.170364441422228 0.007965360165487653
4.176506362543615 0.00799064238120988
4.182648283665003 0.00801420988649971
4.1887902047863905 0.008036090134666982
4.194932125907778 0.008056315063912193
4.201074047029166 0.008074921058828562
4.207215968150554 0.00809194890310947
4.213357889271942 0.008107443723412716
4.219499810393329 0.008121454924327661
4.225641731514717 0.008134036114387847
4.231783652636104 0.008145245023070681
4.237925573757492 0.008155143408727542
4.2440674948788795 0.008163796957392288
4.250209416000267 0.008171275172424119
4.2563513371216555 0.00817765125495197
4.262493258243043 0.008183001975102435
4.268635179364431 0.008187407534011532
4.274777100485818 0.008190951416642474
4.280919021607206 0.008193720235457004
4.287060942728593 0.008195803565016544
4.293202863849981 0.00819729376762138
4.299344784971368 0.008198285810130906
4.305486706092757 0.008198877072145633
4.311628627214144 0.008199167145771458
4.317770548335532 0.008199257627228656
4.3239124694569195 0.00819925190061154
4.330054390578307 0.008199254914149206
4.336196311699695 0.008199372949363123
4.342338232821082 0.008199713383562684
4.34848015394247 0.008200384446164896
4.354622075063858 0.008201494969368601
4.360763996185246 0.00820315413375652
4.366905917306633 0.00820547120943946
4.373047838428021 0.008208555293395694
4.3791897595494085 0.008212515043694538
4.385331680670796 0.008217458411325849
4.391473601792184 0.008223492370386385
4.397615522913571 0.008230722647399137
4.40375744403496 0.008239253450562789
4.409899365156347 0.008249187199744927
4.416041286277735 0.008260624258044455
4.422183207399122 0.008273662665755598
4.42832512852051 0.008288397877567959
4.434467049641897 0.008304922503834212
4.440608970763285 0.00832332605672914
4.4467508918846725 0.00834369470211112
4.452892813006061 0.008366111017879842
4.4590347341274486 0.008390653759602193
4.465176655248836 0.008417397634152238
4.471318576370224 0.008446413082081253
4.477460497491611 0.008477766069400169
4.483602418612999 0.008511517889420008
4.489744339734386 0.008547724975256348
4.495886260855774 0.008586438723561749
4.5020281819771615 0.00862770533000636
4.50817010309855 0.00867156563698134
4.5143120242199375 0.008718054993953514
4.520453945341325 0.00876720313085273
4.526595866462713 0.008819034044826334
4.5327377875841 0.008873565900648651
4.538879708705488 0.008930810945027401
4.545021629826875 0.008990775435004345
4.551163550948263 0.009053459580604214
4.557305472069651 0.009118857501844664
4.563447393191039 0.0091869572001807
4.569589314312426 0.009257740544420056
4.575731235433814 0.009331183271111638
4.5818731565552016 0.009407254999377194
4.588015077676589 0.009485919260127323
4.594156998797977 0.009567133539576422
4.600298919919364 0.009650849336947374
4.606440841040753 0.009737012236235562
4.61258276216214 0.009825561991882966
4.618724683283528 0.009916432628196513
4.624866604404915 0.010009552552330301
4.631008525526303 0.010104844680638454
4.6371504466476905 0.010202226578193982
4.643292367769078 0.010301610611258704
4.649434288890466 0.010402904112479737
4.655576210011854 0.010506009558578961
4.661718131133242 0.010610824760292663
4.667860052254629 0.010717243064309118
4.674001973376017 0.010825153566941692
4.680143894497404 0.010934441339263717
4.686285815618792 0.011044987663418845
4.692427736740179 0.011156670279806094
4.698569657861567 0.011269363644822637
4.7047115789829554 0.011382939198828773
4.710853500104343 0.011497265643978665
4.716995421225731 0.01161220923153712
4.723137342347118 0.011727634058276589
4.729279263468506 0.011843402371520113
4.735421184589893 0.011959374882364681
4.741563105711281 0.012075411086585887
4.747705026832668 0.012191369592688725
4.753846947954056 0.012307108456531303
4.759988869075444 0.01242248552190825
4.766130790196832 0.012537358766439053
4.7722727113182195 0.01265158665206389
4.778414632439607 0.012765028479406049
4.784556553560995 0.012877544745216251
4.790698474682382 0.012988997502070608
4.79684039580377 0.01309925071945105
4.802982316925157 0.01320817064529542
4.809124238046546 0.013315626167064524
4.815266159167933 0.013421489171335992
4.821408080289321 0.013525634900900023
4.8275500014107084 0.013627942308301126
4.833691922532096 0.013728294404742573
4.839833843653484 0.013826578603247633
4.845975764774871 0.01392268705495389
4.852117685896259 0.01401651697740448
4.858259607017647 0.014107970973693408
4.864401528139035 0.014196957341321566
4.870543449260422 0.01428339036962578
4.87668537038181 0.014367190624655536
4.882827291503197 0.014448285220391053
4.888969212624585 0.014526608075222146
4.8951111337459725 0.01460210015263985
4.90125305486736 0.014674709685132046
4.9073949759887485 0.014744392380320147
4.913536897110136 0.014811111608426011
4.919678818231524 0.014874838570216542
4.925820739352911 0.014935552444637339
4.931962660474299 0.014993240515416062
4.938104581595686 0.015047898275990275
4.944246502717074 0.015099529512193049
4.9503884238384614 0.015148146362211803
4.95653034495985 0.015193769353421384
4.9626722660812375 0.01523642741578029
4.968814187202625 0.015276157871569005
4.974956108324013 0.0153130064013404
4.9810980294454 0.015347026986044076
4.987239950566788 0.015378281825377977
4.993381871688175 0.015406841232511645
4.999523792809563 0.015432783505414816
5.00566571393095 0.015456194775112538
5.011807635052339 0.01547716883127282
5.017949556173726 0.015495806925614416
5.024091477295114 0.015512217553700351
5.0302333984165015 0.015526516215756556
5.036375319537889 0.01553882515722432
5.042517240659277 0.015549273089819671
5.048659161780664 0.01555799489393204
5.054801082902052 0.01556513130324845
5.06094300402344 0.015570828572537844
5.067084925144828 0.015575238129572929
5.073226846266215 0.015578516212204033
5.079368767387603 0.015580823491631098
5.0855106885089905 0.015582324682945958
5.091652609630378 0.015583188144037866
5.097794530751766 0.015583585463970992
5.103936451873153 0.015583691041953453
5.110078372994542 0.015583681658023832
5.116220294115929 0.015583736036583406
5.122362215237317 0.015584034403900705
5.128504136358704 0.01558475804071015
5.134646057480092 0.015586088831018568
5.140787978601479 0.01558820880822304
5.146929899722867 0.01559129969963092
5.1530718208442545 0.015595542470458737
5.159213741965643 0.015601116868371154
5.1653556630870305 0.0156082009696048
5.171497584208418 0.01561697072770487
5.177639505329806 0.015627599525885293
5.183781426451193 0.015640257734006246
5.189923347572581 0.015655112271146042
5.196065268693968 0.015672326174728336
5.202207189815356 0.015692058177149998
5.208349110936744 0.01571446229084034
5.214491032058132 0.015739687402668397
5.2206329531795195 0.01576787687860188
5.226774874300907 0.015799168179508927
5.232916795422295 0.015833692488982084
5.239058716543682 0.015871574354052363
5.24520063766507 0.015912931339650337
5.251342558786457 0.01595787369765969
5.257484479907845 0.016006504051397436
5.263626401029233 0.016058917096342377
5.269768322150621 0.016115199317920652
5.275910243272008 0.01617542872714201
5.282052164393396 0.0162396746148645
5.2881940855147835 0.016307997325446424
5.294336006636171 0.016380448050523324
5.300477927757559 0.016457068643623764
5.306619848878946 0.016537891456310343
5.312761770000335 0.016622939196501412
5.318903691121722 0.016712224809594205
5.32504561224311 0.01680575138297108
5.331187533364497 0.0169035120744274
5.337329454485885 0.017005490065011584
5.3434713756072725 0.017111658536715615
5.34961329672866 0.017221980675397132
5.355755217850048 0.017336409699252604
5.361897138971436 0.017454888913094904
5.368039060092824 0.01757735178861795
5.374180981214211 0.01770372207075645
5.380322902335599 0.017833913910170075
5.386464823456986 0.017967832021799492
5.392606744578374 0.018105371869356193
5.398748665699761 0.018246419875520482
5.404890586821149 0.01839085365753191
5.411032507942537 0.01853854228776493
5.417174429063925 0.018689346578790206
5.4233163501853126 0.018843119392329136
5.4294582713067 0.01899970597141694
5.435600192428088 0.019158944294998113
5.441742113549475 0.019320665454088747
5.447884034670863 0.019484694048552728
5.45402595579225 0.01965084860345505
5.460167876913639 0.019818942003875024
5.466309798035026 0.0199887819469865
5.472451719156414 0.020160171410141155
5.4785936402778015 0.020332909133626006
5.484735561399189 0.020506790116706947
5.490877482520577 0.02068160612551779
5.497019403641964 0.020857146211308675
5.503161324763352 0.021033197237529624
5.509303245884739 0.021209544414194304
5.515445167006128 0.021385971837946435
5.521587088127515 0.02156226303623623
5.527729009248903 0.021738201514007398
5.53387093037029 0.02191357130129618
5.540012851491678 0.02208815750015257
5.5461547726130656 0.022261746829310345
5.552296693734453 0.022434128165056022
5.558438614855841 0.02260509307677771
5.564580535977229 0.022774436355711865
5.570722457098617 0.022941956535449635
5.576864378220004 0.023107456402813184
5.583006299341392 0.023270743497766713
5.589148220462779 0.023431630601085378
5.595290141584167 0.02358993620856769
5.6014320627055545 0.023745484990642607
5.607573983826942 0.023898108236290738
5.6137159049483305 0.024047644280268978
5.619857826069718 0.02419393891269927
5.625999747191106 0.024336845770153877
5.632141668312493 0.02447622670744147
5.638283589433881 0.024611952149369187
5.644425510555268 0.02474390142182597
5.650567431676656 0.024871963061600486
5.656709352798043 0.02499603510441308
5.662851273919432 0.02511602535070441
5.668993195040819 0.025231851608784113
5.675135116162207 0.025343441914999973
5.681277037283595 0.025450734730641945
5.687418958404982 0.025553679115345625
5.69356087952637 0.025652234876806474
5.699702800647757 0.025746372696659005
5.705844721769145 0.025836074232414578
5.711986642890533 0.02592133219538742
5.718128564011921 0.026002150404571184
5.724270485133308 0.02607854381645799
5.730412406254696 0.026150538530818956
5.7365543273760835 0.026218171772489703
5.742696248497471 0.026281491849227092
5.748838169618859 0.02634055808572436
5.754980090740246 0.026395440733891863
5.761122011861635 0.026446220859529843
5.767263932983022 0.026492990205538754
5.77340585410441 0.026535851031831918
5.779547775225797 0.026574915932135512
5.785689696347185 0.026610307627881812
5.7918316174685724 0.02664215873942469
5.79797353858996 0.026670611534830815
5.804115459711348 0.026695817656527156
5.810257380832735 0.026717937826114885
5.816399301954124 0.02673714152769216
5.822541223075511 0.026753606670063653
5.828683144196899 0.026767519228253142
5.834825065318286 0.026779072864777202
5.840966986439674 0.026788468531182823
5.847108907561061 0.026795914050399775
5.853250828682449 0.02680162368050933
5.8593927498038365 0.026805817660584718
5.865534670925225 0.026808721739314718
5.8716765920466125 0.02681056668718019
5.877818513168 0.02681158779301329
5.883960434289388 0.026812024345830625
5.890102355410775 0.026812119102893838
5.896244276532163 0.02681211774501371
5.90238619765355 0.026812268320176323
5.908528118774938 0.02681282067663146
5.914670039896326 0.026814025886643632
5.920811961017714 0.0268161356621645
5.9269538821391015 0.02681940176374119
5.933095803260489 0.026824075404027477
5.939237724381877 0.026830406647313867
5.945379645503264 0.026838643806537006
5.951521566624652 0.026849032839268695
5.957663487746039 0.026861816744219304
5.963805408867428 0.026877234959819214
5.969947329988815 0.026895522766464418
5.976089251110203 0.02691691069402903
5.98223117223159 0.026941623936256716
5.988373093352978 0.026969881773645954
5.9945150144743655 0.027001897006439714
6.000656935595753 0.027037875399318623
6.006798856717141 0.02707801513937838
6.012940777838529 0.02712250630894646
6.019082698959917 0.02717153037476098
6.025224620081304 0.027225259694995386
6.031366541202692 0.027283857045567208
6.037508462324079 0.027347475167117576
6.043650383445467 0.027416256333990915
6.0497923045668545 0.027490331946481632
6.055934225688242 0.027569822147547333
6.06207614680963 0.027654835465116264
6.068218067931018 0.027745468481041244
6.074359989052406 0.027841805527673617
6.080501910173793 0.027943918412949246
6.086643831295181 0.028051866174795
6.092785752416568 0.028165694865579162
6.098927673537956 0.028285437367242938
6.105069594659343 0.02841111323766369
6.111211515780731 0.02854272858871399
6.117353436902119 0.028680275996394496
6.123495358023507 0.02882373444333365
6.1296372791448945 0.028973069293863486
6.135779200266282 0.029128232301798854
6.14192112138767 0.029289161650967465
6.148063042509057 0.029455782028460584
6.154204963630445 0.029628004730498987
6.160346884751832 0.02980572780073634
6.166488805873221 0.029988836200752433
6.172630726994608 0.030177202012421623
6.178772648115996 0.03037068467177766
6.1849145692373835 0.030569131233934448
6.191056490358771 0.030772376668563313
6.197198411480159 0.030980244185370674
6.203340332601546 0.03119254558896569
6.209482253722934 0.03140908166245502
6.215624174844322 0.0316296425790511
6.22176609596571 0.03185400834093117
6.227908017087097 0.03208194924453637
6.234049938208485 0.032313226371452765
6.240191859329872 0.03254759210397004
6.24633378045126 0.03278479066436718
6.2524757015726475 0.03302455867692847
6.258617622694035 0.03326662575164697
6.2647595438154235 0.03351071508852594
6.270901464936811 0.033756544101341886
6.277043386058199 0.03400382505968488
