time TPR_both_A_closed_1_rho22
0.0 0.0
0.00614192112138767 3.770078623726939e-05
0.01228384224277534 0.00015053454222655773
0.01842576336416301 0.0003376977168450239
0.02456768448555068 0.0005978585610567582
0.030709605606938348 0.0009291683101568585
0.03685152672832602 0.001329276695808133
0.042993447849713685 0.0017953516468795054
0.04913536897110136 0.0023241030007889137
0.05527729009248903 0.0029118100119052315
0.061419211213876695 0.003554352410972357
0.06756113233526437 0.004247244739837688
0.07370305345665204 0.004985673659299247
0.07984497457803971 0.005764537904877964
0.08598689569942737 0.0065784905459628056
0.09212881682081504 0.0074219831881948166
0.09827073794220272 0.00828931174721957
0.10441265906359039 0.009174663414053416
0.11055458018497806 0.010072164428227484
0.11669650130636572 0.010975928274489814
0.12283842242775339 0.011880103922005846
0.12898034354914106 0.012778923731501132
0.13512226467052874 0.013666750665399404
0.1412641857919164 0.014538124448454091
0.14740610691330408 0.01538780634135639
0.15354802803469175 0.016210822207015852
0.15968994915607942 0.017002503568326745
0.16583187027746707 0.017758526376929394
0.17197379139885474 0.01847494723442816
0.17811571252024241 0.01914823683042512
0.1842576336416301 0.01977531038527524
0.19039955476301776 0.020353554909391208
0.19654147588440543 0.020880853114975697
0.2026833970057931 0.021355603840016897
0.20882531812718078 0.021776738868062258
0.21496723924856845 0.022143736050532114
0.22110916036995612 0.022456628661028665
0.2272510814913438 0.0227160109331513
0.23339300261273144 0.02292303975469164
0.2395349237341191 0.0230794325117286
0.24567684485550678 0.02318746109607835
0.25181876597689445 0.02324994210880554
0.2579606870982821 0.0232702233111182
0.2641026082196698 0.023252166392013843
0.27024452934105747 0.02320012613959349
0.27638645046244514 0.023118926120094047
0.2825283715838328 0.02301383098548992
0.2886702927052205 0.022890515547059086
0.29481221382660816 0.02275503076866574
0.30095413494799583 0.022613766849736112
0.3070960560693835 0.022473413584033337
0.3132379771907712 0.022340918196387585
0.31937989831215885 0.022223440875500336
0.3255218194335465 0.022128308236782274
0.33166374055493414 0.022062964964839078
0.3378056616763218 0.02203492390059638
0.3439475827977095 0.02205171485303276
0.35008950391909716 0.022120832429918726
0.35623142504048483 0.022249683195663724
0.3623733461618725 0.02244553247715316
0.3685152672832602 0.022715451150092502
0.37465718840464785 0.023066262748629718
0.3807991095260355 0.023504491249652117
0.3869410306474232 0.0240363098898953
0.39308295176881086 0.024667491378605556
0.39922487289019853 0.025403359870714654
0.4053667940115862 0.026248745065080622
0.4115087151329739 0.027207938789103422
0.41765063625436155 0.02828465442474726
0.4237925573757492 0.029481989521531665
0.4299344784971369 0.030802391929267744
0.43607639961852457 0.032247629767132704
0.44221832073991224 0.03381876552606107
0.4483602418612999 0.03551613457840116
0.4545021629826876 0.037339328342409515
0.4606440841040752 0.03928718231956024
0.4667860052254629 0.04135776919000805
0.47292792634685055 0.043548397116101485
0.4790698474682382 0.04585561336588151
0.4852117685896259 0.04827521332835961
0.49135368971101356 0.05080225495043248
0.49749561083240124 0.05343107858198057
0.5036375319537889 0.05615533217147363
0.5097794530751766 0.05896800170975289
0.5159213741965643 0.06186144677508006
0.5220632953179519 0.06482744098855282
0.5282052164393396 0.0678572171460994
0.5343471375607273 0.07094151675199176
0.5404890586821149 0.07407064363964694
0.5466309798035026 0.07723452132888907
0.5527729009248903 0.08042275373525165
0.558914822046278 0.08362468881670423
0.5650567431676656 0.08682948471673602
0.5711986642890533 0.09002617794030804
0.577340585410441 0.09320375308103516
0.5834825065318286 0.09635121360424374
0.5896244276532163 0.09945765318138361
0.595766348774604 0.10251232706669507
0.6019082698959917 0.10550472300702232
0.6080501910173793 0.10842463118014274
0.614192112138767 0.111262212665804
0.6203340332601547 0.11400806596663351
0.6264759543815424 0.11665329111296034
0.63261787550293 0.11918955090608098
0.6387597966243177 0.1216091288782825
0.6449017177457054 0.12390498357465513
0.651043638867093 0.12607079879100785
0.6571855599884806 0.1281010294336565
0.6633274811098683 0.12999094270009123
0.669469402231256 0.1317366543141582
0.6756113233526436 0.13333515958502823
0.6817532444740313 0.13478435909550543
0.687895165595419 0.13608307886181195
0.6940370867168066 0.13723108484354843
0.7001790078381943 0.13822909171879505
0.706320928959582 0.1390787658750263
0.7124628500809697 0.139782722601454
0.7186047712023573 0.1403445175024044
0.724746692323745 0.14076863218423702
0.7308886134451327 0.1410604543000178
0.7370305345665203 0.14122625206659511
0.743172455687908 0.14127314339784874
0.7493143768092957 0.1412090598256783
0.7554562979306834 0.1410427054067736
0.761598219052071 0.14078351083838758
0.7677401401734587 0.14044158303025567
0.7738820612948464 0.14002765040251328
0.780023982416234 0.13955300420100378
0.7861659035376217 0.1390294361417891
0.7923078246590094 0.1384691727160015
0.7984497457803971 0.13788480650443755
0.8045916669017847 0.13728922486849252
0.8107335880231724 0.1366955364001524
0.8168755091445601 0.13611699552876103
0.8230174302659478 0.13556692569609696
0.8291593513873354 0.1350586415238428
0.8353012725087231 0.13460537040868586
0.8414431936301108 0.13422017398992142
0.8475851147514984 0.13391586994237176
0.8537270358728861 0.13370495455350212
0.8598689569942738 0.13359952654761845
0.8660108781156615 0.13361121262175213
0.8721527992370491 0.1337510951570729
0.8782947203584368 0.13402964256619732
0.8844366414798245 0.1344566427303799
0.8905785626012122 0.13504113997109157
0.8967204837225998 0.1357913759877315
0.9028624048439875 0.13671473517704738
0.9090043259653752 0.13781769473013764
0.9151462470867628 0.13910577987961648
0.9212881682081504 0.14058352464260965
0.9274300893295381 0.14225443837474983
0.9335720104509257 0.14412097841633328
0.9397139315723134 0.14618452907443066
0.9458558526937011 0.14844538714421115
0.9519977738150888 0.15090275412930143
0.9581396949364764 0.15355473527498156
0.9642816160578641 0.15639834547978881
0.9704235371792518 0.15942952210109085
0.9765654583006395 0.16264314461887375
0.9827073794220271 0.16603306106988386
0.9888493005434148 0.16959212111191804
0.9949912216648025 0.17331221552604603
1.0011331427861903 0.17718432191346045
1.0072750639075778 0.18119855629408435
1.0134169850289656 0.18534423026660296
1.0195589061503532 0.18960991334481075
1.025700827271741 0.19398350004361326
1.0318427483931285 0.198452281250211
1.0379846695145163 0.20300301938238277
1.0441265906359039 0.20762202680678224
1.0502685117572914 0.2122952469661124
1.0564104328786792 0.21700833764521946
1.0625523540000668 0.2217467557927484
1.0686942751214545 0.22649584330714737
1.074836196242842 0.23124091319353635
1.0809781173642299 0.23596733550121954
1.0871200384856174 0.24066062246029912
1.0932619596070052 0.24530651224974015
1.0994038807283928 0.24989105084806246
1.1055458018497806 0.25440067144125744
1.1116877229711681 0.25882227089014453
1.117829644092556 0.2631432827907354
1.1239715652139435 0.2673517466957758
1.1301134863353313 0.2714363731029514
1.1362554074567188 0.2753866038547313
1.1423973285781066 0.2791926676359231
1.1485392496994942 0.2828456302971598
1.154681170820882 0.2863374397751976
1.1608230919422695 0.28966096542353353
1.1669650130636573 0.292810031608968
1.1731069341850449 0.29577944547087004
1.1792488553064326 0.2985650187796552
1.1853907764278202 0.30116358386898034
1.191532697549208 0.3035730036521052
1.1976746186705955 0.30579217576652074
1.2038165397919833 0.30782103092211704
1.209958460913371 0.3096605255567409
1.2161003820347587 0.31131262892892586
1.2222423031561462 0.31278030480086055
1.228384224277534 0.3140674878853638
1.2345261453989216 0.3151790552488687
1.2406680665203094 0.31612079287833883
1.246809987641697 0.3168993576338549
1.2529519087630847 0.31752223482054437
1.2590938298844723 0.317997691623846
1.26523575100586 0.3183347266610709
1.2713776721272476 0.3185430159101338
1.2775195932486354 0.3186328552834558
1.283661514370023 0.31861510012166644
1.2898034354914107 0.3185011018881053
1.2959453566127983 0.3183026423514832
1.302087277734186 0.3180318655506051
1.3082291988555736 0.31770120784194916
1.3143711199769612 0.3173233263382553
1.320513041098349 0.31691102605417787
1.3266549622197366 0.31647718608352443
1.3327968833411243 0.3160346851415936
1.338938804462512 0.31559632681557603
1.3450807255838997 0.3151747648757259
1.3512226467052872 0.3147824290098852
1.357364567826675 0.3144314513536816
1.3635064889480626 0.3141335941980603
1.3696484100694504 0.31390017926440883
1.375790331190838 0.3137420189450472
1.3819322523122257 0.3136693499128888
1.3880741734336133 0.313691769508242
1.394216094555001 0.3138181753126032
1.4003580156763886 0.31405670831848614
1.4064999367977764 0.31441470010045486
1.412641857919164 0.31489862438520194
1.4187837790405518 0.3155140534074117
1.4249257001619393 0.3162656194229849
1.431067621283327 0.31715698173173573
1.4372095424047147 0.3181907995377384
1.4433514635261024 0.31936871094700614
1.44949338464749 0.32069131836909953
1.4556353057688778 0.32215818055166123
1.4617772268902653 0.3237678114349087
1.4679191480116531 0.32551768596702646
1.4740610691330407 0.3274042529715292
1.4802029902544285 0.3294229551044244
1.486344911375816 0.33156825588291217
1.4924868324972038 0.3338336737089945
1.4986287536185914 0.33621182275138056
1.5047706747399792 0.3386944604882009
1.5109125958613667 0.3412725416520258
1.5170545169827545 0.3439362782583345
1.523196438104142 0.34667520533972823
1.5293383592255299 0.34947825195163207
1.5354802803469174 0.35233381696182775
1.5416222014683052 0.35522984908667665
1.5477641225896928 0.3581539305920893
1.5539060437110805 0.36109336403786607
1.560047964832468 0.3640352614105937
1.5661898859538559 0.36696663496336934
1.5723318070752434 0.3698744890606853
1.578473728196631 0.3727459123141713
1.5846156493180188 0.37556816928977776
1.5907575704394064 0.37832879106950945
1.5968994915607941 0.38101566396094577
1.6030414126821817 0.3836171156653935
1.6091833338035695 0.38612199824034144
1.615325254924957 0.3885197672235581
1.6214671760463448 0.39080055632422334
1.6276090971677324 0.3929552471303327
1.6337510182891202 0.3949755333306178
1.6398929394105077 0.39685397900265057
1.6460348605318955 0.3985840705758716
1.652176781653283 0.40016026213818096
1.6583187027746709 0.40157801381660685
1.6644606238960584 0.4028338230255723
1.6706025450174462 0.4039252484395768
1.6767444661388338 0.40485092660986255
1.6828863872602216 0.40561058120608723
1.6890283083816091 0.406205024923428
1.695170229502997 0.406636154152245
1.7013121506243845 0.40690693656084426
1.7074540717457722 0.40702139179149477
1.7135959928671598 0.40698456551525275
1.7197379139885476 0.40680249713200745
1.7258798351099351 0.4064821814382581
1.732021756231323 0.40603152461632386
1.7381636773527105 0.405459294924934
1.7443055984740983 0.4047750684924985
1.7504475195954858 0.40398917063093953
1.7565894407168736 0.40311261309997864
1.7627313618382612 0.4021570277594962
1.768873282959649 0.40113459705133303
1.7750152040810365 0.4000579817520618
1.7811571252024243 0.39894024643523274
1.7872990463238119 0.3977947830758187
1.7934409674451997 0.3966352332215099
1.7995828885665872 0.39547540914556606
1.805724809687975 0.3943292143845897
1.8118667308093626 0.39321056405223603
1.8180086519307503 0.39213330530693524
1.824150573052138 0.39111113833851857
1.8302924941735257 0.3901575382255344
1.8364344152949132 0.38928567800227976
1.8425763364163008 0.3885083532623662
1.8487182575376886 0.38783790861415873
1.8548601786590762 0.3872861662927548
1.861002099780464 0.3868643572233721
1.8671440209018515 0.386583054822049
1.8732859420232393 0.38645211181138783
1.8794278631446268 0.3864806003215371
1.8855697842660146 0.38667675553957237
1.8917117053874022 0.3870479231636637
1.89785362650879 0.38760051091167563
1.9039955476301775 0.38833994432685504
1.9101374687515653 0.389270627115727
1.9162793898729529 0.390395906244929
1.9224213109943407 0.39171804201416627
1.9285632321157282 0.39323818331145494
1.934705153237116 0.39495634824404213
1.9408470743585036 0.3968714103235974
1.9469889954798913 0.39898109036721174
1.953130916601279 0.4012819542562268
1.9592728377226667 0.40376941667280347
1.9654147588440543 0.40643775090932255
1.971556679965442 0.4092801048181555
1.9776986010868296 0.4122885229390778
1.9838405222082174 0.4154539748087038
1.989982443329605 0.41876638942095856
1.9961243644509927 0.42221469576999404
2.0022662855723805 0.42578686936737964
2.008408206693768 0.42946998458421326
2.0145501278151556 0.4332502726264001
2.020692048936543 0.43711318490819817
2.026833970057931 0.4410434615457286
2.0329758911793188 0.4450252046490359
2.0391178123007063 0.44904195604901737
2.045259733422094 0.4530767790547063
2.051401654543482 0.45711234379757465
2.0575435756648695 0.4611310156832933
2.063685496786257 0.4651149464383216
2.0698274179076446 0.469046167209323
2.0759693390290326 0.4729066831482071
2.08211126015042 0.4766785688950397
2.0882531812718077 0.48034406435551413
2.0943951023931953 0.48388567015945955
2.100537023514583 0.4872862421822179
2.106678944635971 0.4905290845118111
2.1128208657573584 0.49359804025172194
2.118962786878746 0.49647757956181254
2.1251047080001335 0.4991528843583072
2.1312466291215215 0.5016099291176884
2.137388550242909 0.503835557258531
2.1435304713642966 0.5058175526093743
2.149672392485684 0.5075447055093083
2.155814313607072 0.5090068731305235
2.1619562347284598 0.5101950336581322
2.1680981558498473 0.5111013340115107
2.174240076971235 0.51171913084264
2.180381998092623 0.5120430245997911
2.1865239192140105 0.5120688864987721
2.192665840335398 0.5117938782981647
2.1988077614567856 0.5112164648289227
2.2049496825781736 0.5103364192817479
2.211091603699561 0.5091548213072428
2.2172335248209487 0.5076740480334171
2.2233754459423363 0.5058977581522365
2.2295173670637243 0.5038308692710923
2.235659288185112 0.5014795287660084
2.2418012093064994 0.49885107841077325
2.247943130427887 0.49595401308976983
2.254085051549275 0.49279793393192656
2.2602269726706625 0.4893934962288223
2.26636889379205 0.4857523525215498
2.2725108149134376 0.48188709125850115
2.2786527360348257 0.4778111714398971
2.284794657156213 0.47353885367478643
2.2909365782776008 0.46908512808260194
2.2970784993989883 0.4644656394744053
2.3032204205203763 0.4596966102489661
2.309362341641764 0.4547947614360897
2.3155042627631515 0.4497772323144409
2.321646183884539 0.44466149902383323
2.327788105005927 0.43946529258287353
2.3339300261273146 0.43420651671228144
2.340071947248702 0.42890316585243776
2.3462138683700897 0.42357324375102573
2.3523557894914777 0.41823468298326194
2.3584977106128653 0.41290526575338743
2.364639631734253 0.4076025463119827
2.3707815528556404 0.4023437753094358
2.376923473977028 0.39714582639162804
2.383065395098416 0.39202512532969486
2.3892073162198035 0.38699758196158074
2.395349237341191 0.38207852520905666
2.4014911584625787 0.3772826414198571
2.4076330795839667 0.3726239162705578
2.4137750007053542 0.3681155804516748
2.419916921826742 0.36377005934209267
2.4260588429481293 0.3595989268652143
2.4322007640695174 0.3556128637040208
2.438342685190905 0.3518216200364011
2.4444846063122925 0.34823398293551927
2.45062652743368 0.3448577485625061
2.456768448555068 0.3416996992602684
2.4629103696764556 0.33876558563762105
2.469052290797843 0.3360601137121802
2.4751942119192307 0.3335869371584761
2.4813361330406187 0.33134865468454444
2.4874780541620063 0.329346812535856
2.493619975283394 0.327581912099918
2.4997618964047814 0.3260534225583271
2.5059038175261694 0.3247597985056186
2.512045738647557 0.32369850242612364
2.5181876597689445 0.3228660318914294
2.524329580890332 0.32225795131219553
2.53047150201172 0.3218689280492916
2.5366134231331077 0.32169277266079216
2.5427553442544952 0.321722483033633
2.548897265375883 0.321950292122025
2.555039186497271 0.32236771898939726
2.5611811076186584 0.32296562282704727
2.567323028740046 0.3237342596011473
2.5734649498614335 0.3246633409606318
2.5796068709828215 0.3257420950220654
2.585748792104209 0.3269593286341511
2.5918907132255966 0.3283034907143228
2.598032634346984 0.3297627362430804
2.604174555468372 0.3313249904985288
2.6103164765897597 0.3329780131140795
2.6164583977111473 0.33470946154652786
2.622600318832535 0.33650695354972954
2.6287422399539224 0.3383581282608165
2.6348841610753104 0.34025070552120695
2.641026082196698 0.3421725430734211
2.6471680033180855 0.34411169129669883
2.653309924439473 0.34605644516937434
2.659451845560861 0.34799539317359496
2.6655937666822487 0.34991746288793973
2.6717356878036362 0.3518119630454344
2.677877608925024 0.35366862186797515
2.684019530046412 0.355477621522863
2.6901614511677994 0.35722962858258633
2.696303372289187 0.3589158204047585
2.7024452934105745 0.360527907384796
2.7085872145319625 0.3620581510691085
2.71472913565335 0.36349937815087924
2.7208710567747376 0.36484499040357427
2.727012977896125 0.3660889706388022
2.733154899017513 0.36722588480474877
2.7392968201389007 0.3682508803688722
2.7454387412602883 0.36915968115364
2.751580662381676 0.3699485788166377
2.757722583503064 0.3706144211862432
2.7638645046244514 0.3711545976811502
2.770006425745839 0.3715670220562739
2.7761483468672266 0.37185011272899116
2.7822902679886146 0.3720027709482582
2.788432189110002 0.37202435707499637
2.7945741102313897 0.3719146652453194
2.8007160313527772 0.371673896688823
2.8068579524741653 0.37130263197242036
2.812999873595553 0.37080180243623906
2.8191417947169404 0.370172661082092
2.825283715838328 0.3694167531671819
2.831425636959716 0.36853588674619364
2.8375675580811035 0.3675321033939787
2.843709479202491 0.36640764932883624
2.8498514003238786 0.3651649471431448
2.8559933214452666 0.3638065683339825
2.862135242566654 0.3623352068115731
2.8682771636880418 0.3607536535480738
2.8744190848094293 0.3590647725135279
2.8805610059308173 0.3572714780298893
2.886702927052205 0.35537671365798895
2.8928448481735924 0.35338343271628736
2.89898676929498 0.35129458051431184
2.9051286904163676 0.34911307836790295
2.9112706115377556 0.34684180944785536
2.917412532659143 0.3444836064982841
2.9235544537805307 0.3420412414461223
2.9296963749019183 0.33951741690860054
2.9358382960233063 0.3369147595913966
2.941980217144694 0.334235815556404
2.9481221382660814 0.3314830473247741
2.954264059387469 0.32865883276805763
2.960405980508857 0.3257654657279361
2.9665479016302445 0.3228051582932172
2.972689822751632 0.31978004465149784
2.9788317438730196 0.31669218642221697
2.9849736649944076 0.3135435793677601
2.991115586115795 0.3103361613698926
2.9972575072371828 0.30707182155013524
3.0033994283585703 0.30375241040481593
3.0095413494799583 0.3003797508184954
3.015683270601346 0.29695564981333156
3.0218251917227335 0.29348191088679615
3.027967112844121 0.28996034678604354
3.034109033965509 0.2863927925642218
3.0402509550868966 0.28278111876218276
3.046392876208284 0.2791272445584273
3.0525347973296717 0.2754331507307802
3.0586767184510597 0.27170089227525207
3.0648186395724473 0.2679326105308408
3.070960560693835 0.26413054466366453
3.0771024818152224 0.26029704236979895
3.0832444029366104 0.2564345696634859
3.089386324057998 0.252545719625955
3.0955282451793855 0.24863321999989316
3.101670166300773 0.24469993952553243
3.107812087422161 0.2407488929263084
3.1139540085435486 0.23678324446495952
3.120095929664936 0.232806310004656
3.1262378507863238 0.22882155752412822
3.1323797719077118 0.22483260605064623
3.1385216930290993 0.22084322298991707
3.144663614150487 0.2168573198473414
3.1508055352718745 0.21287894635042218
3.156947456393262 0.20891228299726367
3.16308937751465 0.20496163207086227
3.1692312986360376 0.20103140717308762
3.175373219757425 0.1971261213457249
3.1815151408788127 0.19325037385853186
3.1876570620002007 0.18940883575582174
3.1937989831215883 0.18560623426348424
3.199940904242976 0.18184733616749685
3.2060828253643634 0.17813693028277414
3.2122247464857514 0.17447980913758518
3.218366667607139 0.1708807500037003
3.2245085887285265 0.1673444954058936
3.230650509849914 0.1638757332464304
3.236792430971302 0.16047907668073827
3.2429343520926897 0.15715904387965562
3.249076273214077 0.15392003781153427
3.2552181943354648 0.15076632617414346
3.261360115456853 0.14770202160188473
3.2675020365782403 0.1447310622684022
3.273643957699628 0.1418571929983947
3.2797858788210155 0.139083946995447
3.2859277999424035 0.1364146282851402
3.292069721063791 0.1338522949647277
3.2982116421851786 0.131399743342418
3.304353563306566 0.1290594930409364
3.310495484427954 0.1268337731316748
3.3166374055493417 0.12472450935751941
3.3227793266707293 0.12273331249447682
3.328921247792117 0.1208614678946121
3.335063168913505 0.11910992624564945
3.3412050900348924 0.11747929557594153
3.34734701115628 0.1159698345274429
3.3534889322776675 0.11458144691386062
3.3596308533990555 0.11331367757632124
3.365772774520443 0.11216570954468928
3.3719146956418307 0.1111363625090805
3.3780566167632182 0.11022409260310174
3.3841985378846062 0.10942699349787031
3.390340459005994 0.10874279880385813
3.3964823801273814 0.10816888577599457
3.402624301248769 0.10770228031616569
3.4087662223701565 0.10733966326617282
3.4149081434915445 0.10707737798326303
3.421050064612932 0.10691143918941973
3.4271919857343196 0.10683754308459814
3.433333906855707 0.10685107871291008
3.439475827977095 0.10694714056930836
3.4456177490984827 0.10712054243250275
3.4517596702198703 0.10736583240757484
3.457901591341258 0.10767730915897691
3.464043512462646 0.1080490393112428
3.4701854335840334 0.10847487599075858
3.476327354705421 0.1089484784773122
3.4824692758268085 0.10946333292884873
3.4886111969481965 0.11001277413690863
3.494753118069584 0.11059000826364361
3.5008950391909717 0.11118813650412952
3.5070369603123592 0.11180017960999042
3.5131788814337472 0.11241910320218959
3.519320802555135 0.11303784379232779
3.5254627236765224 0.11364933542302834
3.53160464479791 0.11424653682910733
3.537746565919298 0.11482245901236417
3.5438884870406855 0.11537019311413026
3.550030408162073 0.11588293846133756
3.5561723292834606 0.11635403065397394
3.5623142504048486 0.11677696955454236
3.568456171526236 0.11714544703369265
3.5745980926476237 0.11745337432070954
3.5807400137690113 0.11769490880316157
3.5868819348903993 0.11786448011688294
3.593023856011787 0.11795681536569597
3.5991657771331744 0.11796696330999151
3.605307698254562 0.11789031736455517
3.61144961937595 0.11772263724892072
3.6175915404973376 0.1174600691380926
3.623733461618725 0.11709916416771614
3.6298753827401127 0.11663689515568018
3.6360173038615007 0.1160706714116685
3.6421592249828882 0.11539835151727171
3.648301146104276 0.11461825397183308
3.6544430672256634 0.1137291656131159
3.6605849883470514 0.11273034773700033
3.666726909468439 0.11162153985658455
3.6728688305898265 0.11040296105809297
3.679010751711214 0.10907530892868562
3.6851526728326016 0.10763975604940693
3.6912945939539896 0.10609794406488919
3.697436515075377 0.1044519753598095
3.7035784361967647 0.10270440239026614
3.7097203573181523 0.10085821473596542
3.7158622784395403 0.09891682395617894
3.722004199560928 0.09688404634863984
3.7281461206823154 0.09476408372570135
3.734288041803703 0.09256150233601346
3.740429962925091 0.09028121007252661
3.7465718840464786 0.08792843211867961
3.752713805167866 0.08550868519406445
3.7588557262892537 0.0830277505686072
3.7649976474106417 0.08049164602030853
3.7711395685320293 0.07790659691582616
3.777281489653417 0.07527900659565716
3.7834234107748044 0.07261542624641956
3.7895653318961924 0.06992252444179357
3.79570725301758 0.06720705653114048
3.8018491741389675 0.06447583405076884
3.807991095260355 0.06173569432738039
3.814133016381743 0.05899347043653305
3.8202749375031306 0.05625596167114951
3.826416858624518 0.053529904666333374
3.8325587797459058 0.05082194531718721
3.8387007008672938 0.04813861161612444
3.8448426219886813 0.04548628752549081
3.850984543110069 0.04287118799032152
3.8571264642314564 0.040299335184911314
3.8632683853528444 0.03777653607571153
3.869410306474232 0.03530836137202582
3.8755522275956196 0.032900125925176264
3.881694148717007 0.030556870626362278
3.887836069838395 0.028283345843428426
3.8939779909597827 0.02608399642726926
3.9001199120811703 0.023962948309690264
3.906261833202558 0.021923996706255222
3.912403754323946 0.01997059593000854
3.9185456754453334 0.018105850814975864
3.924687596566721 0.016332509742012787
3.9308295176881085 0.014652959253870557
3.936971438809496 0.013069220241248208
3.943113359930884 0.011582945677059727
3.9492552810522716 0.010195419872112007
3.955397202173659 0.008907559221805457
3.9615391232950468 0.007719914410270731
3.9676810444164348 0.006632674035475165
3.9738229655378223 0.00564566961620316
3.97996488665921 0.004758381939368564
3.9861068077805974 0.003969948703789493
3.9922487289019855 0.0032791734142866968
3.998390650023373 0.0026845354777013672
4.004532571144761 0.002184201450120238
4.010674492266149 0.0017760373822069714
4.016816413387536 0.0014576222070403454
4.022958334508924 0.0012262621122336869
4.029100255630311 0.0010790058353487917
4.035242176751699 0.0010126608187250503
4.041384097873086 0.0010238101568352763
4.047526018994474 0.0011088302661792393
4.053667940115862 0.0012639092045695847
4.05980986123725 0.001485065563497445
4.0659517823586375 0.001768167854139606
4.072093703480025 0.0021089543045454784
4.078235624601413 0.0025030529826858177
4.0843775457228 0.002946002157425488
4.090519466844188 0.003433270807171134
4.096661387965575 0.003960279184013416
4.102803309086964 0.004522419339703076
4.108945230208351 0.005115075518837864
4.115087151329739 0.005733644324255676
4.1212290724511265 0.006373554559883733
4.127370993572514 0.007030286657231728
4.133512914693902 0.007699391593376242
4.139654835815289 0.008376509210691255
4.145796756936677 0.009057385851750237
4.151938678058065 0.009737891226761407
4.158080599179453 0.01041403443558873
4.16422252030084 0.011081979071833066
4.170364441422228 0.011738057342563519
4.176506362543615 0.012378783144048904
4.182648283665003 0.013000864041181247
4.1887902047863905 0.01360121210613465
4.194932125907778 0.014176953580080746
4.201074047029166 0.01472543733039514
4.207215968150554 0.015244242084639125
4.213357889271942 0.01573118243158459
4.219499810393329 0.01618431358856009
4.225641731514717 0.016601934943324823
4.231783652636104 0.016982592387416694
4.237925573757492 0.01732507946636557
4.2440674948788795 0.017628437380212494
4.250209416000267 0.017891953875334286
4.2563513371216555 0.01811516107555428
4.262493258243043 0.01829783230684449
4.268635179364431 0.01843997797552501
4.274777100485818 0.018541840564685396
4.280919021607206 0.01860388881754637
4.287060942728593 0.018626811179615177
4.293202863849981 0.018611508573745897
4.299344784971368 0.018559086583590272
4.305486706092757 0.018470847121421708
4.311628627214144 0.01834827965595343
4.317770548335532 0.018193052074582335
4.3239124694569195 0.018007001252513418
4.330054390578307 0.017792123398507588
4.336196311699695 0.017550564243607993
4.342338232821082 0.017284609135204496
4.34848015394247 0.016996673094266657
4.354622075063858 0.016689290888591973
4.360763996185246 0.016365107169560942
4.366905917306633 0.01602686671424939
4.373047838428021 0.015677404808908304
4.3791897595494085 0.015319637803868243
4.385331680670796 0.014956553863945597
4.391473601792184 0.014591203932503878
4.397615522913571 0.01422669292153562
4.40375744403496 0.01386617113455473
4.409899365156347 0.01351282592379644
4.416041286277735 0.01316987357827784
4.422183207399122 0.012840551434735423
4.42832512852051 0.012528110199379886
4.434467049641897 0.012235806464838132
4.440608970763285 0.011966895403626394
4.4467508918846725 0.011724623617047094
4.452892813006061 0.011512222116548959
4.4590347341274486 0.0113328994133497
4.465176655248836 0.011189834691501171
4.471318576370224 0.011086171039577628
4.477460497491611 0.011025008716780634
4.483602418612999 0.011009398430463566
4.489744339734386 0.011042334603861522
4.495886260855774 0.011126748615138586
4.5020281819771615 0.011265501991696361
4.50817010309855 0.011461379546982306
4.5143120242199375 0.011717082450743026
4.520453945341325 0.012035221227731189
4.526595866462713 0.012418308684233877
4.5327377875841 0.012868752766379448
4.538879708705488 0.013388849358929639
4.545021629826875 0.01398077503810117
4.551163550948263 0.014646579796810581
4.557305472069651 0.015388179765521183
4.563447393191039 0.016207349956513833
4.569589314312426 0.01710571706382697
4.575731235433814 0.018084752355240197
4.5818731565552016 0.019145764696436692
4.588015077676589 0.020289893750803877
4.594156998797977 0.021518103401154204
4.600298919919364 0.022831175441911374
4.606440841040753 0.024229703591959376
4.61258276216214 0.02571408787935087
4.618724683283528 0.027284529449383213
4.624866604404915 0.02894102584715118
4.631008525526303 0.03068336682456278
4.6371504466476905 0.03251113071995643
4.643292367769078 0.03442368145589436
4.649434288890466 0.03642016619745083
4.655576210011854 0.03849951370939718
4.661718131133242 0.04066043344615643
4.667860052254629 0.04290141540331148
4.674001973376017 0.04522073075387306
4.680143894497404 0.04761643328651975
4.686285815618792 0.05008636165669931
4.692427736740179 0.05262814245491844
4.698569657861567 0.0552391940898445
4.7047115789829554 0.05791673147709802
4.710853500104343 0.06065777151793185
4.716995421225731 0.06345913934547504
4.723137342347118 0.06631747530996726
4.729279263468506 0.06922924266852179
4.735421184589893 0.07219073593952366
4.741563105711281 0.07519808987687916
4.747705026832668 0.07824728901506295
4.753846947954056 0.08133417773232203
4.759988869075444 0.08445447077655137
4.766130790196832 0.08760376419629345
4.7722727113182195 0.09077754661806503
4.778414632439607 0.09397121081079401
4.784556553560995 0.09718006547855837
4.790698474682382 0.10039934722404639
4.79684039580377 0.10362423262717585
4.802982316925157 0.10684985038607842
4.809124238046546 0.11007129347112302
4.815266159167933 0.11328363124675242
4.821408080289321 0.11648192152056634
4.8275500014107084 0.11966122248421604
4.833691922532096 0.12281660451618784
4.839833843653484 0.125943161822346
4.845975764774871 0.12903602389607496
4.852117685896259 0.13209036678589978
4.858259607017647 0.13510142416446194
4.864401528139035 0.1380644981985767
4.870543449260422 0.14097497022569105
4.87668537038181 0.14382831124729276
4.882827291503197 0.14662009225459277
4.888969212624585 0.14934599440602103
4.8951111337459725 0.15200181907965474
4.90125305486736 0.15458349782655906
4.9073949759887485 0.15708710225309916
4.913536897110136 0.1595088538615163
4.919678818231524 0.1618451338784105
4.925820739352911 0.16409249310019688
4.931962660474299 0.1662476617830881
4.938104581595686 0.16830755960268629
4.944246502717074 0.170269305704854
4.9503884238384614 0.17213022886519105
4.95653034495985 0.17388787776920542
4.9626722660812375 0.17554003141917568
4.968814187202625 0.1770847096668214
4.974956108324013 0.17852018386329335
4.9810980294454 0.17984498760975737
4.987239950566788 0.1810579275830666
4.993381871688175 0.18215809440180505
4.999523792809563 0.1831448734884641
5.00566571393095 0.18401795587380249
5.011807635052339 0.18477734887968625
5.017949556173726 0.18542338660704352
5.024091477295114 0.18595674014615635
5.0302333984165015 0.1863784274174976
5.036375319537889 0.186689822542864
5.042517240659277 0.18689266463881274
5.048659161780664 0.18698906591753456
5.054801082902052 0.1869815189744393
5.06094300402344 0.18687290313704008
5.067084925144828 0.18666648974633032
5.073226846266215 0.18636594623988156
5.079368767387603 0.18597533890546078
5.0855106885089905 0.1854991341751666
5.091652609630378 0.1849421983329923
5.097794530751766 0.18430979551339605
5.103936451873153 0.18360758387492668
5.110078372994542 0.1828416098412284
5.116220294115929 0.18201830031180988
5.122362215237317 0.1811444527567717
5.128504136358704 0.18022722312316825
5.134646057480092 0.17927411149573655
5.140787978601479 0.17829294547123434
5.146929899722867 0.17729186122343263
5.1530718208442545 0.17627928225473513
5.159213741965643 0.17526389585024466
5.1653556630870305 0.1742546272706418
5.171497584208418 0.17326061174125287
5.177639505329806 0.17229116431590105
5.183781426451193 0.17135574771530332
5.189923347572581 0.1704639382606175
5.196065268693968 0.169625390042998
5.202207189815356 0.1688497974894092
5.208349110936744 0.16814685650321531
5.214491032058132 0.16752622437496928
5.2206329531795195 0.16699747867412112
5.226774874300907 0.16657007534585855
5.232916795422295 0.16625330624878254
5.239058716543682 0.16605625637846144
5.24520063766507 0.16598776102896445
5.251342558786457 0.16605636314916356
5.257484479907845 0.16627027115285412
5.263626401029233 0.1666373174415577
5.269768322150621 0.16716491789625698
5.275910243272008 0.1678600325893259
5.282052164393396 0.16872912796064607
5.2881940855147835 0.16977814069247008
5.294336006636171 0.17101244350615677
5.300477927757559 0.1724368130906431
5.306619848878946 0.17405540035764167
5.312761770000335 0.17587170320228512
5.318903691121722 0.1778885419305197
5.32504561224311 0.18010803749623117
5.331187533364497 0.18253159267212252
5.337329454485885 0.18515987625900956
5.3434713756072725 0.18799281041870713
5.34961329672866 0.19102956119628747
5.355755217850048 0.1942685322784268
5.361897138971436 0.19770736201602515
5.368039060092824 0.2013429237214705
5.374180981214211 0.2051713292339861
5.380322902335599 0.20918793573057298
5.386464823456986 0.2133873557452496
5.392606744578374 0.21776347034566135
5.398748665699761 0.2223094454037297
5.404890586821149 0.22701775088584253
5.411032507942537 0.23188018307813138
5.417174429063925 0.23688788965359514
5.4233163501853126 0.24203139748013552
5.4294582713067 0.24730064306187094
5.435600192428088 0.2526850055002789
5.441742113549475 0.2581733418566466
5.447884034670863 0.26375402479284366
5.45402595579225 0.26941498236341666
5.460167876913639 0.27514373982828716
5.466309798035026 0.2809274633517601
5.472451719156414 0.28675300544996624
5.4785936402778015 0.2926069520451387
5.484735561399189 0.29847567098112837
5.490877482520577 0.3043453618501897
5.497019403641964 0.31020210697624184
5.503161324763352 0.316031923394451
5.509303245884739 0.3218208156610712
5.515445167006128 0.3275548293210044
5.521587088127515 0.3332201048535281
5.527729009248903 0.3388029319091353
5.53387093037029 0.3442898036425299
5.540012851491678 0.3496674709386328
5.5461547726130656 0.3549229963201145
5.552296693734453 0.36004380731666036
5.558438614855841 0.365017749068072
5.564580535977229 0.3698331359256366
5.570722457098617 0.3744788018091733
5.576864378220004 0.3789441490710356
5.583006299341392 0.3832191956133545
5.589148220462779 0.3872946200011966
5.595290141584167 0.39116180431232234
5.6014320627055545 0.39481287446410607
5.607573983826942 0.39824073776011554
5.6137159049483305 0.4014391174030707
5.619857826069718 0.40440258372754384
5.625999747191106 0.4071265819149917
5.632141668312493 0.4096074559656066
5.638283589433881 0.41184246871610364
5.644425510555268 0.41382981770994265
5.650567431676656 0.41556864674658234
5.656709352798043 0.41705905295910245
5.662851273919432 0.418302089294781
5.668993195040819 0.4192997623008029
5.675135116162207 0.42005502514697357
5.681277037283595 0.4205717658488606
5.687418958404982 0.42085479068786263
5.69356087952637 0.4209098028589772
5.699702800647757 0.4207433764121124
5.705844721769145 0.4203629255882704
5.711986642890533 0.41977666968739413
5.718128564011921 0.41899359363967015
5.724270485133308 0.41802340448619324
5.730412406254696 0.41687648400767424
5.7365543273760835 0.415563837770897
5.742696248497471 0.414097040891487
5.748838169618859 0.41248818083788197
5.754980090740246 0.41074979762483416
5.761122011861635 0.4088948217650401
5.767263932983022 0.40693651036431466
5.77340585410441 0.4048883817589177
5.779547775225797 0.40276414910304
5.785689696347185 0.4005776533199773
5.7918316174685724 0.3983427958321418
5.79797353858996 0.3960734714827924
5.804115459711348 0.3937835020563157
5.810257380832735 0.3914865707941842
5.816399301954124 0.3891961582905638
5.822541223075511 0.386925480135177
5.828683144196899 0.3846874266517431
5.834825065318286 0.38249450505843097
5.840966986439674 0.3803587843526295
5.847108907561061 0.3782918431963435
5.853250828682449 0.37630472105104323
5.8593927498038365 0.37440787278224086
5.865534670925225 0.37261112692482556
5.8716765920466125 0.3709236477706567
5.877818513168 0.36935390141046226
5.883960434289388 0.3679096258330706
5.890102355410775 0.36659780515674134
5.896244276532163 0.3654246480401504
5.90238619765355 0.36439557029467307
5.908528118774938 0.3635151816952153
5.914670039896326 0.3627872769641345
5.920811961017714 0.36221483088189227
5.9269538821391015 0.3617999974590734
5.933095803260489 0.36154411308732043
5.939237724381877 0.3614477035715632
5.945379645503264 0.36151049493262327
5.951521566624652 0.36173142785774653
5.957663487746039 0.3621086756667547
5.963805408867428 0.3626396656531457
5.969947329988815 0.36332110365244874
5.976089251110203 0.3641490016842502
5.98223117223159 0.365118708509352
5.988373093352978 0.3662249429392826
5.9945150144743655 0.3674618297316433
6.000656935595753 0.36882293790132625
6.006798856717141 0.3703013212742809
6.012940777838529 0.3718895611070577
6.019082698959917 0.3735798105916453
6.025224620081304 0.3753638410610164
6.031366541202692 0.3772330897061871
6.037508462324079 0.379178708610409
6.043650383445467 0.38119161490031
6.0497923045668545 0.3832625418073718
6.055934225688242 0.38538209042612903
6.06207614680963 0.38754078194795916
6.068218067931018 0.38972911014142564
6.074359989052406 0.39193759384198984
6.080501910173793 0.39415682920570244
6.086643831295181 0.3963775414734409
6.092785752416568 0.3985906359846172
6.098927673537956 0.4007872481723078
6.105069594659343 0.402958792265733
6.111211515780731 0.4050970084212298
6.117353436902119 0.4071940079996185
6.123495358023507 0.4092423167064432
6.1296372791448945 0.41123491531226103
6.135779200266282 0.41316527767322114
6.14192112138767 0.41502740577784764
6.148063042509057 0.41681586155443895
6.154204963630445 0.4185257951849686
6.160346884751832 0.4201529696859516
6.166488805873221 0.42169378153450005
6.172630726994608 0.42314527713873284
6.178772648115996 0.42450516497580243
6.1849145692373835 0.42577182324793994
6.191056490358771 0.4269443029369449
6.197198411480159 0.42802232617021985
6.203340332601546 0.42900627984650225
6.209482253722934 0.429897204506521
6.215624174844322 0.43069677847251886
6.22176609596571 0.43140729732048916
6.227908017087097 0.4320316487896038
6.234049938208485 0.43257328327413463
6.240191859329872 0.433036180083681
6.24633378045126 0.4334248096971477
6.2524757015726475 0.4337440922741344
6.258617622694035 0.4339993527236546
6.2647595438154235 0.4341962726638868
6.270901464936811 0.43434083963747433
6.277043386058199 0.43443929397428394
