time TPR_both_C_closed_1_rho23_real
0.0 0.0
0.00614192112138767 2.6046552809078663e-08
0.01228384224277534 4.1469705555424874e-07
0.01842576336416301 2.0822592597301607e-06
0.02456768448555068 6.505855263552836e-06
0.030709605606938348 1.565072166668804e-05
0.03685152672832602 3.1873079088798944e-05
0.042993447849713685 5.780293951751425e-05
0.04913536897110136 9.621208507250687e-05
0.05527729009248903 0.00014987306014784782
0.061419211213876695 0.00022141534486570024
0.06756113233526437 0.000313184911229544
0.07370305345665204 0.0004271131099187555
0.07984497457803971 0.0005646003158727735
0.08598689569942737 0.0007264190085007349
0.09212881682081504 0.0009126400222190206
0.09827073794220272 0.0011225846276740816
0.10441265906359039 0.0013548039506787039
0.11055458018497806 0.0016070860630205146
0.11669650130636572 0.0018764899432664902
0.12283842242775339 0.0021594044578224537
0.12898034354914106 0.0024516295966258584
0.13512226467052874 0.002748476448368788
0.1412641857919164 0.0030448818408880898
0.14740610691330408 0.0033355332160577306
0.15354802803469175 0.0036149991570106625
0.15968994915607942 0.0038778610305308524
0.16583187027746707 0.004118841431904423
0.17197379139885474 0.004332925499177654
0.17811571252024241 0.00451547166919005
0.1842576336416301 0.004662309046275505
0.19039955476301776 0.004769819212272052
0.19654147588440543 0.004835000990185988
0.2026833970057931 0.004855517352473945
0.20882531812718078 0.00482972431091295
0.21496723924856845 0.004756682215379775
0.22110916036995612 0.004636150405598563
0.2272510814913438 0.004468566590428288
0.23339300261273144 0.004255012666232303
0.2395349237341191 0.003997168926960386
0.24567684485550678 0.0036972587658818078
0.25181876597689445 0.003357986028297116
0.2579606870982821 0.0029824671548675315
0.2641026082196698 0.0025741601674404585
0.27024452934105747 0.002136792405786172
0.27638645046244514 0.0016742887374772409
0.2825283715838328 0.0011907017471703973
0.2886702927052205 0.0006901451781131527
0.29481221382660816 0.00017673165906513492
0.30095413494799583 -0.0003454844861071641
0.3070960560693835 -0.0008725587728208111
0.3132379771907712 -0.0014007020660876822
0.31937989831215885 -0.0019263198803933096
0.3255218194335465 -0.002446045437649379
0.33166374055493414 -0.00295676657797134
0.3378056616763218 -0.0034556467152698175
0.3439475827977095 -0.00394014009866817
0.35008950391909716 -0.004408001683363077
0.35623142504048483 -0.004857291933337465
0.3623733461618725 -0.005286376876557064
0.3685152672832602 -0.005693923714647859
0.37465718840464785 -0.006078892257604734
0.3807991095260355 -0.0064405224140688215
0.3869410306474232 -0.006778317923476211
0.39308295176881086 -0.0070920264722711054
0.39922487289019853 -0.007381616296660534
0.4053667940115862 -0.007647249343176634
0.4115087151329739 -0.007889251039482216
0.41765063625436155 -0.00810807672496402
0.4237925573757492 -0.008304274806851116
0.4299344784971369 -0.00847844674550195
0.43607639961852457 -0.00863120403411107
0.44221832073991224 -0.008763122424609283
0.4483602418612999 -0.008874693763259384
0.4545021629826876 -0.008966275935592865
0.4606440841040752 -0.009038041578865843
0.4667860052254629 -0.009089926397724615
0.47292792634685055 -0.009121578110347063
0.4790698474682382 -0.009132307251455045
0.4852117685896259 -0.009121041257139376
0.49135368971101356 -0.009086283444679894
0.49749561083240124 -0.009026078667296536
0.5036375319537889 -0.00893798755662626
0.5097794530751766 -0.008819071351401076
0.5159213741965643 -0.008665889335622325
0.5220632953179519 -0.008474510860006211
0.5282052164393396 -0.008240543784064002
0.5343471375607273 -0.007959180942081449
0.5404890586821149 -0.007625265896339069
0.5466309798035026 -0.007233378790635505
0.5527729009248903 -0.006777942556539488
0.558914822046278 -0.006253349059192724
0.5650567431676656 -0.005654104010415077
0.5711986642890533 -0.0049749886424310255
0.577340585410441 -0.004211235250672926
0.5834825065318286 -0.003358712810428324
0.5896244276532163 -0.002414117987308247
0.595766348774604 -0.001375166038441859
0.6019082698959917 -0.0002407753863749197
0.6080501910173793 0.0009887609110579153
0.614192112138767 0.0023116239267468343
0.6203340332601547 0.0037243451056812463
0.6264759543815424 0.005221717043651548
0.63261787550293 0.006796745374305886
0.6387597966243177 0.008440647515047242
0.6449017177457054 0.010142902870582142
0.651043638867093 0.011891357625210609
0.6571855599884806 0.01367238550409603
0.6633274811098683 0.015471103900828542
0.669469402231256 0.017271642622034417
0.6756113233526436 0.01905746027351119
0.6817532444740313 0.020811701102752007
0.687895165595419 0.02251758302445426
0.6940370867168066 0.02415880569665097
0.7001790078381943 0.025719965990960096
0.706320928959582 0.02718696710803535
0.7124628500809697 0.028547407010825126
0.7186047712023573 0.029790931845437678
0.724746692323745 0.03090954062858735
0.7308886134451327 0.031897828708877106
0.7370305345665203 0.032753159332224356
0.743172455687908 0.03347575500327985
0.7493143768092957 0.03406870314791474
0.7554562979306834 0.034537873732762764
0.761598219052071 0.03489174985038122
0.7677401401734587 0.035141175681497924
0.7738820612948464 0.035299029540304644
0.780023982416234 0.0353798327373282
0.7861659035376217 0.0353993076095847
0.7923078246590094 0.03537390014049656
0.7984497457803971 0.03532028401937707
0.8045916669017847 0.03525486370111776
0.8107335880231724 0.035193293986197326
0.8168755091445601 0.035150032852664374
0.8230174302659478 0.035137942776741614
0.8291593513873354 0.03516795365409529
0.8353012725087231 0.03524879778748676
0.8414431936301108 0.0353868243709256
0.8475851147514984 0.03558589762489426
0.8537270358728861 0.03584737937936427
0.8598689569942738 0.03617019361834632
0.8660108781156615 0.03655096743980943
0.8721527992370491 0.03698424017949534
0.8782947203584368 0.03746273020489791
0.8844366414798245 0.037977647187065526
0.8905785626012122 0.038519036552692267
0.8967204837225998 0.03907614232514357
0.9028624048439875 0.03963777466760329
0.9090043259653752 0.040192669103049486
0.9151462470867628 0.04072982553854234
0.9212881682081504 0.0412388167804098
0.9274300893295381 0.04171005809404891
0.9335720104509257 0.04213503143170014
0.9397139315723134 0.04250646011698926
0.9458558526937011 0.04281843193396354
0.9519977738150888 0.04306647062772357
0.9581396949364764 0.043247557703649187
0.9642816160578641 0.04336010804863869
0.9704235371792518 0.04340390424427195
0.9765654583006395 0.04337999546998523
0.9827073794220271 0.043290567593356886
0.9888493005434148 0.043138791419736665
0.9949912216648025 0.04292865614402515
1.0011331427861903 0.04266479484417542
1.0072750639075778 0.042352308418252826
1.0134169850289656 0.04199659373953928
1.0195589061503532 0.041603181034812454
1.025700827271741 0.04117758462724867
1.0318427483931285 0.04072517027288808
1.0379846695145163 0.04025104139970552
1.0441265906359039 0.03975994566709247
1.0502685117572914 0.03925620243068705
1.0564104328786792 0.038743650945952376
1.0625523540000668 0.038225618489851475
1.0686942751214545 0.03770490703306465
1.074836196242842 0.03718379665920315
1.0809781173642299 0.036664063601024074
1.0871200384856174 0.03614701054118832
1.0932619596070052 0.03563350669782426
1.0994038807283928 0.035124035172035044
1.1055458018497806 0.03461874506314792
1.1116877229711681 0.034117505945136274
1.117829644092556 0.03361996243167405
1.1239715652139435 0.03312558672603303
1.1301134863353313 0.0326337272451494
1.1362554074567188 0.032143651616014964
1.1423973285781066 0.03165458256030301
1.1485392496994942 0.031165725405026868
1.154681170820882 0.03067628618018624
1.1608230919422695 0.03018547948777692
1.1669650130636573 0.029692525550826947
1.1731069341850449 0.029196636078272997
1.1792488553064326 0.028696988814513023
1.1853907764278202 0.02819269088506554
1.191532697549208 0.027682731305853962
1.1976746186705955 0.02716592329697276
1.2038165397919833 0.026640837335447837
1.209958460913371 0.02610572619743797
1.2161003820347587 0.02555844357885575
1.2222423031561462 0.024996358242793944
1.228384224277534 0.024416266018175575
1.2345261453989216 0.02381430235961549
1.2406680665203094 0.02318585856330899
1.246809987641697 0.02252550510426503
1.2529519087630847 0.021826925899384567
1.2590938298844723 0.021082867588551813
1.26523575100586 0.02028510813893843
1.2713776721272476 0.01942444919072788
1.2775195932486354 0.01849073654857094
1.283661514370023 0.017472913055108476
1.2898034354914107 0.016359107734706852
1.2959453566127983 0.015136764543767766
1.302087277734186 0.013792813289804515
1.3082291988555736 0.012313884272802328
1.3143711199769612 0.010686566955814387
1.320513041098349 0.008897711494747745
1.3266549622197366 0.006934770270002061
1.3327968833411243 0.004786174699434206
1.338938804462512 0.0024417406226928833
1.3450807255838997 -0.00010690650344616324
1.3512226467052872 -0.0028658973901438682
1.357364567826675 -0.005838688391087277
1.3635064889480626 -0.009025649075245397
1.3696484100694504 -0.012423683675653111
1.375790331190838 -0.016025903116604793
1.3819322523122257 -0.019821364690702472
1.3880741734336133 -0.02379489617040199
1.394216094555001 -0.027927020113317234
1.4003580156763886 -0.032193992298941675
1.4064999367977764 -0.036567965591251354
1.412641857919164 -0.04101728706999365
1.4187837790405518 -0.04550693206993372
1.4249257001619393 -0.04999907391491467
1.431067621283327 -0.05445378278227261
1.4372095424047147 -0.0588298414776312
1.4433514635261024 -0.0630856601744918
1.44949338464749 -0.06718026664240212
1.4556353057688778 -0.07107434343643493
1.4617772268902653 -0.07473127923936622
1.4679191480116531 -0.07811819831597869
1.4740610691330407 -0.08120693010843566
1.4802029902544285 -0.0839748805799927
1.486344911375816 -0.08640576814782402
1.4924868324972038 -0.08849019000593379
1.4986287536185914 -0.09022598931208253
1.5047706747399792 -0.09161839999291144
1.5109125958613667 -0.09267995361103375
1.5170545169827545 -0.09343014155109358
1.523196438104142 -0.09389483535581879
1.5293383592255299 -0.09410547795394746
1.5354802803469174 -0.09409806830538764
1.5416222014683052 -0.0939119711651338
1.5477641225896928 -0.09358859176745306
1.5539060437110805 -0.09316996182516958
1.560047964832468 -0.09269728795953472
1.5661898859538559 -0.09220951624570548
1.5723318070752434 -0.09174196680475762
1.578473728196631 -0.09132509024117283
1.5846156493180188 -0.09098339328423867
1.5907575704394064 -0.09073457443358526
1.5968994915607941 -0.09058890203577913
1.6030414126821817 -0.09054885742838555
1.6091833338035695 -0.09060905505096249
1.615325254924957 -0.09075644025594039
1.6214671760463448 -0.09097075448989464
1.6276090971677324 -0.09122524707767363
1.6337510182891202 -0.09148760350654232
1.6398929394105077 -0.09172105228570172
1.6460348605318955 -0.09188560647056743
1.652176781653283 -0.09193939200997525
1.6583187027746709 -0.09184001330533006
1.6644606238960584 -0.09154590675795181
1.6706025450174462 -0.09101763551126833
1.6767444661388338 -0.09021908285869233
1.6828863872602216 -0.08911850759698044
1.6890283083816091 -0.08768943161002576
1.695170229502997 -0.08591133778361205
1.7013121506243845 -0.08377016457760762
1.7074540717457722 -0.08125859182628686
1.7135959928671598 -0.07837612023571704
1.7197379139885476 -0.07512895428001387
1.7258798351099351 -0.07152970450395912
1.732021756231323 -0.06759693042239731
1.7381636773527105 -0.06335454914158441
1.7443055984740983 -0.05883113745882016
1.7504475195954858 -0.054059156534671166
1.7565894407168736 -0.049074128345890485
1.7627313618382612 -0.04391379213463894
1.768873282959649 -0.038617267126336584
1.7750152040810365 -0.03322424507558574
1.7811571252024243 -0.027774232912022436
1.7872990463238119 -0.02230586209314046
1.7934409674451997 -0.016856277419237495
1.7995828885665872 -0.011460614201263293
1.805724809687975 -0.006151568948273064
1.8118667308093626 -0.0009590652840420069
1.8180086519307503 0.004089986289673778
1.824150573052138 0.008971838823623788
1.8302924941735257 0.013665975768306344
1.8364344152949132 0.01815510215302704
1.8425763364163008 0.022425069220596956
1.8487182575376886 0.02646474239300938
1.8548601786590762 0.030265822778371056
1.861002099780464 0.03382263239885022
1.8671440209018515 0.0371318729810439
1.8732859420232393 0.040192367564419795
1.8794278631446268 0.043004793410506705
1.8855697842660146 0.045571413792582505
1.8917117053874022 0.04789581526513554
1.89785362650879 0.04998265600047542
1.9039955476301775 0.05183742977546823
1.9101374687515653 0.053466249225855265
1.9162793898729529 0.054875651082794234
1.9224213109943407 0.05607242528277021
1.9285632321157282 0.05706346910786728
1.934705153237116 0.05785566687276745
1.9408470743585036 0.058455795126979834
1.9469889954798913 0.0588704528809336
1.953130916601279 0.05910601598482033
1.9592728377226667 0.059168614479416515
1.9654147588440543 0.05906413148716441
1.971556679965442 0.05879822200760113
1.9776986010868296 0.05837634981195619
1.9838405222082174 0.05780384048627513
1.989982443329605 0.05708594854086503
1.9961243644509927 0.056227936377968774
2.0022662855723805 0.05523516278312442
2.008408206693768 0.054113178474732994
2.0145501278151556 0.052867826109506556
2.020692048936543 0.051505341999916764
2.026833970057931 0.050032456657417845
2.0329758911793188 0.04845649113865733
2.0391178123007063 0.04678544605024644
2.045259733422094 0.04502807997239333
2.051401654543482 0.04319397400625674
2.0575435756648695 0.0412935791492068
2.063685496786257 0.039338243272164425
2.0698274179076446 0.03734021462986735
2.0759693390290326 0.03531261909363177
2.08211126015042 0.03326940867058035
2.0882531812718077 0.031225279374260204
2.0943951023931953 0.02919555714599953
2.100537023514583 0.027196051296097423
2.106678944635971 0.025242875834651027
2.1128208657573584 0.0233522400819834
2.118962786878746 0.02154021106879576
2.1251047080001335 0.019822451428472908
2.1312466291215215 0.0182139377120905
2.137388550242909 0.01672866527615537
2.1435304713642966 0.015379347052320346
2.149672392485684 0.014177114549892511
2.155814313607072 0.013131230304916763
2.1619562347284598 0.012248821611971798
2.1680981558498473 0.01153464569673746
2.174240076971235 0.010990896454731952
2.180381998092623 0.010617062449703748
2.1865239192140105 0.010409845002586017
2.192665840335398 0.010363143894165362
2.1988077614567856 0.010468116457180742
2.2049496825781736 0.010713313674403101
2.211091603699561 0.0110848943801354
2.2172335248209487 0.011566915859348274
2.2233754459423363 0.012141696149952046
2.2295173670637243 0.012790240298196877
2.235659288185112 0.013492719829350262
2.2418012093064994 0.014228991920150879
2.247943130427887 0.014979142343678154
2.254085051549275 0.015724034344000444
2.2602269726706625 0.016445844316820092
2.26636889379205 0.01712856463120974
2.2725108149134376 0.017758454204740107
2.2786527360348257 0.01832441858176772
2.284794657156213 0.018818303262765283
2.2909365782776008 0.019235086847135215
2.2970784993989883 0.019572964093598627
2.3032204205203763 0.019833313138659037
2.309362341641764 0.0200205456743878
2.3155042627631515 0.020141843670902035
2.321646183884539 0.020206791014704465
2.327788105005927 0.020226912990645784
2.3339300261273146 0.020215140635259907
2.340071947248702 0.020185220421657504
2.3462138683700897 0.02015109231898402
2.3523557894914777 0.020126260860553094
2.3584977106128653 0.020123184360981084
2.364639631734253 0.02015270680589929
2.3707815528556404 0.02022355521810691
2.376923473977028 0.02034192255889435
2.383065395098416 0.02051115258382126
2.3892073162198035 0.02073153871589259
2.395349237341191 0.021000244139541036
2.4014911584625787 0.02131134519392393
2.4076330795839667 0.021655995002230855
2.4137750007053542 0.022022699360122435
2.419916921826742 0.022397692449415675
2.4260588429481293 0.022765396142038378
2.4322007640695174 0.02310894367429182
2.438342685190905 0.023410746416130106
2.4444846063122925 0.023653081396871098
2.45062652743368 0.02381867718740252
2.456768448555068 0.0238912766387709
2.4629103696764556 0.02385615675126035
2.469052290797843 0.023700588470983584
2.4751942119192307 0.023414222326922734
2.4813361330406187 0.022989389354697954
2.4874780541620063 0.022421310519230072
2.493619975283394 0.021708211663115932
2.4997618964047814 0.020851344697812253
2.5059038175261694 0.019854919166361763
2.512045738647557 0.01872595131049109
2.5181876597689445 0.017474040272458465
2.524329580890332 0.0161110829863749
2.53047150201172 0.014650940631020876
2.5366134231331077 0.013109070223990429
2.5427553442544952 0.011502135061319217
2.548897265375883 0.009847607297830652
2.555039186497271 0.008163375090688105
2.5611811076186584 0.006467365475153337
2.567323028740046 0.004777192598458286
2.5734649498614335 0.0031098391988117935
2.5796068709828215 0.0014813773735230114
2.585748792104209 -9.326718164523575e-05
2.5918907132255966 -0.0016005050847306885
2.598032634346984 -0.0030282266384885617
2.604174555468372 -0.004365899480037754
2.6103164765897597 -0.005604622634528385
2.6164583977111473 -0.006737140172633959
2.622600318832535 -0.007757818505316823
2.6287422399539224 -0.008662591943325602
2.6348841610753104 -0.00944888151414185
2.641026082196698 -0.010115492184188677
2.6471680033180855 -0.010662493603333946
2.653309924439473 -0.01109108930008919
2.659451845560861 -0.011403478939356886
2.6655937666822487 -0.011602717840356392
2.6717356878036362 -0.011692577469650798
2.677877608925024 -0.01167741010007282
2.684019530046412 -0.011562020284959427
2.6901614511677994 -0.011351545259180711
2.696303372289187 -0.011051345861013922
2.7024452934105745 -0.010666909085249456
2.7085872145319625 -0.010203762937670476
2.71472913565335 -0.009667403870516553
2.7208710567747376 -0.009063236741013031
2.727012977896125 -0.008396526951247688
2.733154899017513 -0.007672364196210152
2.7392968201389007 -0.006895637064646179
2.7454387412602883 -0.006071017600279256
2.751580662381676 -0.0052029548339041975
2.757722583503064 -0.00429567623442877
2.7638645046244514 -0.0033531959936205667
2.770006425745839 -0.0023793290497655713
2.7761483468672266 -0.0013777097647243684
2.7822902679886146 -0.0003518141925857673
2.788432189110002 0.0006950150874510781
2.7945741102313897 0.0017595425591812016
2.8007160313527772 0.0028386127160460934
2.8068579524741653 0.003929123252222108
2.812999873595553 0.005027999329097304
2.8191417947169404 0.006132169690010999
2.825283715838328 0.0072385453344655775
2.831425636959716 0.008344001396894268
2.8375675580811035 0.009445362803281879
2.843709479202491 0.010539394200134125
2.8498514003238786 0.0116227945631001
2.8559933214452666 0.01269219679576323
2.862135242566654 0.013744172521829487
2.8682771636880418 0.014775242155755729
2.8744190848094293 0.01578189020800256
2.8805610059308173 0.016760585642578315
2.886702927052205 0.017707806958248848
2.8928448481735924 0.01862007151357345
2.89898676929498 0.019493968463614092
2.9051286904163676 0.020326194527538293
2.9112706115377556 0.02111359166702951
2.917412532659143 0.021853185631771757
2.9235544537805307 0.022542224227087692
2.9296963749019183 0.023178214087041245
2.9358382960233063 0.023758954700729987
2.941980217144694 0.02428256844622175
2.9481221382660814 0.024747525440704993
2.954264059387469 0.025152662120451513
2.960405980508857 0.02549719262169383
2.9665479016302445 0.02578071224267476
2.972689822751632 0.026003192524434452
2.9788317438730196 0.026164967786971784
2.9849736649944076 0.02626671328894035
2.991115586115795 0.026309415530893086
2.9972575072371828 0.026294335579667278
3.0033994283585703 0.02622296663822052
3.0095413494799583 0.02609698740323745
3.015683270601346 0.02591821302387645
3.0218251917227335 0.025688545681476806
3.027967112844121 0.025409926935955975
3.034109033965509 0.025084294016854757
3.0402509550868966 0.0247135421662454
3.046392876208284 0.024299494962489624
3.0525347973296717 0.02384388426908443
3.0586767184510597 0.023348341068444474
3.0648186395724473 0.02281439796933079
3.070960560693835 0.02224350363737732
3.0771024818152224 0.021637048814491588
3.0832444029366104 0.020996402992563168
3.089386324057998 0.020322960220322463
3.0955282451793855 0.01961819198082121
3.101670166300773 0.018883704611564266
3.107812087422161 0.01812129837790526
3.1139540085435486 0.017333025076610206
3.120095929664936 0.01652124095815978
3.1262378507863238 0.01568865182375467
3.1323797719077118 0.014838347378256157
3.1385216930290993 0.013973822296977046
3.144663614150487 0.013098981977395022
3.1508055352718745 0.012218131573732974
3.156947456393262 0.0113359476235266
3.16308937751465 0.010457432336321881
3.1692312986360376 0.009587851387944428
3.175373219757425 0.008732656810830984
3.1815151408788127 0.007897397254436672
3.1876570620002007 0.007087618475842944
3.1937989831215883 0.006308757380811502
3.199940904242976 0.005566033247949729
3.2060828253643634 0.004864339919669371
3.2122247464857514 0.004208142728142861
3.218366667607139 0.003601383746108798
3.2245085887285265 0.0030473986230202445
3.230650509849914 0.0025488478058755606
3.236792430971302 0.0021076643763323806
3.2429343520926897 0.001725020090976642
3.249076273214077 0.001401310522061581
3.2552181943354648 0.001136159494513757
3.261360115456853 0.000928442333284268
3.2675020365782403 0.0007763268022319178
3.273643957699628 0.0006773300565787771
3.2797858788210155 0.0006283894653517961
3.2859277999424035 0.0006259448020689402
3.292069721063791 0.0006660290590924002
3.2982116421851786 0.0007443650153677356
3.304353563306566 0.0008564646748901556
3.310495484427954 0.000997728785439382
3.3166374055493417 0.0011635438311127402
3.3227793266707293 0.0013493741521511636
3.328921247792117 0.0015508471637563526
3.335063168913505 0.0017638300034465058
3.3412050900348924 0.0019844963155564973
3.34734701115628 0.0022093822643573773
3.3534889322776675 0.002435431238319867
3.3596308533990555 0.0026600270539625702
3.365772774520443 0.0028810157778738766
3.3719146956418307 0.0030967165521006796
3.3780566167632182 0.0033059220262545088
3.3841985378846062 0.0035078891672338432
3.390340459005994 0.0037023213347333436
3.3964823801273814 0.003889342580200407
3.402624301248769 0.0040694651528773735
3.4087662223701565 0.0042435511846673525
3.4149081434915445 0.004412769482370154
3.421050064612932 0.004578548288502047
3.4271919857343196 0.004742524787800953
3.433333906855707 0.004906492042897581
3.439475827977095 0.005072343946432676
3.4456177490984827 0.005242018684516619
3.4517596702198703 0.005417441123579373
3.457901591341258 0.005600464464295208
3.464043512462646 0.005792811456508368
3.4701854335840334 0.005996015441199554
3.476327354705421 0.006211361481921782
3.4824692758268085 0.006439827870340966
3.4886111969481965 0.0066820283392270835
3.494753118069584 0.006938155391283752
3.5008950391909717 0.007207925252534355
3.5070369603123592 0.007490525082662199
3.5131788814337472 0.0077845632188562
3.519320802555135 0.00808802339048003
3.5254627236765224 0.008398224014354562
3.53160464479791 0.008711783858608357
3.537746565919298 0.009024595539742651
3.5438884870406855 0.009331808484427554
3.550030408162073 0.009627823135070431
3.5561723292834606 0.009906298295733291
3.5623142504048486 0.010160173590883654
3.568456171526236 0.01038170903131196
3.5745980926476237 0.010562543636413659
3.5807400137690113 0.010693774936908892
3.5868819348903993 0.01076606096438948
3.593023856011787 0.010769746012361303
3.5991657771331744 0.010695011018053594
3.605307698254562 0.010532048858267761
3.61144961937595 0.010271264172660884
3.6175915404973376 0.00990349652546701
3.623733461618725 0.00942026479874493
3.6298753827401127 0.008814029690354422
3.6360173038615007 0.008078470088912174
3.6421592249828882 0.007208767944820845
3.648301146104276 0.006201895088204397
3.6544430672256634 0.0050568943064844985
3.6605849883470514 0.0037751459392694814
3.666726909468439 0.0023606103355838983
3.6728688305898265 0.000820035812448755
3.679010751711214 -0.0008368786788660178
3.6851526728326016 -0.0025973770656924976
3.6912945939539896 -0.004445606423900188
3.697436515075377 -0.00636265381786375
3.7035784361967647 -0.008326668260066908
3.7097203573181523 -0.010313074552942307
3.7158622784395403 -0.012294883460564418
3.722004199560928 -0.01424309983546066
3.7281461206823154 -0.0161272270447472
3.734288041803703 -0.017915862378804215
3.740429962925091 -0.019577374194283965
3.7465718840464786 -0.021080647480571278
3.752713805167866 -0.02239588051073022
3.7588557262892537 -0.023495411431945366
3.7649976474106417 -0.02435455026847952
3.7711395685320293 -0.024952389059701822
3.777281489653417 -0.025272560939082478
3.7834234107748044 -0.02530391806248919
3.7895653318961924 -0.02504109857147962
3.79570725301758 -0.02448495434367248
3.8018491741389675 -0.023642814198742364
3.807991095260355 -0.022528561493637942
3.814133016381743 -0.02116251058340966
3.8202749375031306 -0.019571073300969646
3.826416858624518 -0.017786214204517353
3.8325587797459058 -0.015844701572638672
3.8387007008672938 -0.013787169654331185
3.8448426219886813 -0.011657016121383463
3.850984543110069 -0.009499166615388474
3.8571264642314564 -0.007358745318794224
3.8632683853528444 -0.005279696215153171
3.869410306474232 -0.0033034037868140895
3.8755522275956196 -0.0014673640422791622
3.881694148717007 0.00019604323108843934
3.887836069838395 0.0016606323306590108
3.8939779909597827 0.0029072954264909158
3.9001199120811703 0.003924654648847602
3.906261833202558 0.004709453275719312
3.912403754323946 0.005266666756521963
3.9185456754453334 0.00560932531787178
3.924687596566721 0.005758051477659056
3.9308295176881085 0.0057403274009300495
3.936971438809496 0.005589518111135195
3.943113359930884 0.005343686589257422
3.9492552810522716 0.005044245267724722
3.955397202173659 0.004734494950059324
3.9615391232950468 0.004458106455591996
3.9676810444164348 0.004257602113079692
3.9738229655378223 0.004172893546313542
3.97996488665921 0.004239929076121742
3.9861068077805974 0.004489498696935203
3.9922487289019855 0.004946237272758954
3.998390650023373 0.00562785772845226
4.004532571144761 0.006544636046126141
4.010674492266149 0.007699159311566644
4.016816413387536 0.009086337401580189
4.022958334508924 0.010693668653124102
4.029100255630311 0.01250174045967975
4.035242176751699 0.01448493758576018
4.041384097873086 0.016612324381292672
4.047526018994474 0.018848662225363685
4.053667940115862 0.021155520546393778
4.05980986123725 0.023492438668135728
4.0659517823586375 0.025818096440885122
4.072093703480025 0.02809145397667441
4.078235624601413 0.030272824590979963
4.0843775457228 0.032324849986894055
4.090519466844188 0.034213352494693226
4.096661387965575 0.03590804548116452
4.102803309086964 0.037383089554202366
4.108945230208351 0.03861748861414527
4.115087151329739 0.03959532588177715
4.1212290724511265 0.040305845543845045
4.127370993572514 0.04074339042897525
4.133512914693902 0.04090721004030235
4.139654835815289 0.04080115625791029
4.145796756936677 0.040433286065128415
4.151938678058065 0.03981539177252104
4.158080599179453 0.038962479473991896
4.16422252030084 0.03789221596228071
4.170364441422228 0.036624363169094974
4.176506362543615 0.03518021750424639
4.182648283665003 0.033582069380003125
4.1887902047863905 0.031852695851646545
4.194932125907778 0.0300148968060147
4.201074047029166 0.028091082598000045
4.207215968150554 0.02610291856691569
4.213357889271942 0.02407102953966902
4.219499810393329 0.022014765307147906
4.225641731514717 0.019952026187669537
4.231783652636104 0.017899146193423622
4.237925573757492 0.015870830003964265
4.2440674948788795 0.013880138923176324
4.250209416000267 0.011938520240133622
4.2563513371216555 0.010055873908873589
4.262493258243043 0.008240650180399961
4.268635179364431 0.006499971731630085
4.274777100485818 0.004839773908437141
4.280919021607206 0.0032649569015735297
4.287060942728593 0.0017795439750750116
4.293202863849981 0.00038684023966086825
4.299344784971368 -0.0009104131145707934
4.305486706092757 -0.0021098937600402884
4.311628627214144 -0.003209566514371734
4.317770548335532 -0.00420756865591749
4.3239124694569195 -0.005102115488435216
4.330054390578307 -0.005891428894596474
4.336196311699695 -0.00657369113747679
4.342338232821082 -0.007147025678780767
4.34848015394247 -0.007609506274083798
4.354622075063858 -0.007959195069277213
4.360763996185246 -0.0081942098487501
4.366905917306633 -0.008312819965332972
4.373047838428021 -0.008313569807051632
4.3791897595494085 -0.008195427921488212
4.385331680670796 -0.007957959124032165
4.391473601792184 -0.00760151606544028
4.397615522913571 -0.007127445836610216
4.40375744403496 -0.00653830626059004
4.409899365156347 -0.005838085587021434
4.416041286277735 -0.0050324183933046955
4.422183207399122 -0.004128789647975911
4.42832512852051 -0.0031367181501851284
4.434467049641897 -0.002067909975675021
4.440608970763285 -0.0009363721895638498
4.4467508918846725 0.00024152301297682767
4.452892813006061 0.001447033348355683
4.4590347341274486 0.00265910966875847
4.465176655248836 0.0038545353320107024
4.471318576370224 0.005008148181383595
4.477460497491611 0.006093149620260252
4.483602418612999 0.007081502807672552
4.489744339734386 0.00794441908684254
4.495886260855774 0.008652928441403503
4.5020281819771615 0.00917852613329809
4.50817010309855 0.009493883822684325
4.5143120242199375 0.009573609542877335
4.520453945341325 0.009395037068266159
4.526595866462713 0.008939021657963038
4.5327377875841 0.00819071608534736
4.538879708705488 0.007140298482542766
4.545021629826875 0.005783622043545658
4.551163550948263 0.00412275622792913
4.557305472069651 0.0021663899468929823
4.563447393191039 -6.993058967248465e-05
4.569589314312426 -0.002563753072197683
4.575731235433814 -0.0052858780175743915
4.5818731565552016 -0.008200737745275933
4.588015077676589 -0.01126700019422815
4.594156998797977 -0.014438393902689311
4.600298919919364 -0.01766474138053583
4.606440841040753 -0.020893178763301053
4.61258276216214 -0.02406953047758474
4.618724683283528 -0.027139799126473532
4.624866604404915 -0.03005172338739782
4.631008525526303 -0.03275635085090082
4.6371504466476905 -0.03520956881873394
4.643292367769078 -0.03737353445237581
4.649434288890466 -0.039217946549986664
4.655576210011854 -0.040721104744647595
4.661718131133242 -0.04187070804081265
4.667860052254629 -0.04266435318084843
4.674001973376017 -0.04310970406225261
4.680143894497404 -0.04322431588239432
4.686285815618792 -0.04303511133430837
4.692427736740179 -0.04257752039214546
4.698569657861567 -0.041894309333761724
4.7047115789829554 -0.041034137960410236
4.710853500104343 -0.0400498958228408
4.716995421225731 -0.038996878044829784
4.723137342347118 -0.03793086854289914
4.729279263468506 -0.03690620269692489
4.735421184589893 -0.035973882604316124
4.741563105711281 -0.035179815889723264
4.747705026832668 -0.034563243751387085
4.753846947954056 -0.03415541577558597
4.759988869075444 -0.03397855845981919
4.766130790196832 -0.0340451718921751
4.7722727113182195 -0.03435767526657952
4.778414632439607 -0.0349084075512318
4.784556553560995 -0.03567997536337066
4.790698474682382 -0.03664592660459927
4.79684039580377 -0.03777171628249896
4.802982316925157 -0.03901592069857142
4.809124238046546 -0.04033164821516033
4.815266159167933 -0.04166808938741532
4.821408080289321 -0.0429721464826563
4.8275500014107084 -0.044190082291519696
4.833691922532096 -0.04526913051591843
4.839833843653484 -0.04615901463722157
4.845975764774871 -0.04681332867115408
4.852117685896259 -0.04719074118396422
4.858259607017647 -0.04725599291810786
4.864401528139035 -0.04698066788347335
4.870543449260422 -0.046343727353783726
4.87668537038181 -0.04533180544489344
4.882827291503197 -0.043939273474275134
4.888969212624585 -0.04216808780898785
4.8951111337459725 -0.040027442179247454
4.90125305486736 -0.03753325032258144
4.9073949759887485 -0.03470748826413517
4.913536897110136 -0.03157742753971362
4.919678818231524 -0.028174791301593918
4.925820739352911 -0.024534864638153187
4.931962660474299 -0.02069558875267212
4.938104581595686 -0.01669666607746274
4.944246502717074 -0.012578700154590738
4.9503884238384614 -0.00838239040455416
4.95653034495985 -0.004147797932427703
4.9626722660812375 8.630552578457391e-05
4.968814187202625 0.004282997370989838
4.974956108324013 0.00840766820729718
4.9810980294454 0.012428389185073337
4.987239950566788 0.01631618457858836
4.993381871688175 0.02004521407094442
4.999523792809563 0.023592871245552757
5.00566571393095 0.026939806321273515
5.011807635052339 0.0300698822364975
5.017949556173726 0.0329700738203582
5.024091477295114 0.03563032003263661
5.0302333984165015 0.03804333916086939
5.036375319537889 0.04020441649059842
5.042517240659277 0.04211117337024418
5.048659161780664 0.04376332583151336
5.054801082902052 0.045162440051472706
5.06094300402344 0.04631169100001984
5.067084925144828 0.04721562964677933
5.073226846266215 0.04787996313801888
5.079368767387603 0.04831135142376466
5.0855106885089905 0.048517222938034114
5.091652609630378 0.04850561112504333
5.097794530751766 0.048285012869965935
5.103936451873153 0.04786426923824644
5.110078372994542 0.04725246835269442
5.116220294115929 0.04645886973973253
5.122362215237317 0.045492849050218394
5.128504136358704 0.04436386169984561
5.134646057480092 0.04308142367222504
5.140787978601479 0.04165510747733745
5.146929899722867 0.04009455105261491
5.1530718208442545 0.0384094772279091
5.159213741965643 0.03660972124478509
5.1653556630870305 0.03470526372222238
5.171497584208418 0.03270626639385815
5.177639505329806 0.030623107907030277
5.183781426451193 0.028466416973348944
5.189923347572581 0.026247100198113844
5.196065268693968 0.023976361996559142
5.202207189815356 0.02166571413446446
5.208349110936744 0.01932697261532507
5.214491032058132 0.016972239882105035
5.2206329531795195 0.014613870613945187
5.226774874300907 0.012264419781031023
5.232916795422295 0.009936572076048613
5.239058716543682 0.00764305236746125
5.24520063766507 0.005396517414059082
5.251342558786457 0.003209429733809529
5.257484479907845 0.0010939152205969832
5.263626401029233 -0.0009383931669368695
5.269768322150621 -0.002876522581045988
5.275910243272008 -0.004710334539664752
5.282052164393396 -0.006430701799829779
5.2881940855147835 -0.008029682793422982
5.294336006636171 -0.009500688086613114
5.300477927757559 -0.010838632989996424
5.306619848878946 -0.012040070292847418
5.312761770000335 -0.01310329715141041
5.318903691121722 -0.014028430451485751
5.32504561224311 -0.01481744550565897
5.331187533364497 -0.0154741737416632
5.337329454485885 -0.016004256085434643
5.3434713756072725 -0.016415050022637687
5.34961329672866 -0.016715489804638283
5.355755217850048 -0.016915900904535704
5.361897138971436 -0.01702777156873873
5.368039060092824 -0.017063486081489023
5.374180981214211 -0.017036026086926673
5.380322902335599 -0.01695864791369099
5.386464823456986 -0.01684454523719895
5.392606744578374 -0.01670650751425359
5.398748665699761 -0.016556585360864
5.404890586821149 -0.016405774356923863
5.411032507942537 -0.01626372860734532
5.417174429063925 -0.016138514745619316
5.4233163501853126 -0.01603641593322875
5.4294582713067 -0.015961793812585383
5.435600192428088 -0.015917014363201403
5.441742113549475 -0.015902441265673858
5.447884034670863 -0.015916497792008544
5.45402595579225 -0.01595579552705847
5.460167876913639 -0.016015325509064173
5.466309798035026 -0.01608870478708018
5.472451719156414 -0.016168469056949117
5.4785936402778015 -0.016246400073563746
5.484735561399189 -0.01631387504726404
5.490877482520577 -0.016362224295701982
5.497019403641964 -0.01638308309130136
5.503161324763352 -0.01636872393963107
5.509303245884739 -0.016312356434250472
5.515445167006128 -0.016208383315431063
5.521587088127515 -0.016052603340363916
5.527729009248903 -0.015842353952075266
5.53387093037029 -0.015576589394279
5.540012851491678 -0.015255892727558739
5.5461547726130656 -0.014882423020672286
5.552296693734453 -0.014459801683614451
5.558438614855841 -0.013992944350200981
5.564580535977229 -0.013487846797600692
5.570722457098617 -0.012951335020719388
5.576864378220004 -0.012390790699045702
5.583006299341392 -0.011813863869487625
5.589148220462779 -0.011228184647044673
5.595290141584167 -0.01064108534014224
5.6014320627055545 -0.010059343338744435
5.607573983826942 -0.009488953781916155
5.6137159049483305 -0.008934939324524068
5.619857826069718 -0.008401202417985611
5.625999747191106 -0.007890423499714173
5.632141668312493 -0.007404006451274398
5.638283589433881 -0.006942070730823045
5.644425510555268 -0.006503487794687115
5.650567431676656 -0.0060859578648375144
5.656709352798043 -0.005686121825468063
5.662851273919432 -0.005299702076554845
5.668993195040819 -0.0049216655504745735
5.675135116162207 -0.004546401807411046
5.681277037283595 -0.004167909148686565
5.687418958404982 -0.0037799819934880388
5.69356087952637 -0.0033763933127139998
5.699702800647757 -0.002951066655809469
5.705844721769145 -0.0024982331906193847
5.711986642890533 -0.002012570149802386
5.718128564011921 -0.0014893180894216664
5.724270485133308 -0.0009243753693351463
5.730412406254696 -0.00031436922023333753
5.7365543273760835 0.00034329636498346743
5.742696248497471 0.0010504149131053842
5.748838169618859 0.0018079722846645668
5.754980090740246 0.002616159876265674
5.761122011861635 0.003474403703497899
5.767263932983022 0.004381406628511071
5.77340585410441 0.005335200895237907
5.779547775225797 0.006333208148747721
5.785689696347185 0.007372304228009025
5.7918316174685724 0.008448886216361848
5.79797353858996 0.009558939493560369
5.804115459711348 0.01069810283984373
5.810257380832735 0.011861729979581685
5.816399301954124 0.013044946304568376
5.822541223075511 0.01424269987181977
5.828683144196899 0.015449806116681349
5.834825065318286 0.016660986050214825
5.840966986439674 0.017870898013383527
5.847108907561061 0.019074163334555683
5.853250828682449 0.020265386478092933
5.8593927498038365 0.021439170478472196
5.865534670925225 0.02259012862579162
5.8716765920466125 0.023712893504694663
5.877818513168 0.02480212459024297
5.883960434289388 0.025852515671772856
5.890102355410775 0.026858803409959147
5.896244276532163 0.02781577833356735
5.90238619765355 0.028718299550747124
5.908528118774938 0.02956131438478573
5.914670039896326 0.03033988404514499
5.920811961017714 0.03104921631011795
5.9269538821391015 0.03168470602610604
5.933095803260489 0.032241984018831
5.939237724381877 0.03271697476253794
5.945379645503264 0.03310596286371743
5.951521566624652 0.03340566808635582
5.957663487746039 0.03361332827780871
5.963805408867428 0.03372678915144167
5.969947329988815 0.03374459944970431
5.976089251110203 0.03366610955734317
5.98223117223159 0.03349157116986559
5.988373093352978 0.03322223516105899
5.9945150144743655 0.0328604443523166
6.000656935595753 0.032409717485723355
6.006798856717141 0.031874820364978344
6.012940777838529 0.0312618198780862
6.019082698959917 0.030578116479494696
6.025224620081304 0.029832450713435477
6.031366541202692 0.029034879530024017
6.037508462324079 0.02819671850402958
6.043650383445467 0.02733044663158625
6.0497923045668545 0.026449571164779122
6.055934225688242 0.02556845095219136
6.06207614680963 0.024702077979444473
6.068218067931018 0.02386581823033567
6.074359989052406 0.023075114586511545
6.080501910173793 0.02234515620847028
6.086643831295181 0.021690520636353725
6.092785752416568 0.021124796646140222
6.098927673537956 0.020660197615051598
6.105069594659343 0.02030717670040998
6.111211515780731 0.020074056425040444
6.117353436902119 0.0199666861953166
6.123495358023507 0.019988141765400497
6.1296372791448945 0.02013848062370668
6.135779200266282 0.020414566651794308
6.14192112138767 0.0208099761503292
6.148063042509057 0.02131499542703897
6.154204963630445 0.02191671761465114
6.160346884751832 0.022599243283789056
6.166488805873221 0.02334398582321941
6.172630726994608 0.0241300785987162
6.178772648115996 0.024934876724563793
6.1849145692373835 0.025734542066820017
6.191056490358771 0.026504696041884365
6.197198411480159 0.027221121083657096
6.203340332601546 0.027860488531799777
6.209482253722934 0.028401088332816606
6.215624174844322 0.028823534509779473
6.22176609596571 0.029111419973491426
6.227908017087097 0.029251894998860262
6.234049938208485 0.029236145601814343
6.240191859329872 0.029059751091438296
6.24633378045126 0.028722904145475615
6.2524757015726475 0.028230481712668908
6.258617622694035 0.02759196067765419
6.2647595438154235 0.02682117828520007
6.270901464936811 0.02593594353177907
6.277043386058199 0.02495751179933533
