time TPR_both_C_open_8_rho12_imag
43.982297150257104 -0.02657435818465863
43.988439071378494 -0.019333286229628443
43.99458099249988 -0.012057738203619352
44.00072291362127 -0.004766018643793129
44.00686483474266 0.002523514497735514
44.01300675586404 0.009792553970958332
44.01914867698543 0.017022942762929167
44.025290598106814 0.0241967687640952
44.031432519228204 0.031296454475905
44.037574440349594 0.03830484181951456
44.04371636147098 0.04520527220193616
44.04985828259237 0.05198166203847984
44.05600020371376 0.05861857391985549
44.06214212483514 0.06510128355529336
44.06828404595653 0.0714158425280759
44.07442596707792 0.07754913677806513
44.080567888199305 0.08348894058972572
44.086709809320695 0.08922396572686211
44.092851730442085 0.09474390522954967
44.09899365156347 0.10003947128541259
44.10513557268486 0.10510242651643056
44.11127749380624 0.10992560799022096
44.11741941492763 0.11450294327527158
44.12356133604902 0.11882945791440204
44.129703257170405 0.12290127378722673
44.135845178291795 0.1267155979671774
44.141987099413186 0.1302707018445314
44.14812902053457 0.13356589047612394
44.15427094165596 0.13660146232606696
44.16041286277735 0.1393786597699912
44.16655478389873 0.14189961093924994
44.17269670502012 0.14416726367210395
44.178838626141506 0.14618531250909347
44.184980547262896 0.14795811981313442
44.191122468384286 0.1494906322072992
44.19726438950567 0.15078829360175883
44.20340631062706 0.15185695612516406
44.20954823174845 0.15270279028538186
44.21569015286983 0.15333219566187156
44.22183207399122 0.15375171338038635
44.22797399511261 0.15396794154402305
44.234115916233996 0.15398745469755312
44.24025783735539 0.1538167282894607
44.24639975847678 0.1534620689730302
44.25254167959816 0.15292955145906248
44.25868360071955 0.15222496250272327
44.26482552184093 0.1513537524795475
44.27096744296232 0.150320994883992
44.277109364083714 0.14913135397075172
44.2832512852051 0.14778906065626188
44.28939320632649 0.14629789670645665
44.29553512744788 0.1446611871577162
44.30167704856926 0.14288180085070945
44.30781896969065 0.14096215890119615
44.31396089081204 0.13890425088673006
44.320102811933424 0.13670965849213532
44.326244733054814 0.13437958632835498
44.3323866541762 0.13191489961675007
44.33852857529759 0.1293161684123935
44.34467049641898 0.12658371802370005
44.35081241754036 0.12371768526964447
44.35695433866175 0.12071808019859596
44.36309625978314 0.11758485287243253
44.369238180904524 0.1143179647949827
44.375380102025915 0.11091746453372661
44.381522023147305 0.10738356704715296
44.38766394426869 0.10371673618656697
44.39380586539008 0.09991776979017784
44.39994778651147 0.09598788672912413
44.40608970763285 0.09192881519965822
44.41223162875424 0.08774288148424858
44.418373549875625 0.08343309832759473
44.424515470997015 0.07900325199284354
44.430657392118405 0.0744579869811
44.43679931323979 0.06980288731470514
44.44294123436118 0.06504455320549038
44.44908315548257 0.060190671855145796
44.45522507660395 0.05525008106933146
44.46136699772534 0.05023282431391059
44.46750891884673 0.04515019580321371
44.473650839968116 0.040014774191100236
44.479792761089506 0.03484044343803092
44.485934682210896 0.029642399455818303
44.49207660333228 0.024437141188024068
44.49821852445367 0.019242444871629478
44.50436044557505 0.014077320346243453
44.51050236669644 0.008961948431706243
44.51664428781783 0.003917598585304763
44.522786208939216 -0.0010334737258857808
44.528928130060606 -0.00586815024366632
44.535070051182 -0.010562593745135976
44.54121197230338 -0.015092412176463918
44.54735389342477 -0.019432842452511475
44.55349581454616 -0.023558952921885305
44.55963773566754 -0.02744586312596219
44.56577965678893 -0.031068979104550788
44.57192157791032 -0.03440424212788656
44.57806349903171 -0.037428388372743794
44.5842054201531 -0.04011921671795951
44.59034734127448 -0.04245586151987968
44.59648926239587 -0.044419066949744825
44.60263118351726 -0.045991459239890106
44.608773104638644 -0.04715781300156798
44.614915025760034 -0.047905307649764896
44.621056946881424 -0.04822376990501418
44.62719886800281 -0.04810589834289472
44.6333407891242 -0.04754746603101313
44.63948271024559 -0.04654749743261902
44.64562463136697 -0.04510841596550437
44.65176655248836 -0.04323615888337064
44.657908473609744 -0.04094025649219514
44.664050394731134 -0.03823387312269968
44.670192315852525 -0.035133807747379765
44.67633423697391 -0.031660452651097265
44.6824761580953 -0.02783770913155565
44.68861807921669 -0.02369285981269192
44.69476000033807 -0.01925639779188323
44.70090192145946 -0.014561813501811061
44.70704384258085 -0.009645340840026186
44.713185763702235 -0.00454566479276592
44.719327684823625 0.0006964065568511727
44.72546960594501 0.006038302104863352
44.7316115270664 0.011436075749237025
44.73775344818779 0.016844817663702168
44.74389536930917 0.02221908363065613
44.75003729043056 0.027513336818991405
44.75617921155195 0.032682396057738886
44.762321132673335 0.03768188441982451
44.768463053794726 0.042468671801645576
44.774604974916116 0.047001305171781554
44.7807468960375 0.051240420270696974
44.78688881715889 0.05514912877556742
44.79303073828028 0.05869337529889416
44.79917265940166 0.06184225906230353
44.80531458052305 0.06456831566942335
44.811456501644436 0.0668477550826174
44.817598422765826 0.06866065267278831
44.823740343887216 0.06999109104157887
44.8298822650086 0.07082725119133607
44.83602418612999 0.07116145251833497
44.84216610725138 0.07099014200662275
44.84830802837276 0.07031383388076817
44.85444994949415 0.06913700181413392
44.86059187061554 0.06746792656465167
44.86673379173693 0.06531850260458377
44.87287571285832 0.06270400790929534
44.8790176339797 0.05964284156084036
44.88515955510109 0.05615623419703082
44.89130147622248 0.05226793659125631
44.897443397343864 0.04800389178225396
44.903585318465254 0.04339189618879088
44.909727239586644 0.038461255048806924
44.91586916070803 0.033242437324212636
44.92201108182942 0.027766734923393224
44.92815300295081 0.02206593072642567
44.93429492407219 0.016171979466987257
44.94043684519358 0.010116705045877512
44.94657876631497 0.0039315173380250505
44.952720687436354 -0.002352848977332733
44.958862608557745 -0.008706571570697676
44.96500452967913 -0.015100952138559057
44.97114645080052 -0.02150860165154827
44.97728837192191 -0.027903598708827526
44.98343029304329 -0.03426162098209644
44.98957221416468 -0.040560050140359294
44.99571413528607 -0.046778051008815345
45.001856056407455 -0.05289662602922634
45.007997977528845 -0.0588986463536084
45.014139898650235 -0.06476886111792553
45.02028181977162 -0.07049388660951698
45.02642374089301 -0.07606217716248018
45.03256566201439 -0.08146397969269212
45.03870758313578 -0.08669127382206457
45.04484950425717 -0.09173769954305541
45.050991425378555 -0.09659847434499337
45.057133346499946 -0.10127030166603737
45.063275267621336 -0.10575127245417847
45.06941718874272 -0.11004076152135617
45.07555910986411 -0.11413932026022412
45.0817010309855 -0.11804856716809037
45.08784295210688 -0.12177107748963593
45.09398487322827 -0.12531027315351276
45.10012679434966 -0.12867031403981444
45.106268715471046 -0.13185599147923413
45.112410636592436 -0.13487262475199827
45.11855255771382 -0.13772596122768427
45.12469447883521 -0.14042208066750866
45.1308363999566 -0.14296730409918065
45.13697832107798 -0.14536810757271715
45.14312024219937 -0.14763104101354543
45.14926216332076 -0.1497626523075279
45.15540408444215 -0.15176941668117924
45.16154600556354 -0.15365767137896247
45.16768792668493 -0.15543355558804037
45.17382984780631 -0.15710295551845785
45.1799717689277 -0.15867145451285392
45.18611369004908 -0.160144288033685
45.192255611170474 -0.16152630335674886
45.198397532291864 -0.16282192378667748
45.20453945341325 -0.16403511720219213
45.21068137453464 -0.16516936873556262
45.21682329565603 -0.16622765739112083
45.22296521677741 -0.16721243641135508
45.2291071378988 -0.1681256172055625
45.23524905902019 -0.16896855666502297
45.241390980141574 -0.16974204770001727
45.247532901262964 -0.17044631284780232
45.253674822384355 -0.1710810008170274
45.25981674350574 -0.17164518585327881
45.26595866462713 -0.17213736983285852
45.27210058574851 -0.17255548701780787
45.2782425068699 -0.17289691143493738
45.28438442799129 -0.1731584668752956
45.290526349112675 -0.17333643954808323
45.296668270234065 -0.173426593464099
45.302810191355455 -0.17342418866765005
45.30895211247684 -0.1733240024812748
45.31509403359823 -0.17312035397294187
45.32123595471962 -0.17280713189841693
45.327377875841 -0.1723778264095497
45.33351979696239 -0.17182556484923525
45.339661718083775 -0.17114315197229288
45.345803639205165 -0.17032311493491784
45.351945560326556 -0.16935775338001088
45.35808748144794 -0.16823919490839143
45.36422940256933 -0.1669594561636593
45.37037132369072 -0.1655105096693966
45.3765132448121 -0.16388435644057367
45.38265516593349 -0.1620731042467029
45.38879708705488 -0.16006905123471216
45.394939008176266 -0.157864774428023
45.401080929297656 -0.15545322241073928
45.407222850419046 -0.15282781128887385
45.41336477154043 -0.14998252280328034
45.41950669266182 -0.14691200326089113
45.4256486137832 -0.14361166176278028
45.43179053490459 -0.1400777660507031
45.43793245602598 -0.13630753417787683
45.444074377147366 -0.13229922014534493
45.45021629826876 -0.1280521916392384
45.45635821939015 -0.1235669980625078
45.46250014051153 -0.11884542717985548
45.46864206163292 -0.1138905488853955
45.47478398275431 -0.10870674485544295
45.48092590387569 -0.1032997231555319
45.487067824997084 -0.09767651722041436
45.49320974611847 -0.0918454690046137
45.49935166723986 -0.08581619649316827
45.50549358836125 -0.07959954615027769
45.51163550948263 -0.07320753124995188
45.51777743060402 -0.06665325736154891
45.52391935172541 -0.059950836538321985
45.530061272846794 -0.0531152919680485
45.536203193968184 -0.046162454981969026
45.542345115089574 -0.039108856377837536
45.54848703621096 -0.03197161399550793
45.55462895733235 -0.024768318392575275
45.56077087845374 -0.017516918313081314
45.56691279957512 -0.010235607436010999
45.57305472069651 -0.0029427136466603624
45.579196641817894 0.004343408189336558
45.585338562939285 0.011604479236717993
45.591480484060675 0.018822395026863326
45.59762240518206 0.02597931888614418
45.60376432630345 0.033057770408512294
45.60990624742484 0.040040709061303165
45.61604816854622 0.04691161309640163
45.62219008966761 0.053654553967624474
45.628332010789 0.06025426643268197
45.634473931910385 0.06669621445037925
45.640615853031775 0.07296665288106959
45.64675777415316 0.07905268487178388
45.65289969527455 0.08494231466972088
45.65904161639594 0.09062449547252524
45.66518353751732 0.09608917180225093
45.67132545863871 0.10132731579425977
45.6774673797601 0.10633095673029368
45.683609300881486 0.11109320312311635
45.689751222002876 0.11560825668193253
45.695893143124266 0.11987141755300604
45.70203506424565 0.12387908033678018
45.70817698536704 0.12762872052574595
45.71431890648843 0.1311188711800521
45.72046082760981 0.13434908985144373
45.7266027487312 0.1373199159718058
45.732744669852586 0.1400328191306538
45.738886590973976 0.14249013886709477
45.74502851209537 0.1446950167881208
45.75117043321675 0.14665132198889952
45.75731235433814 0.14836357088679772
45.76345427545953 0.14983684268494768
45.76959619658091 0.15107669175103428
45.7757381177023 0.15208905823216512
45.781880038823694 0.1528801782279714
45.78802195994508 0.15345649481391604
45.79416388106647 0.15382457114849643
45.80030580218786 0.15399100681581962
45.80644772330924 0.15396235845361714
45.81258964443063 0.15374506560112908
45.818731565552014 0.15334538257639063
45.824873486673404 0.15276931706291796
45.831015407794794 0.15202257595606822
45.83715732891618 0.15111051889300348
45.84329925003757 0.1500381197704853
45.84944117115896 0.14880993644401685
45.85558309228034 0.1474300887017525
45.86172501340173 0.14590224451836128
45.86786693452312 0.1442296145178402
45.874008855644504 0.14241495451001887
45.880150776765895 0.140460575912631
45.88629269788728 0.13836836382801465
45.89243461900867 0.13613980250966912
45.89857654013006 0.13377600792711505
45.90471846125144 0.13127776711619416
45.91086038237283 0.12864558398419587
45.91700230349422 0.1258797312231471
45.923144224615605 0.1229803079684352
45.929286145736995 0.11994730282197204
45.935428066858385 0.11678066183794289
45.94156998797977 0.11348036104316152
45.94771190910116 0.11004648303247193
45.95385383022255 0.10647929714139504
45.95999575134393 0.1027793426527113
45.96613767246532 0.09894751444102641
45.972279593586705 0.0949851503991876
45.978421514708096 0.09089411992347174
45.984563435829486 0.08667691266160771
45.99070535695087 0.08233672664962308
45.99684727807226 0.07787755488252435
46.00298919919365 0.0733042692809241
46.00913112031503 0.06862270093414741
46.01527304143642 0.06383971542166408
46.02141496255781 0.05896328194281482
46.027556883679196 0.05400253492184465
46.033698804800586 0.048967826705382377
46.03984072592198 0.043870769935779125
46.04598264704336 0.03872426816922837
46.05212456816475 0.03354253331667262
46.05826648928613 0.02834108852040927
46.06440841040752 0.023136755143251763
46.07055033152891 0.017947622642974618
46.0766922526503 0.012793000233509532
46.08283417377169 0.007693349398280283
46.08897609489308 0.0026701965195655678
46.09511801601446 -0.0022539748789937087
46.10125993713585 -0.00705585251337782
46.107401858257234 -0.011711444283577855
46.113543779378624 -0.016196247397688577
46.119685700500014 -0.020485436946064597
46.1258276216214 -0.024554072833068135
46.13196954274279 -0.028377323601267213
46.13811146386418 -0.03193070530681831
46.14425338498556 -0.03519033323399356
46.15039530610695 -0.038133183878819345
46.15653722722834 -0.04073736429541247
46.162679148349724 -0.04298238559237455
46.168821069471115 -0.04484943709795779
46.174962990592505 -0.046321657489898915
46.18110491171389 -0.047384399015328565
46.18724683283528 -0.04802548081375644
46.19338875395667 -0.048235427307070755
46.19953067507805 -0.04800768763791174
46.20567259619944 -0.04733883222454069
46.211814517320825 -0.04622872265712301
46.217956438442215 -0.04468065138732486
46.224098359563605 -0.042701447958595144
46.23024028068499 -0.0403015488860386
46.23638220180638 -0.03749502871850972
46.24252412292777 -0.034299590296774166
46.24866604404915 -0.030736512754456317
46.25480796517054 -0.02683055638638132
46.26094988629193 -0.022609824124242468
46.267091807413316 -0.01810558000375368
46.273233728534706 -0.013352025671480746
46.27937564965609 -0.008386036653043398
46.28551757077748 -0.003246860776544642
46.29165949189887 0.0020242181957197624
46.29780141302025 0.007384248040625438
46.30394333414164 0.012789002370484045
46.31008525526303 0.018193396926296724
46.316227176384416 0.023551922562843292
46.322369097505806 0.028819089219217334
46.3285110186272 0.03394987485683864
46.33465293974858 0.03890017313664046
46.34079486086997 0.0436272335069385
46.34693678199136 0.04809008739084932
46.35307870311274 0.05224995430169448
46.35922062423413 0.05607062197770513
46.36536254535552 0.059518795012098405
46.37150446647691 0.06256440695563971
46.3776463875983 0.0651808914770917
46.38378830871968 0.06734540887029075
46.38993022984107 0.06903902497912844
46.39607215096246 0.07024684045533733
46.402214072083844 0.0709580691480677
46.408355993205234 0.07116606532694823
46.414497914326624 0.07086830033905044
46.42063983544801 0.07006629017246171
46.4267817565694 0.06876547622353373
46.43292367769078 0.06697506232168268
46.43906559881217 0.06470781173733245
46.44520751993356 0.061979808471258
46.451349441054944 0.058810187585890246
46.457491362176334 0.05522083968426688
46.463633283297725 0.051236094866747656
46.46977520441911 0.0468823915993292
46.4759171255405 0.04218793591494505
46.48205904666189 0.03718235624687477
46.48820096778327 0.031896358971185465
46.49434288890466 0.02636138942535702
46.50048481002605 0.020609302785531396
46.506626731147435 0.014672048740830557
46.512768652268825 0.0085813734137261
46.51891057339021 0.0023685414566951436
46.5250524945116 -0.003935919279538839
46.53119441563299 -0.010302448647301309
46.53733633675437 -0.016702659340765903
46.54347825787576 -0.02310951544618658
46.54962017899715 -0.02949748405354192
46.555762100118535 -0.03584266001911148
46.561904021239926 -0.04212286436505237
46.568045942361316 -0.04831771715238947
46.5741878634827 -0.05440868596566265
46.58032978460409 -0.060379111399242916
46.58647170572547 -0.06621421113833595
46.59261362684686 -0.07190106438271658
46.59875554796825 -0.07742857847062849
46.604897469089636 -0.08278743962775928
46.611039390211026 -0.0879700497942186
46.617181311332416 -0.09297045147626364
46.6233232324538 -0.0977842425320027
46.62946515357519 -0.10240848273705228
46.63560707469658 -0.10684159389017052
46.64174899581796 -0.11108325511560661
46.64789091693935 -0.11513429490137446
46.65403283806074 -0.11899658128514502
46.66017475918213 -0.12267291146571267
46.66631668030352 -0.12616690198044372
46.6724586014249 -0.12948288045147952
46.67860052254629 -0.13262577976791085
46.68474244366768 -0.13560103543960472
46.69088436478906 -0.13841448673328907
46.697026285910454 -0.14107228208364242
46.703168207031844 -0.14358078916325778
46.70931012815323 -0.14594650989586241
46.71545204927462 -0.14817600060774547
46.72159397039601 -0.15027579743321978
46.72773589151739 -0.15225234702109489
46.73387781263878 -0.15411194253031232
46.740019733760164 -0.15586066485363634
46.746161654881554 -0.1575043289681734
46.752303576002944 -0.15904843527956866
46.75844549712433 -0.16049812580247064
46.76458741824572 -0.16185814500222206
46.77072933936711 -0.16313280511100706
46.77687126048849 -0.16432595572504133
46.78301318160988 -0.1654409574869956
46.78915510273127 -0.1664806596591488
46.795297023852655 -0.16744738139715776
46.801438944974045 -0.16834289654144166
46.807580866095435 -0.16916842175275662
46.81372278721682 -0.16992460783050767
46.81986470833821 -0.1706115340667446
46.82600662945959 -0.1712287055058533
46.83214855058098 -0.17177505299991797
46.83829047170237 -0.17224893597299518
46.844432392823755 -0.17264814783438598
46.850574313945145 -0.17296992401170336
46.856716235066536 -0.17321095260921748
46.86285815618792 -0.17336738773544014
46.86900007730931 -0.17343486558577811
46.8751419984307 -0.1734085234104532
46.88128391955208 -0.17328302154344796
46.88742584067347 -0.1730525687132142
46.893567761794856 -0.17271095089792574
46.899709682916246 -0.17225156402441827
46.905851604037636 -0.17166745083740423
46.91199352515902 -0.1709513422806283
46.91813544628041 -0.1700957037306522
46.9242773674018 -0.16909278640346648
46.93041928852318 -0.16793468421076035
46.93656120964457 -0.16661339627396055
46.94270313076596 -0.1651208952081093
46.948845051887346 -0.163449201163895
46.95498697300874 -0.16159046146527645
46.96112889413013 -0.15953703550458875
46.96727081525151 -0.15728158436108808
46.9734127363729 -0.15481716439807816
46.97955465749428 -0.152137323875927
46.98569657861567 -0.14923620140236374
46.991838499737064 -0.1461086248372738
46.99798042085845 -0.14275020908808078
47.00412234197984 -0.13915745108397784
47.01026426310123 -0.13532782011365657
47.01640618422261 -0.13125984166055446
47.022548105344 -0.12695317287935118
47.02869002646539 -0.1224086679322828
47.034831947586774 -0.11762843154558104
47.040973868708164 -0.1126158593533539
47.04711578982955 -0.10737566386315177
47.05325771095094 -0.1019138851963332
47.05939963207233 -0.096237886114421
47.06554155319371 -0.09035633122658528
47.0716834743151 -0.08427915066593014
47.07782539543649 -0.07801748890643276
47.083967316557874 -0.07158363975128322
47.090109237679265 -0.0649909688395945
47.096251158800655 -0.058253825278891246
47.10239307992204 -0.051387444203897736
47.10853500104343 -0.04440784217996609
47.11467692216482 -0.03733170740998761
47.1208188432862 -0.030176286666724374
47.12696076440759 -0.0229592707653278
47.133102685528975 -0.0156986802215953
47.139244606650365 -0.008412752524729563
47.145386527771755 -0.001119832203039556
47.15152844889314 0.0061617354048233925
47.15767037001453 0.013413706025557137
47.16381229113592 0.020618033574403997
47.1699542122573 0.02775696234281295
47.17609613337869 0.03481311424179415
47.18223805450008 0.04176957121590276
47.188379975621466 0.04860995301213255
47.194521896742856 0.055318490503698185
47.20066381786424 0.06188009473390823
47.20680573898563 0.06828042176804985
47.21294766010702 0.0745059333314533
47.2190895812284 0.08054395308111242
47.22523150234979 0.08638271822022131
47.23137342347118 0.09201142603165495
47.237515344592566 0.09742027479085272
47.243657265713956 0.10260049843018774
47.24979918683535 0.10754439427477766
47.25594110795673 0.11224534315840437
47.26208302907812 0.11669782126097633
47.26822495019951 0.12089740308506043
47.27436687132089 0.12484075510520612
47.28050879244228 0.12852561977514465
47.28665071356367 0.13195078975658617
47.29279263468506 0.13511607243086865
47.29893455580645 0.1380222449619312
47.30507647692783 0.14067100038615746
47.31121839804922 0.14306488540299936
47.31736031917061 0.14520723072146433
47.323502240291994 0.14710207497498223
47.329644161413384 0.14875408334550663
47.335786082534774 0.15016846213338633
47.34192800365616 0.15135087057073612
47.34806992477755 0.152307331202566
47.35421184589893 0.1530441401531441
47.36035376702032 0.1535677785574532
47.36649568814171 0.15388482637296363
47.372637609263094 0.15400187969943274
47.378779530384485 0.15392547262903628
47.384921451505875 0.15366200453073856
47.39106337262726 0.15321767354626345
47.39720529374865 0.15259841694513382
47.40334721487004 0.15180985885699944
47.40948913599142 0.15085726577452815
47.41563105711281 0.1497455101025082
47.4217729782342 0.1484790419205595
47.427914899355585 0.14706186902974616
47.434056820476975 0.14549754526803393
47.44019874159836 0.14378916700646435
47.44634066271975 0.141939377676521
47.45248258384114 0.1399503801289658
47.45862450496252 0.13782395658399518
47.46476642608391 0.1355614959005997
47.4709083472053 0.1331640278678645
47.477050268326686 0.13063226420061191
47.483192189448076 0.12796664590468126
47.489334110569466 0.1251673966612351
47.49547603169085 0.12223458186295925
47.50161795281224 0.11916817291649998
47.50775987393362 0.11596811640311012
47.51390179505501 0.1126344076622163
47.5200437161764 0.10916716832947676
47.526185637297786 0.10556672732074171
47.532327558419176 0.1018337047062719
47.53846947954057 0.09796909786474417
47.54461140066195 0.09397436924492582
47.55075332178334 0.08985153499415104
47.55689524290473 0.08560325363861679
47.56303716402611 0.08123291392145822
47.5691790851475 0.07674472082289087
47.575321006268894 0.07214377870412703
47.58146292739028 0.0674361704352829
47.58760484851167 0.06262903129060621
47.59374676963306 0.05773061632419394
47.59988869075444 0.052750359879384465
47.60603061187583 0.047698925838980666
47.612172532997214 0.04258824719394055
47.618314454118604 0.03743155349966019
47.624456375239994 0.03224338480386994
47.63059829636138 0.027039590672209176
47.63674021748277 0.021837313009330766
47.64288213860416 0.016654951477202015
47.64902405972554 0.011512110449839224
47.65516598084693 0.006429526616081785
47.661307901968314 0.001428976549567942
47.667449823089704 -0.0034668361935650542
47.673591744211095 -0.008234414614325017
47.67973366533248 -0.012849622309346808
47.68587558645387 -0.01728785753986894
47.69201750757526 -0.021524246512076916
47.69815942869664 -0.025533854684070576
47.70430134981803 -0.029291914540092428
47.71044327093942 -0.03277406789734438
47.716585192060805 -0.03595662044231875
47.722727113182195 -0.03881680584009132
47.728869034303585 -0.04133305643061278
47.73501095542497 -0.04348527722815703
47.74115287654636 -0.04525511968254308
47.74729479766775 -0.046626251450149266
47.75343671878913 -0.04758461826639609
47.75957863991052 -0.04811869391436883
47.765720561031905 -0.04821971425143345
47.771862482153296 -0.04788189129045148
47.778004403274686 -0.0471026034362238
47.78414632439607 -0.045882558152360496
47.79028824551746 -0.044225923577959174
47.79643016663885 -0.042140425925804484
47.80257208776023 -0.039637409871255434
47.80871400888162 -0.0367318595795779
47.814855930003006 -0.033442378514188804
47.820997851124396 -0.029791126713057624
47.827139772245786 -0.025803714808532142
47.83328169336717 -0.021509054689170037
47.83942361448856 -0.01693916735233558
47.84556553560995 -0.012128949163579183
47.85170745673133 -0.007115898413169849
47.85784937785272 -0.0019398047300801975
47.86399129897411 0.0033575954322086106
47.8701332200955 0.00873299339846695
47.87627514121689 0.01414190853961229
47.88241706233828 0.01953910925334158
47.88855898345966 0.024879049244380187
47.89470090458105 0.03011631331108475
47.90084282570244 0.035206066558013414
47.906984746823824 0.040104500770462466
47.913126667945214 0.04476927161552858
47.9192685890666 0.04915992038197863
47.92541051018799 0.053238274141419226
47.93155243130938 0.05696881850707208
47.93769435243076 0.060319037580866146
47.94383627355215 0.063259716208374
47.94997819467354 0.06576520029450593
47.956120115794924 0.06781361165756376
47.962262036916314 0.06938701469889982
47.9684039580377 0.07047153302112642
47.97454587915909 0.07105741501867882
47.98068780028048 0.07113904836837232
47.98682972140186 0.07071492424177296
47.99297164252325 0.069787552923465
47.99911356364464 0.06836333332859605
48.005255484766025 0.06645237965001165
48.011397405887415 0.0640683090135792
48.017539327008805 0.06122799456619675
48.02368124813019 0.057951288854499516
48.02982316925158 0.0542607226674945
48.03596509037297 0.050181184710235846
48.04210701149435 0.0457395875501531
48.04824893261574 0.04096452523661037
48.05439085373713 0.035885927846323544
48.060532774858515 0.030534717961804445
48.066674695979906 0.024942473760168532
48.07281661710129 0.01914110298897524
48.07895853822268 0.013162531648501154
48.08510045934407 0.00703841070227261
48.09124238046545 0.0007998436130338713
48.09738430158684 -0.0055228630348143366
48.10352622270823 -0.011900424100553447
48.109668143829616 -0.018304774437123333
48.115810064951006 -0.024709240721633077
48.12195198607239 -0.031088686330107012
48.12809390719378 -0.03741962944925842
48.13423582831517 -0.04368033500332528
48.14037774943655 -0.04985088131264844
48.14651967055794 -0.05591320268958312
48.15266159167933 -0.06185110941735101
48.158803512800716 -0.06765028674777515
48.16494543392211 -0.07329827469761137
48.1710873550435 -0.07878443052151453
48.17722927616488 -0.08409987579709251
48.18337119728627 -0.08923743007659513
48.18951311840766 -0.09419153304511496
48.19565503952904 -0.09895815708128974
48.201796960650434 -0.10353471204669605
48.207938881771824 -0.10791994403972244
48.21408080289321 -0.11211382974245113
48.2202227240146 -0.11611746786858851
48.22636464513598 -0.11993296909134284
48.23250656625737 -0.12356334569482126
48.23864848737876 -0.12701240205500483
48.244790408500144 -0.1302846269188882
48.250932329621534 -0.1333850883155898
48.257074250742924 -0.13631933180325032
48.26321617186431 -0.13909328263206108
48.2693580929857 -0.14171315228816533
48.27550001410708 -0.1441853497764259
48.28164193522847 -0.1465163979031986
48.28778385634986 -0.14871285473325904
48.293925777471244 -0.15078124031858992
48.300067698592635 -0.15272796873034802
48.306209619714025 -0.15455928536893745
48.31235154083541 -0.15628120948029764
48.3184934619568 -0.15789948176838992
48.32463538307819 -0.15941951696401482
48.33077730419957 -0.16084636118754772
48.33691922532096 -0.16218465392708806
48.34306114644235 -0.16343859444316927
48.349203067563735 -0.16461191240561482
48.355344988685125 -0.1657078425667598
48.361486909806516 -0.16672910327734664
48.3676288309279 -0.16767787865652253
48.37377075204929 -0.16855580423510128
48.37991267317067 -0.16936395590144154
48.38605459429206 -0.17010284199184342
48.39219651541345 -0.17077239838243016
48.398338436534836 -0.17137198645721977
48.404480357656226 -0.17190039384786462
48.410622278777616 -0.172355837864661
48.416764199899 -0.1727359715662177
48.42290612102039 -0.17303789244689144
48.42904804214177 -0.17325815375673653
48.43518996326316 -0.17339277850811044
48.44133188438455 -0.1734372762656687
48.447473805505936 -0.1733866628612781
48.453615726627326 -0.1732354832209987
48.45975764774872 -0.17297783753575097
48.4658995688701 -0.1726074110481949
48.47204148999149 -0.17211750776279394
48.47818341111288 -0.1715010884107188
48.48432533223426 -0.17075081301265896
48.490467253355654 -0.1698590883770843
48.496609174477044 -0.16881812084554013
48.50275109559843 -0.1676199745471334
48.50889301671982 -0.16625663534888294
48.51503493784121 -0.16472008058567345
48.52117685896259 -0.16300235452289163
48.52731878008398 -0.16109564934744328
48.533460701205364 -0.1589923913018485
48.539602622326754 -0.15668533137569754
48.545744543448144 -0.1541676397555375
48.55188646456953 -0.1514330030159772
48.55802838569092 -0.14847572282078794
48.56417030681231 -0.14529081470340263
48.57031222793369 -0.14187410532233288
48.57645414905508 -0.13822232644944624
48.582596070176464 -0.13433320385768557
48.588737991297855 -0.13020553923888967
48.594879912419245 -0.1258392833078268
48.60102183354063 -0.1212355983402814
48.60716375466202 -0.11639690855124758
48.61330567578341 -0.11132693694179706
48.61944759690479 -0.10603072752438039
48.62558951802618 -0.10051465216581859
48.63173143914757 -0.09478640165345428
48.637873360268955 -0.08885496097759994
48.644015281390345 -0.08273056921535817
48.650157202511735 -0.07642466478067779
48.65629912363312 -0.06994981715469359
48.66244104475451 -0.06331964651446902
48.6685829658759 -0.056548732922319773
48.67472488699728 -0.04965251691298247
48.68086680811867 -0.042647193414497964
48.68700872924006 -0.03554960095923559
48.693150650361446 -0.02837710808685511
48.699292571482836 -0.021147498716729402
48.70543449260422 -0.013878858085211523
48.71157641372561 -0.006589460616407655
48.717718334847 0.0007023391608166299
48.72386025596838 0.007978211803897276
48.73000217708977 0.015219953672538292
48.736144098211156 0.022409582827561676
48.742286019332546 0.029529429977563134
48.74842794045394 0.03656222450054194
48.75456986157532 0.043491175677757066
48.76071178269671 0.050300049333209536
48.7668537038181 0.05697324007426106
48.77299562493948 0.06349583928312093
48.77913754606087 0.06985369892215644
48.785279467182264 0.07603349110002536
48.79142138830365 0.08202276321167659
48.79756330942504 0.08780998832722389
48.80370523054643 0.0933846103749171
48.80984715166781 0.09873708355342115
48.8159890727892 0.10385890532898756
48.82213099391059 0.10874264233058321
48.828272915031974 0.11338194845568093
48.834414836153364 0.11777157454323806
48.840556757274754 0.12190736905672989
48.84669867839614 0.1257862693459335
48.85284059951753 0.12940628321481762
48.85898252063891 0.13276646070731454
48.8651244417603 0.1358668562234674
48.87126636288169 0.13870848128656807
48.877408284003074 0.14129324848760474
48.883550205124465 0.14362390732806765
48.889692126245855 0.14570397285807374
48.89583404736724 0.14753764815726977
48.90197596848863 0.14912974182646233
48.90811788961001 0.15048558174508353
48.9142598107314 0.15161092640205093
48.92040173185279 0.1525118751256765
48.926543652974175 0.15319477852339752
48.932685574095565 0.15366615039745318
48.938827495216955 0.15393258233179033
48.94496941633834 0.15400066205304364
48.95111133745973 0.15387689655933512
48.95725325858112 0.15356764088970248
48.9633951797025 0.15307903327924036
48.96953710082389 0.1524169373148504
48.97567902194528 0.15158689157808206
48.981820943066666 0.150594067138142
48.987962864188056 0.14944323314268373
48.994104785309446 0.1481387306484624
49.00024670643083 0.14668445473961947
49.00638862755222 0.1450838448991795
49.0125305486736 0.14333988352918497
49.01867246979499 0.1414551024563883
49.02481439091638 0.13943159721281867
49.030956312037766 0.13727104884232352
49.037098233159156 0.13497475295415653
49.04324015428055 0.13254365572084018
49.04938207540193 0.12997839649822868
49.05552399652332 0.12727935672903318
49.0616659176447 0.12444671477518963
49.06780783876609 0.12148050630759408
49.07394975988748 0.1183806898622894
49.08009168100887 0.11514721714885559
49.08623360213026 0.11178010766795038
49.09237552325165 0.10827952716024258
49.09851744437303 0.10464586936705242
49.10465936549442 0.1008798405339988
49.11080128661581 0.09698254603256341
49.116943207737194 0.09295557841068929
49.123085128858584 0.08880110611364757
49.129227049979974 0.08452196204075389
49.13536897110136 0.08012173102364646
49.14151089222275 0.07560483522985456
49.14765281334414 0.07097661641259577
49.15379473446552 0.0662434138475236
49.15993665558691 0.06141263672122354
49.166078576708294 0.05649282966869017
49.172220497829684 0.05149373009996555
49.178362418951075 0.04642631591402539
49.18450434007246 0.04130284217340168
49.19064626119385 0.036136865309909436
49.19678818231524 0.030943253453520603
49.20293010343662 0.025738181525403157
49.20907202455801 0.020539109815873532
49.215213945679395 0.015364744880142988
49.221355866800785 0.010234981730779335
49.227497787922175 0.005170826487335036
49.23363970904356 0.00019429885921893106
49.23978163016495 -0.004671685911826251
49.24592355128634 -0.00940345574153357
49.25206547240772 -0.013976740806525549
49.25820739352911 -0.01836685250695386
49.2643493146505 -0.022548881379181096
49.270491235771885 -0.0264979126803924
49.276633156893276 -0.030189257991954238
49.282775078014666 -0.033598700813641684
49.28891699913605 -0.036702753755590636
49.29505892025744 -0.03947892458655648
49.30120084137883 -0.04190598807460374
49.30734276250021 -0.04396426026812903
49.3134846836216 -0.045635871618343975
49.319626604742986 -0.046905035146906374
49.325768525864376 -0.047758305720351994
49.331910446985766 -0.04818482641159063
49.33805236810715 -0.04817655791264963
49.34419428922854 -0.047728487014625544
49.35033621034993 -0.046838810292587275
49.35647813147131 -0.04550908932514903
49.3626200525927 -0.04374437403989827
49.368761973714086 -0.041553291104783965
49.37490389483548 -0.03894809467873146
49.38104581595687 -0.03594467728786899
49.38718773707825 -0.03256253910159717
49.39332965819964 -0.02882471443897921
49.39947157932103 -0.02475765493356837
49.40561350044241 -0.020391069415642296
49.411755421563804 -0.01575772122616842
49.417897342685194 -0.010893184346946517
49.42403926380658 -0.005835560405538996
49.43018118492797 -0.0006251592808570887
49.43632310604936 0.004695853316754089
49.44246502717074 0.010083837300966366
49.44860694829213 0.015494084139073596
49.45474886941352 0.02088124218137192
49.460890790534904 0.02619975587397102
49.467032711656294 0.03140431298096138
49.47317463277768 0.036450293679486226
49.47931655389907 0.04129421523507009
49.48545847502046 0.04589416592232521
49.49160039614184 0.050210221934270806
49.49774231726323 0.0542048412247331
49.50388423838462 0.05784322855254478
49.510026159506005 0.061093666440099
49.516168080627395 0.06392780731477793
49.52231000174878 0.06632092275936653
49.52845192287017 0.0682521065426483
49.53459384399156 0.06970442891686575
49.54073576511294 0.07066504053528404
49.54687768623433 0.0711252252392656
49.55301960735572 0.07108040186784108
49.559161528477105 0.07053007613099231
49.565303449598495 0.06947774443884076
49.571445370719886 0.06793075237176599
49.57758729184127 0.06590011119283204
49.58372921296266 0.06340027642755397
49.58987113408405 0.06044889305477976
49.59601305520543 0.05706651225675256
49.60215497632682 0.05327628496136752
49.60829689744821 0.04910363757359975
49.614438818569596 0.04457593533781334
49.620580739690986 0.039722138704378046
49.62672266081237 0.034572457900465745
49.63286458193376 0.029158010637119796
49.63900650305515 0.023510487535947415
49.64514842417653 0.017661829442279644
49.65129034529792 0.011643920323299896
49.65743226641931 0.005488298943520265
49.663574187540696 -0.0007741080185705278
49.66971610866209 -0.007113229286093599
49.67585802978347 -0.013500067138122322
49.68199995090486 -0.019906889326880294
49.68814187202625 -0.02630739417406079
49.69428379314763 -0.032676848720883514
49.700425714269024 -0.038992200225415614
49.706567635390414 -0.0452321616742568
49.7127095565118 -0.05137727230219022
49.71885147763319 -0.05740993439010566
49.72499339875458 -0.06331442783870321
49.73113531987596 -0.0690769041945109
49.73727724099735 -0.07468536193636523
49.74341916211874 -0.08012960491858222
49.749561083240124 -0.08540118591447635
49.755703004361514 -0.09049333721400553
49.761844925482905 -0.09540089020725574
49.76798684660429 -0.10012018583424226
49.77412876772568 -0.1046489777066678
49.78027068884706 -0.10898632961186934
49.78641260996845 -0.1131325089985093
49.79255453108984 -0.11708887792044238
49.798696452211225 -0.12085778278420714
49.804838373332615 -0.12444244410955749
49.810980294454005 -0.1278468473744793
49.81712221557539 -0.13107563587933027
49.82326413669678 -0.13413400643086576
49.82940605781816 -0.13702760851840884
49.83554797893955 -0.13976244753288738
49.84168990006094 -0.1423447924658022
49.847831821182325 -0.1447810884211171
49.853973742303715 -0.14707787417839785
49.860115663425105 -0.14924170496130912
49.86625758454649 -0.1512790804916359
49.87239950566788 -0.1531963783451005
49.87854142678927 -0.1549997925713861
49.88468334791065 -0.15669527749606893
49.89082526903204 -0.15828849658630992
49.89696719015343 -0.1597847762341071
49.903109111274816 -0.16118906429011395
49.909251032396206 -0.16250589316643296
49.915392953517596 -0.16373934731769993
49.92153487463898 -0.1648930349053653
49.92767679576037 -0.1659700634495884
49.93381871688175 -0.16697301927607883
49.93996063800314 -0.16790395057100538
49.94610255912453 -0.16876435386546268
49.952244480245916 -0.16955516378175392
49.95838640136731 -0.17027674588692482
49.9645283224887 -0.17092889251468157
49.97067024361008 -0.17151082143529658
49.97681216473147 -0.17202117727468172
49.98295408585285 -0.1724580356088231
49.98909600697424 -0.1728189096885279
49.995237928095634 -0.1731007597821239
50.00137984921702 -0.17330000516038505
50.00752177033841 -0.17341253878819368
50.0136636914598 -0.173433744830715
50.01980561258118 -0.17335851912700956
50.02594753370257 -0.17318129282954178
50.03208945482396 -0.17289605945187156
50.038231375945344 -0.17249640560639273
50.044373297066734 -0.17197554574631416
50.050515218188124 -0.1713263612477764
50.05665713930951 -0.170541444175522
50.0627990604309 -0.16961314606520536
50.06894098155229 -0.16853363202390897
50.07508290267367 -0.16729494039462728
50.08122482379506 -0.1658890481483089
50.087366744916444 -0.1643079420570824
50.093508666037835 -0.16254369556483764
50.099650587159225 -0.16058855110768067
50.10579250828061 -0.15843500745042718
50.111934429402 -0.15607591140109403
50.11807635052339 -0.15350455304995236
50.12421827164477 -0.15071476346167925
50.13036019276616 -0.14770101353774426
50.136502113887545 -0.1444585125721168
50.142644035008935 -0.14098330485769087
50.148785956130325 -0.13727236257365616
50.15492787725171 -0.1333236731061341
50.1610697983731 -0.12913631893296826
50.16721171949449 -0.12471054824548608
50.17335364061587 -0.120047834588433
50.17949556173726 -0.11515092397381312
50.18563748285865 -0.11002386816252703
50.191779403980036 -0.10467204310155453
50.197921325101426 -0.09910215184486403
50.204063246222816 -0.09332221165890013
50.2102051673442 -0.08734152540407299
50.21634708846559 -0.08117063767421255
50.22248900958698 -0.07482127654939102
50.22863093070836 -0.06830628215733721
50.23477285182975 -0.061639523528386586
50.240914772951136 -0.05483580545683337
50.247056694072526 -0.047910767237926206
50.25319861519392 -0.040880775228691824
50.2593405363153 -0.03376281118248408
