time TPR_both_B_open_144_rho13_real
904.7786842338604 -0.49466631032086233
904.7848261549818 -0.4946676054866406
904.7909680761032 -0.4946688869385276
904.7971099972245 -0.4946701517789683
904.803251918346 -0.49467139696267765
904.8093938394674 -0.49467261930902506
904.8155357605888 -0.4946738155154386
904.8216776817102 -0.4946749821717958
904.8278196028315 -0.49467611577571563
904.8339615239529 -0.4946772127486646
904.8401034450743 -0.49467826945282417
904.8462453661957 -0.49467928220859136
904.852387287317 -0.49468024731265275
904.8585292084384 -0.494681161056513
904.8646711295598 -0.4946820197454136
904.8708130506812 -0.4946828197174971
904.8769549718027 -0.49468355736314806
904.883096892924 -0.4946842291443955
904.8892388140454 -0.494684831614259
904.8953807351668 -0.4946853614359696
904.9015226562882 -0.4946858154019128
904.9076645774096 -0.4946861904522258
904.9138064985309 -0.4946864836929319
904.9199484196523 -0.49468669241350194
904.9260903407737 -0.49468681410377696
904.9322322618951 -0.49468684647011146
904.9383741830165 -0.4946867874506789
904.9445161041378 -0.49468663522983924
904.9506580252593 -0.4946863882514749
904.9567999463807 -0.49468604523124793
904.9629418675021 -0.49468560516766036
904.9690837886234 -0.4946850673518871
904.9752257097448 -0.4946844313762906
904.9813676308662 -0.49468369714159766
904.9875095519876 -0.4946828648626471
904.993651473109 -0.4946819350726975
904.9997933942303 -0.4946809086262505
905.0059353153517 -0.4946797867003538
905.0120772364731 -0.49467857079439226
905.0182191575946 -0.4946772627283187
905.024361078716 -0.4946758646393485
905.0305029998373 -0.49467437897711336
905.0366449209587 -0.4946728084972772
905.0427868420801 -0.494671156253665
905.0489287632015 -0.49466942558889127
905.0550706843229 -0.494667620123556
905.0612126054442 -0.4946657437440412
905.0673545265656 -0.4946638005889496
905.073496447687 -0.4946617950342746
905.0796383688084 -0.49465973167732596
905.0857802899299 -0.49465761531951347
905.0919222110512 -0.49465545094805935
905.0980641321726 -0.4946532437167086
905.104206053294 -0.4946509989255651
905.1103479744154 -0.49464872200010085
905.1164898955367 -0.49464641846947394
905.1226318166581 -0.4946440939442337
905.1287737377795 -0.49464175409355476
905.1349156589009 -0.4946394046220658
905.1410575800223 -0.4946370512464187
905.1471995011436 -0.494634699671703
905.153341422265 -0.494632355567809
905.1594833433865 -0.49463002454588895
905.1656252645079 -0.49462771213499007
905.1717671856293 -0.4946254237590073
905.1779091067506 -0.4946231647140592
905.184051027872 -0.49462094014638985
905.1901929489934 -0.4946187550309396
905.1963348701148 -0.49461661415064845
905.2024767912362 -0.4946145220766289
905.2086187123575 -0.4946124831492973
905.2147606334789 -0.4946105014605471
905.2209025546003 -0.494608580837088
905.2270444757218 -0.49460672482499085
905.233186396843 -0.49460493667555183
905.2393283179645 -0.49460321933252094
905.2454702390859 -0.49460157542079547
905.2516121602073 -0.4946000072365911
905.2577540813287 -0.4945985167391743
905.26389600245 -0.4945971055441874
905.2700379235714 -0.4945957749185885
905.2761798446928 -0.49459452577726565
905.2823217658142 -0.4945933586812989
905.2884636869356 -0.49459227383791193
905.2946056080569 -0.49459127110210327
905.3007475291784 -0.49459034997993684
905.3068894502998 -0.4945895096335094
905.3130313714212 -0.49458874888752596
905.3191732925426 -0.49458806623748186
905.3253152136639 -0.4945874598594005
905.3314571347853 -0.4945869276210659
905.3375990559067 -0.4945864670947251
905.3437409770281 -0.4945860755711555
905.3498828981494 -0.4945857500750568
905.3560248192708 -0.49458548738166724
905.3621667403922 -0.49458528403455254
905.3683086615137 -0.49458513636443524
905.3744505826351 -0.49458504050900237
905.3805925037564 -0.49458499243357823
905.3867344248778 -0.4945849879525507
905.3928763459992 -0.49458502275147254
905.3990182671206 -0.4945850924096834
905.405160188242 -0.49458519242337373
905.4113021093633 -0.49458531822895924
905.4174440304847 -0.4945854652266416
905.4235859516061 -0.4945856288040671
905.4297278727275 -0.4945858043599221
905.435869793849 -0.4945859873273801
905.4420117149702 -0.4945861731972703
905.4481536360917 -0.494586357540843
905.4542955572131 -0.4945865360320515
905.4604374783345 -0.4945867044691918
905.4665793994558 -0.4945868587958335
905.4727213205772 -0.4945869951209081
905.4788632416986 -0.4945871097378902
905.48500516282 -0.49458719914293786
905.4911470839414 -0.49458726005192977
905.4972890050627 -0.4945872894163119
905.5034309261841 -0.4945872844376612
905.5095728473055 -0.4945872425809317
905.515714768427 -0.49458716158627586
905.5218566895484 -0.49458703947941857
905.5279986106697 -0.4945868745805253
905.5341405317911 -0.49458666551151403
905.5402824529125 -0.4945864112018109
905.5464243740339 -0.494586110892485
905.5525662951553 -0.4945857641387775
905.5587082162766 -0.4945853708110097
905.564850137398 -0.49458493109386176
905.5709920585194 -0.49458444548406233
905.5771339796408 -0.49458391478646907
905.5832759007621 -0.4945833401085991
905.5894178218836 -0.4945827228536202
905.595559743005 -0.49458206471188104
905.6017016641264 -0.4945813676509883
905.6078435852478 -0.4945806339045211
905.6139855063691 -0.49457986595943987
905.6201274274905 -0.4945790665422481
905.6262693486119 -0.4945782386040217
905.6324112697333 -0.49457738530434514
905.6385531908547 -0.49457650999427627
905.644695111976 -0.4945756161984275
905.6508370330974 -0.49457470759624644
905.6569789542189 -0.4945737880026365
905.6631208753403 -0.4945728613479765
905.6692627964617 -0.4945719316576836
905.675404717583 -0.49457100303141655
905.6815466387044 -0.4945700796220231
905.6876885598258 -0.49456916561437525
905.6938304809472 -0.49456826520416314
905.6999724020686 -0.49456738257679167
905.7061143231899 -0.49456652188648
905.7122562443113 -0.49456568723566613
905.7183981654327 -0.49456488265484955
905.7245400865542 -0.494564112082942
905.7306820076755 -0.49456337934825223
905.7368239287969 -0.49456268815018456
905.7429658499183 -0.4945620420417721
905.7491077710397 -0.49456144441309147
905.7552496921611 -0.4945608984756727
905.7613916132824 -0.4945604072479696
905.7675335344038 -0.4945599735419497
905.7736754555252 -0.4945595999508983
905.7798173766466 -0.49455928883845246
905.785959297768 -0.4945590423289422
905.7921012188893 -0.49455886229907325
905.7982431400108 -0.4945587503709724
905.8043850611322 -0.49455870790665607
905.8105269822536 -0.4945587360038947
905.816668903375 -0.4945588354935188
905.8228108244963 -0.494559006938156
905.8289527456177 -0.4945592506323847
905.8350946667391 -0.4945595666043233
905.8412365878605 -0.4945599546185908
905.8473785089818 -0.49456041418064484
905.8535204301032 -0.4945609445424374
905.8596623512246 -0.4945615447093773
905.865804272346 -0.49456221344851037
905.8719461934675 -0.49456294929789024
905.8780881145888 -0.4945637505770697
905.8842300357102 -0.49456461539863195
905.8903719568316 -0.4945655416807224
905.896513877953 -0.49456652716045846
905.9026557990744 -0.49456756940816676
905.9087977201957 -0.49456866584235154
905.9149396413171 -0.4945698137452921
905.9210815624385 -0.49457101027920675
905.9272234835599 -0.4945722525028478
905.9333654046814 -0.49457353738845733
905.9395073258027 -0.49457486183897675
905.9456492469241 -0.4945762227053986
905.9517911680455 -0.49457761680418916
905.9579330891669 -0.4945790409346421
905.9640750102882 -0.49458049189609515
905.9702169314096 -0.49458196650488573
905.976358852531 -0.4945834616109837
905.9825007736524 -0.49458497411416263
905.9886426947738 -0.4945865009796519
905.9947846158951 -0.49458803925316763
906.0009265370165 -0.4945895860752312
906.007068458138 -0.49459113869472304
906.0132103792594 -0.49459269448155685
906.0193523003808 -0.4945942509384338
906.0254942215021 -0.49459580571160294
906.0316361426235 -0.4945973566005565
906.0377780637449 -0.4945989015666414
906.0439199848663 -0.4946004387404967
906.0500619059877 -0.4946019664283113
906.056203827109 -0.4946034831168566
906.0623457482304 -0.4946049874772613
906.0684876693518 -0.49460647836754135
906.0746295904733 -0.4946079548338305
906.0807715115945 -0.4946094161103473
906.086913432716 -0.4946108616180735
906.0930553538374 -0.4946122909621924
906.0991972749588 -0.49461370392826487
906.1053391960802 -0.4946151004772019
906.1114811172015 -0.4946164807390569
906.1176230383229 -0.49461784500566974
906.1237649594443 -0.4946191937222427
906.1299068805657 -0.4946205274778602
906.1360488016871 -0.49462184699504536
906.1421907228084 -0.494623153118412
906.1483326439298 -0.49462444680247025
906.1544745650513 -0.49462572909869834
906.1606164861727 -0.49462700114191943
906.1667584072941 -0.4946282641361015
906.1729003284154 -0.49462951933966054
906.1790422495368 -0.4946307680503478
906.1851841706582 -0.49463201158985215
906.1913260917796 -0.4946332512881694
906.1974680129009 -0.4946344884678732
906.2036099340223 -0.4946357244283635
906.2097518551437 -0.49463696043022426
906.2158937762651 -0.49463819767975026
906.2220356973866 -0.49463943731377297
906.2281776185079 -0.4946406803848724
906.2343195396293 -0.4946419278470603
906.2404614607507 -0.49464318054205897
906.2466033818721 -0.4946444391862235
906.2527453029935 -0.494645704358224
906.2588872241148 -0.4946469764875611
906.2650291452362 -0.49464825584397776
906.2711710663576 -0.4946495425278743
906.277312987479 -0.4946508364617479
906.2834549086004 -0.4946521373827502
906.2895968297217 -0.49465344483640544
906.2957387508432 -0.494654758171524
906.3018806719646 -0.49465607653638716
906.308022593086 -0.49465739887619015
906.3141645142074 -0.4946587239318017
906.3203064353287 -0.49466005023984877
906.3264483564501 -0.49466137613412464
906.3325902775715 -0.49466269974835564
906.3387321986929 -0.49466401902027923
906.3448741198142 -0.4946653316970544
906.3510160409356 -0.49466663534195715
906.357157962057 -0.49466792734237053
906.3632998831785 -0.4946692049189881
906.3694418042999 -0.49467046513622115
906.3755837254212 -0.49467170491375173
906.3817256465426 -0.49467292103916116
906.387867567664 -0.49467411018160656
906.3940094887854 -0.4946752689064334
906.4001514099068 -0.4946763936906807
906.4062933310281 -0.4946774809393917
906.4124352521495 -0.49467852700263065
906.4185771732709 -0.4946795281931546
906.4247190943923 -0.4946804808046003
906.4308610155138 -0.49468138113012466
906.437002936635 -0.4946822254813893
906.4431448577565 -0.4946830102077759
906.4492867788779 -0.49468373171576285
906.4554286999993 -0.49468438648831575
906.4615706211206 -0.4946849711042194
906.467712542242 -0.4946854822572229
906.4738544633634 -0.494685916774925
906.4799963844848 -0.49468627163725426
906.4861383056062 -0.4946865439944722
906.4922802267275 -0.4946867311845897
906.4984221478489 -0.4946868307500879
906.5045640689704 -0.49468684045387845
906.5107059900918 -0.4946867582943727
906.5168479112132 -0.49468658251960124
906.5229898323345 -0.4946863116402934
906.5291317534559 -0.49468594444182445
906.5352736745773 -0.49468547999499524
906.5414155956987 -0.49468491766552986
906.5475575168201 -0.4946842571222672
906.5536994379414 -0.494683498343979
906.5598413590628 -0.4946826416247586
906.5659832801842 -0.4946816875779708
906.5721252013057 -0.4946806371386904
906.578267122427 -0.49467949156463453
906.5844090435484 -0.49467825243554986
906.5905509646698 -0.49467692165107735
906.5966928857912 -0.4946755014270503
906.6028348069126 -0.4946739942902651
906.6089767280339 -0.4946724030717282
906.6151186491553 -0.4946707308983908
906.6212605702767 -0.49466898118343466
906.6274024913981 -0.4946671576151023
906.6335444125195 -0.4946652641441526
906.6396863336408 -0.49466330496998123
906.6458282547623 -0.49466128452545716
906.6519701758837 -0.49465920746057496
906.6581120970051 -0.49465707862495156
906.6642540181265 -0.49465490304928367
906.6703959392478 -0.49465268592583544
906.6765378603692 -0.49465043258804314
906.6826797814906 -0.49464814848936045
906.688821702612 -0.49464583918140287
906.6949636237333 -0.49464351029153364
906.7011055448547 -0.4946411674999686
906.7072474659761 -0.49463881651654945
906.7133893870975 -0.49463646305725173
906.719531308219 -0.49463411282057873
906.7256732293403 -0.4946317714639435
906.7318151504617 -0.49462944458014596
906.7379570715831 -0.49462713767409366
906.7440989927045 -0.49462485613983903
906.7502409138259 -0.4946226052380787
906.7563828349472 -0.49462039007421854
906.7625247560686 -0.4946182155771002
906.76866667719 -0.4946160864785323
906.7748085983114 -0.4946140072936825
906.7809505194328 -0.494611982302463
906.7870924405541 -0.4946100155319926
906.7932343616756 -0.4946081107402137
906.799376282797 -0.49460627140077834
906.8055182039184 -0.49460450068923667
906.8116601250397 -0.49460280147063385
906.8178020461611 -0.4946011762885517
906.8239439672825 -0.4945996273556843
906.8300858884039 -0.49459815654595474
906.8362278095253 -0.49459676538824293
906.8423697306466 -0.49459545506174807
906.848511651768 -0.4945942263929966
906.8546535728894 -0.49459307985454604
906.8607954940109 -0.4945920155653448
906.8669374151323 -0.4945910332927828
906.8730793362536 -0.49459013245640854
906.879221257375 -0.4945893121332847
906.8853631784964 -0.4945885710649875
906.8915050996178 -0.4945879076661714
906.8976470207392 -0.4945873200346878
906.9037889418605 -0.4945868059631963
906.9099308629819 -0.49458636295219877
906.9160727841033 -0.49458598822446204
906.9222147052247 -0.49458567874071513
906.9283566263462 -0.49458543121657106
906.9344985474675 -0.49458524214057986
906.9406404685889 -0.4945851077933088
906.9467823897103 -0.4945850242673858
906.9529243108317 -0.49458498748836416
906.959066231953 -0.4945849932363334
906.9652081530744 -0.4945850371681469
906.9713500741958 -0.494585114840183
906.9774919953172 -0.4945852217314869
906.9836339164386 -0.4945853532672057
906.9897758375599 -0.4945855048421899
906.9959177586813 -0.49458567184463137
907.0020596798028 -0.49458584967965113
907.0082016009242 -0.49458603379267735
907.0143435220456 -0.4945862196925272
907.0204854431669 -0.49458640297406603
907.0266273642883 -0.4945865793403237
907.0327692854097 -0.49458674462398533
907.0389112065311 -0.49458689480811086
907.0450531276525 -0.49458702604601124
907.0511950487738 -0.49458713468017335
907.0573369698952 -0.49458721726012894
907.0634788910166 -0.49458727055921337
907.069620812138 -0.49458729159008996
907.0757627332594 -0.4945872776189979
907.0819046543808 -0.49458722617863204
907.0880465755022 -0.49458713507962576
907.0941884966236 -0.4945870024205421
907.100330417745 -0.49458682659635905
907.1064723388663 -0.4945866063054003
907.1126142599877 -0.4945863405546715
907.1187561811091 -0.49458602866361295
907.1248981022305 -0.4945856702662141
907.1310400233519 -0.49458526531151553
907.1371819444732 -0.4945848140624943
907.1433238655947 -0.4945843170933337
907.1494657867161 -0.4945837752851316
907.1556077078375 -0.4945831898200322
907.1617496289589 -0.49458256217385344
907.1678915500802 -0.49458189410724307
907.1740334712016 -0.49458118765540704
907.180175392323 -0.4945804451165018
907.1863173134444 -0.49457966903871586
907.1924592345657 -0.4945788622061489
907.1986011556871 -0.49457802762354314
907.2047430768085 -0.4945771684999871
907.21088499793 -0.4945762882316395
907.2170269190514 -0.4945753903836035
907.2231688401727 -0.494574478671038
907.2293107612941 -0.49457355693960203
907.2354526824155 -0.49457262914536815
907.2415946035369 -0.49457169933427503
907.2477365246583 -0.4945707716212578
907.2538784457796 -0.49456985016916344
907.260020366901 -0.49456893916754846
907.2661622880224 -0.4945680428115062
907.2723042091438 -0.49456716528059386
907.2784461302653 -0.49456631071800045
907.2845880513865 -0.49456548321005583
907.290729972508 -0.49456468676617593
907.2968718936294 -0.49456392529937915
907.3030138147508 -0.49456320260743275
907.3091557358721 -0.49456252235475806
907.3152976569935 -0.4945618880551598
907.3214395781149 -0.494561303055502
907.3275814992363 -0.49456077052036423
907.3337234203577 -0.494560293417789
907.339865341479 -0.4945598745061749
907.3460072626004 -0.4945595163223666
907.3521491837218 -0.4945592211710304
907.3582911048433 -0.49455899111531654
907.3644330259647 -0.4945588279688824
907.370574947086 -0.4945587332892967
907.3767168682074 -0.4945587083728394
907.3828587893288 -0.494558754250745
907.3890007104502 -0.4945588716868555
907.3951426315716 -0.49455906117671466
907.4012845526929 -0.4945593229480885
907.4074264738143 -0.4945596569628823
907.4135683949357 -0.49456006292046706
907.4197103160571 -0.494560540262342
907.4258522371784 -0.4945610881781266
907.4319941582999 -0.4945617056128187
907.4381360794213 -0.49456239127529483
907.4442780005427 -0.4945631436479572
907.4504199216641 -0.49456396099749456
907.4565618427854 -0.4945648413866748
907.4627037639068 -0.49456578268708945
907.4688456850282 -0.49456678259279535
907.4749876061496 -0.4945678386347336
907.481129527271 -0.4945689481958656
907.4872714483923 -0.49457010852692646
907.4934133695137 -0.49457131676269056
907.4995552906352 -0.4945725699386832
907.5056972117566 -0.4945738650082002
907.511839132878 -0.494575198859564
907.5179810539993 -0.4945765683335081
907.5241229751207 -0.4945779702405761
907.5302648962421 -0.49457940137846884
907.5364068173635 -0.49458085854919476
907.5425487384849 -0.4945823385759594
907.5486906596062 -0.4945838383196863
907.5548325807276 -0.4945853546950645
907.560974501849 -0.4945868846860633
907.5671164229705 -0.4945884253607863
907.5732583440918 -0.49458997388561193
907.5794002652132 -0.4945915275385191
907.5855421863346 -0.4945930837215567
907.591684107456 -0.4945946399723439
907.5978260285774 -0.49459619397457233
907.6039679496987 -0.4945977435674409
907.6101098708201 -0.4945992867539619
907.6162517919415 -0.49460082170812447
907.6223937130629 -0.4946023467808396
907.6285356341843 -0.49460386050466154
907.6346775553056 -0.4946053615972598
907.640819476427 -0.49460684896360746
907.6469613975485 -0.49460832169691454
907.6531033186699 -0.49460977907826265
907.6592452397913 -0.4946112205749765
907.6653871609126 -0.49461264583773995
907.671529082034 -0.49461405469646574
907.6776710031554 -0.4946154471549792
907.6838129242768 -0.4946168233845122
907.6899548453981 -0.4946181837160821
907.6960967665195 -0.4946195286317832
907.7022386876409 -0.49462085875507744
907.7083806087624 -0.4946221748401083
907.7145225298838 -0.49462347776013627
907.7206644510051 -0.49462476849515913
907.7268063721265 -0.4946260481187864
907.7329482932479 -0.49462731778448216
907.7390902143693 -0.4946285787112213
907.7452321354907 -0.49462983216868245
907.751374056612 -0.4946310794620612
907.7575159777334 -0.49463232191658785
907.7636578988548 -0.49463356086188104
907.7697998199762 -0.49463479761619483
907.7759417410977 -0.4946360334706899
907.782083662219 -0.4946372696738185
907.7882255833404 -0.4946385074159149
907.7943675044618 -0.4946397478141187
907.8005094255832 -0.4946409918976877
907.8066513467045 -0.4946422405938292
907.8127932678259 -0.49464349471411534
907.8189351889473 -0.4946447549416059
907.8250771100687 -0.49464602181872097
907.8312190311901 -0.4946472957359757
907.8373609523114 -0.4946485769216423
907.8435028734328 -0.494649865432399
907.8496447945543 -0.4946511611450622
907.8557867156757 -0.49465246374941896
907.8619286367971 -0.4946537727422422
907.8680705579184 -0.49465508742252445
907.8742124790398 -0.494656406887958
907.8803544001612 -0.49465773003272334
907.8864963212826 -0.4946590555465687
907.892638242404 -0.49466038191522677
907.8987801635253 -0.49466170742216886
907.9049220846467 -0.4946630301516833
907.9110640057681 -0.49466434799330644
907.9172059268896 -0.49466565864754714
907.9233478480108 -0.4946669596329167
907.9294897691323 -0.4946682482942085
907.9356316902537 -0.4946695218120267
907.9417736113751 -0.4946707772134736
907.9479155324965 -0.49467201138397915
907.9540574536178 -0.4946732210802044
907.9601993747392 -0.49467440294394077
907.9663412958606 -0.49467555351697334
907.972483216982 -0.49467666925678316
907.9786251381034 -0.49467774655304564
907.9847670592247 -0.49467878174482516
907.9909089803461 -0.494679771138368
907.9970509014676 -0.49468071102543054
908.003192822589 -0.49468159770200476
908.0093347437104 -0.494682427487372
908.0154766648317 -0.4946831967433747
908.0216185859531 -0.49468390189378936
908.0277605070745 -0.494684539443731
908.0339024281959 -0.49468510599893867
908.0400443493172 -0.4946855982848726
908.0461862704386 -0.4946860131654922
908.05232819156 -0.4946863476616447
908.0584701126814 -0.49468659896892114
908.0646120338029 -0.49468676447491045
908.0707539549242 -0.4946868417757429
908.0768958760456 -0.4946868286918221
908.083037797167 -0.49468672328268204
908.0891797182884 -0.4946865238608441
908.0953216394098 -0.49468622900462256
908.1014635605311 -0.4946858375697931
908.1076054816525 -0.4946853487000405
908.1137474027739 -0.49468476183615506
908.1198893238953 -0.4946840767238737
908.1260312450167 -0.49468329342034867
908.132173166138 -0.49468241229918436
908.1383150872595 -0.49468143405399706
908.1444570083809 -0.49468035970049606
908.1505989295023 -0.4946791905770224
908.1567408506237 -0.4946779283435608
908.162882771745 -0.49467657497920725
908.1690246928664 -0.4946751327780817
908.1751666139878 -0.4946736043437274
908.1813085351092 -0.49467199258196837
908.1874504562305 -0.49467030069228696
908.1935923773519 -0.4946685321577254
908.1997342984733 -0.4946666907333868
908.2058762195948 -0.4946647804335411
908.2120181407162 -0.49466280551742065
908.2181600618375 -0.4946607704737602
908.2243019829589 -0.49465868000413654
908.2304439040803 -0.49465653900521656
908.2365858252017 -0.49465435254995327
908.2427277463231 -0.4946521258678472
908.2488696674444 -0.49464986432435626
908.2550115885658 -0.4946475733995408
908.2611535096872 -0.49464525866607706
908.2672954308086 -0.494642925766702
908.27343735193 -0.4946405803912309
908.2795792730514 -0.4946382282532477
908.2857211941728 -0.49463587506657136
908.2918631152942 -0.4946335265216466
908.2980050364156 -0.49463118826193025
908.3041469575369 -0.4946288658604265
908.3102888786583 -0.4946265647964592
908.3164307997797 -0.4946242904328335
908.3225727209011 -0.49462204799345494
908.3287146420225 -0.49461984254155256
908.3348565631438 -0.4946176789586021
908.3409984842652 -0.4946155619240468
908.3471404053867 -0.494613495895947
908.3532823265081 -0.4946114850926163
908.3594242476295 -0.4946095334753672
908.3655661687508 -0.49460764473244134
908.3717080898722 -0.4946058222642003
908.3778500109936 -0.49460406916967675
908.383991932115 -0.49460238823451785
908.3901338532364 -0.4946007819204105
908.3962757743577 -0.4945992523560331
908.4024176954791 -0.4945978013295681
908.4085596166005 -0.4945964302828478
908.414701537722 -0.4945951403071168
908.4208434588433 -0.49459393214047176
908.4269853799647 -0.49459280616696144
908.4331273010861 -0.4945917624173894
908.4392692222075 -0.4945908005717718
908.4454111433289 -0.494589919963468
908.4515530644502 -0.49458911958495616
908.4576949855716 -0.49458839809521166
908.463836906693 -0.4945877538286823
908.4699788278144 -0.4945871848057758
908.4761207489358 -0.49458668874483436
908.4822626700571 -0.4945862630755279
908.4884045911786 -0.4945859049535868
908.4945465123 -0.4945856112768313
908.5006884334214 -0.4945853787023738
908.5068303545428 -0.49458520366493974
908.5129722756641 -0.49458508239620413
908.5191141967855 -0.4945850109450326
908.5252561179069 -0.49458498519856225
908.5313980390283 -0.4945850009039666
908.5375399601496 -0.4945850536908342
908.543681881271 -0.49458513909402146
908.5498238023924 -0.49458525257689545
908.5559657235139 -0.4945853895548125
908.5621076446353 -0.4945855454187415
908.5682495657566 -0.4945857155589067
908.574391486878 -0.4945858953883177
908.5805334079994 -0.49458608036610296
908.5866753291208 -0.49458626602048583
908.5928172502422 -0.4945864479713215
908.5989591713635 -0.4945866219520724
908.6051010924849 -0.4945867838310996
908.6112430136063 -0.49458692963220063
908.6173849347277 -0.4945870555542452
908.6235268558491 -0.4945871579898474
908.6296687769704 -0.4945872335429711
908.6358106980919 -0.4945872790453707
908.6419526192133 -0.4945872915718213
908.6480945403347 -0.4945872684540218
908.6542364614561 -0.49458720729313554
908.6603783825774 -0.4945871059709002
908.6665203036988 -0.49458696265924323
908.6726622248202 -0.49458677582839233
908.6788041459416 -0.4945865442534025
908.6849460670629 -0.4945862670191053
908.6910879881843 -0.49458594352343715
908.6972299093057 -0.4945855734791683
908.7033718304272 -0.4945851569139911
908.7095137515486 -0.4945846941690008
908.7156556726699 -0.49458418589557945
908.7217975937913 -0.4945836330506895
908.7279395149127 -0.49458303689064564
908.7340814360341 -0.4945823989633584
908.7402233571555 -0.4945817210991308
908.7463652782768 -0.4945810054000525
908.7525071993982 -0.4945802542280409
908.7586491205196 -0.49457947019163406
908.764791041641 -0.4945786561315652
908.7709329627625 -0.4945778151052335
908.7770748838838 -0.4945769503701499
908.7832168050052 -0.4945760653664358
908.7893587261266 -0.49457516369850857
908.795500647248 -0.4945742491160076
908.8016425683693 -0.49457332549410354
908.8077844894907 -0.49457239681327
908.8139264106121 -0.49457146713866396
908.8200683317335 -0.4945705405991813
908.8262102528549 -0.4945696213663342
908.8323521739762 -0.4945687136330515
908.8384940950976 -0.49456782159250423
908.844636016219 -0.49456694941710155
908.8507779373405 -0.4945661012377229
908.8569198584619 -0.4945652811233286
908.8630617795832 -0.49456449306104405
908.8692037007046 -0.4945637409368081
908.875345621826 -0.49456302851671885
908.8814875429474 -0.4945623594291265
908.8876294640688 -0.4945617371475972
908.8937713851901 -0.4945611649748212
908.8999133063115 -0.49456064602753197
908.906055227433 -0.49456018322254564
908.9121971485544 -0.4945597792639388
908.9183390696757 -0.4945594366314635
908.9244809907971 -0.49455915757022373
908.9306229119185 -0.4945589440816928
908.9367648330399 -0.4945587979160696
908.9429067541613 -0.49455872056603145
908.9490486752826 -0.49455871326189926
908.955190596404 -0.494558776968217
908.9613325175254 -0.49455891238178323
908.9674744386468 -0.494559119931093
908.9736163597682 -0.4945593997772113
908.9797582808895 -0.4945597518160504
908.985900202011 -0.4945601756820174
908.9920421231324 -0.494560670753031
908.9981840442538 -0.494561236156825
909.0043259653752 -0.49456187077852715
909.0104678864965 -0.4945625732694464
909.0166098076179 -0.4945633420570018
909.0227517287393 -0.4945641753557596
909.0288936498607 -0.494565071179462
909.035035570982 -0.4945660273540109
909.0411774921034 -0.49456704153129666
909.0473194132248 -0.4945681112038231
909.0534613343463 -0.4945692337199956
909.0596032554677 -0.49457040630001486
909.065745176589 -0.49457162605226723
909.0718870977104 -0.4945728899901082
909.0780290188318 -0.4945741950489678
909.0841709399532 -0.4945755381036386
909.0903128610746 -0.494576915985675
909.0964547821959 -0.4945783255007948
909.1025967033173 -0.49457976344617
909.1087386244387 -0.49458122662754034
909.1148805455601 -0.494582711876008
909.1210224666816 -0.494584216064452
909.1271643878028 -0.49458573612345674
909.1333063089243 -0.4945872690566525
909.1394482300457 -0.494588811955418
909.1455901511671 -0.494590362012814
909.1517320722884 -0.49459191653671014
909.1578739934098 -0.4945934729620012
909.1640159145312 -0.4945950288618827
909.1701578356526 -0.4945965819580817
909.176299756774 -0.4945981301300147
909.1824416778953 -0.4945996714228186
909.1885835990167 -0.49460120405419716
909.1947255201381 -0.49460272642008
909.2008674412596 -0.4946042370990243
909.207009362381 -0.49460573485536824
909.2131512835023 -0.49460721864111246
909.2192932046237 -0.49460868759651294
909.2254351257451 -0.49461014104941586
909.2315770468665 -0.4946115785133049
909.2377189679879 -0.49461299968410444
909.2438608891092 -0.49461440443575627
909.2500028102306 -0.4946157928145853
909.256144731352 -0.4946171650325291
909.2622866524734 -0.4946185214592306
909.2684285735947 -0.4946198626130803
909.2745704947162 -0.49462118915124176
909.2807124158376 -0.4946225018587575
909.286854336959 -0.49462380163676267
909.2929962580804 -0.4946250894899141
909.2991381792017 -0.4946263665131043
909.3052801003231 -0.4946276338775332
909.3114220214445 -0.4946288928162585
909.3175639425659 -0.4946301446092744
909.3237058636873 -0.49463139056824423
909.3298477848086 -0.49463263202097313
909.33598970593 -0.4946338702957101
909.3421316270515 -0.4946351067054102
909.3482735481729 -0.4946363425320138
909.3544154692943 -0.4946375790108763
909.3605573904156 -0.49463881731543835
909.366699311537 -0.49464005854222126
909.3728412326584 -0.4946413036962789
909.3789831537798 -0.49464255367715676
909.3851250749012 -0.4946438092654813
909.3912669960225 -0.4946450711102569
909.3974089171439 -0.4946463397169447
909.4035508382653 -0.4946476154364322
909.4096927593868 -0.4946488984549282
909.415834680508 -0.4946501887848834
909.4219766016295 -0.4946514862569778
909.4281185227509 -0.49465279051326105
909.4342604438723 -0.4946541010014593
909.4404023649937 -0.49465541697051857
909.446544286115 -0.4946567374674157
909.4526862072364 -0.49465806133525136
909.4588281283578 -0.4946593872126808
909.4649700494792 -0.4946607135346548
909.4711119706006 -0.4946620385345063
909.477253891722 -0.4946633602473749
909.4833958128434 -0.49466467651494583
909.4895377339648 -0.4946659849915215
909.4956796550862 -0.4946672831513575
909.5018215762076 -0.49466856829726386
909.5079634973289 -0.49466983757042166
909.5141054184503 -0.49467108796135945
909.5202473395717 -0.4946723163220663
909.5263892606931 -0.49467351937914344
909.5325311818144 -0.4946746937479585
909.5386731029358 -0.4946758359477095
909.5448150240572 -0.49467694241735327
909.5509569451787 -0.49467800953227475
909.5570988663001 -0.4946790336216426
909.5632407874214 -0.49468001098635045
909.5693827085428 -0.49468093791743706
909.5755246296642 -0.49468181071492284
909.5816665507856 -0.49468262570691623
909.587808471907 -0.49468337926892314
909.5939503930283 -0.49468406784324376
909.6000923141497 -0.4946846879583405
909.6062342352711 -0.4946852362481047
909.6123761563925 -0.49468570947087354
909.618518077514 -0.49468610452812684
909.6246599986353 -0.4946864184827459
909.6308019197567 -0.49468664857672556
909.6369438408781 -0.4946867922482703
909.6430857619995 -0.4946868471481366
909.6492276831208 -0.4946868111551604
909.6553696042422 -0.49468668239085684
909.6615115253636 -0.49468645923304067
909.667653446485 -0.49468614032834335
909.6737953676064 -0.49468572460358556
909.6799372887277 -0.4946852112759235
909.6860792098491 -0.4946845998616956
909.6922211309706 -0.49468389018394393
909.698363052092 -0.49468308237851755
909.7045049732134 -0.4946821768987471
909.7106468943347 -0.494681174518642
909.7167888154561 -0.4946800763345723
909.7229307365775 -0.4946788837654452
909.7290726576989 -0.4946775985513206
909.7352145788203 -0.4946762227504926
909.7413564999416 -0.49467475873502786
909.747498421063 -0.4946732091847612
909.7536403421844 -0.4946715770797996
909.7597822633059 -0.49466986569151694
909.7659241844271 -0.4946680785721094
909.7720661055486 -0.49466621954272655
909.77820802667 -0.49466429268026285
909.7843499477914 -0.49466230230282315
909.7904918689128 -0.49466025295395805
909.7966337900341 -0.4946581493857287
909.8027757111555 -0.49465599654066855
909.8089176322769 -0.49465379953275496
909.8150595533983 -0.49465156362743884
909.8212014745197 -0.4946492942208569
909.827343395641 -0.4946469968183136
909.8334853167624 -0.49464467701212733
909.8396272378839 -0.49464234045897637
909.8457691590053 -0.49463999285681337
909.8519110801267 -0.4946376399214916
909.858053001248 -0.4946352873632072
909.8641949223694 -0.49463294086286147
909.8703368434908 -0.4946306060484924
909.8764787646122 -0.4946282884718477
909.8826206857336 -0.4946259935852501
909.8887626068549 -0.4946237267188561
909.8949045279763 -0.49462149305841413
909.9010464490977 -0.494619297623663
909.9071883702192 -0.4946171452474364
909.9133302913405 -0.4946150405556139
909.9194722124619 -0.49461298794799297
909.9256141335833 -0.494610991580212
909.9317560547047 -0.4946090553467734
909.9378979758261 -0.49460718286528504
909.9440398969474 -0.49460537746198857
909.9501818180688 -0.4946036421586376
909.9563237391902 -0.49460197966082425
909.9624656603116 -0.49460039234777053
909.968607581433 -0.49459888226366894
909.9747495025543 -0.49459745111060593
909.9808914236758 -0.49459610024309236
909.9870333447972 -0.4945948306642628
909.9931752659186 -0.494593643023719
909.99931718704 -0.49459253761706184
910.0054591081613 -0.494591514387102
910.0116010292827 -0.4945905729267352
910.0177429504041 -0.49458971248349753
910.0238848715255 -0.49458893196573583
910.0300267926468 -0.49458822995039753
910.0361687137682 -0.49458760469237195
910.0423106348896 -0.49458705413537346
910.0484525560111 -0.49458657592426614
910.0545944771325 -0.49458616741880174
910.0607363982538 -0.4945858257086879
910.0668783193752 -0.49458554762990387
910.0730202404966 -0.4945853297822086
910.079162161618 -0.4945851685477144
910.0853040827394 -0.49458506011046105
910.0914460038607 -0.4945850004768827
910.0975879249821 -0.4945849854970526
910.1037298461035 -0.4945850108866314
910.109871767225 -0.4945850722493643
910.1160136883464 -0.49458516510004813
910.1221556094677 -0.4945852848878387
910.1282975305891 -0.4945854270197739
910.1344394517105 -0.4945855868844238
910.1405813728319 -0.4945857598755081
910.1467232939532 -0.4945859414153959
910.1528652150746 -0.49458612697834414
910.159007136196 -0.4945863121133937
910.1651490573174 -0.4945864924667658
910.1712909784388 -0.49458666380367816
910.1774328995601 -0.4945868220294648
910.1835748206815 -0.49458696320987994
910.189716741803 -0.4945870835905215
910.1958586629244 -0.4945871796152336
910.2020005840458 -0.4945872479434322
910.2081425051671 -0.4945872854662545
910.2142844262885 -0.4945872893214497
910.2204263474099 -0.4945872569069639
910.2265682685313 -0.4945871858931198
910.2327101896527 -0.494587074233358
910.238852110774 -0.49458692017348743
910.2449940318954 -0.4945867222593861
910.2511359530168 -0.4945864793431536
910.2572778741383 -0.49458619058764747
910.2634197952596 -0.49458585546941974
910.269561716381 -0.49458547378002005
910.2757036375024 -0.4945850456256986
910.2818455586238 -0.4945845714254767
910.2879874797452 -0.4945840519076318
910.2941294008665 -0.49458348810461455
910.3002713219879 -0.4945828813464165
910.3064132431093 -0.4945822332524674
910.3125551642307 -0.4945815457220648
910.3186970853521 -0.4945808209234254
910.3248390064734 -0.49458006128141463
910.3309809275949 -0.4945792694640098
910.3371228487163 -0.4945784483676104
910.3432647698377 -0.49457760110123344
910.3494066909591 -0.49457673096971627
910.3555486120804 -0.49457584145600814
910.3616905332018 -0.4945749362026396
910.3678324543232 -0.49457401899250314
910.3739743754446 -0.4945730937290085
910.3801162965659 -0.49457216441575297
910.3862582176873 -0.49457123513579443
910.3924001388087 -0.4945703100306704
910.3985420599302 -0.49456939327923494
910.4046839810516 -0.49456848907645723
910.4108259021729 -0.49456760161228513
910.4169678232943 -0.4945667350506727
910.4231097444157 -0.494565893508917
910.4292516655371 -0.49456508103736585
910.4353935866585 -0.4945643015996359
910.4415355077798 -0.49456355905343247
910.4476774289012 -0.4945628571320564
910.4538193500226 -0.494562199426726
910.459961271144 -0.4945615893697583
910.4661031922655 -0.494561030218725
910.4722451133867 -0.4945605250416508
910.4783870345082 -0.49456007670331537
910.4845289556296 -0.4945596878527536
910.490670876751 -0.4945593609119711
910.4968127978724 -0.49455909806595744
910.5029547189937 -0.49455890125403024
910.5090966401151 -0.4945587721625346
910.5152385612365 -0.49455871221895836
910.5213804823579 -0.4945587225874417
910.5275224034792 -0.4945588041657267
910.5336643246006 -0.4945589575835259
910.539806245722 -0.4945591832023421
910.5459481668435 -0.4945594811166839
910.5520900879649 -0.49455985115669077
910.5582320090862 -0.4945602928921315
910.5643739302076 -0.4945608056377306
910.570515851329 -0.4945613884598139
910.5766577724504 -0.49456204018418426
910.5827996935718 -0.49456275940520256
910.5889416146931 -0.49456354449600504
910.5950835358145 -0.49456439361977916
910.6012254569359 -0.49456530474205684
910.6073673780573 -0.49456627564390787
910.6135092991788 -0.4945673039359801
910.6196512203 -0.4945683870732945
910.6257931414215 -0.49456952237069024
910.6319350625429 -0.49457070701886174
910.6380769836643 -0.49457193810084976
910.6442189047856 -0.4945732126089208
910.650360825907 -0.4945745274617125
910.6565027470284 -0.494575879521577
910.6626446681498 -0.49457726561198034
910.6687865892712 -0.4945786825348877
910.6749285103925 -0.49458012708802396
910.681070431514 -0.4945815960819022
910.6872123526354 -0.49458308635654985
910.6933542737568 -0.49458459479779926
910.6994961948782 -0.49458611835308125
910.7056381159995 -0.4945876540466188
910.7117800371209 -0.4945891989939287
910.7179219582423 -0.4945907504155792
910.7240638793637 -0.49459230565008583
910.7302058004851 -0.4945938621659045
910.7363477216064 -0.4945954175724457
910.7424896427278 -0.4945969696300391
910.7486315638492 -0.49459851625882556
910.7547734849707 -0.4946000555464872
910.760915406092 -0.4946015857548073
910.7670573272134 -0.49460310532500207
910.7731992483348 -0.4946046128818301
910.7793411694562 -0.4946061072364184
910.7854830905776 -0.4946075873878246
910.7916250116989 -0.49460905252332005
910.7977669328203 -0.49461050201738627
910.8039088539417 -0.49461193542946713
910.8100507750631 -0.49461335250045363
910.8161926961845 -0.49461475314795567
910.8223346173058 -0.49461613746038674
910.8284765384273 -0.49461750568988794
910.8346184595487 -0.49461885824417096
910.8407603806701 -0.49462019567729126
910.8469023017915 -0.4946215186794427
910.8530442229128 -0.49462282806582786
910.8591861440342 -0.49462412476466605
910.8653280651556 -0.49462540980444686
910.871469986277 -0.49462668430046675
910.8776119073983 -0.4946279494407697
910.8837538285197 -0.49462920647155545
910.8898957496411 -0.4946304566821812
910.8960376707626 -0.4946317013898086
910.902179591884 -0.4946329419238287
910.9083215130053 -0.49463417961014844
910.9144634341267 -0.4946354157554324
910.9206053552481 -0.4946366516314293
910.9267472763695 -0.49463788845944123
910.9328891974909 -0.4946391273950691
910.9390311186122 -0.49464036951331813
910.9451730397336 -0.49464161579415206
910.951314960855 -0.49464286710862004
910.9574568819764 -0.49464412420560405
910.9635988030979 -0.49464538769930644
910.9697407242192 -0.49464665805754904
910.9758826453406 -0.49464793559095244
910.982024566462 -0.4946492204430974
910.9881664875834 -0.4946505125816991
910.9943084087047 -0.4946518117908829
911.0004503298261 -0.49465311766459796
911.0065922509475 -0.4946544296012462
911.0127341720689 -0.49465574679953045
911.0188760931903 -0.49465706825558453
911.0250180143116 -0.4946583927614054
911.031159935433 -0.4946597189045939
911.0373018565544 -0.4946610450694508
911.0434437776759 -0.4946623694393875
911.0495856987973 -0.4946636900006827
911.0557276199186 -0.49466500454756207
