time TPR_both_B_open_145_rho12_imag
904.7786842338604 -0.00029051050259963136
904.7848261549818 -0.00029831659017424435
904.7909680761032 -0.0003054177018111087
904.7971099972245 -0.0003108860598088815
904.803251918346 -0.00031381320028160746
904.8093938394674 -0.0003133170310397661
904.8155357605888 -0.0003085487153506161
904.8216776817102 -0.00029869933911535617
904.8278196028315 -0.00028300632028944013
904.8339615239529 -0.0002607595208600413
904.8401034450743 -0.00023130702345024184
904.8462453661957 -0.00019406053656936703
904.852387287317 -0.00014850039469132642
904.8585292084384 -9.418012169796461e-05
904.8646711295598 -3.073052875855341e-05
904.8708130506812 4.213667957407705e-05
904.8769549718027 0.00012462581444372398
904.883096892924 0.00021685464731159156
904.8892388140454 0.000318852407430229
904.8953807351668 0.0004305583462172671
904.9015226562882 0.0005518208793728525
904.9076645774096 0.0006823973141407268
904.9138064985309 0.0008219541657808534
904.9199484196523 0.0009700680639037271
904.9260903407737 0.00112622724581413
904.9322322618951 0.0012898336306990923
904.9383741830165 0.001460205465012799
904.9445161041378 0.001636580526147174
904.9506580252593 0.0018181198681402155
904.9567999463807 0.002003912090044687
904.9629418675021 0.0021929781044656214
904.9690837886234 0.002384276380824464
904.9752257097448 0.002576708635081584
904.9813676308662 0.002769125934976365
904.9875095519876 0.0029603351873401934
904.993651473109 0.0031491059717064173
904.9997933942303 0.0033341776823328675
905.0059353153517 0.003514266938797213
905.0120772364731 0.003688075223640444
905.0182191575946 0.003854296704056381
905.024361078716 0.0040116261933694
905.0305029998373 0.004158767207040286
905.0366449209587 0.004294440067199384
905.0427868420801 0.004417390009196236
905.0489287632015 0.004526395243416174
905.0550706843229 0.004620274925628958
905.0612126054442 0.0046978969894193685
905.0673545265656 0.004758185794750242
905.073496447687 0.004800129547575382
905.0796383688084 0.0048227874463495956
905.0857802899299 0.00482529651269459
905.0919222110512 0.004806878064927876
905.0980641321726 0.00476684379497065
905.104206053294 0.004704601411133068
905.1103479744154 0.00461965981148199
905.1164898955367 0.004511633754939793
905.1226318166581 0.004380247999759591
905.1287737377795 0.0042253408820194386
905.1349156589009 0.004046867309448899
905.1410575800223 0.003844901149244893
905.1471995011436 0.003619636991544367
905.153341422265 0.0033713912737632855
905.1594833433865 0.0031006027542688206
905.1656252645079 0.0028078323274642715
905.1717671856293 0.0024937621759013526
905.1779091067506 0.0021591942586464356
905.184051027872 0.0018050481387539518
905.1901929489934 0.0014323581563179465
905.1963348701148 0.0010422699572290002
905.2024767912362 0.0006360363911728823
905.2086187123575 0.0002150127961741472
905.2147606334789 -0.00021934830990762012
905.2209025546003 -0.000665503106825053
905.2270444757218 -0.0011218228915162185
905.233186396843 -0.0015866010093584936
905.2393283179645 -0.0020580602641829255
905.2454702390859 -0.0025343607711620013
905.2516121602073 -0.0030136082141858805
905.2577540813287 -0.0034938624669813667
905.26389600245 -0.003973146535015314
905.2700379235714 -0.00444945577353632
905.2761798446928 -0.004920767334914993
905.2823217658142 -0.005385049797735943
905.2884636869356 -0.005840272928179708
905.2946056080569 -0.006284417523814487
905.3007475291784 -0.006715485289029675
905.3068894502998 -0.007131508691022226
905.3130313714212 -0.0075305607451339384
905.3191732925426 -0.007910764678456438
905.3253152136639 -0.008270303421185812
905.3314571347853 -0.008607428875732756
905.3375990559067 -0.008920470914682236
905.3437409770281 -0.00920784605996724
905.3498828981494 -0.009468065797064466
905.3560248192708 -0.009699744479706864
905.3621667403922 -0.00990160678272807
905.3683086615137 -0.010072494662766466
905.3744505826351 -0.01021137378902349
905.3805925037564 -0.010317339408900788
905.3867344248778 -0.010389621616165698
905.3928763459992 -0.010427589992295662
905.3990182671206 -0.010430757594806942
905.405160188242 -0.010398784269689388
905.4113021093633 -0.010331479268469767
905.4174440304847 -0.010228803153980807
905.4235859516061 -0.010090868982543612
905.4297278727275 -0.009917942753911618
905.435869793849 -0.009710443124130939
905.4420117149702 -0.009468940380209241
905.4481536360917 -0.00919415467920846
905.4542955572131 -0.008886953558308836
905.4604374783345 -0.008548348725915929
905.4665793994558 -0.008179492147783492
905.4727213205772 -0.0077816714455207865
905.4788632416986 -0.007356304628727903
905.48500516282 -0.006904934184970124
905.4911470839414 -0.006429220555579137
905.4972890050627 -0.005930935028106995
905.5034309261841 -0.005411952079422898
905.5095728473055 -0.004874241206238718
905.515714768427 -0.004319858282497763
905.5218566895484 -0.003750936485566231
905.5279986106697 -0.0031696768352481894
905.5341405317911 -0.0025783383918703048
905.5402824529125 -0.0019792281613503285
905.5464243740339 -0.0013746907566298224
905.5525662951553 -0.0007670978661827681
905.5587082162766 -0.00015883758145994912
905.564850137398 0.00044769636435483556
905.5709920585194 0.0010501153932506741
905.5771339796408 0.0016460468617793145
905.5832759007621 0.0022331447698044405
905.5894178218836 0.002809100345822457
905.595559743005 0.0033716524566816974
905.6017016641264 0.003918597790349661
905.6078435852478 0.004447800761681441
905.6139855063691 0.004957203092263561
905.6201274274905 0.005444833017387001
905.6262693486119 0.005908814074742147
905.6324112697333 0.006347373431996257
905.6385531908547 0.0067588497122837874
905.644695111976 0.007141700279543658
905.6508370330974 0.007494507948356958
905.6569789542189 0.007815987085635944
905.6631208753403 0.008104989075000856
905.6692627964617 0.008360507117618298
905.675404717583 0.008581680346902243
905.6815466387044 0.008767797237819638
905.6876885598258 0.008918298295296882
905.6938304809472 0.009032778009835573
905.6999724020686 0.009110986072227765
905.7061143231899 0.00915282784305133
905.7122562443113 0.009158364076440282
905.7183981654327 0.00912780990143817
905.7245400865542 0.009061533068043465
905.7306820076755 0.008960051468790536
905.7368239287969 0.008824029950419053
905.7429658499183 0.008654276433806852
905.7491077710397 0.00845173736382232
905.7552496921611 0.008217492514143481
905.7613916132824 0.007952749175414253
905.7675335344038 0.0076588357581222994
905.7736754555252 0.007337194844572449
905.7798173766466 0.00698937572705722
905.785959297768 0.0066170264718673905
905.7921012188893 0.006221885551167096
905.7982431400108 0.005805773086680334
905.8043850611322 0.005370581751402172
905.8105269822536 0.004918267376585019
905.816668903375 0.00445083931320424
905.8228108244963 0.003970350597796999
905.8289527456177 0.003478887973593193
905.8350946667391 0.0029785618183663163
905.8412365878605 0.00247149603071816
905.8473785089818 0.0019598179265909424
905.8535204301032 0.001445648197300526
905.8596623512246 0.000931090980324888
905.865804272346 0.0004182240926739442
905.8719461934675 -9.091052386385751e-05
905.8780881145888 -0.0005943160980510115
905.8842300357102 -0.0010900500187600208
905.8903719568316 -0.001576232474546804
905.896513877953 -0.0020510547008855515
905.9026557990744 -0.0025127867950372872
905.9087977201957 -0.0029597850609860165
905.9149396413171 -0.0033904988495370354
905.9210815624385 -0.0038034768615177223
905.9272234835599 -0.004197372884965197
905.9333654046814 -0.0045709509404915334
905.9395073258027 -0.004923089812005456
905.9456492469241 -0.005252786943678318
905.9517911680455 -0.0055591616871494744
905.9579330891669 -0.005841457886951651
905.9640750102882 -0.006099045795232417
905.9702169314096 -0.006331423310862788
905.976358852531 -0.006538216541465971
905.9825007736524 -0.0067191796905863
905.9886426947738 -0.006874194275820516
905.9947846158951 -0.007003267687259043
906.0009265370165 -0.007106531099206504
906.007068458138 -0.007184236751293337
906.0132103792594 -0.007236754618788229
906.0193523003808 -0.007264568494737033
906.0254942215021 -0.007268271509871246
906.0316361426235 -0.007248561119020636
906.0377780637449 -0.007206233585538829
906.0439199848663 -0.007142177997810332
906.0500619059877 -0.007057369854266287
906.056203827109 -0.006952864255525778
906.0623457482304 -0.006829788744181142
906.0684876693518 -0.006689335834498262
906.0746295904733 -0.006532755275779473
906.0807715115945 -0.006361346094360201
906.086913432716 -0.006176448460210085
906.0930553538374 -0.005979435424843362
906.0991972749588 -0.005771704577715721
906.1053391960802 -0.005554669668502033
906.1114811172015 -0.005329752242603876
906.1176230383229 -0.00509837333692974
906.1237649594443 -0.0048619452824249145
906.1299068805657 -0.004621863659021516
906.1360488016871 -0.0043794994475717
906.1421907228084 -0.0041361914220785865
906.1483326439298 -0.003893238823909573
906.1544745650513 -0.003651894357997172
906.1606164861727 -0.0034133575489013624
906.1667584072941 -0.0031787684925578858
906.1729003284154 -0.0029492020370364123
906.1790422495368 -0.0027256624230480265
906.1851841706582 -0.0025090784123151257
906.1913260917796 -0.0023002989288510743
906.1974680129009 -0.002100089235321437
906.2036099340223 -0.0019091276633711768
906.2097518551437 -0.0017280029137250641
906.2158937762651 -0.001557211938314549
906.2220356973866 -0.0013971584135087168
906.2281776185079 -0.0012481518099356486
906.2343195396293 -0.001110407060985919
906.2404614607507 -0.0009840448286001762
906.2466033818721 -0.0008690923614873945
906.2527453029935 -0.0007654849375107652
906.2588872241148 -0.0006730678785696786
906.2650291452362 -0.0005915991230638062
906.2711710663576 -0.0005207523377844018
906.277312987479 -0.00046012054796968596
906.2834549086004 -0.0004092202613030793
906.2895968297217 -0.00036749605882342777
906.2957387508432 -0.00033432562300156294
906.3018806719646 -0.0003090251707727859
906.308022593086 -0.0002908552569941882
906.3141645142074 -0.00027902691168868953
906.3203064353287 -0.0002727080725509445
906.3264483564501 -0.0002710302724884565
906.3325902775715 -0.00027309554059831833
906.3387321986929 -0.000277983473688737
906.3448741198142 -0.0002847584345977506
906.3510160409356 -0.00029247683279390714
906.357157962057 -0.00030019444235567015
906.3632998831785 -0.00030697371218809896
906.3694418042999 -0.00031189102347265845
906.3755837254212 -0.00031404384964091797
906.3817256465426 -0.0003125577747559844
906.387867567664 -0.00030659332707139164
906.3940094887854 -0.0002953525855724471
906.4001514099068 -0.0002780855186932961
906.4062933310281 -0.0002540960159299853
906.4124352521495 -0.00022274757490178566
906.4185771732709 -0.00018346860838941277
906.4247190943923 -0.00013575733810812266
906.4308610155138 -7.918624436960429e-05
906.437002936635 -1.3406043365157143e-05
906.4431448577565 6.185083345711516e-05
906.4492867788779 0.00014676728056298147
906.4554286999993 0.00024143909966660708
906.4615706211206 0.0003458731377401123
906.467712542242 0.00045998599494820775
906.4738544633634 0.0005836033124712594
906.4799963844848 0.0007164596468279315
906.4861383056062 0.0008581989338966228
906.4922802267275 0.0010083755423852914
906.4984221478489 0.0011664559131127409
906.5045640689704 0.0013318207770229259
906.5107059900918 0.001503767941487382
906.5168479112132 0.0016815156311275397
906.5229898323345 0.001864206366126029
906.5291317534559 0.002050911357878375
906.5352736745773 0.0022406353986895258
906.5414155956987 0.002432322219426108
906.5475575168201 0.0026248602861125027
906.5536994379414 0.0028170890039198575
906.5598413590628 0.003007805294493618
906.5659832801842 0.003195770510300193
906.5721252013057 0.0033797176475932607
906.578267122427 0.003558358817724547
906.5844090435484 0.0037303929348928362
906.5905509646698 0.0038945135769638513
906.5966928857912 0.004049416974858806
906.6028348069126 0.004193810085029827
906.6089767280339 0.004326418698871326
906.6151186491553 0.004445995542472402
906.6212605702767 0.004551328319941866
906.6274024913981 0.004641247653615854
906.6335444125195 0.004714634874799202
906.6396863336408 0.004770429619291092
906.6458282547623 0.004807637182799599
906.6519701758837 0.004825335592454049
906.6581120970051 0.004822682351994217
906.6642540181265 0.004798920819760019
906.6703959392478 0.0047533861805137126
906.6765378603692 0.0046855109740707775
906.6826797814906 0.004594830146115274
906.688821702612 0.004480985588837422
906.6949636237333 0.004343730141914301
906.7011055448547 0.004182931026993875
906.7072474659761 0.003998572691918764
906.7133893870975 0.00379075904402623
906.719531308219 0.0035597150551127266
906.7256732293403 0.0033057877240599423
906.7318151504617 0.003029446386406617
906.7379570715831 0.00273128236404312
906.7440989927045 0.0024120079512523623
906.7502409138259 0.0020724547374738078
906.7563828349472 0.001713571270418508
906.7625247560686 0.0013364200669599092
906.76866667719 0.0009421739827726991
906.7748085983114 0.0005321119552406322
906.7809505194328 0.00010761413769294398
906.7870924405541 -0.00032984355372575656
906.7932343616756 -0.0007786954557379261
906.799376282797 -0.0012372927082902694
906.8055182039184 -0.0017039103087366115
906.8116601250397 -0.002176754636068047
906.8178020461611 -0.0026539714085855176
906.8239439672825 -0.0031336540361261026
906.8300858884039 -0.0036138523254831767
906.8362278095253 -0.004092581495624714
906.8423697306466 -0.004567831457442041
906.848511651768 -0.00503757631113614
906.8546535728894 -0.005499784012980392
906.8607954940109 -0.005952426162025757
906.8669374151323 -0.006393487856616419
906.8730793362536 -0.006820977569723643
906.879221257375 -0.007232936992108908
906.8853631784964 -0.007627450791935037
906.8915050996178 -0.00800265624010873
906.8976470207392 -0.008356752650666115
906.9037889418605 -0.008688010586625421
906.9099308629819 -0.008994780782737632
906.9160727841033 -0.00927550273761778
906.9222147052247 -0.009528712929680952
906.9283566263462 -0.009753052612778047
906.9344985474675 -0.009947275149706863
906.9406404685889 -0.010110252843858233
906.9467823897103 -0.010240983231888804
906.9529243108317 -0.010338594802908796
906.959066231953 -0.010402352112572802
906.9652081530744 -0.010431660263499318
906.9713500741958 -0.010426068726640711
906.9774919953172 -0.010385274481559877
906.9836339164386 -0.010309124457028222
906.9897758375599 -0.010197617256908799
906.9959177586813 -0.01005090415993125
907.0020596798028 -0.009869289385688033
907.0082016009242 -0.009653229622903142
907.0143435220456 -0.009403332819792424
907.0204854431669 -0.009120356240172779
907.0266273642883 -0.008805203792667126
907.0327692854097 -0.008458922644129997
907.0389112065311 -0.008082699132079272
907.0450531276525 -0.007677853994519818
907.0511950487738 -0.00724583693910322
907.0573369698952 -0.006788220576800723
907.0634788910166 -0.006306693748911684
907.069620812138 -0.0058030542788179845
907.0757627332594 -0.0052792011834202545
907.0819046543808 -0.004737126381540887
907.0880465755022 -0.0041789059395673225
907.0941884966236 -0.00360669089654167
907.100330417745 -0.0030226977136021153
907.1064723388663 -0.0024291983942842303
907.1126142599877 -0.0018285103238837727
907.1187561811091 -0.001222985877950542
907.1248981022305 -0.0006150018506200303
907.1310400233519 -6.948754960088168e-06
907.1371819444732 0.0005987799522122126
907.1433238655947 0.0011997986678122376
907.1494657867161 0.0017937404091976823
907.1556077078375 0.0023782674969906187
907.1617496289589 0.002951082101358181
907.1678915500802 0.003509936599765392
907.1740334712016 0.004052643695156769
907.180175392323 0.0045770862447364205
907.1863173134444 0.005081226750930458
907.1924592345657 0.00556311646797271
907.1986011556871 0.006020904079302719
907.2047430768085 0.006452843903272993
907.21088499793 0.006857303587105427
907.2170269190514 0.007232771251591619
907.2231688401727 0.0075778620517676434
907.2293107612941 0.00789132412194081
907.2354526824155 0.008172043876479568
907.2415946035369 0.008419050641118803
907.2477365246583 0.008631520592959433
907.2538784457796 0.008808779990863614
907.260020366901 0.008950307681653093
907.2661622880224 0.009055736871082395
907.2723042091438 0.00912485615252736
907.2784461302653 0.009157609789937817
907.2845880513865 0.00915409725554698
907.290729972508 0.009114572026584356
907.2968718936294 0.00903943964903963
907.3030138147508 0.008929255080260537
907.3091557358721 0.008784719325860212
907.3152976569935 0.00860667538993323
907.3214395781149 0.008396103561193392
907.3275814992363 0.008154116060841267
907.3337234203577 0.007881951081348341
907.339865341479 0.007580966248254863
907.3460072626004 0.007252631540126814
907.3521491837218 0.006898521704372233
907.3582911048433 0.006520308209192925
907.3644330259647 0.0061197507741962524
907.370574947086 0.005698688524241899
907.3767168682074 0.0052590308129045315
907.3828587893288 0.004802747763482739
907.3890007104502 0.00433186057683661
907.3951426315716 0.003848431656213867
907.4012845526929 0.0033545546002605804
907.4074264738143 0.0028523441155800565
907.4135683949357 0.002343925900807992
907.4197103160571 0.0018314265536026224
907.4258522371784 0.0013169635522019565
907.4319941582999 0.000802635362135836
907.4381360794213 0.00029051171804010136
907.4442780005427 -0.00021737587067842146
907.4504199216641 -0.0007190433429676651
907.4565618427854 -0.0012125629922550036
907.4627037639068 -0.001696072011905772
907.4688456850282 -0.0021677806379057064
907.4749876061496 -0.0026259798497624445
907.481129527271 -0.00306904859235351
907.4872714483923 -0.0034954604846987526
907.4934133695137 -0.0039037899842646476
907.4995552906352 -0.00429271797851282
907.5056972117566 -0.004661036778579839
907.511839132878 -0.005007654493222535
907.5179810539993 -0.00533159876471146
907.5241229751207 -0.005632019851634349
907.5302648962421 -0.005908193047247291
907.5364068173635 -0.006159520425652394
907.5425487384849 -0.006385531911652019
907.5486906596062 -0.006585885673688872
907.5548325807276 -0.006760367843075166
907.560974501849 -0.006908891566186766
907.5671164229705 -0.007031495399886898
907.5732583440918 -0.007128341063915432
907.5794002652132 -0.007199710567369117
907.5855421863346 -0.007246002729685887
907.591684107456 -0.007267729119688381
907.5978260285774 -0.007265509439327004
907.6039679496987 -0.0072400663815246616
907.6101098708201 -0.007192219994344999
907.6162517919415 -0.007122881586104948
907.6223937130629 -0.007033047208493769
907.6285356341843 -0.00692379075673994
907.6346775553056 -0.006796256727853608
907.640819476427 -0.006651652679595928
907.6469613975485 -0.006491241434233084
907.6531033186699 -0.006316333072343693
907.6592452397913 -0.00612827676284795
907.6653871609126 -0.005928452476100905
907.671529082034 -0.005718262627315092
907.6776710031554 -0.005499123697714045
907.6838129242768 -0.005272457880715235
907.6899548453981 -0.005039684800068568
907.6960967665195 -0.0048022133462478
907.7022386876409 -0.004561433676510367
907.7083806087624 -0.004318709422908198
907.7145225298838 -0.00407537015117253
907.7206644510051 -0.003832704111747158
907.7268063721265 -0.0035919513224673665
907.7329482932479 -0.003354297020306008
907.7390902143693 -0.0031208655173368834
907.7452321354907 -0.002892714493636108
907.751374056612 -0.002670829757259563
907.7575159777334 -0.002456120498583231
907.7636578988548 -0.0022494150634093484
907.7697998199762 -0.0020514572661632416
907.7759417410977 -0.0018629032613294784
907.782083662219 -0.0016843189880235319
907.7882255833404 -0.0015161781991778146
907.7943675044618 -0.0013588610835600136
907.8005094255832 -0.0012126534851825599
907.8066513467045 -0.0010777467214068731
907.8127932678259 -0.0009542379974159253
907.8189351889473 -0.0008421314114025921
907.8250771100687 -0.0007413395412778746
907.8312190311901 -0.0006516856004918943
907.8373609523114 -0.0005729061471835113
907.8435028734328 -0.0005046543277010129
907.8496447945543 -0.00044650363254678806
907.8557867156757 -0.00039795213974119705
907.8619286367971 -0.0003584272179143591
907.8680705579184 -0.0003272906587286243
907.8742124790398 -0.00030384420584596956
907.8803544001612 -0.0002873354453433476
907.8864963212826 -0.0002769640204531783
907.892638242404 -0.0002718881316563488
907.8987801635253 -0.00027123128154209864
907.9049220846467 -0.00027408922247061575
907.9110640057681 -0.00027953706393671015
907.9172059268896 -0.00028663649565177293
907.9233478480108 -0.00029444308171008713
907.9294897691323 -0.0003020135808539187
907.9356316902537 -0.0003084132477206318
907.9417736113751 -0.00031272307009144913
907.9479155324965 -0.0003140468975686739
907.9540574536178 -0.0003115184177759319
907.9601993747392 -0.0003043079370617596
907.9663412958606 -0.00029162892385790624
907.972483216982 -0.0002727442742328037
907.9786251381034 -0.0002469722608064708
907.9847670592247 -0.00021369212804980215
907.9909089803461 -0.00017234929902231478
907.9970509014676 -0.00012246016092569117
908.003192822589 -6.361639920537374e-05
908.0093347437104 4.511147354824392e-06
908.0154766648317 8.216913538637924e-05
908.0216185859531 0.00016951889142877768
908.0277605070745 0.00026663413101329583
908.0339024281959 0.0003734992380345601
908.0400443493172 0.0004900081168476516
908.0461862704386 0.0006159636262480652
908.05232819156 0.0007510776010373446
908.0584701126814 0.0008949714635665747
908.0646120338029 0.0010471774241321851
908.0707539549242 0.001207140265743938
908.0768958760456 0.0013742197053154448
908.083037797167 0.0015476933200170137
908.0891797182884 0.0017267600241916755
908.0953216394098 0.0019105440790164144
908.1014635605311 0.0020980996139528057
908.1076054816525 0.002288415636008304
908.1137474027739 0.002480421499935072
908.1198893238953 0.002672992809734445
908.1260312450167 0.002864957719271108
908.132173166138 0.003055103597338958
908.1383150872595 0.003242184020345258
908.1444570083809 0.003424926053697671
908.1505989295023 0.003602037781224427
908.1567408506237 0.003772216040297032
908.162882771745 0.003934154319011181
908.1690246928664 0.004086550770641825
908.1751666139878 0.004228116299698347
908.1813085351092 0.004357582673301403
908.1874504562305 0.004473710611217125
908.1935923773519 0.004575297807764708
908.1997342984733 0.004661186838992604
908.2058762195948 0.00473027290886813
908.2120181407162 0.004781511388949074
908.2181600618375 0.004813925106878982
908.2243019829589 0.004826611340238391
908.2304439040803 0.004818748473692021
908.2365858252017 0.004789602279022137
908.2427277463231 0.004738531779541354
908.2488696674444 0.00466499466242265
908.2550115885658 0.00456855220487312
908.2611535096872 0.004448873682559092
908.2672954308086 0.004305740231349997
908.27343735193 0.00413904813632855
908.2795792730514 0.003948811525111581
908.2857211941728 0.0037351644455658663
908.2918631152942 0.0034983623113681406
908.2980050364156 0.0032387827022180037
908.3041469575369 0.0029569255089906747
908.3102888786583 0.002653412417658345
908.3164307997797 0.002328985729392843
908.3225727209011 0.001984506517929221
908.3287146420225 0.0016209521287555548
908.3348565631438 0.0012394130285561938
908.3409984842652 0.0008410890166262976
908.3471404053867 0.0004272848138616068
908.3532823265081 -5.94952073378793e-07
908.3594242476295 -0.0004410513428977498
908.3655661687508 -0.0008924972617745955
908.3717080898722 -0.001353264132742337
908.3778500109936 -0.0018216090755958415
908.383991932115 -0.0022957225420254385
908.3901338532364 -0.0027737363756595956
908.3962757743577 -0.0032537322565913177
908.4024176954791 -0.003733750488360983
908.4085596166005 -0.004211799083626909
908.414701537722 -0.004685863102777692
908.4208434588433 -0.005153914198234285
908.4269853799647 -0.005613920315868289
908.4331273010861 -0.006063855503909248
908.4392692222075 -0.006501709778929636
908.4454111433289 -0.006925498997927086
908.4515530644502 -0.007333274685416641
908.4576949855716 -0.007723133764268534
908.463836906693 -0.008093228139445713
908.4699788278144 -0.008441774084407225
908.4761207489358 -0.00876706138072916
908.4822626700571 -0.009067462162529696
908.4884045911786 -0.009341439418815765
908.4945465123 -0.00958755510837175
908.5006884334214 -0.009804477843719434
908.5068303545428 -0.009990990102775547
908.5129722756641 -0.010145994929135253
908.5191141967855 -0.010268522084524313
908.5252561179069 -0.010357733619524865
908.5313980390283 -0.010412928831831304
908.5375399601496 -0.010433548584146735
908.543681881271 -0.01041917895721704
908.5498238023924 -0.010369554216790287
908.5559657235139 -0.010284559076805748
908.5621076446353 -0.010164230244672633
908.5682495657566 -0.010008757238186807
908.574391486878 -0.009818482467293697
908.5805334079994 -0.00959390057776487
908.5866753291208 -0.009335657057504238
908.5928172502422 -0.009044546110102731
908.5989591713635 -0.008721507803892579
908.6051010924849 -0.008367624508609506
908.6112430136063 -0.00798411663530749
908.6173849347277 -0.007572337698825206
908.6235268558491 -0.007133768725565802
908.6296687769704 -0.006670012032726941
908.6358106980919 -0.0061827844083579666
908.6419526192133 -0.0056739097247049345
908.6480945403347 -0.00514531102028137
908.6542364614561 -0.004599002088698357
908.6603783825774 -0.004037078615097573
908.6665203036988 -0.003461708903064141
908.6726622248202 -0.0028751242373917197
908.6788041459416 -0.002279608929473395
908.6849460670629 -0.0016774900943083816
908.6910879881843 -0.0010711272090750121
908.6972299093057 -0.0004629015045906859
908.7033718304272 0.00014479475819849093
908.7095137515486 0.000749569073938357
908.7156556726699 0.0013490394876235047
908.7217975937913 0.0019408453453845327
908.7279395149127 0.002522657947973617
908.7340814360341 0.003092191054845826
908.7402233571555 0.003647211186720418
908.7463652782768 0.004185547676038019
908.7525071993982 0.004705102415760404
908.7586491205196 0.0052038592585530175
908.764791041641 0.005679893020162924
908.7709329627625 0.006131378042773151
908.7770748838838 0.006556596276486819
908.7832168050052 0.006953944839365249
908.7893587261266 0.007321943019221777
908.795500647248 0.007659238683256971
908.8016425683693 0.00796461406459575
908.8077844894907 0.008236990897921515
908.8139264106121 0.00847543487986897
908.8200683317335 0.008679159433197149
908.8262102528549 0.008847528757367194
908.8323521739762 0.0089800601518016
908.8384940950976 0.009076425601827432
908.844636016219 0.00913645262108356
908.8507779373405 0.009160124347976733
908.8569198584619 0.00914757889759537
908.8630617795832 0.009099107974282825
908.8692037007046 0.009015154753854502
908.875345621826 0.008896311048194822
908.8814875429474 0.008743313768551093
908.8876294640688 0.008557040707499174
908.8937713851901 0.00833850566296035
908.8999133063115 0.008088852930918876
908.906055227433 0.007809351196853592
908.9121971485544 0.007501386858671521
908.9183390696757 0.007166456817007679
908.9244809907971 0.006806160771152894
908.9306229119185 0.006422193061676235
908.9367648330399 0.006016334102530255
908.9429067541613 0.005590441447916677
908.9490486752826 0.0051464405405826094
908.955190596404 0.004686315189873722
908.9613325175254 0.004212097829060027
908.9674744386468 0.003725859602415292
908.9736163597682 0.0032297003332864742
908.9797582808895 0.0027257384246536544
908.985900202011 0.0022161007440527876
908.9920421231324 0.0017029125444964518
908.9981840442538 0.0011882874725628726
909.0043259653752 0.0006743177142088148
909.0104678864965 0.0001630643280599
909.0166098076179 -0.00034345218550935766
909.0227517287393 -0.0008432610324734973
909.0288936498607 -0.0013344499451560922
909.035035570982 -0.0018151736307806033
909.0411774921034 -0.0022836618073768253
909.0473194132248 -0.0027382267882253347
909.0534613343463 -0.003177270578531367
909.0596032554677 -0.0035992914509449833
909.065745176589 -0.004002889969166314
909.0718870977104 -0.004386774432299826
909.0780290188318 -0.00474976571544071
909.0841709399532 -0.005090801485787731
909.0903128610746 -0.005408939776467472
909.0964547821959 -0.005703361904135039
909.1025967033173 -0.005973374719954475
909.1087386244387 -0.006218412186866955
909.1148805455601 -0.006438036280143945
909.1210224666816 -0.006631937211455341
909.1271643878028 -0.006799932980598912
909.1333063089243 -0.006941968262380805
909.1394482300457 -0.007058112639864591
909.1455901511671 -0.007148558198547452
909.1517320722884 -0.007213616499426544
909.1578739934098 -0.007253714952168369
909.1640159145312 -0.007269392612723275
909.1701578356526 -0.0072612954327152405
909.176299756774 -0.00723017099074982
909.1824416778953 -0.007176862738480647
909.1885835990167 -0.007102303796675089
909.1947255201381 -0.007007510338833802
909.2008674412596 -0.006893574601974515
909.207009362381 -0.006761657566000836
909.2131512835023 -0.00661298134467898
909.2192932046237 -0.006448821332626953
909.2254351257451 -0.006270498153815809
909.2315770468665 -0.006079369457952175
909.2377189679879 -0.005876821611713572
909.2438608891092 -0.005664261332163696
909.2500028102306 -0.005443107309727115
909.256144731352 -0.005214781867998573
909.2622866524734 -0.004980702707120639
909.2684285735947 -0.004742274776882949
909.2745704947162 -0.004500882324657301
909.2807124158376 -0.004257881162181595
909.286854336959 -0.004014591193654516
909.2929962580804 -0.003772289246071524
909.2991381792017 -0.003532202240754929
909.3052801003231 -0.003295500742919514
909.3114220214445 -0.0030632929239274866
909.3175639425659 -0.0028366189682354505
909.3237058636873 -0.002616445954518982
909.3298477848086 -0.00240366323752257
909.33598970593 -0.0021990783543210423
909.3421316270515 -0.0020034134754989903
909.3482735481729 -0.001817302418604293
909.3544154692943 -0.0016412882379223286
909.3605573904156 -0.0014758214012538914
909.366699311537 -0.001321258560960278
909.3728412326584 -0.0011778619230825278
909.3789831537798 -0.0010457992148863355
909.3851250749012 -0.0009251442476746093
909.3912669960225 -0.0008158780683433847
909.3974089171439 -0.0007178906896691513
909.4035508382653 -0.0006309833860754511
909.4096927593868 -0.0005548715382533431
909.415834680508 -0.0004891880069859984
909.4219766016295 -0.00043348701338617946
909.4281185227509 -0.0003872484999034216
909.4342604438723 -0.0003498829436907333
909.4404023649937 -0.0003207365913352127
909.446544286115 -0.00029909708156164
909.4526862072364 -0.0002841994202737889
909.4588281283578 -0.00027523227037010053
909.4649700494792 -0.0002713445168784829
909.4711119706006 -0.0002716520665053457
909.477253891722 -0.00027524483930217356
909.4833958128434 -0.00028119390911157536
909.4895377339648 -0.0002885587486211389
909.4956796550862 -0.0002963945342845502
909.5018215762076 -0.00030375946606307097
909.5079634973289 -0.00030972205687121316
909.5141054184503 -0.0003133683468413582
909.5202473395717 -0.00031380899797312303
909.5263892606931 -0.0003101862254483828
909.5325311818144 -0.000301680522868171
909.5386731029358 -0.00028751713989665317
909.5448150240572 -0.00026697227222628213
909.5509569451787 -0.00023937892547869728
909.5570988663001 -0.00020413241655178706
909.5632407874214 -0.00016069547803588958
909.5693827085428 -0.00010860293362978194
909.5755246296642 -4.7465914977831796e-05
909.5816665507856 2.3024406981320716e-05
909.587808471907 0.00010309360027359323
909.5939503930283 0.00019288128087816578
909.6000923141497 0.000292438970544749
909.6062342352711 0.0004017285182954156
909.6123761563925 0.0005206210972829422
909.618518077514 0.0006488967852484011
909.6246599986353 0.0007862447334978915
909.6308019197567 0.0009322639259053271
909.6369438408781 0.0010864645259463376
909.6430857619995 0.0012482698064501074
909.6492276831208 0.0014170186532635413
909.6553696042422 0.0015919686307561734
909.6615115253636 0.0017722995936957549
909.667653446485 0.001957117826958514
909.6737953676064 0.0021454606912881865
909.6799372887277 0.002336301750422374
909.6860792098491 0.0025285563519995198
909.6922211309706 0.002721087631960243
909.698363052092 0.0029127129096082477
909.7045049732134 0.0031022104381179826
909.7106468943347 0.0032883264731184136
909.7167888154561 0.003469782619974103
909.7229307365775 0.003645283418644168
909.7290726576989 0.003813524123465774
909.7352145788203 0.003973198633892927
909.7413564999416 0.004123007531157148
909.747498421063 0.0042616661750145045
909.7536403421844 0.004387912814168635
909.7597822633059 0.004500516663657076
909.7659241844271 0.004598285902438326
909.7720661055486 0.004680075544628559
909.77820802667 0.004744795138304829
909.7843499477914 0.004791416246529877
909.7904918689128 0.00481897966620263
909.7966337900341 0.004826602341624044
909.8027757111555 0.004813483931071248
909.8089176322769 0.004778912986483382
909.8150595533983 0.0047222727081508145
909.8212014745197 0.004643046238628912
909.827343395641 0.0045408214623499955
909.8334853167624 0.004415295279929774
909.8396272378839 0.004266277329094208
909.8457691590053 0.0040936931267922345
909.8519110801267 0.0038975866103631044
909.858053001248 0.0036781220586103057
909.8641949223694 0.0034355853771458446
909.8703368434908 0.0031703847356067245
909.8764787646122 0.0028830505479387407
909.8826206857336 0.002574234790465814
909.8887626068549 0.0022447096560670736
909.8949045279763 0.0018953655464075266
909.9010464490977 0.0015272084077882278
909.9071883702192 0.0011413564198448683
909.9133302913405 0.0007390360497534996
909.9194722124619 0.00032157748832289414
909.9256141335833 -0.00010959051230324427
909.9317560547047 -0.0005529463763213012
909.9378979758261 -0.0010068819910210136
909.9440398969474 -0.0014697095130881503
909.9501818180688 -0.001939668662195544
909.9563237391902 -0.0024149344666731724
909.9624656603116 -0.00289362542349421
909.968607581433 -0.0033738120324022544
909.9747495025543 -0.00385352566173755
909.9808914236758 -0.0043307677017751295
909.9870333447972 -0.004803518959133094
909.9931752659186 -0.00526974924504143
909.99931718704 -0.005727427108280601
910.0054591081613 -0.0061745296631160185
910.0116010292827 -0.006609052461599105
910.0177429504041 -0.007029019359216616
910.0238848715255 -0.007432492322688274
910.0300267926468 -0.007817581128756912
910.0361687137682 -0.00818245290336109
910.0423106348896 -0.00852534145086634
910.0484525560111 -0.008844556324390419
910.0545944771325 -0.009138491589042771
910.0607363982538 -0.009405634231614961
910.0668783193752 -0.009644572171714225
910.0730202404966 -0.009854001831444296
910.079162161618 -0.010032735222786528
910.0853040827394 -0.01017970651424869
910.0914460038607 -0.01029397804092866
910.0975879249821 -0.010374745724919466
910.1037298461035 -0.010421343875940606
910.109871767225 -0.010433249345196438
910.1160136883464 -0.010410085008747454
910.1221556094677 -0.010351622560047015
910.1282975305891 -0.010257784594831074
910.1344394517105 -0.01012864597515247
910.1405813728319 -0.009964434462984771
910.1467232939532 -0.009765530617610403
910.1528652150746 -0.009532466954722487
910.159007136196 -0.009265926368973805
910.1651490573174 -0.008966739825473614
910.1712909784388 -0.008635883329479054
910.1774328995601 -0.008274474187272046
910.1835748206815 -0.007883766574715621
910.189716741803 -0.00746514643385063
910.1958586629244 -0.0070201257209023425
910.2020005840458 -0.00655033603286576
910.2081425051671 -0.006057521642720312
910.2142844262885 -0.005543531976525851
910.2204263474099 -0.005010313568493486
910.2265682685313 -0.004459901532821341
910.2327101896527 -0.003894410593641392
910.238852110774 -0.003316025716560461
910.2449940318954 -0.002726992387559605
910.2511359530168 -0.002129606586745125
910.2572778741383 -0.0015262045059725362
910.2634197952596 -0.0009191520607600351
910.269561716381 -0.00031083424812131366
910.2757036375024 0.0002963555974689299
910.2818455586238 0.0009000265970458988
910.2879874797452 0.0014978011159110173
910.2941294008665 0.0020873254950080494
910.3002713219879 0.002666280672021245
910.3064132431093 0.003232392639845486
910.3125551642307 0.003783442690833486
910.3186970853521 0.004317277396464244
910.3248390064734 0.004831818273131925
910.3309809275949 0.005325071086674314
910.3371228487163 0.0057951347497352465
910.3432647698377 0.006240209768571028
910.3494066909591 0.00665860619772012
910.3555486120804 0.007048751063811377
910.3616905332018 0.007409195222457921
910.3678324543232 0.007738619614831807
910.3739743754446 0.008035840893966553
910.3801162965659 0.008299816393726015
910.3862582176873 0.008529648417004222
910.3924001388087 0.008724587822939276
910.3985420599302 0.008884036896839817
910.4046839810516 0.009007551489889557
910.4108259021729 0.00909484241964452
910.4169678232943 0.009145776126029922
910.4231097444157 0.009160374581380278
910.4292516655371 0.009138814456878669
910.4353935866585 0.009081425551557845
910.4415355077798 0.008988688493775387
910.4476774289012 0.008861231728797441
910.4538193500226 0.008699827809772055
910.459961271144 0.008505389012881498
910.4661031922655 0.008278962300884528
910.4722451133867 0.008021723662617017
910.4783870345082 0.007734971859076389
910.4845289556296 0.007420121609747418
910.490670876751 0.0070786962556021
910.4968127978724 0.006712319937800414
910.5029547189937 0.006322709333553392
910.5090966401151 0.005911664992593405
910.5152385612365 0.005481062320016832
910.5213804823579 0.005032842252372999
910.5275224034792 0.004569001675890965
910.5336643246006 0.004091583636435257
910.539806245722 0.0036026673920879636
910.5459481668435 0.0031043583593998937
910.5520900879649 0.002598778005249098
910.5582320090862 0.0020880537359605567
910.5643739302076 0.0015743088351267255
910.570515851329 0.0010596525015134708
910.5766577724504 0.0005461700371047254
910.5827996935718 3.591323487194065e-05
910.5889416146931 -0.0004691089858288266
910.5950835358145 -0.0009669396494691644
910.6012254569359 -0.001455682455478535
910.6073673780573 -0.001933510127406909
910.6135092991788 -0.0023986723395067406
910.6196512203 -0.002849503182531597
910.6257931414215 -0.0032844281331640183
910.6319350625429 -0.003701970494287558
910.6380769836643 -0.004100757276223519
910.6442189047856 -0.004479524492318076
910.650360825907 -0.0048371218452808035
910.6565027470284 -0.0051725167841564145
910.6626446681498 -0.00548479791530421
910.6687865892712 -0.005773177754222235
910.6749285103925 -0.0060369948085414816
910.681070431514 -0.00627571498632324
910.6872123526354 -0.006488932327290188
910.6933542737568 -0.00667636905830502
910.6994961948782 -0.006837874978021281
910.7056381159995 -0.006973426179168474
910.7117800371209 -0.0070831231205758715
910.7179219582423 -0.0071671880641986565
910.7240638793637 -0.007225961896142627
910.7302058004851 -0.007259900353523065
910.7363477216064 -0.007269569682351374
910.7424896427278 -0.007255641754471177
910.7486315638492 -0.007218888674383736
910.7547734849707 -0.007160176909408386
910.760915406092 -0.007080460979030366
910.7670573272134 -0.006980776741540831
910.7731992483348 -0.006862234317999631
910.7793411694562 -0.0067260106954196
910.7854830905776 -0.0065733420525375735
910.7916250116989 -0.006405515852877975
910.7977669328203 -0.006223862750848147
910.8039088539417 -0.00602974835741305
910.8100507750631 -0.005824564912431094
910.8161926961845 -0.005609722911016543
910.8223346173058 -0.0053866427313128875
910.8284765384273 -0.005156746310821087
910.8346184595487 -0.0049214489179246965
910.8407603806701 -0.004682151064510746
910.8469023017915 -0.004440230604540227
910.8530442229128 -0.004197035062232962
910.8591861440342 -0.0039538742319617315
910.8653280651556 -0.003712013090324898
910.871469986277 -0.0034726650587916137
910.8776119073983 -0.0032369856533149845
910.8837538285197 -0.003006066554837097
910.8898957496411 -0.002780930132137148
910.8960376707626 -0.0025625244457517004
910.902179591884 -0.002351718758836558
910.9083215130053 -0.0021492995778605597
910.9144634341267 -0.0019559672428301027
910.9206053552481 -0.0017723330836699727
910.9267472763695 -0.0015989171558532167
910.9328891974909 -0.001436146565211475
910.9390311186122 -0.0012843543882749807
910.9451730397336 -0.0011437791911015484
910.951314960855 -0.001014565146063391
910.9574568819764 -0.0008967627425999552
910.9635988030979 -0.0007903300845254637
910.9697407242192 -0.0006951347630558652
910.9758826453406 -0.0006109562914580081
910.982024566462 -0.000537489083958884
910.9881664875834 -0.0004743459584150022
910.9943084087047 -0.0004210621392512885
911.0004503298261 -0.0003770997343319515
911.0065922509475 -0.00034185265666970317
911.0127341720689 -0.00031465195936987255
911.0188760931903 -0.0002947715498375174
911.0250180143116 -0.00028143424711761457
911.031159935433 -0.0002738181442895781
911.0373018565544 -0.00027106323610767073
911.0434437776759 -0.00027227827058848666
911.0495856987973 -0.00027654778196748174
911.0557276199186 -0.00028293926146950204
