time TPR_both_C_open_1_rho12_imag
0.0 0.0
0.00614192112138767 -0.006117260773880092
0.01228384224277534 -0.012158448593707747
0.01842576336416301 -0.018084109372808018
0.02456768448555068 -0.023856019170607715
0.030709605606938348 -0.029437580561749697
0.03685152672832602 -0.03479419308493751
0.042993447849713685 -0.03989359232813325
0.04913536897110136 -0.044706152972298796
0.05527729009248903 -0.049205151973244626
0.061419211213876695 -0.053366988980050704
0.06756113233526437 -0.057171362037849324
0.07370305345665204 -0.06060139757202543
0.07984497457803971 -0.06364373457156379
0.08598689569942737 -0.06628856375590055
0.09212881682081504 -0.06852962330073911
0.09827073794220272 -0.07036415339696352
0.10441265906359039 -0.07179281251100993
0.11055458018497806 -0.072819558697738
0.11669650130636572 -0.07345149968555299
0.12283842242775339 -0.07369871571006814
0.12898034354914106 -0.0735740592223697
0.13512226467052874 -0.07309293564923831
0.1412641857919164 -0.0722730693458734
0.14740610691330408 -0.07113425876847924
0.15354802803469175 -0.06969812471682443
0.15968994915607942 -0.06798785526788981
0.16583187027746707 -0.06602795075274245
0.17197379139885474 -0.06384397183066806
0.17811571252024241 -0.06146229339702948
0.1842576336416301 -0.058909866732658606
0.19039955476301776 -0.05621399196985094
0.19654147588440543 -0.05340210261896199
0.2026833970057931 -0.05050156357479298
0.20882531812718078 -0.047539483707003706
0.21496723924856845 -0.044542543836501046
0.22110916036995612 -0.041536840612300056
0.2272510814913438 -0.038547746532458724
0.23339300261273144 -0.03559978609975174
0.2395349237341191 -0.032716527868962085
0.24567684485550678 -0.02992049192908623
0.25181876597689445 -0.027233072171320396
0.2579606870982821 -0.02467447252328685
0.2641026082196698 -0.022263656182334477
0.27024452934105747 -0.020018306756545777
0.27638645046244514 -0.01795480012178139
0.2825283715838328 -0.01608818572697735
0.2886702927052205 -0.014432176028036122
0.29481221382660816 -0.012999142702826986
0.30095413494799583 -0.011800118295579599
0.3070960560693835 -0.01084480195759635
0.3132379771907712 -0.010141567991752835
0.31937989831215885 -0.009697475969495254
0.3255218194335465 -0.009518281269568706
0.33166374055493414 -0.009608444985939603
0.3378056616763218 -0.009971142266591685
0.3439475827977095 -0.010608268273261343
0.35008950391909716 -0.011520441092849925
0.35623142504048483 -0.01270700108228516
0.3623733461618725 -0.014166006288058869
0.3685152672832602 -0.015894223747602233
0.37465718840464785 -0.01788711665013165
0.3807991095260355 -0.020138827507679875
0.3869410306474232 -0.0226421576607843
0.39308295176881086 -0.025388543615806513
0.39922487289019853 -0.028368030880143943
0.4053667940115862 -0.031569246125690925
0.4115087151329739 -0.034979368667781015
0.41765063625436155 -0.03858410239443461
0.4237925573757492 -0.042367649416916876
0.4299344784971369 -0.04631268683522475
0.43607639961852457 -0.05040034811895781
0.44221832073991224 -0.054610210692875666
0.4483602418612999 -0.05892029138508493
0.4545021629826876 -0.06330705144206747
0.4606440841040752 -0.06774541283655736
0.4667860052254629 -0.07220878758962974
0.47292792634685055 -0.0766691217954652
0.4790698474682382 -0.08109695597450449
0.4852117685896259 -0.08546150328676351
0.49135368971101356 -0.08973074701088732
0.49749561083240124 -0.09387155853536687
0.5036375319537889 -0.097849836915863
0.5097794530751766 -0.10163067082680637
0.5159213741965643 -0.10517852347679761
0.5220632953179519 -0.10845744076666661
0.5282052164393396 -0.11143128264764389
0.5343471375607273 -0.11406397728667884
0.5404890586821149 -0.11631979726870165
0.5466309798035026 -0.11816365666426779
0.5527729009248903 -0.1195614273687813
0.558914822046278 -0.12048027268020468
0.5650567431676656 -0.12088899563034297
0.5711986642890533 -0.1207583991257111
0.577340585410441 -0.12006165449379795
0.5834825065318286 -0.118774674576321
0.5896244276532163 -0.11687648707098097
0.595766348774604 -0.1143496034065506
0.6019082698959917 -0.11118037805330483
0.6080501910173793 -0.10735935283338865
0.614192112138767 -0.10288158051632447
0.6203340332601547 -0.09774692177692762
0.6264759543815424 -0.09196030947040806
0.63261787550293 -0.08553197415649987
0.6387597966243177 -0.07847762489478535
0.6449017177457054 -0.07081857954963292
0.651043638867093 -0.06258183919623472
0.6571855599884806 -0.053800101717439354
0.6633274811098683 -0.04451171032936115
0.669469402231256 -0.03476053357288826
0.6756113233526436 -0.024595774254080775
0.6817532444740313 -0.014071705899494875
0.687895165595419 -0.0032473364972961057
0.6940370867168066 0.007813999399694934
0.7001790078381943 0.019045117754236226
0.706320928959582 0.030375527433752054
0.7124628500809697 0.04173203261003791
0.7186047712023573 0.05303938848346624
0.724746692323745 0.06422100233564298
0.7308886134451327 0.07519967072470056
0.7370305345665203 0.08589834260850608
0.743172455687908 0.09624089735030845
0.7493143768092957 0.1061529259608644
0.7554562979306834 0.11556250358622083
0.761598219052071 0.12440094117830498
0.7677401401734587 0.13260350449437602
0.7738820612948464 0.1401100890596562
0.780023982416234 0.14686584048373216
0.7861659035376217 0.1528217105248953
0.7923078246590094 0.15793494051824938
0.7984497457803971 0.1621694651867236
0.8045916669017847 0.1654962313970477
0.8107335880231724 0.16789342805951515
0.8168755091445601 0.16934662505349068
0.8230174302659478 0.16984882074290117
0.8291593513873354 0.16940039928238237
0.8353012725087231 0.16800900046421785
0.8414431936301108 0.16568930628288517
0.8475851147514984 0.16246274966845448
0.8537270358728861 0.1583571519397907
0.8598689569942738 0.15340629643828185
0.8660108781156615 0.1476494465145749
0.8721527992370491 0.1411308165531349
0.8782947203584368 0.1338990050368984
0.8844366414798245 0.12600639878643072
0.8905785626012122 0.1175085574683548
0.8967204837225998 0.10846358727285463
0.9028624048439875 0.09893151232806986
0.9090043259653752 0.0889736519694064
0.9151462470867628 0.07865201143353136
0.9212881682081504 0.06802869291887029
0.9274300893295381 0.05716533326456966
0.9335720104509257 0.0461225737646163
0.9397139315723134 0.034959566868148134
0.9458558526937011 0.023733523734545764
0.9519977738150888 0.012499305824863681
0.9581396949364764 0.0013090629305101517
0.9642816160578641 -0.009788080724315303
0.9704235371792518 -0.020746291409105763
0.9765654583006395 -0.03152324165098608
0.9827073794220271 -0.04208027730973294
0.9888493005434148 -0.052382537055101264
0.9949912216648025 -0.06239902590177196
1.0011331427861903 -0.07210264496253191
1.0072750639075778 -0.08147018002238858
1.0134169850289656 -0.09048225191174908
1.0195589061503532 -0.09912323196311928
1.025700827271741 -0.10738112607179981
1.0318427483931285 -0.11524743104667962
1.0379846695145163 -0.12271696703373633
1.0441265906359039 -0.12978768982465547
1.0502685117572914 -0.13646048682976672
1.0564104328786792 -0.14273896040296935
1.0625523540000668 -0.1486292020621767
1.0686942751214545 -0.15413956095850023
1.074836196242842 -0.15928040971793142
1.0809781173642299 -0.16406391051808902
1.0871200384856174 -0.16850378397718901
1.0932619596070052 -0.17261508313029258
1.0994038807283928 -0.17641397445629894
1.1055458018497806 -0.179917527604916
1.1116877229711681 -0.18314351516218588
1.117829644092556 -0.18611022349163941
1.1239715652139435 -0.18883627540057363
1.1301134863353313 -0.19134046511127892
1.1362554074567188 -0.19364160576839548
1.1423973285781066 -0.19575838948826924
1.1485392496994942 -0.19770925975570186
1.154681170820882 -0.19951229579862534
1.1608230919422695 -0.20118510842209064
1.1669650130636573 -0.2027447466590924
1.1731069341850449 -0.2042076144962363
1.1792488553064326 -0.20558939685582395
1.1853907764278202 -0.20690499396104878
1.191532697549208 -0.20816846317602583
1.1976746186705955 -0.20939296739561095
1.2038165397919833 -0.21059072905980272
1.209958460913371 -0.21177298888249818
1.2161003820347587 -0.21294996841327982
1.2222423031561462 -0.21413083559283333
1.228384224277534 -0.21532367251695952
1.2345261453989216 -0.21653544469074623
1.2406680665203094 -0.21777197113345548
1.246809987641697 -0.21903789478653235
1.2529519087630847 -0.22033665278258646
1.2590938298844723 -0.22167044625311863
1.26523575100586 -0.2230402094880767
1.2713776721272476 -0.22444557841179397
1.2775195932486354 -0.22588485850791767
1.283661514370023 -0.2273549925104547
1.2898034354914107 -0.22885152837813155
1.2959453566127983 -0.2303685882829628
1.302087277734186 -0.23189883956808005
1.3082291988555736 -0.23343346885990596
1.3143711199769612 -0.2349621607495261
1.320513041098349 -0.23647308267985764
1.3266549622197366 -0.23795287787960476
1.3327968833411243 -0.2393866683612663
1.338938804462512 -0.2407580701367076
1.3450807255838997 -0.24204922288739636
1.3512226467052872 -0.24324083634451826
1.357364567826675 -0.24431225557455777
1.3635064889480626 -0.24524154721758507
1.3696484100694504 -0.2460056084796783
1.375790331190838 -0.24658030033196468
1.3819322523122257 -0.24694060591502948
1.3880741734336133 -0.24706081459200013
1.394216094555001 -0.24691473144498396
1.4003580156763886 -0.24647591128196183
1.4064999367977764 -0.2457179154348908
1.412641857919164 -0.2446145888103094
1.4187837790405518 -0.24314035383184182
1.4249257001619393 -0.24127051712406078
1.431067621283327 -0.23898158406604816
1.4372095424047147 -0.2362515757279835
1.4433514635261024 -0.2330603422310604
1.44949338464749 -0.22938986627201877
1.4556353057688778 -0.22522455045469644
1.4617772268902653 -0.22055148219031148
1.4679191480116531 -0.2153606702739264
1.4740610691330407 -0.20964524781386792
1.4802029902544285 -0.203401636969206
1.486344911375816 -0.19662967191134786
1.4924868324972038 -0.18933267753219077
1.4986287536185914 -0.18151750262647287
1.5047706747399792 -0.1731945075264927
1.5109125958613667 -0.16437750740550053
1.5170545169827545 -0.15508367363355868
1.523196438104142 -0.1453333966109329
1.5293383592255299 -0.13515011437007576
1.5354802803469174 -0.12456011188844235
1.5416222014683052 -0.11359229646359217
1.5477641225896928 -0.1022779546562892
1.5539060437110805 -0.09065049620884306
1.560047964832468 -0.07874519001215105
1.5661898859538559 -0.06659889665720448
1.5723318070752434 -0.054249801408580746
1.578473728196631 -0.041737150631031596
1.5846156493180188 -0.029100993843390027
1.5907575704394064 -0.01638193272587145
1.5968994915607941 -0.003620877623943795
1.6030414126821817 0.00914118857556783
1.6091833338035695 0.0218634398322466
1.615325254924957 0.03450543056774614
1.6214671760463448 0.047027314603301874
1.6276090971677324 0.05939006044531176
1.6337510182891202 0.07155566369416214
1.6398929394105077 0.08348735694411898
1.6460348605318955 0.09514981701562729
1.652176781653283 0.10650936876038783
1.6583187027746709 0.1175341840526052
1.6644606238960584 0.12819447397592465
1.6706025450174462 0.13846267168090406
1.6767444661388338 0.14831360296272306
1.6828863872602216 0.15772464132513161
1.6890283083816091 0.1666758441763034
1.695170229502997 0.17515006685612716
1.7013121506243845 0.18313305142227268
1.7074540717457722 0.19061348751324206
1.7135959928671598 0.19758304314040992
1.7197379139885476 0.20403636391011706
1.7258798351099351 0.20997103990817956
1.732021756231323 0.21538754025661178
1.7381636773527105 0.22028911613914282
1.7443055984740983 0.22468167385283375
1.7504475195954858 0.2285736201457592
1.7565894407168736 0.2319756827180926
1.7627313618382612 0.2349007092747923
1.768873282959649 0.23736344890770297
1.7750152040810365 0.2393803198453101
1.7811571252024243 0.24096916773812505
1.7872990463238119 0.24214901865120333
1.7934409674451997 0.24293983082214907
1.7995828885665872 0.24336224902674597
1.805724809687975 0.24343736509165761
1.8118667308093626 0.24318648772284499
1.8180086519307503 0.24263092439859368
1.824150573052138 0.24179177762623708
1.8302924941735257 0.24068975739965204
1.8364344152949132 0.23934501123652505
1.8425763364163008 0.23777697273419662
1.8487182575376886 0.236004229172051
1.8548601786590762 0.2340444083157834
1.861002099780464 0.23191408425070686
1.8671440209018515 0.22962870179133135
1.8732859420232393 0.2272025187843151
1.8794278631446268 0.22464856544112724
1.8855697842660146 0.22197861970332738
1.8917117053874022 0.2192031975539193
1.89785362650879 0.21633155713844726
1.9039955476301775 0.2133717155444194
1.9101374687515653 0.21033047710188763
1.9162793898729529 0.207213472106112
1.9224213109943407 0.20402520491972057
1.9285632321157282 0.2007691104814221
1.934705153237116 0.19744761832620467
1.9408470743585036 0.19406222330355358
1.9469889954798913 0.19061356226146647
1.953130916601279 0.1871014960413546
1.9592728377226667 0.18352519619918917
1.9654147588440543 0.17988323592885677
1.971556679965442 0.17617368471248557
1.9776986010868296 0.1723942062578033
1.9838405222082174 0.16854215930313918
1.989982443329605 0.1646147008756958
1.9961243644509927 0.16060889157780028
2.0022662855723805 0.15652180244908903
2.008408206693768 0.1523506229104592
2.0145501278151556 0.14809276923912118
2.020692048936543 0.14374599295460114
2.026833970057931 0.1393084884149672
2.0329758911793188 0.13477899883325187
2.0391178123007063 0.1301569198288281
2.045259733422094 0.12544239953068548
2.051401654543482 0.12063643415279153
2.0575435756648695 0.11574095787015386
2.063685496786257 0.11075892574210652
2.0698274179076446 0.10569438836136118
2.0759693390290326 0.10055255685804998
2.08211126015042 0.09533985686194632
2.0882531812718077 0.09006397002755351
2.0943951023931953 0.0847338617596955
2.100537023514583 0.07935979384487675
2.106678944635971 0.07395332079841291
2.1128208657573584 0.06852726888064001
2.118962786878746 0.06309569691756618
2.1251047080001335 0.05767383828115124
2.1312466291215215 0.052278023639444934
2.137388550242909 0.04692558437323547
2.1435304713642966 0.04163473686830678
2.149672392485684 0.03642444822426702
2.155814313607072 0.03131428426443209
2.1619562347284598 0.02632424107776109
2.1680981558498473 0.021474561664152788
2.174240076971235 0.016785539579058685
2.180381998092623 0.012277311773119871
2.1865239192140105 0.007969643088756216
2.192665840335398 0.0038817051006871184
2.1988077614567856 3.1852165019441165e-05
2.2049496825781736 -0.00356260233281229
2.211091603699561 -0.006885606469954755
2.2172335248209487 -0.00992258394096373
2.2233754459423363 -0.012660638837039967
2.2295173670637243 -0.015088748100573859
2.235659288185112 -0.017197938841621654
2.2418012093064994 -0.01898144787916227
2.247943130427887 -0.020434861080170265
2.254085051549275 -0.02155623030694883
2.2602269726706625 -0.02234616604136394
2.26636889379205 -0.022807904027953085
2.2725108149134376 -0.022947344561884634
2.2786527360348257 -0.02277306333939663
2.284794657156213 -0.02229629308620963
2.2909365782776008 -0.0215308754835769
2.2970784993989883 -0.020493183223512138
2.3032204205203763 -0.019202012346629938
2.309362341641764 -0.017678445350681037
2.3155042627631515 -0.015945685907738216
2.321646183884539 -0.014028866394724332
2.327788105005927 -0.011954829825633105
2.3339300261273146 -0.009751888172393851
2.340071947248702 -0.0074495594703555944
2.3462138683700897 -0.0050782865165866125
2.3523557894914777 -0.0026691403746434577
2.3584977106128653 -0.00025351228571925507
2.364639631734253 0.0021372020612546866
2.3707815528556404 0.004471921644586512
2.376923473977028 0.006720198115807426
2.383065395098416 0.008852528045146857
2.3892073162198035 0.010840654691886513
2.395349237341191 0.012657854627184901
2.4014911584625787 0.014279204691811842
2.4076330795839667 0.01568182504174095
2.4137750007053542 0.01684509441894458
2.419916921826742 0.017750834276256414
2.4260588429481293 0.0183834589722235
2.4322007640695174 0.0187300899184289
2.438342685190905 0.018780632288075753
2.4444846063122925 0.018527813658130356
2.45062652743368 0.017967184733750093
2.456768448555068 0.017097083068273015
2.4629103696764556 0.015918561420565178
2.469052290797843 0.014435283061657355
2.4751942119192307 0.01265338693478694
2.4813361330406187 0.01058132607123134
2.4874780541620063 0.008229683056908816
2.493619975283394 0.005610966624386432
2.4997618964047814 0.002739393609039045
2.5059038175261694 -0.00036933944154332485
2.512045738647557 -0.0036982907733373676
2.5181876597689445 -0.007229509971328889
2.524329580890332 -0.010944272711437547
2.53047150201172 -0.014823310200161506
2.5366134231331077 -0.018847030154153482
2.5427553442544952 -0.02299572658349874
2.548897265375883 -0.027249776078833426
2.555039186497271 -0.031589818748763376
2.5611811076186584 -0.03599692239673389
2.567323028740046 -0.040452728953831556
2.5734649498614335 -0.04493958258610868
2.5796068709828215 -0.04944063926427769
2.585748792104209 -0.053939957914410606
2.5918907132255966 -0.05842257355707703
2.598032634346984 -0.06287455308745406
2.604174555468372 -0.06728303455028053
2.6103164765897597 -0.07163625092242147
2.6164583977111473 -0.07592353953461967
2.622600318832535 -0.08013533834597729
2.6287422399539224 -0.08426317033357762
2.6348841610753104 -0.08829961727951077
2.641026082196698 -0.09223828423261424
2.6471680033180855 -0.09607375589663456
2.653309924439473 -0.09980154615423678
2.659451845560861 -0.10341804188104206
2.6655937666822487 -0.1069204421390483
2.6717356878036362 -0.11030669376736729
2.677877608925024 -0.11357542431284488
2.684019530046412 -0.11672587316605283
2.6901614511677994 -0.11975782169124682
2.696303372289187 -0.12267152306372975
2.7024452934105745 -0.12546763245588857
2.7085872145319625 -0.12814713814497822
2.71472913565335 -0.13071129405220813
2.7208710567747376 -0.1331615541643975
2.727012977896125 -0.13549950923668605
2.733154899017513 -0.13772682612769357
2.7392968201389007 -0.13984519007708285
2.7454387412602883 -0.1418562501995606
2.751580662381676 -0.14376156843865073
2.757722583503064 -0.14556257219770383
2.7638645046244514 -0.14726051084404998
2.770006425745839 -0.14885641626434176
2.7761483468672266 -0.1503510676342775
2.7822902679886146 -0.1517449605532643
2.788432189110002 -0.1530382806833419
2.7945741102313897 -0.15423088202097124
2.8007160313527772 -0.15532226991919754
2.8068579524741653 -0.1563115889653507
2.812999873595553 -0.15719761580497663
2.8191417947169404 -0.15797875698532315
2.825283715838328 -0.158653051870724
2.831425636959716 -0.1592181806570597
2.8375675580811035 -0.15967147748270208
2.843709479202491 -0.16000994859872925
2.8498514003238786 -0.16023029552169005
2.8559933214452666 -0.16032894304800197
2.862135242566654 -0.1603020719605985
2.8682771636880418 -0.16014565620638613
2.8744190848094293 -0.15985550426831638
2.8805610059308173 -0.15942730439955652
2.886702927052205 -0.15885667333065273
2.8928448481735924 -0.15813920800518108
2.89898676929498 -0.1572705398467186
2.9051286904163676 -0.15624639101161833
2.9112706115377556 -0.15506263203958984
2.917412532659143 -0.1537153402788935
2.9235544537805307 -0.15220085843632453
2.9296963749019183 -0.15051585258508357
2.9358382960233063 -0.1486573689568172
2.941980217144694 -0.14662288884790572
2.9481221382660814 -0.14441038098444703
2.954264059387469 -0.14201835071492944
2.960405980508857 -0.13944588543350944
2.9665479016302445 -0.13669269567902878
2.972689822751632 -0.1337591514040528
2.9788317438730196 -0.13064631296277662
2.9849736649944076 -0.12735595642503916
2.991115586115795 -0.12389059288437619
2.9972575072371828 -0.12025348148965563
3.0033994283585703 -0.11644863599126537
3.0095413494799583 -0.1124808246532974
3.015683270601346 -0.10835556344233781
3.0218251917227335 -0.10407910246139215
3.027967112844121 -0.09965840565461936
3.034109033965509 -0.09510112386573313
3.0402509550868966 -0.09041556139120335
3.046392876208284 -0.08561063622991862
3.0525347973296717 -0.08069583429484133
3.0586767184510597 -0.07568115792027266
3.0648186395724473 -0.07057706907107407
3.070960560693835 -0.06539442773747062
3.0771024818152224 -0.06014442608005108
3.0832444029366104 -0.054838518972733064
3.089386324057998 -0.04948835167441086
3.0955282451793855 -0.04410568543971258
3.101670166300773 -0.038702321952089475
3.107812087422161 -0.0332900275243171
3.1139540085435486 -0.027880458058226514
3.120095929664936 -0.02248508578303344
3.1262378507863238 -0.017115128796432427
3.1323797719077118 -0.011781484411797993
3.1385216930290993 -0.006494667266576894
3.144663614150487 -0.0012647530706767925
3.1508055352718745 0.0038986712298905934
3.156947456393262 0.008986550227369742
3.16308937751465 0.013990395267847247
3.1692312986360376 0.01890231177773823
3.175373219757425 0.023715018547968352
3.1815151408788127 0.028421859003787863
3.1876570620002007 0.033016804666356425
3.1937989831215883 0.03749445118060156
3.199940904242976 0.04185000743584366
3.2060828253643634 0.046079278435632524
3.2122247464857514 0.05017864267652578
3.218366667607139 0.05414502486897677
3.2245085887285265 0.057975864875302166
3.230650509849914 0.061669083749772556
3.236792430971302 0.0652230477455341
3.2429343520926897 0.06863653110512462
3.249076273214077 0.07190867837970913
3.2552181943354648 0.07503896693171225
3.261360115456853 0.07802717017169725
3.2675020365782403 0.08087332196884559
3.273643957699628 0.08357768256090622
3.2797858788210155 0.0861407061792731
3.2859277999424035 0.08856301050262136
3.292069721063791 0.09084534796214239
3.2982116421851786 0.09298857884579143
3.304353563306566 0.09499364609003891
3.310495484427954 0.09686155160625035
3.3166374055493417 0.09859333396502296
3.3227793266707293 0.10019004725461725
3.328921247792117 0.10165274093749627
3.335063168913505 0.10298244054972804
3.3412050900348924 0.10418012911916118
3.34734701115628 0.10524672921714377
3.3534889322776675 0.10618308560242223
3.3596308533990555 0.10698994846215452
3.365772774520443 0.10766795730134793
3.3719146956418307 0.10821762557648049
3.3780566167632182 0.10863932620993647
3.3841985378846062 0.10893327815794766
3.390340459005994 0.10909953423515324
3.3964823801273814 0.10913797042320257
3.402624301248769 0.10904827690891065
3.4087662223701565 0.10882995110946797
3.4149081434915445 0.10848229294848409
3.421050064612932 0.10800440264768918
3.4271919857343196 0.10739518129553528
3.433333906855707 0.10665333444631821
3.439475827977095 0.10577737899236561
3.4456177490984827 0.10476565353779504
3.4517596702198703 0.10361633248573009
3.457901591341258 0.10232744403194013
3.464043512462646 0.10089689223673294
3.4701854335840334 0.09932248332358402
3.476327354705421 0.09760195632723193
3.4824692758268085 0.09573301818555195
3.4886111969481965 0.09371338333801672
3.494753118069584 0.09154081785851802
3.5008950391909717 0.08921318811123757
3.5070369603123592 0.08672851387457978
3.5131788814337472 0.08408502582942565
3.519320802555135 0.0812812272536619
3.5254627236765224 0.07831595970474911
3.53160464479791 0.0751884724057738
3.537746565919298 0.07189849497791168
3.5438884870406855 0.06844631308366823
3.550030408162073 0.06483284646097849
3.5561723292834606 0.06105972873888046
3.5623142504048486 0.05712938833186638
3.568456171526236 0.05304512961336624
3.5745980926476237 0.048811213470534826
3.5807400137690113 0.044432936244391534
3.5868819348903993 0.03991670596339221
3.593023856011787 0.03527011468701841
3.5991657771331744 0.03050200569144768
3.605307698254562 0.025622534154571
3.61144961937595 0.020643219935384996
3.6175915404973376 0.015576990996040681
3.623733461618725 0.010438215986545684
3.6298753827401127 0.005242724505120374
3.6360173038615007 7.813564234516282e-06
3.6421592249828882 -0.0052477611641714465
3.648301146104276 -0.010503810678741288
3.6544430672256634 -0.01573875580618757
3.6605849883470514 -0.020929689304700256
3.666726909468439 -0.026052457866075882
3.6728688305898265 -0.03108176477180795
3.679010751711214 -0.035991293729601734
3.6851526728326016 -0.04075385415835188
3.6912945939539896 -0.04534154790364705
3.697436515075377 -0.04972595705526915
3.7035784361967647 -0.053878352206496574
3.7097203573181523 -0.057769920146467514
3.7158622784395403 -0.06137200961619899
3.722004199560928 -0.06465639339129227
3.7281461206823154 -0.0675955445856156
3.734288041803703 -0.07016292470630384
3.740429962925091 -0.072333280637586
3.7465718840464786 -0.07408294739571511
3.752713805167866 -0.07539015318630012
3.7588557262892537 -0.07623532301533813
3.7649976474106417 -0.07660137686301685
3.7711395685320293 -0.07647401823166956
3.777281489653417 -0.07584200873280887
3.7834234107748044 -0.07469742428952267
3.7895653318961924 -0.0730358885059966
3.79570725301758 -0.0708567788014984
3.8018491741389675 -0.06816340102723938
3.807991095260355 -0.06496312848579498
3.814133016381743 -0.06126750155791443
3.8202749375031306 -0.05709228451296883
3.826416858624518 -0.05245747653779485
3.8325587797459058 -0.04738727456316325
3.8387007008672938 -0.041909986094184386
3.8448426219886813 -0.03605789095477781
3.850984543110069 -0.029867051628263603
3.8571264642314564 -0.023377072704692005
3.8632683853528444 -0.016630810816353633
3.869410306474232 -0.009674037338883303
3.8755522275956196 -0.002555057036912794
3.881694148717007 0.0046757132812664665
3.887836069838395 0.011966201189126585
3.8939779909597827 0.019263164452811857
3.9001199120811703 0.02651269983551393
3.906261833202558 0.033660767914538994
3.912403754323946 0.040653726470542564
3.9185456754453334 0.047438864694955306
3.924687596566721 0.05396493030794364
3.9308295176881085 0.06018264169417353
3.936971438809496 0.0660451773509201
3.943113359930884 0.07150863530094943
3.9492552810522716 0.07653245564383837
3.955397202173659 0.08107980009137752
3.9615391232950468 0.08511788313788098
3.9676810444164348 0.08861825043281371
3.9738229655378223 0.09155700092592382
3.97996488665921 0.09391495041642635
3.9861068077805974 0.09567773522880718
3.9922487289019855 0.09683585582939576
3.998390650023373 0.09738466126181805
4.004532571144761 0.09732427628954372
4.010674492266149 0.09665947406656006
4.016816413387536 0.09539949799284682
4.022958334508924 0.09355783713393542
4.029100255630311 0.09115196018190767
4.035242176751699 0.08820301340163285
4.041384097873086 0.08473548833811428
4.047526018994474 0.08077686525981191
4.053667940115862 0.07635723838364811
4.05980986123725 0.07150892887812113
4.0659517823586375 0.06626609148206608
4.072093703480025 0.06066432032060811
4.078235624601413 0.05474025916035483
4.0843775457228 0.048531220937371215
4.090519466844188 0.04207482092848747
4.096661387965575 0.03540862743331216
4.102803309086964 0.02856983330459226
4.108945230208351 0.021594951120992495
4.115087151329739 0.014519534250506066
4.1212290724511265 0.007377925514889473
4.127370993572514 0.00020303464463572611
4.133512914693902 -0.0069738547822271535
4.139654835815289 -0.01412324868956092
4.145796756936677 -0.021217576342175085
4.151938678058065 -0.02823129526544388
4.158080599179453 -0.035140968183291
4.16422252030084 -0.04192531321483987
4.170364441422228 -0.04856522882723166
4.176506362543615 -0.055043795254002124
4.182648283665003 -0.06134625425565871
4.1887902047863905 -0.06745996922308055
4.194932125907778 -0.07337436770698737
4.201074047029166 -0.07908086850042899
4.207215968150554 -0.08457279540889774
4.213357889271942 -0.08984527981747466
4.219499810393329 -0.09489515410988912
4.225641731514717 -0.09972083791413136
4.231783652636104 -0.10432221904721785
4.237925573757492 -0.10870053091161716
4.2440674948788795 -0.11285822796158285
4.250209416000267 -0.11679886071291082
4.2563513371216555 -0.12052695161799709
4.262493258243043 -0.12404787297284262
4.268635179364431 -0.12736772786689268
4.274777100485818 -0.13049323503303414
4.280919021607206 -0.1334316183061203
4.287060942728593 -0.13619050125603335
4.293202863849981 -0.13877780742720566
4.299344784971368 -0.141201666491957
4.305486706092757 -0.14347032651086947
4.311628627214144 -0.14559207239027577
4.317770548335532 -0.14757515053502304
4.3239124694569195 -0.14942769961395636
4.330054390578307 -0.15115768728576995
4.336196311699695 -0.15277285267353896
4.342338232821082 -0.1542806543267739
4.34848015394247 -0.1556882233695497
4.354622075063858 -0.157002321501446
4.360763996185246 -0.1582293034940111
4.366905917306633 -0.15937508380862694
4.373047838428021 -0.16044510695151892
4.3791897595494085 -0.16144432117791338
4.385331680670796 -0.1623771551598606
4.391473601792184 -0.16324749724109805
4.397615522913571 -0.16405867691781917
4.40375744403496 -0.16481344820682065
4.409899365156347 -0.1655139745928784
4.416041286277735 -0.16616181528609777
4.422183207399122 -0.16675791256819258
4.42832512852051 -0.16730258006488097
4.434467049641897 -0.16779549185039863
4.440608970763285 -0.16823567236975978
4.4467508918846725 -0.16862148725464193
4.452892813006061 -0.1689506352088677
4.4590347341274486 -0.16922014124792334
4.465176655248836 -0.16942635169151538
4.471318576370224 -0.16956493142565618
4.477460497491611 -0.1696308640671131
4.483602418612999 -0.1696184557732914
4.489744339734386 -0.1695213435389935
4.495886260855774 -0.16933250890162524
4.5020281819771615 -0.1690442980315341
4.50817010309855 -0.16864844920743738
4.5143120242199375 -0.16813612866181932
4.520453945341325 -0.16749797572200467
4.526595866462713 -0.16672415806483226
4.5327377875841 -0.16580443774367035
4.538879708705488 -0.1647282484352904
4.545021629826875 -0.16348478409275805
4.551163550948263 -0.16206309888373438
4.557305472069651 -0.1604522179491057
4.563447393191039 -0.15864125814528796
4.569589314312426 -0.15661955754823662
4.575731235433814 -0.15437681211367635
4.5818731565552016 -0.15190321752366928
4.588015077676589 -0.14918961392234223
4.594156998797977 -0.14622763097133679
4.600298919919364 -0.14300983045500212
4.606440841040753 -0.13952984355088824
4.61258276216214 -0.135782499863702
4.618724683283528 -0.13176394540725858
4.624866604404915 -0.12747174691072793
4.631008525526303 -0.12290498011886596
4.6371504466476905 -0.11806430014142719
4.643292367769078 -0.11295199236983826
4.649434288890466 -0.10757200299990503
4.655576210011854 -0.10192994875452047
4.661718131133242 -0.09603310596422913
4.667860052254629 -0.08989037970932846
4.674001973376017 -0.08351225422881736
4.680143894497404 -0.07691072623516607
4.686285815618792 -0.07009922311965845
4.692427736740179 -0.06309250827625937
4.698569657861567 -0.05590657590407104
4.7047115789829554 -0.04855853766773917
4.710853500104343 -0.04106650350682806
4.716995421225731 -0.03344945870092856
4.723137342347118 -0.025727139034417347
4.729279263468506 -0.01791990558528681
4.735421184589893 -0.010048620311006177
4.741563105711281 -0.0021345232469129043
4.747705026832668 0.005800888205563534
4.753846947954056 0.013735977719557386
4.759988869075444 0.021649086265847915
4.766130790196832 0.029518646331698373
4.7722727113182195 0.037323294425578316
4.778414632439607 0.045041982150095625
4.784556553560995 0.052654086037611944
4.790698474682382 0.060139516185437183
4.79684039580377 0.06747882351514682
4.802982316925157 0.07465330523199162
4.809124238046546 0.08164510779619204
4.815266159167933 0.08843732645934285
4.821408080289321 0.09501410018650419
4.8275500014107084 0.10136070059593243
4.833691922532096 0.10746361341854799
4.839833843653484 0.11331061091874454
4.845975764774871 0.11889081373294262
4.852117685896259 0.12419474067352444
4.858259607017647 0.12921434520997316
4.864401528139035 0.13394303756854548
4.870543449260422 0.13837569167556238
4.87668537038181 0.1425086364937828
4.882827291503197 0.1463396316510744
4.888969212624585 0.14986782761987527
4.8951111337459725 0.15309371105921699
4.90125305486736 0.15601903626398883
4.9073949759887485 0.1586467439661453
4.913536897110136 0.16098086898953773
4.919678818231524 0.16302643846651982
4.925820739352911 0.16478936247578851
4.931962660474299 0.16627631905521054
4.938104581595686 0.16749463558139807
4.944246502717074 0.16845216849255967
4.9503884238384614 0.16915718326759144
4.95653034495985 0.1696182364688686
4.9626722660812375 0.16984406151611092
4.968814187202625 0.16984345969191708
4.974956108324013 0.16962519769409717
4.9810980294454 0.16919791285351024
4.987239950566788 0.1685700269359144
4.993381871688175 0.16774966924872536
4.999523792809563 0.16674460958396542
5.00566571393095 0.16556220135142521
5.011807635052339 0.16420933509441132
5.017949556173726 0.16269240243662375
5.024091477295114 0.16101727038388305
5.0302333984165015 0.15918926579891213
5.036375319537889 0.15721316978066602
5.042517240659277 0.15509322161064587
5.048659161780664 0.15283313187555622
5.054801082902052 0.15043610433649698
5.06094300402344 0.1479048660872946
5.067084925144828 0.1452417055260804
5.073226846266215 0.14244851765227437
5.079368767387603 0.13952685619324892
5.0855106885089905 0.13647799205869326
5.091652609630378 0.13330297761388646
5.097794530751766 0.13000271625368515
5.103936451873153 0.1265780367453028
5.110078372994542 0.12302977178843769
5.116220294115929 0.11935884021487682
5.122362215237317 0.11556633221555736
5.128504136358704 0.11165359694080688
5.134646057480092 0.10762233176902666
5.140787978601479 0.103474672480827
5.146929899722867 0.09921328351029866
5.1530718208442545 0.09484144737389644
5.159213741965643 0.09036315230191584
5.1653556630870305 0.08578317701977217
5.171497584208418 0.08110717154864398
5.177639505329806 0.07634173282031692
5.183781426451193 0.07149447383238332
5.189923347572581 0.06657408501074637
5.196065268693968 0.06159038640027595
5.202207189815356 0.0565543692752642
5.208349110936744 0.05147822575284763
5.214491032058132 0.04637536500854153
5.2206329531795195 0.04126041473697058
5.226774874300907 0.03614920657598351
5.232916795422295 0.031058744321184564
5.239058716543682 0.026007153902501474
5.24520063766507 0.021013614275841978
5.251342558786457 0.016098268601320964
5.257484479907845 0.011282115334007305
5.263626401029233 0.006586879141488783
5.269768322150621 0.00203486188138394
5.275910243272008 -0.0023512257834457603
5.282052164393396 -0.006548451189702709
5.2881940855147835 -0.010533863578856559
5.294336006636171 -0.01428471340095421
5.300477927757559 -0.01777868493712573
5.306619848878946 -0.020994139796147185
5.312761770000335 -0.02391036849868919
5.318903691121722 -0.02650784705366126
5.32504561224311 -0.028768495163457072
5.331187533364497 -0.030675932477235962
5.337329454485885 -0.032215729150900624
5.3434713756072725 -0.03337564687503971
5.34961329672866 -0.03414586650212053
5.355755217850048 -0.03451919844421856
5.361897138971436 -0.034491272123338614
5.368039060092824 -0.034060700936903957
5.374180981214211 -0.033229219448544116
5.380322902335599 -0.03200178982465577
5.386464823456986 -0.030386674904798662
5.392606744578374 -0.02839547571225776
5.398748665699761 -0.026043131672761437
5.404890586821149 -0.023347882306689674
5.411032507942537 -0.0203311896852679
5.417174429063925 -0.01701762148641789
5.4233163501853126 -0.013434695043564569
5.4294582713067 -0.009612683343520027
5.435600192428088 -0.00558438449059994
5.441742113549475 -0.0013848567067139411
5.447884034670863 0.0029488785253275708
5.45402595579225 0.007378162052247966
5.460167876913639 0.011863047764201346
5.466309798035026 0.01636267437043382
5.472451719156414 0.020835653767092305
5.4785936402778015 0.025240471171349876
5.484735561399189 0.02953589190016865
5.490877482520577 0.033681369445322046
5.497019403641964 0.03763744934757726
5.503161324763352 0.0413661633104813
5.509303245884739 0.044831408025308925
5.515445167006128 0.04799930330928909
5.521587088127515 0.05083852439299458
5.527729009248903 0.053320603531010785
5.53387093037029 0.05542019655095437
5.540012851491678 0.057115310494571254
5.5461547726130656 0.058387489132546905
5.552296693734453 0.0592219538399638
5.558438614855841 0.05960769808699429
5.564580535977229 0.05953753461164292
5.570722457098617 0.05900809517817501
5.576864378220004 0.05801978366487998
5.583006299341392 0.05657668404601758
5.589148220462779 0.0546864256134301
5.595290141584167 0.05236000850284375
5.6014320627055545 0.04961159322976432
5.607573983826942 0.04645825848431792
5.6137159049483305 0.04291973187097685
5.619857826069718 0.03901809859917594
5.625999747191106 0.03477749332977698
5.632141668312493 0.030223780459644703
5.638283589433881 0.0253842280855805
5.644425510555268 0.020287180736601174
5.650567431676656 0.014961735710118105
5.656709352798043 0.00943742750567335
5.662851273919432 0.003743924434191261
5.668993195040819 -0.0020892589930051123
5.675135116162207 -0.008033030806438636
5.681277037283595 -0.014058968903560586
5.687418958404982 -0.020139544958435073
5.69356087952637 -0.02624832346314873
5.699702800647757 -0.032360134975659746
5.705844721769145 -0.0384512231476022
5.711986642890533 -0.044499365566426974
5.718128564011921 -0.050483968862256826
5.724270485133308 -0.05638613889606202
5.730412406254696 -0.06218872715913819
5.7365543273760835 -0.06787635477337207
5.742696248497471 -0.07343541568774566
5.748838169618859 -0.07885406082073626
5.754980090740246 -0.08412216500365816
5.761122011861635 -0.08923127864026736
5.767263932983022 -0.09417456601746635
5.77340585410441 -0.09894673218553744
5.779547775225797 -0.10354394027883425
5.785689696347185 -0.10796372107440354
5.7918316174685724 -0.1122048764914049
5.79797353858996 -0.11626737862311864
5.804115459711348 -0.12015226577018606
5.810257380832735 -0.12386153681252683
5.816399301954124 -0.12739804512169797
5.822541223075511 -0.1307653930785592
5.828683144196899 -0.13396782812572894
5.834825065318286 -0.1370101411528321
5.840966986439674 -0.13989756788691224
5.847108907561061 -0.14263569384218652
5.853250828682449 -0.14523036327376743
5.8593927498038365 -0.14768759247997418
5.865534670925225 -0.15001348770795067
5.8716765920466125 -0.1522141678378299
5.877818513168 -0.15429569195169418
5.883960434289388 -0.1562639918348769
5.890102355410775 -0.15812480940842727
5.896244276532163 -0.15988363905226832
5.90238619765355 -0.16154567474806503
5.908528118774938 -0.1631157619483425
5.914670039896326 -0.1645983540631013
5.920811961017714 -0.16599747344618193
5.9269538821391015 -0.16731667676003611
5.933095803260489 -0.1685590245984474
5.939237724381877 -0.16972705525125945
5.945379645503264 -0.1708227625024984
5.951521566624652 -0.17184757736269013
5.957663487746039 -0.1728023536470534
5.963805408867428 -0.17368735732308727
5.969947329988815 -0.17450225956348098
5.976089251110203 -0.17524613345299994
5.98223117223159 -0.17591745431091008
5.988373093352978 -0.17651410360355343
5.9945150144743655 -0.17703337643493222
6.000656935595753 -0.17747199261667965
6.006798856717141 -0.17782611133268308
6.012940777838529 -0.1780913494279124
6.019082698959917 -0.1782628033656272
6.025224620081304 -0.17833507491185113
6.031366541202692 -0.1783023006203651
6.037508462324079 -0.178158185204765
6.043650383445467 -0.1778960388953458
6.0497923045668545 -0.17750881888639075
6.055934225688242 -0.17698917498224387
6.06207614680963 -0.1763294995464411
6.068218067931018 -0.17552198184510145
6.074359989052406 -0.17455866685157476
6.080501910173793 -0.17343151854190172
6.086643831295181 -0.1721324876580688
6.092785752416568 -0.1706535838468501
6.098927673537956 -0.16898695199533248
6.105069594659343 -0.16712495247991638
6.111211515780731 -0.16506024492456728
6.117353436902119 -0.16278587492836424
6.123495358023507 -0.16029536307515968
6.1296372791448945 -0.15758279538390782
6.135779200266282 -0.15464291420257123
6.14192112138767 -0.15147120839817538
6.148063042509057 -0.14806400155803778
6.154204963630445 -0.14441853680042555
6.160346884751832 -0.14053305670490934
6.166488805873221 -0.13640687682113697
6.172630726994608 -0.13204045120631563
6.178772648115996 -0.1274354284817062
6.1849145692373835 -0.12259469699026965
6.191056490358771 -0.1175224177823948
6.197198411480159 -0.1122240443528892
6.203340332601546 -0.10670632829598112
6.209482253722934 -0.10097731032899322
6.215624174844322 -0.09504629645026062
6.22176609596571 -0.08892381933119285
6.227908017087097 -0.08262158538301417
6.234049938208485 -0.07615240827162932
6.240191859329872 -0.0695301299651216
6.24633378045126 -0.06276953067414806
6.2524757015726475 -0.055886229274121665
6.258617622694035 -0.04889657596989178
6.2647595438154235 -0.041817539072019266
6.270901464936811 -0.03466658779536344
6.277043386058199 -0.02746157296577927
