time TPR_both_A_closed_1_rho13_imag
0.0 0.0
0.00614192112138767 -8.649229633998613e-08
0.01228384224277534 -6.916543976691091e-07
0.01842576336416301 -2.3328633578237354e-06
0.02456768448555068 -5.5248951451418855e-06
0.030709605606938348 -1.0778585606384966e-05
0.03685152672832602 -1.859944652730448e-05
0.042993447849713685 -2.9486223932995392e-05
0.04913536897110136 -4.3929387508046355e-05
0.05527729009248903 -6.240954209943757e-05
0.061419211213876695 -8.539575463914514e-05
0.06756113233526437 -0.00011334379242610107
0.07370305345665204 -0.00014669427147052195
0.07984497457803971 -0.00018587071645598442
0.08598689569942737 -0.00023127753674265328
0.09212881682081504 -0.00028329792564580383
0.09827073794220272 -0.00034229169290671133
0.10441265906359039 -0.0004085930427619001
0.11055458018497806 -0.0004825083122516108
0.11669650130636572 -0.0005643136863368132
0.12283842242775339 -0.0006542529079728989
0.12898034354914106 -0.0007525350024842357
0.13512226467052874 -0.0008593320363748422
0.1412641857919164 -0.0009747769310857899
0.14740610691330408 -0.0010989613521702256
0.15354802803469175 -0.0012319336939142958
0.15968994915607942 -0.001373697178609465
0.16583187027746707 -0.0015242080885118359
0.17197379139885474 -0.001683374147048797
0.17811571252024241 -0.0018510530641023973
0.1842576336416301 -0.0020270512582676284
0.19039955476301776 -0.0022111227669129145
0.19654147588440543 -0.002402968352722162
0.2026833970057931 -0.002602234813236888
0.20882531812718078 -0.0028085144978061694
0.21496723924856845 -0.003021345034351879
0.22110916036995612 -0.0032402092665228853
0.2272510814913438 -0.003464535400194852
0.23339300261273144 -0.003693697356914417
0.2395349237341191 -0.0039270153308224
0.24567684485550678 -0.0041637565448444215
0.25181876597689445 -0.004403136201523476
0.2579606870982821 -0.004644318623790604
0.2641026082196698 -0.004886418581219532
0.27024452934105747 -0.005128502797869786
0.27638645046244514 -0.005369591638661604
0.2825283715838328 -0.00560866097230488
0.2886702927052205 -0.005844644210075581
0.29481221382660816 -0.006076434521139333
0.30095413494799583 -0.006302887226600715
0.3070960560693835 -0.006522822375939156
0.3132379771907712 -0.006735027510907507
0.31937989831215885 -0.006938260623243282
0.3255218194335465 -0.007131253313603223
0.33166374055493414 -0.007312714159908789
0.3378056616763218 -0.007481332303717491
0.3439475827977095 -0.007635781263253662
0.35008950391909716 -0.007774722981290967
0.35623142504048483 -0.00789681211513718
0.3623733461618725 -0.008000700574499685
0.3685152672832602 -0.00808504231099232
0.37465718840464785 -0.00814849836047759
0.3807991095260355 -0.008189742136336399
0.3869410306474232 -0.008207464968147862
0.39308295176881086 -0.008200381876188254
0.39922487289019853 -0.00816723756767929
0.4053667940115862 -0.008106812635904508
0.4115087151329739 -0.008017929938255557
0.41765063625436155 -0.007899461124065367
0.4237925573757492 -0.007750333277841283
0.4299344784971369 -0.007569535638344601
0.43607639961852457 -0.007356126348995038
0.44221832073991224 -0.007109239190434464
0.4483602418612999 -0.006828090241887414
0.4545021629826876 -0.0065119844143283045
0.4606440841040752 -0.006160321795521082
0.4667860052254629 -0.0057726037448422515
0.47292792634685055 -0.005348438674525619
0.4790698474682382 -0.004887547453654905
0.4852117685896259 -0.004389768371939191
0.49135368971101356 -0.0038550616020765283
0.49749561083240124 -0.0032835131023620863
0.5036375319537889 -0.002675337905125711
0.5097794530751766 -0.0020308827415618748
0.5159213741965643 -0.0013506279594923075
0.5220632953179519 -0.0006351886975030504
0.5282052164393396 0.00011468471337320595
0.5343471375607273 0.0008981071408203311
0.5404890586821149 0.0017140598466270532
0.5466309798035026 0.0025613924882495437
0.5527729009248903 0.003438825918813552
0.558914822046278 0.004344955768060633
0.5650567431676656 0.005278256777087155
0.5711986642890533 0.006237087850357985
0.577340585410441 0.007219697779581013
0.5834825065318286 0.008224231585779604
0.5896244276532163 0.009248737418462948
0.595766348774604 0.010291173944320487
0.6019082698959917 0.011349418152489289
0.6080501910173793 0.012421273499274856
0.614192112138767 0.013504478312335113
0.6203340332601547 0.014596714372826785
0.6264759543815424 0.015695615593897937
0.63261787550293 0.01679877671519678
0.6387597966243177 0.017903761935731934
0.6449017177457054 0.019008113411411873
0.651043638867093 0.020109359548832587
0.6571855599884806 0.021205023033266046
0.6633274811098683 0.022292628536199753
0.669469402231256 0.02336971005603747
0.6756113233526436 0.024433817854525402
0.6817532444740313 0.02548252496093123
0.687895165595419 0.026513433225783378
0.6940370867168066 0.027524178915871535
0.7001790078381943 0.02851243785201453
0.706320928959582 0.02947593010061658
0.7124628500809697 0.030412424239061334
0.7186047712023573 0.031319741223350565
0.724746692323745 0.03219575789390923
0.7308886134451327 0.03303841016199642
0.7370305345665203 0.033845695924550646
0.743172455687908 0.03461567775944713
0.7493143768092957 0.03534648545597063
0.7554562979306834 0.03603631843675412
0.761598219052071 0.036683448127471284
0.7677401401734587 0.03728622032920307
0.7738820612948464 0.03784305764565272
0.780023982416234 0.03835246201332108
0.7861659035376217 0.03881301737745836
0.7923078246590094 0.03922339255019338
0.7984497457803971 0.03958234427984035
0.8045916669017847 0.0398887205521532
0.8107335880231724 0.04014146413541126
0.8168755091445601 0.040339616371865984
0.8230174302659478 0.04048232120845371
0.8291593513873354 0.04056882944998952
0.8353012725087231 0.04059850320850843
0.8414431936301108 0.04057082051321789
0.8475851147514984 0.040485380036867705
0.8537270358728861 0.040341905886420615
0.8598689569942738 0.04014025239889125
0.8660108781156615 0.03988040887727133
0.8721527992370491 0.039562504196709675
0.8782947203584368 0.039186811207678016
0.8844366414798245 0.03875375086081337
0.8905785626012122 0.038263895977539576
0.8967204837225998 0.03771797459146216
0.9028624048439875 0.03711687278789635
0.9090043259653752 0.03646163697269255
0.9151462470867628 0.03575347550670144
0.9212881682081504 0.03499375964867686
0.9274300893295381 0.03418402375702655
0.9335720104509257 0.03332596470944114
0.9397139315723134 0.03242144050889392
0.9458558526937011 0.0314724680546168
0.9519977738150888 0.03048122006722428
0.9581396949364764 0.029450021167964264
0.9642816160578641 0.028381343122904547
0.9704235371792518 0.027277799273503357
0.9765654583006395 0.02614213818524455
0.9827073794220271 0.024977236555643153
0.9888493005434148 0.023786091431752993
0.9949912216648025 0.022571811795163443
1.0011331427861903 0.0213376095792072
1.0072750639075778 0.02008679018858961
1.0134169850289656 0.018822742595796978
1.0195589061503532 0.017548929091374538
1.025700827271741 0.01626887476645841
1.0318427483931285 0.014986156805781862
1.0379846695145163 0.013704393667800817
1.0441265906359039 0.012427234225637834
1.0502685117572914 0.011158346938335914
1.0564104328786792 0.009901409116542142
1.0625523540000668 0.008660096340364293
1.0686942751214545 0.0074380720799112985
1.074836196242842 0.006238977561124789
1.0809781173642299 0.005066421911130796
1.0871200384856174 0.003923972608676202
1.0932619596070052 0.0028151462564853496
1.0994038807283928 0.0017433996837610953
1.1055458018497806 0.0007121213787812398
1.1116877229711681 -0.00027537675623115227
1.117829644092556 -0.001215867342858075
1.1239715652139435 -0.0021062151779945144
1.1301134863353313 -0.0029433846255066455
1.1362554074567188 -0.003724446778610361
1.1423973285781066 -0.004446586426535699
1.1485392496994942 -0.005107108860815792
1.154681170820882 -0.00570344655704265
1.1608230919422695 -0.006233165767178975
1.1669650130636573 -0.006693973055514855
1.1731069341850449 -0.0070837218081794325
1.1792488553064326 -0.007400418741815402
1.1853907764278202 -0.0076422304317200155
1.191532697549208 -0.007807489873546444
1.1976746186705955 -0.007894703085698906
1.2038165397919833 -0.007902555751977423
1.209958460913371 -0.007829919896009457
1.2161003820347587 -0.00767586057069732
1.2222423031561462 -0.007439642537502145
1.228384224277534 -0.007120736902030425
1.2345261453989216 -0.006718827664275544
1.2406680665203094 -0.006233818134140193
1.246809987641697 -0.005665837155696549
1.2529519087630847 -0.005015245077156602
1.2590938298844723 -0.004282639397869276
1.26523575100586 -0.0034688600189307244
1.2713776721272476 -0.002574994020301511
1.2775195932486354 -0.0016023798847268596
1.283661514370023 -0.0005526110873305341
1.2898034354914107 0.0005724610304862766
1.2959453566127983 0.0017707251832251665
1.302087277734186 0.0030398089377504395
1.3082291988555736 0.004377078458853043
1.3143711199769612 0.0057796392742336476
1.320513041098349 0.007244338123621634
1.3266549622197366 0.008767765950151676
1.3327968833411243 0.010346262084608624
1.338938804462512 0.011975919664828805
1.3450807255838997 0.013652592323535837
1.3512226467052872 0.015371902168296352
1.357364567826675 0.017129249067254493
1.3635064889480626 0.018919821243955023
1.3696484100694504 0.020738607174045704
1.375790331190838 0.022580408766073257
1.3819322523122257 0.02443985579810029
1.3880741734336133 0.026311421571578068
1.394216094555001 0.028189439733943167
1.4003580156763886 0.030068122211855668
1.4064999367977764 0.031941578187971026
1.412641857919164 0.03380383404570475
1.4187837790405518 0.035648854198693514
1.4249257001619393 0.037470562714615754
1.431067621283327 0.03926286563676754
1.4372095424047147 0.041019673901305176
1.4433514635261024 0.04273492674339194
1.44949338464749 0.044402615481608086
1.4556353057688778 0.04601680756690235
1.4617772268902653 0.04757167078003834
1.4679191480116531 0.049061497459909564
1.4740610691330407 0.050480728644195845
1.4802029902544285 0.05182397800359418
1.486344911375816 0.05308605545120114
1.4924868324972038 0.054261990309527434
1.4986287536185914 0.05534705391901556
1.5047706747399792 0.056336781573782094
1.5109125958613667 0.05722699367255501
1.5170545169827545 0.058013815975407466
1.523196438104142 0.0586936988598533
1.5293383592255299 0.05926343547316585
1.5354802803469174 0.059720178681379237
1.5416222014683052 0.06006145671934696
1.5477641225896928 0.0602851874504541
1.5539060437110805 0.06038969114913892
1.560047964832468 0.06037370172428248
1.5661898859538559 0.06023637630681512
1.5723318070752434 0.05997730313057973
1.578473728196631 0.059596507641638506
1.5846156493180188 0.05909445677782297
1.5907575704394064 0.05847206136745885
1.5968994915607941 0.057730676603861164
1.6030414126821817 0.056872100560411004
1.6091833338035695 0.05589857071981616
1.615325254924957 0.05481275850050222
1.6214671760463448 0.053617761772989436
1.6276090971677324 0.05231709536953098
1.6337510182891202 0.05091467960120344
1.6398929394105077 0.049414826807966876
1.6460348605318955 0.04782222597890245
1.652176781653283 0.046141925491775745
1.6583187027746709 0.0443793140331887
1.6644606238960584 0.04254009977273112
1.6706025450174462 0.04063028787662535
1.6767444661388338 0.03865615645821592
1.6828863872602216 0.03662423107417569
1.6890283083816091 0.034541257886314465
1.695170229502997 0.0324141756192673
1.7013121506243845 0.030250086453943614
1.7074540717457722 0.02805622600532754
1.7135959928671598 0.02583993254088257
1.7197379139885476 0.023608615602345596
1.7258798351099351 0.021369724198969455
1.732021756231323 0.019130714744234785
1.7381636773527105 0.0168990189106114
1.7443055984740983 0.01468201157808805
1.7504475195954858 0.01248697905185799
1.7565894407168736 0.010321087722772022
1.7627313618382612 0.008191353340940922
1.768873282959649 0.006104611068257223
1.7750152040810365 0.004067486469641766
1.7811571252024243 0.0020863675956134605
1.7872990463238119 0.00016737830040165544
1.7934409674451997 -0.001683647069590731
1.7995828885665872 -0.0034611874925102037
1.805724809687975 -0.005160057479608227
1.8118667308093626 -0.006775427574037213
1.8180086519307503 -0.008302843050523997
1.824150573052138 -0.009738240739129881
1.8302924941735257 -0.011077963909040317
1.8364344152949132 -0.0123187751610962
1.8425763364163008 -0.013457867290412165
1.8487182575376886 -0.014492872092812097
1.8548601786590762 -0.015421867100795041
1.861002099780464 -0.016243380246231585
1.8671440209018515 -0.016956392457868678
1.8732859420232393 -0.017560338211902612
1.8794278631446268 -0.01805510406331181
1.8855697842660146 -0.018441025194246827
1.8917117053874022 -0.018718880023555148
1.89785362650879 -0.018889882928424966
1.9039955476301775 -0.018955675135203638
1.9101374687515653 -0.018918313841675066
1.9162793898729529 -0.018780259637536913
1.9224213109943407 -0.018544362293528217
1.9285632321157282 -0.0182138449927256
1.934705153237116 -0.017792287079999643
1.9408470743585036 -0.01728360540763397
1.9469889954798913 -0.01669203435672104
1.953130916601279 -0.016022104615310347
1.9592728377226667 -0.015278620795463526
1.9654147588440543 -0.014466637972521628
1.971556679965442 -0.013591437231077691
1.9776986010868296 -0.012658500303511596
1.9838405222082174 -0.01167348338854395
1.989982443329605 -0.01064219023920988
1.9961243644509927 -0.009570544611981488
2.0022662855723805 -0.008464562171553757
2.008408206693768 -0.0073303219490565945
2.0145501278151556 -0.006173937455197256
2.020692048936543 -0.00500152755404342
2.026833970057931 -0.003819187207795992
2.0329758911793188 -0.0026329582079164795
2.0391178123007063 -0.0014488000132733768
2.045259733422094 -0.0002725608214686135
2.051401654543482 0.0008900509949527746
2.0575435756648695 0.0020334949502337518
2.063685496786257 0.0031524258626869795
2.0698274179076446 0.004241720480322551
2.0759693390290326 0.005296503163418202
2.08211126015042 0.006312170469204733
2.0882531812718077 0.007284414481397008
2.0943951023931953 0.008209244726009651
2.100537023514583 0.009083008514952692
2.106678944635971 0.009902409560447821
2.1128208657573584 0.01066452470650234
2.118962786878746 0.011366818628647789
2.1251047080001335 0.01200715635997876
2.1312466291215215 0.012583813510311433
2.137388550242909 0.013095484056027909
2.1435304713642966 0.013541285590912106
2.149672392485684 0.013920761942957306
2.155814313607072 0.014233883078692893
2.1619562347284598 0.014481042234902592
2.1680981558498473 0.014663050237573002
2.174240076971235 0.014781126989311829
2.180381998092623 0.014836890129133733
2.1865239192140105 0.014832340892152634
2.192665840335398 0.014769847221109807
2.1988077614567856 0.014652124206485602
2.2049496825781736 0.014482211956921447
2.211091603699561 0.014263451026465724
2.2172335248209487 0.013999455549462294
2.2233754459423363 0.013694084257365822
2.2295173670637243 0.01335140957411429
2.235659288185112 0.01297568500756759
2.2418012093064994 0.012571311073674728
2.247943130427887 0.012142800007153613
2.254085051549275 0.01169473952734427
2.2602269726706625 0.011231755940276932
2.26636889379205 0.010758476867722891
2.2725108149134376 0.010279493900889034
2.2786527360348257 0.009799325480394664
2.284794657156213 0.009322380305127827
2.2909365782776008 0.008852921570508392
2.2970784993989883 0.008395032331568682
2.3032204205203763 0.00795258227817331
2.309362341641764 0.007529196198694376
2.3155042627631515 0.007128224394682245
2.321646183884539 0.00675271529265694
2.327788105005927 0.006405390480308159
2.3339300261273146 0.006088622373318987
2.340071947248702 0.00580441469599055
2.3462138683700897 0.0055543859340758785
2.3523557894914777 0.005339755892046594
2.3584977106128653 0.005161335459677302
2.364639631734253 0.0050195196646733746
2.3707815528556404 0.004914284059368635
2.376923473977028 0.004845184460624082
2.383065395098416 0.0048113600332445805
2.3892073162198035 0.004811539678816264
2.395349237341191 0.004844051664144932
2.4014911584625787 0.004906836396702214
2.4076330795839667 0.00499746222895356
2.4137750007053542 0.005113144149356249
2.419916921826742 0.0052507651954239705
2.4260588429481293 0.005406900403719661
2.4322007640695174 0.005577843093161779
2.438342685190905 0.005759633261714251
2.4444846063122925 0.005948087862518347
2.45062652743368 0.006138832713864664
2.456768448555068 0.006327335788181737
2.4629103696764556 0.0065089416184202125
2.469052290797843 0.006678906555863114
2.4751942119192307 0.006832434611424202
2.4813361330406187 0.006964713612886575
2.4874780541620063 0.007070951413153988
2.493619975283394 0.007146411889367864
2.4997618964047814 0.0071864504795155805
2.5059038175261694 0.00718654901181287
2.512045738647557 0.00714234959248802
2.5181876597689445 0.00704968732947991
2.524329580890332 0.0069046216827764635
2.53047150201172 0.006703466246506905
2.5366134231331077 0.006442816783234141
2.5427553442544952 0.00611957734701014
2.548897265375883 0.005730984348436833
2.555039186497271 0.00527462843206998
2.5611811076186584 0.004748474053800149
2.567323028740046 0.004150876663211921
2.5734649498614335 0.0034805974131724058
2.5796068709828215 0.002736815335931296
2.585748792104209 0.0019191369416650989
2.5918907132255966 0.0010276032115937334
2.598032634346984 6.26939734115133e-05
2.604174555468372 -0.0009746703382300035
2.6103164765897597 -0.0020831295191696205
2.6164583977111473 -0.0032608870005417794
2.622600318832535 -0.00450571577760022
2.6287422399539224 -0.005814966807215745
2.6348841610753104 -0.007185579807506848
2.641026082196698 -0.00861409638263122
2.6471680033180855 -0.010096675386098597
2.653309924439473 -0.011629110427046263
2.659451845560861 -0.013206849415690064
2.6655937666822487 -0.014825016036625763
2.6717356878036362 -0.016478433031744896
2.677877608925024 -0.018161647168233305
2.684019530046412 -0.019868955761380723
2.6901614511677994 -0.02159443461673665
2.696303372289187 -0.023331967251451542
2.7024452934105745 -0.02507527525043918
2.7085872145319625 -0.026817949609239708
2.71472913565335 -0.028553482912164203
2.7208710567747376 -0.030275302191426955
2.727012977896125 -0.03197680231054055
2.733154899017513 -0.03365137971323202
2.7392968201389007 -0.035292466377571365
2.7454387412602883 -0.036893563813868255
2.751580662381676 -0.038448276944227644
2.757722583503064 -0.03995034770144872
2.7638645046244514 -0.04139368818524699
2.770006425745839 -0.04277241321457679
2.7761483468672266 -0.04408087211617094
2.7822902679886146 -0.0453136795912926
2.788432189110002 -0.04646574550515762
2.7945741102313897 -0.04753230344653108
2.8007160313527772 -0.048508937908671446
2.8068579524741653 -0.04939160994707577
2.812999873595553 -0.05017668117441841
2.8191417947169404 -0.05086093595865236
2.825283715838328 -0.05144160169649786
2.831425636959716 -0.051916367041450785
2.8375675580811035 -0.05228339797303566
2.843709479202491 -0.05254135160228034
2.8498514003238786 -0.05268938761732143
2.8559933214452666 -0.05272717728262645
2.862135242566654 -0.05265490991555626
2.8682771636880418 -0.052473296774850964
2.8744190848094293 -0.05218357230710783
2.8805610059308173 -0.05178749270938011
2.886702927052205 -0.051287331778659004
2.8928448481735924 -0.050685874032150094
2.89898676929498 -0.04998640509590538
2.9051286904163676 -0.049192699373448764
2.9112706115377556 -0.048309005020513385
2.917412532659143 -0.04734002626681822
2.9235544537805307 -0.0462909031408854
2.9296963749019183 -0.04516718866918339
2.9358382960233063 -0.04397482363626793
2.941980217144694 -0.0427201090080257
2.9481221382660814 -0.04140967613548557
2.954264059387469 -0.04005045487187379
2.960405980508857 -0.0386496397505163
2.9665479016302445 -0.03721465438574788
2.972689822751632 -0.03575311427302799
2.9788317438730196 -0.03427278817788885
2.9849736649944076 -0.032781558315993505
2.991115586115795 -0.03128737953835708
2.9972575072371828 -0.029798237746526336
3.0033994283585703 -0.028322107772111072
3.0095413494799583 -0.026866910963357526
3.015683270601346 -0.02544047272835002
3.0218251917227335 -0.024050480289774807
3.027967112844121 -0.022704440909891526
3.034109033965509 -0.021409640846300666
3.0402509550868966 -0.020173105299205542
3.046392876208284 -0.019001559609042408
3.0525347973296717 -0.017901391959555323
3.0586767184510597 -0.016878617835551418
3.0648186395724473 -0.015938846476690485
3.070960560693835 -0.015087249558714355
3.0771024818152224 -0.01432853232154793
3.0832444029366104 -0.013666907349721967
3.089386324057998 -0.013106071194671262
3.0955282451793855 -0.012649184010717605
3.101670166300773 -0.012298852357093189
3.107812087422161 -0.012057115297309887
3.1139540085435486 -0.011925433904719387
3.120095929664936 -0.011904684259398552
3.1262378507863238 -0.011995153996758268
3.1323797719077118 -0.012196542442705157
3.1385216930290993 -0.012507964344044404
3.144663614150487 -0.012927957176321298
3.1508055352718745 -0.013454491984736631
3.156947456393262 -0.014084987687371583
3.16308937751465 -0.014816328744007424
3.1692312986360376 -0.015644886068570625
3.175373219757425 -0.01656654103893075
3.1815151408788127 -0.017576712434686607
3.1876570620002007 -0.018670386111906693
3.1937989831215883 -0.01984214720378628
3.199940904242976 -0.02108621461802145
3.2060828253643634 -0.02239647758558095
3.2122247464857514 -0.023766534001606172
3.218366667607139 -0.025189730287539774
3.2245085887285265 -0.02665920249435125
3.230650509849914 -0.028167918359981593
3.236792430971302 -0.029708720029885817
3.2429343520926897 -0.03127436714784129
3.249076273214077 -0.032857580024971404
3.2552181943354648 -0.034451082598174525
3.261360115456853 -0.03604764489474877
3.2675020365782403 -0.037640124727878824
3.273643957699628 -0.039221508357653215
3.2797858788210155 -0.04078494986427846
3.2859277999424035 -0.04232380899395633
3.292069721063791 -0.04383168725332955
3.2982116421851786 -0.045302462045259895
3.304353563306566 -0.046730318656792905
3.310495484427954 -0.04810977992924658
3.3166374055493417 -0.049435733460243936
3.3227793266707293 -0.05070345620795281
3.328921247792117 -0.051908636388605024
3.335063168913505 -0.053047392579314866
3.3412050900348924 -0.054116289959120545
3.34734701115628 -0.055112353641831854
3.3534889322776675 -0.05603307907452067
3.3596308533990555 -0.05687643949516179
3.365772774520443 -0.05764089046189687
3.3719146956418307 -0.058325371484508205
3.3780566167632182 -0.05892930480586609
3.3841985378846062 -0.05945259139724109
3.390340459005994 -0.05989560424640196
3.3964823801273814 -0.06025917903128294
3.402624301248769 -0.060544602284679824
3.4087662223701565 -0.060753597166889425
3.4149081434915445 -0.060888306973454806
3.421050064612932 -0.06095127651422056
3.4271919857343196 -0.06094543150776453
3.433333906855707 -0.06087405614199954
3.439475827977095 -0.06074076895735813
3.4456177490984827 -0.06054949721356008
3.4517596702198703 -0.06030444990455219
3.457901591341258 -0.06001008958889032
3.464043512462646 -0.059671103204643784
3.4701854335840334 -0.059292372038930244
3.476327354705421 -0.05887894102248449
3.4824692758268085 -0.05843598751930377
3.4886111969481965 -0.05796878978043723
3.494753118069584 -0.05748269522947056
3.5008950391909717 -0.05698308874523169
3.5070369603123592 -0.056475361104766274
3.5131788814337472 -0.055964877746721035
3.519320802555135 -0.05545694801197426
3.5254627236765224 -0.054956795014667555
3.53160464479791 -0.05446952629275378
3.537746565919298 -0.05400010538276495
3.5438884870406855 -0.05355332445873909
3.550030408162073 -0.05313377817010378
3.5561723292834606 -0.05274583880779284
3.5623142504048486 -0.052393632921940415
3.568456171526236 -0.05208101950814566
3.5745980926476237 -0.05181156987249077
3.5807400137690113 -0.0515885492782194
3.5868819348903993 -0.05141490046919102
3.593023856011787 -0.05129322915692317
3.5991657771331744 -0.05122579154917447
3.605307698254562 -0.05121448398861105
3.61144961937595 -0.051260834760110834
3.6175915404973376 -0.051365998114708544
3.623733461618725 -0.051530750547063194
3.6298753827401127 -0.0517554893516696
3.6360173038615007 -0.052040233470848435
3.6421592249828882 -0.052384626634891754
3.648301146104276 -0.05278794278164682
3.6544430672256634 -0.05324909372937235
3.6605849883470514 -0.05376663906295276
3.666726909468439 -0.05433879817961319
3.6728688305898265 -0.05496346442622513
3.679010751711214 -0.05563822124625021
3.6851526728326016 -0.056360360240441
3.6912945939539896 -0.057126901031742644
3.697436515075377 -0.057934612811538916
3.7035784361967647 -0.05878003743159828
3.7097203573181523 -0.059659513893944305
3.7158622784395403 -0.06056920407952542
3.722004199560928 -0.06150511954614167
3.7281461206823154 -0.062463149216719215
3.734288041803703 -0.06343908777084599
3.740429962925091 -0.06442866454559319
3.7465718840464786 -0.06542757274617064
3.752713805167866 -0.06643149876297631
3.7588557262892537 -0.06743615138919351
3.7649976474106417 -0.06843729073231151
3.7711395685320293 -0.06943075661385403
3.777281489653417 -0.07041249625420994
3.7834234107748044 -0.07137859104379107
3.7895653318961924 -0.0723252822077656
3.79570725301758 -0.07324899517931556
3.8018491741389675 -0.07414636250567837
3.807991095260355 -0.07501424512209927
3.814133016381743 -0.07584975184113882
3.8202749375031306 -0.07665025691846006
3.826416858624518 -0.07741341557112828
3.8325587797459058 -0.07813717734047175
3.8387007008672938 -0.07881979720851365
3.8448426219886813 -0.07945984439475276
3.850984543110069 -0.0800562087784638
3.8571264642314564 -0.080608104910551
3.8632683853528444 -0.0811150735981327
3.869410306474232 -0.08157698106429455
3.8755522275956196 -0.08199401570463899
3.881694148717007 -0.0823666824812151
3.887836069838395 -0.08269579501295177
3.8939779909597827 -0.08298246543968685
3.9001199120811703 -0.08322809215411975
3.906261833202558 -0.08343434551237199
3.912403754323946 -0.08360315164917576
3.9185456754453334 -0.08373667453790512
3.924687596566721 -0.08383729644859488
3.9308295176881085 -0.0839075969686692
3.936971438809496 -0.08395033076122325
3.943113359930884 -0.08396840424430728
3.9492552810522716 -0.08396485138168847
3.955397202173659 -0.0839428087809642
3.9615391232950468 -0.08390549029865589
3.9676810444164348 -0.08385616135399143
3.9738229655378223 -0.08379811315350795
3.97996488665921 -0.08373463702737102
3.9861068077805974 -0.08366899907545854
3.9922487289019855 -0.08360441531682113
3.998390650023373 -0.08354402753017794
4.004532571144761 -0.08349087996569089
4.010674492266149 -0.08344789709947316
4.016816413387536 -0.08341786259220282
4.022958334508924 -0.08340339960194866
4.029100255630311 -0.08340695258896044
4.035242176751699 -0.08343077073686181
4.041384097873086 -0.0834768931005245
4.047526018994474 -0.0835471355760295
4.053667940115862 -0.08364307977266436
4.05980986123725 -0.08376606385100797
4.0659517823586375 -0.08391717537494064
4.072093703480025 -0.0840972462090479
4.078235624601413 -0.08430684947647263
4.0843775457228 -0.08454629857597357
4.090519466844188 -0.08481564824088672
4.096661387965575 -0.08511469760699533
4.102803309086964 -0.08544299524111564
4.108945230208351 -0.08579984606762
4.115087151329739 -0.08618432011624792
4.1212290724511265 -0.08659526300151552
4.127370993572514 -0.08703130803189485
4.133512914693902 -0.08749088983579911
4.139654835815289 -0.08797225938133453
4.145796756936677 -0.08847350025783016
4.151938678058065 -0.08899254607937926
4.158080599179453 -0.08952719886405801
4.16422252030084 -0.09007514823714588
4.170364441422228 -0.09063399130258855
4.176506362543615 -0.09120125302409073
4.182648283665003 -0.09177440695562433
4.1887902047863905 -0.09235089616074207
4.194932125907778 -0.09292815416088437
4.201074047029166 -0.09350362575480878
4.207215968150554 -0.09407478755431525
4.213357889271942 -0.0946391680855313
4.219499810393329 -0.09519436731009163
4.225641731514717 -0.09573807542654708
4.231783652636104 -0.09626809081917306
4.237925573757492 -0.09678233702896684
4.2440674948788795 -0.09727887862993709
4.250209416000267 -0.09775593590272154
4.2563513371216555 -0.09821189820704511
4.262493258243043 -0.09864533596447177
4.268635179364431 -0.09905501117322421
4.274777100485818 -0.09943988638749145
4.280919021607206 -0.09979913210451219
4.287060942728593 -0.10013213251377215
4.293202863849981 -0.10043848957379788
4.299344784971368 -0.10071802539321584
4.305486706092757 -0.10097078290390944
4.311628627214144 -0.10119702482519667
4.317770548335532 -0.1013972309289069
4.3239124694569195 -0.1015720936260274
4.330054390578307 -0.10172251190614696
4.336196311699695 -0.10184958367123342
4.342338232821082 -0.10195459651528603
4.34848015394247 -0.10203901701107747
4.354622075063858 -0.1021044785745106
4.360763996185246 -0.10215276798603015
4.366905917306633 -0.10218581065701784
4.373047838428021 -0.10220565473715022
4.3791897595494085 -0.10221445416625678
4.385331680670796 -0.10221445078128709
4.391473601792184 -0.10220795559553138
4.397615522913571 -0.10219732937322516
4.40375744403496 -0.10218496262807314
4.409899365156347 -0.10217325517902805
4.416041286277735 -0.10216459540081865
4.422183207399122 -0.10216133931022708
4.42832512852051 -0.10216578963191247
4.434467049641897 -0.10218017498965955
4.440608970763285 -0.10220662937025024
4.4467508918846725 -0.1022471720076864
4.452892813006061 -0.10230368783520034
4.4590347341274486 -0.10237790865134667
4.465176655248836 -0.10247139514443665
4.471318576370224 -0.1025855199166452
4.477460497491611 -0.10272145164523688
4.483602418612999 -0.10288014051352892
4.489744339734386 -0.10306230503839833
4.495886260855774 -0.10326842041434602
4.5020281819771615 -0.10349870848634322
4.50817010309855 -0.10375312945491123
4.5143120242199375 -0.10403137540713327
4.520453945341325 -0.104332865756584
4.526595866462713 -0.10465674466353413
4.5327377875841 -0.10500188049426025
4.538879708705488 -0.10536686736494459
4.545021629826875 -0.10575002880153249
4.551163550948263 -0.10614942353211199
4.557305472069651 -0.10656285341298025
4.563447393191039 -0.10698787347366634
4.569589314312426 -0.10742180404989943
4.575731235433814 -0.10786174495698621
4.5818731565552016 -0.1083045916394014
4.588015077676589 -0.10874705321577129
4.594156998797977 -0.10918567232197916
4.600298919919364 -0.10961684663900659
4.606440841040753 -0.11003685197650957
4.61258276216214 -0.11044186676818124
4.618724683283528 -0.11082799782082854
4.624866604404915 -0.11119130714597551
4.631008525526303 -0.11152783969082763
4.6371504466476905 -0.11183365177477327
4.643292367769078 -0.11210484002838282
4.649434288890466 -0.11233757062423207
4.655576210011854 -0.11252810858293832
4.661718131133242 -0.11267284693365974
4.667860052254629 -0.11276833550604182
4.674001973376017 -0.11281130913028266
4.680143894497404 -0.11279871502364068
4.686285815618792 -0.11272773914537258
4.692427736740179 -0.11259583130773841
4.698569657861567 -0.11240072883832401
4.7047115789829554 -0.11214047859845194
4.710853500104343 -0.11181345717380457
4.716995421225731 -0.11141838906645893
4.723137342347118 -0.11095436273222865
4.729279263468506 -0.11042084432335272
4.735421184589893 -0.10981768901403184
4.741563105711281 -0.10914514980489586
4.747705026832668 -0.10840388372200725
4.753846947954056 -0.10759495534626312
4.759988869075444 -0.10671983762984395
4.766130790196832 -0.10578040997745995
4.7722727113182195 -0.10477895359133936
4.778414632439607 -0.10371814409999867
4.784556553560995 -0.10260104151158787
4.790698474682382 -0.10143107755284575
4.79684039580377 -0.10021204047421944
4.802982316925157 -0.09894805742032631
4.809124238046546 -0.09764357448249919
4.815266159167933 -0.09630333456651438
4.821408080289321 -0.09493235322361346
4.8275500014107084 -0.09353589260651295
4.833691922532096 -0.09211943372412135
4.839833843653484 -0.09068864717912267
4.845975764774871 -0.08924936258136545
4.852117685896259 -0.0878075368371023
4.858259607017647 -0.08636922151954858
4.864401528139035 -0.08494052952998388
4.870543449260422 -0.08352760126073148
4.87668537038181 -0.08213657047188912
4.882827291503197 -0.08077353009267432
4.888969212624585 -0.07944449815580734
4.8951111337459725 -0.07815538406954214
4.90125305486736 -0.07691195542688045
4.9073949759887485 -0.07571980554526873
4.913536897110136 -0.07458432192279074
4.919678818231524 -0.0735106557886325
4.925820739352911 -0.07250369291655273
4.931962660474299 -0.07156802586030933
4.938104581595686 -0.07070792775962384
4.944246502717074 -0.06992732785439139
4.9503884238384614 -0.06922978883357268
4.95653034495985 -0.06861848613363289
4.9626722660812375 -0.06809618928960838
4.968814187202625 -0.06766524542995553
4.974956108324013 -0.06732756499436687
4.9810980294454 -0.06708460974174683
4.987239950566788 -0.0669373831036252
4.993381871688175 -0.06688642292646295
4.999523792809563 -0.06693179663462735
5.00566571393095 -0.0670730988343065
5.011807635052339 -0.06730945136732266
5.017949556173726 -0.06763950581270617
5.024091477295114 -0.06806144842301019
5.0302333984165015 -0.06857300747171126
5.036375319537889 -0.06917146297761606
5.042517240659277 -0.06985365876201684
5.048659161780664 -0.07061601678438147
5.054801082902052 -0.07145455369263175
5.06094300402344 -0.07236489951454914
5.067084925144828 -0.07334231840755306
5.073226846266215 -0.07438173137500262
5.079368767387603 -0.0754777408483107
5.0855106885089905 -0.07662465702549015
5.091652609630378 -0.07781652584832187
5.097794530751766 -0.07904715849212846
5.103936451873153 -0.08031016223418204
5.110078372994542 -0.08159897255909056
5.116220294115929 -0.08290688635211885
5.122362215237317 -0.08422709602433623
5.128504136358704 -0.08555272440680216
5.134646057480092 -0.08687686024471046
5.140787978601479 -0.08819259411660478
5.146929899722867 -0.08949305459847726
5.1530718208442545 -0.09077144448784492
5.159213741965643 -0.09202107689882415
5.1653556630870305 -0.09323541103586659
5.171497584208418 -0.09440808745123756
5.177639505329806 -0.09553296258961558
5.183781426451193 -0.09660414242239794
5.189923347572581 -0.09761601497453164
5.196065268693968 -0.09856328154799229
5.202207189815356 -0.09944098644849114
5.208349110936744 -0.10024454502565659
5.214491032058132 -0.10096976984187886
5.2206329531795195 -0.10161289479125787
5.226774874300907 -0.10217059699772381
5.232916795422295 -0.10264001633039598
5.239058716543682 -0.10301877238466338
5.24520063766507 -0.10330497878928609
5.251342558786457 -0.10349725471303005
5.257484479907845 -0.10359473345892316
5.263626401029233 -0.10359706805011643
5.269768322150621 -0.10350443372848585
5.275910243272008 -0.10331752730542554
5.282052164393396 -0.10303756332369372
5.2881940855147835 -0.10266626700951255
5.294336006636171 -0.10220586401530743
5.300477927757559 -0.10165906697531875
5.306619848878946 -0.10102905891867485
5.312761770000335 -0.10031947360720431
5.318903691121722 -0.09953437288809229
5.32504561224311 -0.09867822117424678
5.331187533364497 -0.09775585718775517
5.337329454485885 -0.09677246312382047
5.3434713756072725 -0.09573353141390722
5.34961329672866 -0.09464482928724961
5.355755217850048 -0.09351236134918471
5.361897138971436 -0.09234233041276041
5.368039060092824 -0.09114109683654018
5.374180981214211 -0.08991513663628223
5.380322902335599 -0.08867099865107167
5.386464823456986 -0.08741526105532184
5.392606744578374 -0.08615448751674651
5.398748665699761 -0.08489518330678404
5.404890586821149 -0.08364375167394254
5.411032507942537 -0.08240645079205217
5.417174429063925 -0.08118935159440528
5.4233163501853126 -0.07999829680119526
5.4294582713067 -0.07883886144156017
5.435600192428088 -0.07771631516286527
5.441742113549475 -0.07663558660871703
5.447884034670863 -0.0756012301336268
5.45402595579225 -0.07461739510634041
5.460167876913639 -0.07368779803573668
5.466309798035026 -0.07281569773301473
5.472451719156414 -0.07200387370178127
5.4785936402778015 -0.0712546079238315
5.484735561399189 -0.07056967018303274
5.490877482520577 -0.06995030704303633
5.497019403641964 -0.06939723456675208
5.503161324763352 -0.06891063483687514
5.509303245884739 -0.06849015630750413
5.515445167006128 -0.06813491798728728
5.521587088127515 -0.06784351742484783
5.527729009248903 -0.06761404243772053
5.53387093037029 -0.06744408649697664
5.540012851491678 -0.06733076765133933
5.5461547726130656 -0.06727075084720052
5.552296693734453 -0.06726027347476309
5.558438614855841 -0.06729517394580155
5.564580535977229 -0.06737092308548295
5.570722457098617 -0.06748265809953267
5.576864378220004 -0.06762521885894629
5.583006299341392 -0.06779318622764359
5.589148220462779 -0.06798092214403498
5.595290141584167 -0.06818261115559761
5.6014320627055545 -0.06839230309630627
5.607573983826942 -0.06860395659021504
5.6137159049483305 -0.06881148306067979
5.619857826069718 -0.06900879092366392
5.625999747191106 -0.06918982964524921
5.632141668312493 -0.06934863334786363
5.638283589433881 -0.06947936365671495
5.644425510555268 -0.06957635148742068
5.650567431676656 -0.06963413748769301
5.656709352798043 -0.06964751086001862
5.662851273919432 -0.06961154630838946
5.668993195040819 -0.06952163887008855
5.675135116162207 -0.06937353641308217
5.681277037283595 -0.06916336960051686
5.687418958404982 -0.06888767914586824
5.69356087952637 -0.06854344020524133
5.699702800647757 -0.06812808377688653
5.705844721769145 -0.06763951500193402
5.711986642890533 -0.0670761282844075
5.718128564011921 -0.06643681917251673
5.724270485133308 -0.06572099296680486
5.730412406254696 -0.06492857004375667
5.7365543273760835 -0.06405998790571095
5.742696248497471 -0.06311619998923593
5.748838169618859 -0.06209867128433059
5.754980090740246 -0.06100937083579093
5.761122011861635 -0.059850761215715725
5.767263932983022 -0.05862578507234242
5.77340585410441 -0.057337848875128286
5.779547775225797 -0.055990803989228205
5.785689696347185 -0.054588925224204506
5.7918316174685724 -0.05313688701200317
5.79797353858996 -0.051639737377942585
5.804115459711348 -0.05010286987575132
5.810257380832735 -0.048531993663625234
5.816399301954124 -0.04693310190293192
5.822541223075511 -0.045312438664663945
5.828683144196899 -0.043676464531118404
5.834825065318286 -0.04203182108169745
5.840966986439674 -0.04038529445222802
5.847108907561061 -0.03874377815695659
5.853250828682449 -0.037114235361440845
5.8593927498038365 -0.03550366079305558
5.865534670925225 -0.03391904247382764
5.8716765920466125 -0.03236732345790789
5.877818513168 -0.0308553637532191
5.883960434289388 -0.029389902603789805
5.890102355410775 -0.027977521305975615
5.896244276532163 -0.02662460672827375
5.90238619765355 -0.025337315700733415
5.908528118774938 -0.024121540436075586
5.914670039896326 -0.02298287514055027
5.920811961017714 -0.02192658396826894
5.9269538821391015 -0.020957570468203922
5.933095803260489 -0.02008034866826016
5.939237724381877 -0.01929901593568433
5.945379645503264 -0.018617227747603094
5.951521566624652 -0.018038174499580773
5.957663487746039 -0.0175645604737198
5.963805408867428 -0.017198585080939757
5.969947329988815 -0.016941926484611312
5.976089251110203 -0.01679572770462812
5.98223117223159 -0.01676058529226555
5.988373093352978 -0.01683654065670712
5.9945150144743655 -0.017023074113945474
6.000656935595753 -0.017319101717831794
6.006798856717141 -0.01772297492135866
6.012940777838529 -0.018232483103825876
6.019082698959917 -0.01884485898637023
6.025224620081304 -0.0195567869444621
6.031366541202692 -0.020364414211465603
6.037508462324079 -0.021263364952226485
6.043650383445467 -0.022248757170033086
6.0497923045668545 -0.023315222394231876
6.055934225688242 -0.024456928079401384
6.06207614680963 -0.025667602630399772
6.068218067931018 -0.026940562950936057
6.074359989052406 -0.02826874439671122
6.080501910173793 -0.029644732997768125
6.086643831295181 -0.031060799798667597
6.092785752416568 -0.03250893714957346
6.098927673537956 -0.033980896766504405
6.105069594659343 -0.03546822936501501
6.111211515780731 -0.036962325658580514
6.117353436902119 -0.038454458501130516
6.123495358023507 -0.039935825942658376
6.1296372791448945 -0.04139759495774701
6.135779200266282 -0.04283094559936677
6.14192112138767 -0.04422711532446551
6.148063042509057 -0.04557744323384715
6.154204963630445 -0.04687341396665605
6.160346884751832 -0.04810670098953021
6.166488805873221 -0.04926920902218788
6.172630726994608 -0.05035311534489279
6.178772648115996 -0.05135090973887757
6.1849145692373835 -0.052255432818409636
6.191056490358771 -0.05305991252264293
6.197198411480159 -0.05375799854670749
6.203340332601546 -0.05434379450451028
6.209482253722934 -0.05481188763036422
6.215624174844322 -0.055157375842693895
6.22176609596571 -0.055375892010546955
6.227908017087097 -0.0554636252822955
6.234049938208485 -0.05541733935561368
6.240191859329872 -0.05523438758832874
6.24633378045126 -0.0549127248709398
6.2524757015726475 -0.05445091620325508
6.258617622694035 -0.053848141939542675
6.2647595438154235 -0.05310419968863036
6.270901464936811 -0.052219502877348035
6.277043386058199 -0.05119507600738561
