time TPR_both_A_open_11_rho11
62.83185307179586 0.5617449154793495
62.83799499291725 0.5617439606126252
62.844136914038636 0.5617416934559609
62.850278835160026 0.5617382697786909
62.856420756281416 0.5617338578109807
62.8625626774028 0.5617286368660135
62.86870459852419 0.5617227958444387
62.87484651964557 0.5617165316315752
62.88098844076696 0.5617100473984283
62.88713036188835 0.5617035508180933
62.893272283009736 0.5616972522095354
62.899414204131126 0.5616913626210952
62.90555612525252 0.5616860918663542
62.9116980463739 0.5616816465252111
62.91783996749529 0.561678227923175
62.92398188861668 0.5616760301019786
62.93012380973806 0.5616752377946507
62.93626573085945 0.56167602441817
62.942407651980844 0.5616785500967553
62.94854957310223 0.5616829597287231
62.95469149422362 0.56168938110968
62.960833415345 0.5616979231245947
62.96697533646639 0.561708674021034
62.97311725758778 0.5617216997755292
62.979259178709164 0.5617370425646862
62.985401099830554 0.5617547193522298
62.991543020951944 0.5617747206027269
62.99768494207333 0.5617970091322103
63.00382686319472 0.5618215191053632
63.00996878431611 0.5618481551883101
63.01611070543749 0.5618767918653791
63.02225262655888 0.5619072729274713
63.028394547680264 0.5619394111388933
63.034536468801655 0.5619729880886475
63.040678389923045 0.5620077542312912
63.04682031104443 0.562043429121506
63.05296223216582 0.5620797018455091
63.05910415328721 0.5621162316513799
63.06524607440859 0.5621526487792585
63.07138799552998 0.5621885554912219
63.07752991665137 0.5622235272994469
63.083671837772755 0.5622571143900494
63.089813758894145 0.5622888432387331
63.095955680015535 0.5623182184131192
63.10209760113692 0.5623447245553536
63.10823952225831 0.562367828537312
63.11438144337969 0.5623869817794694
63.12052336450108 0.5624016227232552
63.12666528562247 0.5624111794455194
63.132807206743855 0.562415072402577
63.138949127865246 0.5624127172901947
63.145091048986636 0.5624035280048612
63.15123297010802 0.5623869196907306
63.15737489122941 0.5623623118557751
63.1635168123508 0.5623291315399271
63.16965873347218 0.5622868165173597
63.17580065459357 0.5622348185145264
63.181942575714956 0.5621726064252018
63.188084496836346 0.5620996695035119
63.194226417957736 0.5620155205158295
63.20036833907912 0.5619196988324532
63.20651026020051 0.5618117734401668
63.2126521813219 0.5616913458571088
63.21879410244328 0.561558052931866
63.22493602356467 0.5614115695093173
63.231077944686064 0.5612516109465248
63.23721986580745 0.5610779354628558
63.24336178692884 0.5608903463095407
63.24950370805023 0.5606886937449981
63.25564562917161 0.5604728768034963
63.261787550293 0.5602428448460434
63.267929471414384 0.5599985988837949
63.274071392535774 0.5597401926657362
63.280213313657164 0.5594677335239012
63.28635523477855 0.5591813829709341
63.29249715589994 0.558881357046354
63.29863907702133 0.5585679264094427
63.30478099814271 0.5582414161782167
63.3109229192641 0.5579022055154554
63.31706484038549 0.5575507269642358
63.323206761506874 0.5571874655368252
63.329348682628265 0.5568129575621441
63.33549060374965 0.5564277892982736
63.34163252487104 0.556032595317671
63.34777444599243 0.5556280566738478
63.35391636711381 0.5552148988592635
63.3600582882352 0.5547938895650794
63.36620020935659 0.554365836254217
63.372342130477975 0.5539315835598463
63.378484051599365 0.5534920105220301
63.384625972720755 0.5530480276757338
63.39076789384214 0.552600574003811
63.39690981496353 0.5521506137688881
63.40305173608492 0.5516991332382871
63.4091936572063 0.5512471373162898
63.41533557832769 0.5507956460981148
63.421477499449075 0.5503456913600058
63.427619420570466 0.5498983129997933
63.433761341691856 0.5494545554422113
63.43990326281324 0.5490154640231221
63.44604518393463 0.548582081366658
63.45218710505602 0.5481554437690925
63.4583290261774 0.5477365776030528
63.46447094729879 0.5473264957554524
63.47061286842018 0.5469261941122839
63.476754789541566 0.5465366481031412
63.482896710662956 0.5461588093180767
63.48903863178434 0.5457936022091022
63.49518055290573 0.5454419208883388
63.50132247402712 0.5451046260345032
63.5074643951485 0.5447825419190734
63.51360631626989 0.544476453563112
63.51974823739128 0.5441871040353413
63.52589015851267 0.543915191901638
63.53203207963406 0.543661368835673
63.53817400075545 0.5434262373999222
63.54431592187683 0.5432103490057549
63.55045784299822 0.5430142020607278
63.55659976411961 0.5428382403105982
63.562741685240994 0.5426828513829035
63.568883606362384 0.5425483655382389
63.57502552748377 0.5424350546346052
63.58116744860516 0.5423431313093845
63.58730936972655 0.5422727483826454
63.59345129084793 0.5422239984845783
63.59959321196932 0.5421969139089196
63.60573513309071 0.5421914666932469
63.611877054212094 0.54220756892602
63.618018975333484 0.542245073279213
63.624160896454875 0.5423037737643382
63.63030281757626 0.5423834067086032
63.63644473869765 0.5424836519468934
63.64258665981904 0.5426041342242239
63.64872858094042 0.5427444248022762
63.65487050206181 0.5429040432626371
63.661012423183195 0.543082459498389
63.667154344304585 0.543279095884788
63.673296265425975 0.5434933296188891
63.67943818654736 0.5437244952171857
63.68558010766875 0.5439718871595831
63.69172202879014 0.5442347626673745
63.69786394991152 0.5445123446022959
63.70400587103291 0.5448038244732536
63.7101477921543 0.5451083655368961
63.716289713275685 0.5454251059778985
63.722431634397076 0.5457531621545884
63.72857355551846 0.5460916318954204
63.73471547663985 0.5464395978317506
63.74085739776124 0.5467961307524103
63.74699931888262 0.5471602929657058
63.75314124000401 0.5475311416546703
63.7592831611254 0.5479077322116785
63.765425082246786 0.5482891215388799
63.771567003368176 0.548674371301313
63.777708924489566 0.5490625511200252
63.78385084561095 0.5494527416930316
63.78999276673234 0.549844037832491
63.79613468785373 0.5502355514070582
63.80227660897511 0.550626414178972
63.8084185300965 0.5510157805260596
63.814560451217886 0.551402830039473
63.82070237233928 0.5517867699886033
63.82684429346067 0.5521668376452681
63.83298621458205 0.5525423024598946
63.83912813570344 0.5529124680830574
63.84527005682483 0.5532766742263532
63.85141197794621 0.5536342983572043
63.857553899067604 0.553984757222798
63.863695820188994 0.5543275081989568
63.86983774131038 0.5546620504603341
63.87597966243177 0.5549879259689144
63.88212158355315 0.5553047202783791
63.88826350467454 0.555612063152493
63.89440542579593 0.555909628996253
63.900547346917314 0.556197137099144
63.906689268038704 0.5564743516904568
63.912831189160094 0.5567410818072523
63.91897311028148 0.5569971809761991
63.92511503140287 0.5572425467111753
63.93125695252426 0.5574771198292147
63.93739887364564 0.5577008835880795
63.94354079476703 0.5579138626494758
63.94968271588842 0.5581161218726763
63.955824637009805 0.5583077649440813
63.961966558131195 0.5584889328490343
63.96810847925258 0.5586598021930048
63.97425040037397 0.558820583380045
63.98039232149536 0.5589715186572344
63.98653424261674 0.5591128800346128
63.99267616373813 0.5592449670908836
63.99881808485952 0.5593681046759226
64.0049600059809 0.5594826405218489
64.01110192710229 0.559588942775101
64.01724384822369 0.5596873974625839
64.02338576934507 0.5597784059055391
64.02952769046645 0.5598623820952808
64.03566961158785 0.5599397500453787
64.04181153270923 0.5600109411352066
64.04795345383062 0.5600763914600317
64.05409537495201 0.5601365392029666
64.0602372960734 0.5601918220441571
64.06637921719478 0.5602426746225192
64.07252113831618 0.5602895260651584
64.07866305943756 0.5603327975993224
64.08480498055894 0.5603729002613228
64.09094690168034 0.5604102327163457
64.09708882280172 0.5604451792024258
64.1032307439231 0.5604781076111109
64.1093726650445 0.5605093677164791
64.11551458616589 0.5605392895632054
64.12165650728727 0.5605681820233136
64.12779842840867 0.5605963315300905
64.13394034953005 0.560624000996408
64.14008227065143 0.5606514289233835
64.14622419177283 0.5606788287039435
64.15236611289421 0.560706388124429
64.1585080340156 0.5607342690659178
64.16464995513698 0.5607626074054569
64.17079187625838 0.5607915131158857
64.17693379737976 0.5608210705614377
64.18307571850114 0.5608513389848091
64.18921763962254 0.5608823531799246
64.19535956074392 0.5609141243432081
64.20150148186531 0.5609466410947855
64.2076434029867 0.5609798706597591
64.21378532410809 0.5610137601984488
64.21992724522947 0.5610482382733751
64.22606916635087 0.5610832164397149
64.23221108747225 0.5611185909450432
64.23835300859363 0.5611542445233683
64.24449492971503 0.5611900482677945
64.25063685083641 0.5612258635656058
64.2567787719578 0.5612615440791625
64.2629206930792 0.5612969377557445
64.26906261420058 0.5613318888493629
64.27520453532196 0.5613662399375942
64.28134645644336 0.5613998339166668
64.28748837756474 0.561432515958353
64.29363029868613 0.5614641354126686
64.29977221980752 0.5614945476409794
64.3059141409289 0.5615236157648207
64.31205606205029 0.5615512123165672
64.31819798317167 0.5615772207790268
64.32433990429307 0.5616015370020623
64.33048182541445 0.5616240704854619
64.33662374653584 0.5616447455184648
64.34276566765723 0.5616635021675962
64.34890758877862 0.5616802971057593
64.3550495099 0.5616951042768508
64.3611914310214 0.5617079153915191
64.36733335214278 0.561718740251027
64.37347527326416 0.561727606897528
64.37961719438556 0.5617345615903926
64.38575911550694 0.5617396686095152
64.39190103662833 0.561743009887793
64.39804295774972 0.561744684476176
64.4041848788711 0.5617448078458427
64.41032679999249 0.5617435110331446
64.41646872111389 0.5617409396339887
64.42261064223527 0.561737252655271
64.42875256335665 0.5617326212318525
64.43489448447805 0.561727227218363
64.44103640559943 0.5617212616658308
64.44717832672082 0.561714923193781
64.45332024784221 0.5617084162689979
64.4594621689636 0.5617019494026316
64.46560409008498 0.5616957332777404
64.47174601120636 0.5616899788196918
64.47788793232776 0.5616848952221196
64.48402985344914 0.5616806879413291
64.49017177457053 0.5616775566721901
64.49631369569192 0.5616756933186332
64.50245561681331 0.5616752799718887
64.50859753793469 0.5616764869095799
64.51473945905609 0.5616794706286982
64.52088138017747 0.5616843719253553
64.52702330129885 0.5616913140340289
64.53316522242025 0.5617004008387856
64.53930714354163 0.5617117151686908
64.54544906466302 0.5617253171892878
64.55159098578442 0.5617412429016586
64.5577329069058 0.5617595027601506
64.56387482802718 0.5617800804193877
64.57001674914858 0.5618029316206505
64.57615867026996 0.5618279832271427
64.58230059139134 0.5618551324170148
64.58844251251274 0.561884246042344
64.59458443363413 0.5619151601615096
64.60072635475551 0.5619476797516086
64.6068682758769 0.5619815786067001
64.61301019699829 0.562016599426739
64.61915211811967 0.5620524541011038
64.62529403924106 0.5620888241895857
64.63143596036245 0.562125361602637
64.63757788148384 0.5621616894815541
64.64371980260522 0.5621974032781016
64.64986172372662 0.5622320720318897
64.656003644848 0.5622652398425755
64.66214556596938 0.5622964275327132
64.66828748709078 0.5623251344958042
64.67442940821216 0.562350840722822
64.68057132933355 0.5623730089992208
64.68671325045494 0.5623910872631768
64.69285517157633 0.562404511114585
64.69899709269771 0.5624127064631386
64.7051390138191 0.5624150923026779
64.71128093494049 0.5624110835979117
64.71742285606187 0.5624000942686039
64.72356477718327 0.5623815402553943
64.72970669830465 0.5623548426505893
64.73584861942604 0.5623194308765355
64.74199054054743 0.5622747458935791
64.74813246166882 0.5622202434191281
64.7542743827902 0.5621553971389784
64.7604163039116 0.562079701891855
64.76655822503298 0.561992676808037
64.77270014615436 0.5618938683830187
64.77884206727575 0.5617828534673713
64.78498398839714 0.5616592421543426
64.79112590951853 0.5615226805472475
64.79726783063991 0.5613728533893584
64.80340975176131 0.5612094865397981
64.80955167288269 0.5610323492798662
64.81569359400407 0.5608412564352732
64.82183551512547 0.5606360703009147
64.82797743624685 0.560416702356079
64.83411935736824 0.5601831147593193
64.84026127848963 0.5599353216136457
64.84640319961102 0.5596733899941626
64.8525451207324 0.5593974407318006
64.8586870418538 0.5591076489483333
64.86482896297518 0.5588042443394323
64.87097088409656 0.5584875112040675
64.87711280521796 0.558157788220092
64.88325472633935 0.557815467967364
64.88939664746073 0.5574609962012029
64.89553856858213 0.5570948708803866
64.90168048970351 0.55671764095522
64.90782241082489 0.5563299049224578
64.91396433194629 0.5559323091550231
64.92010625306767 0.555525546015539
64.92624817418906 0.555110351763656
64.93239009531044 0.5546875042680318
64.93853201643184 0.5542578205345841
64.94467393755322 0.5538221540633048
64.9508158586746 0.5533813920464902
64.956957779796 0.5529364524217046
64.96309970091738 0.5524882807931761
64.96924162203877 0.5520378472356072
64.97538354316016 0.5515861429945887
64.98152546428155 0.5511341770979419
64.98766738540293 0.5506829728923743
64.99380930652433 0.5502335645198435
64.99995122764571 0.5497869933479718
65.00609314876709 0.5493443043687678
65.01223506988849 0.5489065425797761
65.01837699100987 0.5484747493616123
65.02451891213126 0.5480499588656527
65.03066083325265 0.5476331944254318
65.03680275437404 0.5472254650050684
65.04294467549542 0.5468277616977938
65.04908659661682 0.5464410542873885
65.0552285177382 0.5460662878850565
65.06137043885958 0.5457043796539757
65.06751235998098 0.5453562156334495
65.07365428110236 0.5450226476742637
65.07979620222375 0.5447044904965007
65.08593812334513 0.5444025188807
65.09208004446653 0.5441174650028504
65.09822196558791 0.5438500159232795
65.1043638867093 0.5436008112390398
65.11050580783069 0.5433704409088945
65.11664772895207 0.5431594432594693
65.12278965007346 0.5429683031805461
65.12893157119485 0.5427974505168538
65.13507349231624 0.5426472586630252
65.14121541343762 0.5425180433676714
65.14735733455902 0.5424100617517399
65.1534992556804 0.5423235115455113
65.15964117680178 0.5422585305477104
65.16578309792318 0.5422151963093021
65.17192501904456 0.5421935260435893
65.17806694016595 0.5421934767632463
65.18420886128735 0.5422149456439063
65.19035078240873 0.5422577706128893
65.19649270353011 0.5423217311606051
65.20263462465151 0.5424065493711127
65.20877654577289 0.5425118911672618
65.21491846689428 0.5426373677648054
65.22106038801567 0.5427825373288405
65.22720230913706 0.5429469068249566
65.23334423025844 0.5431299340565003
65.23948615137982 0.5433310298784728
65.24562807250122 0.543549560577715
65.2517699936226 0.5437848504082508
65.25791191474399 0.5440361842699437
65.26405383586538 0.5443028105179727
65.27019575698677 0.5445839438900816
65.27633767810815 0.5448787685380765
65.28247959922955 0.5451864411496619
65.28862152035093 0.5455060941464137
65.29476344147231 0.5458368389434809
65.30090536259371 0.5461777692564966
65.3070472837151 0.5465279644411605
65.31318920483648 0.5468864928510079
65.31933112595787 0.5472524151990432
65.32547304707926 0.547624787909121
65.33161496820064 0.548002666443271
65.33775688932204 0.5483851085915159
65.34389881044342 0.5487711777111555
65.3500407315648 0.5491599459029674
65.3561826526862 0.5495504971122864
65.36232457380758 0.5499419301434874
65.36846649492897 0.550333361576976
65.37460841605036 0.5507239285784009
65.38075033717175 0.5511127915904296
65.38689225829313 0.5514991368980536
65.39303417941451 0.5518821790590395
65.39917610053591 0.5522611631917711
65.4053180216573 0.5526353671133699
65.41145994277868 0.5530041033216075
65.41760186390007 0.5533667208147452
65.42374378502146 0.5537226067440476
65.42988570614284 0.554071187894325
65.43602762726424 0.5544119319884515
65.44216954838562 0.5547443488123959
65.448311469507 0.5550679911578938
65.4544533906284 0.5553824555804704
65.46059531174978 0.55568738297111
65.46673723287117 0.5559824589404708
65.47287915399257 0.5562674140151354
65.47902107511395 0.556542023646011
65.48516299623533 0.5568061080296217
65.49130491735673 0.5570595317436826
65.49744683847811 0.5573022031990196
65.5035887595995 0.5575340739105854
65.50973068072089 0.557755137591038
65.51587260184228 0.557965429071082
65.52201452296366 0.5581650230515258
65.52815644408506 0.5583540326927839
65.53429836520644 0.5585326080483369
65.54044028632782 0.5587009343494589
65.5465822074492 0.5588592301493243
65.5527241285706 0.5590077453354024
65.55886604969199 0.5591467590198397
65.56500797081337 0.5592765773183003
65.57114989193477 0.5593975310284863
65.57729181305615 0.5595099732202683
65.58343373417753 0.5596142767500294
65.58957565529893 0.5597108317124438
65.59571757642031 0.5598000428434686
65.6018594975417 0.5598823268888093
65.6080014186631 0.5599581099525346
65.61414333978448 0.5600278248408301
65.62028526090586 0.5600919084161126
65.62642718202726 0.5601507989768502
65.63256910314864 0.5602049336784569
65.63871102427002 0.5602547460105409
65.64485294539142 0.560300663345579
65.6509948665128 0.5603431045737756
65.65713678763419 0.560382477838426
65.66327870875558 0.5604191783855498
65.66942062987697 0.5604535865408963
65.67556255099835 0.560486065826638
65.68170447211975 0.5605169612291887
65.68784639324113 0.5605465976285816
65.69398831436251 0.560575278398763
65.7001302354839 0.5606032841869804
65.7062721566053 0.5606308718791844
65.71241407772668 0.5606582737570435
65.71855599884806 0.560685696850779
65.72469791996946 0.5607133224906002
65.73083984109084 0.5607413060580467
65.73698176221222 0.5607697769370482
65.74312368333362 0.560798838663017
65.749265604455 0.5608285692667767
65.75540752557639 0.560859021808653
65.76154944669779 0.5608902250965948
65.76769136781917 0.5609221845807831
65.77383328894055 0.5609548834158267
65.77997521006195 0.5609882836803634
65.78611713118333 0.5610223277426769
65.79225905230471 0.5610569397598291
65.79840097342611 0.5610920272968005
65.8045428945475 0.5611274830512406
65.81068481566888 0.5611631866686506
65.81682673679028 0.56119900663219
65.82296865791166 0.5612348022107828
65.82911057903304 0.5612704254488381
65.83525250015444 0.56130572318068
65.84139442127582 0.561340539052697
65.8475363423972 0.5613747155363031
65.85367826351859 0.5614080959150021
65.85982018463999 0.5614405262292083
65.86596210576137 0.5614718571629684
65.87210402688275 0.5615019458573425
65.87824594800415 0.5615306576359506
65.88438786912553 0.5615578676290465
65.89052979024692 0.5615834622834426
65.89667171136831 0.5616073407466582
65.9028136324897 0.5616294161148053
65.90895555361108 0.5616496165349254
65.91509747473248 0.561667886153747
65.92123939585386 0.5616841859061442
65.92738131697524 0.5616984941378972
65.93352323809664 0.5617108070587068
65.93966515921802 0.561721139022768
65.9458070803394 0.5617295226355415
65.9519490014608 0.5617360086866878
65.95809092258219 0.5617406659104138
65.96423284370357 0.5617435805757289
65.97037476482497 0.561744855910307
65.97651668594635 0.561744611362783
65.98265860706773 0.5617429817093945
65.98880052818913 0.5617401160118765
65.99494244931051 0.561736176434453
66.0010843704319 0.5617313369286201
66.00722629155328 0.5617257817951918
66.01336821267468 0.5617197041337771
66.01951013379606 0.5617133041904743
66.02565205491744 0.5617067876151061
66.03179397603884 0.5617003636397889
66.03793589716022 0.5616942431910127
66.04407781828161 0.5616886369477319
66.050219739403 0.5616837533582186
66.05636166052439 0.5616797966286147
66.06250358164577 0.5616769646962428
66.06864550276717 0.5616754472008075
66.07478742388855 0.5616754234666205
66.08092934500993 0.5616770605089475
66.08707126613133 0.5616805110774747
66.09321318725272 0.5616859117497512
66.0993551083741 0.5616933810872676
66.1054970294955 0.5617030178665936
66.11163895061688 0.561714899397704
66.11778087173826 0.5617290799412912
66.12392279285966 0.5617455892364688
66.13006471398104 0.5617644311498458
66.13620663510243 0.5617855824564546
66.14234855622382 0.5618089917624853
66.1484904773452 0.5618345785791842
66.15463239846659 0.5618622325566281
66.16077431958797 0.5618918128853843
66.16691624070937 0.5619231478733062
66.17305816183075 0.5619560347038988
66.17920008295214 0.5619902393818156
66.18534200407353 0.5620254968701154
66.19148392519492 0.5620615114229263
66.1976258463163 0.5620979571161251
66.2037677674377 0.5621344785775506
66.20990968855908 0.5621706919171386
66.21605160968046 0.5622061858561929
66.22219353080186 0.562240523053788
66.22833545192324 0.562273241627077
66.23447737304463 0.5623038568610004
66.24061929416602 0.562331863101636
66.2467612152874 0.5623567358261423
66.25290313640879 0.5623779338809927
66.25904505753019 0.5623949018789338
66.26518697865157 0.5624070727438935
66.27132889977295 0.5624138703918719
66.27747082089435 0.5624147125347275
66.28361274201573 0.5624090135926997
66.28975466313712 0.5623961877005226
66.29589658425851 0.5623756517910805
66.3020385053799 0.56234682873975
66.30818042650128 0.5623091505518794
66.31432234762266 0.5622620615752716
66.32046426874406 0.5622050217190895
66.32660618986544 0.5621375096602778
66.33274811098683 0.5620590260184168
66.33889003210822 0.5619690964798885
66.34503195322961 0.5618672748523387
66.35117387435099 0.5617531460306892
66.35731579547239 0.5616263288563429
66.36345771659377 0.561486478851792
66.36959963771515 0.5613332908135218
66.37574155883655 0.5611665012469322
66.38188347995793 0.5609858906279601
66.38802540107932 0.5607912854771538
66.39416732220072 0.5605825602331399
66.4003092433221 0.5603596389137011
66.40645116444348 0.5601224965540494
66.41259308556488 0.5598711604133079
66.41873500668626 0.5596057109417073
66.42487692780765 0.5593262825025295
66.43101884892904 0.5590330638443768
66.43716077005043 0.5587262983209126
66.44330269117181 0.5584062838567616
66.4494446122932 0.5580733726597971
66.45558653341459 0.5577279706815254
66.46172845453597 0.5573705368287318
66.46787037565737 0.5570015819309264
66.47401229677875 0.5566216674694436
66.48015421790014 0.5562314040752745
66.48629613902152 0.5558314498038559
66.49243806014292 0.5554225081960771
66.4985799812643 0.5550053261357233
66.50472190238568 0.5545806915144038
66.51086382350708 0.5541494307157714
66.51700574462846 0.5537124059314646
66.52314766574985 0.553270512321757
66.52928958687124 0.5528246750343309
66.53543150799263 0.5523758460949584
66.54157342911401 0.5519250011841244
66.5477153502354 0.5514731363138268
66.55385727135679 0.5510212644188978
66.55999919247817 0.5505704118772374
66.56614111359957 0.5501216149733482
66.57228303472095 0.5496759163194954
66.57842495584234 0.5492343612487168
66.58456687696373 0.5487979941937677
66.59070879808512 0.5483678550659116
66.5968507192065 0.5479449756472751
66.6029926403279 0.5475303760102628
66.60913456144928 0.5471250609772945
66.61527648257066 0.546730016633869
66.62141840369206 0.5463462069076975
66.62756032481344 0.5459745702263621
66.63370224593483 0.5456160162656598
66.63984416705621 0.545271422800481
66.64598608817761 0.5449416326697403
66.65212800929899 0.5446274508665211
66.65826993042037 0.5443296417642265
66.66441185154177 0.5440489264891214
66.67055377266315 0.543785980449213
66.67669569378454 0.5435414310289549
66.68283761490594 0.5433158554587431
66.68897953602732 0.5431097788676287
66.6951214571487 0.5429236725270734
66.7012633782701 0.5427579522929323
66.70740529939148 0.5426129772521636
66.71354722051287 0.5424890485800189
66.71968914163426 0.5423864086126877
66.72583106275565 0.5423052401395306
66.73197298387703 0.5422456659181574
66.73811490499843 0.5422077484146849
66.74425682611981 0.5421914897705485
66.75039874724119 0.5421968319962499
66.75654066836259 0.542223657391403
66.76268258948397 0.5422717891894027
66.76882451060536 0.5423409924239885
66.77496643172675 0.5424309750139186
66.78110835284814 0.5425413890609219
66.78725027396952 0.5426718323550526
66.7933921950909 0.5428218500805625
66.7995341162123 0.5429909367144184
66.80567603733368 0.5431785381086498
66.81181795845507 0.5433840537468189
66.81795987957646 0.5436068391640683
66.82410180069785 0.5438462085194301
66.83024372181923 0.5441014373083812
66.83638564294063 0.5443717652030059
66.84252756406201 0.5446563990065916
66.8486694851834 0.5449545157090283
66.85481140630479 0.5452652656290201
66.86095332742617 0.5455877756288463
66.86709524854756 0.5459211523872296
66.87323716966895 0.546264485715777
66.87937909079034 0.5466168519044612
66.88552101191172 0.546977317081694
66.89166293303312 0.5473449405747056
66.8978048541545 0.5477187782561961
66.90394677527588 0.5480978858635276
66.91008869639728 0.5484813222771124
66.91623061751866 0.5488681527450836
66.92237253864005 0.5492574520418222
66.92851445976143 0.5496483075484421
66.93465638088283 0.550039822243896
66.94079830200421 0.5504311175959636
66.94694022312561 0.5508213363419848
66.95308214424699 0.5512096451498392
66.95922406536837 0.5515952371502999
66.96536598648976 0.5519773343325338
66.97150790761116 0.5523551897951555
66.97764982873254 0.5527280898458797
66.98379174985392 0.5530953559434413
66.98993367097532 0.5534563464760707
66.9960755920967 0.5538104583714291
67.00221751321808 0.5541571285335001
67.00835943433948 0.5544958351025376
67.01450135546087 0.5548260985347548
67.02064327658225 0.5551474824990242
67.02678519770365 0.555459594588449
67.03292711882503 0.5557620868452495
67.03906903994641 0.5560546560980109
67.04521096106781 0.5563370441109351
67.05135288218919 0.5566090375453706
67.05749480331058 0.5568704677345179
67.06363672443197 0.5571212102728712
67.06977864555336 0.5573611844226252
67.07592056667474 0.5575903523399806
67.08206248779612 0.5578087181249889
67.08820440891752 0.5580163266993282
67.0943463300389 0.5582132625171553
67.1004882511603 0.558399648114955
67.10663017228168 0.5585756425071009
67.11277209340307 0.5587414394346351
67.11891401452445 0.5588972654755816
67.12505593564585 0.5590433780258973
67.13119785676723 0.559180063160958
67.13733977788861 0.559307633388238
67.14348169901001 0.5594264253025877
67.1496236201314 0.5595367971562102
67.15576554125278 0.5596391263561026
67.16190746237417 0.5597338069023254
67.16804938349556 0.5598212467810083
67.17419130461694 0.5599018653264632
67.18033322573834 0.5599760905671685
67.18647514685972 0.5600443565706782
67.1926170679811 0.5601071008027217
67.1987589891025 0.560164761515854
67.20490091022388 0.5602177751830117
67.21104283134527 0.5602665739912145
67.21718475246666 0.5603115834104186
67.22332667358805 0.5603532198521786
67.22946859470943 0.5603918884323106
67.23561051583083 0.5604279808511703
67.24175243695221 0.5604618734044581
67.2478943580736 0.5604939251366592
67.25403627919499 0.5605244761483131
67.26017820031637 0.5605538460672886
67.26632012143776 0.5605823326931326
67.27246204255914 0.5606102108223627
67.27860396368054 0.5606377312613013
67.28474588480192 0.5606651200317055
67.2908878059233 0.5606925777730496
67.2970297270447 0.560720279343871
67.30317164816609 0.5607483736231197
67.30931356928747 0.5607769835109423
67.31545549040887 0.5608062061268412
67.32159741153025 0.560836113201641
67.32773933265163 0.5608667516582158
67.33388125377303 0.5608981443744947
67.34002317489441 0.560930291120853
67.3461650960158 0.5609631696626625
67.35230701713719 0.5609967370175087
67.35844893825858 0.5610309308554008
67.36459085937996 0.5610656710292079
67.37073278050136 0.5611008612215859
67.37687470162274 0.561136390693784
67.38301662274412 0.5611721361209893
67.38915854386552 0.5612079634982545
67.3953004649869 0.5612437301005839
67.40144238610829 0.5612792864804205
67.40758430722968 0.5613144784855987
67.41372622835107 0.5613491492807768
67.41986814947245 0.5613831413554778
67.42601007059383 0.5614162985021091
67.43215199171523 0.5614484677477223
67.43829391283661 0.5614795012238024
67.444435833958 0.561509257959017
67.4505777550794 0.561537605580637
67.45671967620078 0.5615644219112237
67.46286159732216 0.5615895964481541
67.46900351844356 0.5616130317146423
67.47514543956494 0.5616346444720605
67.48128736068632 0.5616543667845815
67.48742928180772 0.5616721469284434
67.4935712029291 0.5616879501394342
67.49971312405049 0.5617017591935435
67.50585504517188 0.5617135748170682
67.51199696629327 0.5617234159238087
67.51813888741465 0.5617313196783358
67.52428080853605 0.5617373413856096
67.53042272965743 0.5617415542085223
67.53656465077881 0.5617440487161646
67.54270657190021 0.5617449322667984
67.5488484930216 0.5617443282306476
67.55499041414298 0.5617423750586655
67.56113233526438 0.5617392252044355
67.56727425638576 0.5617350439072625
67.57341617750714 0.5617300078453556
67.57955809862852 0.5617243036687537
67.58570001974992 0.5617181264223222
67.5918419408713 0.561711677869752
67.59798386199269 0.5617051647300059
67.60412578311409 0.5616987968381106
67.61026770423547 0.5616927852425565
67.61640962535685 0.5616873402518751
67.62255154647825 0.561682669443198
67.62869346759963 0.5616789756457712
67.63483538872102 0.5616764549125066
67.64097730984241 0.5616752944927076
67.6471192309638 0.5616756708191004
67.65326115208518 0.5616777475222474
67.65940307320658 0.5616816734853081
67.66554499432796 0.5616875809519629
67.67168691544934 0.5616955837001023
67.67782883657074 0.5617057752936363
67.68397075769212 0.5617182274244759
67.6901126788135 0.5617329883563895
67.6962545999349 0.5617500814820394
67.70239652105629 0.5617695040040547
67.70853844217767 0.5617912257505013
67.71468036329907 0.5618151881345547
67.72082228442045 0.5618413032675753
67.72696420554183 0.5618694532341344
67.73310612666322 0.5618994895368072
67.73924804778461 0.5619312327177919
67.745389968906 0.561964472163572
67.75153189002738 0.5619989660979564
67.75767381114878 0.5620344417678853
67.76381573227016 0.5620705958253969
67.76995765339154 0.5621070949080891
67.77609957451294 0.5621435764193244
67.78224149563432 0.5621796495082676
67.7883834167557 0.5622148962486758
67.7945253378771 0.5622488730141301
67.80066725899849 0.5622811120461635
67.80680918011987 0.5623111232104714
67.81295110124127 0.5623383959351197
67.81909302236265 0.5623624013233885
67.82523494348403 0.562382594432632
67.83137686460543 0.5623984167092824
67.83751878572681 0.5624092985689196
67.8436607068482 0.5624146621091566
67.8498026279696 0.5624139239419762
67.85594454909098 0.5624064981311088
67.86208647021236 0.5623917992190693
67.86822839133376 0.5623692453275936
67.87437031245514 0.5623382613144344
67.88051223357652 0.5622982819688125
67.88665415469791 0.562248755227261
67.8927960758193 0.5621891453911928
67.89893799694069 0.5621189363272224
67.90507991806207 0.5620376346311398
67.91122183918347 0.5619447727364235
67.91736376030485 0.561839911948338
67.92350568142624 0.5617226453849423
67.92964760254763 0.5615926008067907
67.93578952366902 0.5614494433176891
67.9419314447904 0.5612928779195931
67.9480733659118 0.5611226519056008
67.95421528703318 0.5609385570759802
67.96035720815456 0.5607404317632664
67.96649912927596 0.560528162653685
67.97264105039734 0.5603016863934499
67.97878297151873 0.5600609909698738
67.98492489264012 0.5598061168586713
67.9910668137615 0.5595371579303434
67.99720873488289 0.5592542621100538
68.00335065600429 0.558957631786974
68.00949257712567 0.5586475239706267
68.01563449824705 0.558324250193302
68.02177641936845 0.557988176159151
68.02791834048983 0.557639721142035
68.03406026161122 0.557279357135642
68.0402021827326 0.5569076077607488
68.046344103854 0.5565250469357931
68.05248602497538 0.5561322973181325
68.05862794609676 0.5557300285244803
68.06476986721816 0.555318955140029
68.07091178833954 0.5548998345266984
68.07705370946093 0.5544734644417534
68.08319563058232 0.5540406804787644
68.08933755170371 0.5536023533434922
68.09547947282509 0.5531593859777933
68.10162139394649 0.5527127105450685
68.10776331506787 0.5522632852911021
68.11390523618925 0.5518120912943922
68.12004715731065 0.5513601291202318
68.12618907843203 0.5509084153929079
68.13233099955342 0.5504579793004144
68.13847292067481 0.5500098590460519
68.1446148417962 0.5495650982612228
68.15075676291758 0.5491247423936105
68.15689868403898 0.5486898350847887
68.16304060516036 0.548261414551125
68.16918252628174 0.5478405099816449
68.17532444740314 0.547428137966294
68.18146636852453 0.5470252989677962
68.18760828964591 0.5466329738500535
68.19375021076729 0.5462521204757524
68.19989213188869 0.5458836703855663
68.20603405301007 0.5455285255710344
68.21217597413145 0.5451875553528884
68.21831789525285 0.5448615933762525
68.22445981637424 0.5445514347337947
68.23060173749562 0.5442578332275176
68.23674365861702 0.5439814987794698
68.2428855797384 0.5437230950012136
68.24902750085978 0.5434832369314057
68.25516942198118 0.5432624889503307
68.26131134310256 0.5430613628796652
68.26745326422395 0.5428803162751421
68.27359518534534 0.5427197509191342
68.27973710646673 0.5425800115194741
68.28587902758811 0.5424613846200745
68.2920209487095 0.5423640977281149
68.29816286983089 0.5422883186617165
68.30430479095227 0.5422341551211334
68.31044671207367 0.5422016544855579
68.31658863319505 0.5421908038366701
68.32273055431644 0.5422015302090593
68.32887247543783 0.5422337010666253
68.33501439655922 0.5422871250030163
68.3411563176806 0.5423615526631169
68.34729823880198 0.5424566778815356
68.35344015992338 0.5425721390329975
68.35958208104476 0.5427075205885139
68.36572400216615 0.5428623548701915
68.37186592328754 0.5430361239965683
68.37800784440893 0.5432282620094372
68.38414976553031 0.5434381571722295
68.39029168665171 0.5436651544292177
68.39643360777309 0.5439085580140383
68.40257552889447 0.5441676341953557
68.40871745001587 0.5444416141468884
68.41485937113725 0.5447296969284982
68.42100129225864 0.5450310525646168
68.42714321338003 0.5453448252059409
68.43328513450142 0.5456701363600782
68.4394270556228 0.5460060881766742
68.4455689767442 0.5463517667724722
68.45171089786558 0.5467062455817937
68.45785281898696 0.5470685887180172
68.46399474010836 0.5474378543318335
68.47013666122974 0.5478130979523019
68.47627858235113 0.5481933757970796
68.48242050347253 0.5485777480385714
68.48856242459391 0.5489652820132096
68.49470434571529 0.5493550553615647
68.50084626683667 0.5497461590875257
68.50698818795807 0.5501377005253606
68.51313010907946 0.550528806204065
68.51927203020084 0.5509186245990243
68.52541395132224 0.5513063287616435
68.53155587244362 0.5516911188182333
68.537697793565 0.5520722243300854
68.5438397146864 0.552448906507305
68.54998163580778 0.5528204602695984
68.55612355692917 0.5531862161478424
68.56226547805056 0.5535455420208812
68.56840739917195 0.553897844682597
68.57454932029333 0.5542425712349098
68.58069124141473 0.554579210302948
68.58683316253611 0.554907293069223
68.59297508365749 0.5552263941242254
68.59911700477889 0.5555361321314466
68.60525892590027 0.5558361703054239
68.61140084702166 0.5561262167019955
68.61754276814305 0.5564060243205746
68.62368468926444 0.5566753910188628
68.62982661038582 0.556934159241066
68.63596853150722 0.5571822155613438
68.6421104526286 0.5574194900448873
68.64825237374998 0.5576459554297383
68.65439429487137 0.5578616261331775
68.66053621599276 0.558066557087257
68.66667813711415 0.5582608424088146
68.67282005823553 0.5584446139100913
68.67896197935693 0.5586180394568616
68.68510390047831 0.5587813211817864
68.6912458215997 0.5589346935615
68.69738774272109 0.5590784213667384
68.70352966384247 0.5592127974955928
68.70967158496386 0.5593381407007438
68.71581350608525 0.5594547932222511
68.72195542720664 0.5595631183381754
68.72809734832802 0.5596634978459515
68.73423926944942 0.5597563294880187
68.7403811905708 0.5598420243357392
68.74652311169218 0.5599210041460819
68.75266503281358 0.5599936987059165
68.75880695393496 0.5600605431790344
68.76494887505635 0.560121975471193
68.77109079617775 0.5601784336285569
68.77723271729913 0.5602303532848677
68.78337463842051 0.5602781651725386
68.78951655954191 0.560322292712602
68.79565848066329 0.5603631496980619
68.80180040178467 0.5604011380847095
68.80794232290606 0.560436645902853
68.81408424402746 0.560470045302679
68.82022616514884 0.5605016907451392
68.82636808627022 0.560531917349309
68.83251000739162 0.5605610394061263
68.838651928513 0.5605893490672865
68.84479384963439 0.560617115216854
68.85093577075578 0.5606445825318552
68.85707769187717 0.5606719707367672
68.86321961299855 0.5606994740553958
68.86936153411995 0.5607272608621939
68.87550345524133 0.5607554735335806
68.88164537636271 0.5607842284983212
68.88778729748411 0.5608136164845314
68.89392921860549 0.5608437029593629
68.90007113972688 0.5608745287559649
68.90621306084827 0.5609061108808787
68.91235498196966 0.5609384434936344
68.91849690309104 0.5609714990489992
68.92463882421244 0.5610052295910825
68.93078074533382 0.5610395681873374
68.9369226664552 0.5610744304894455
68.9430645875766 0.5611097164071123
68.94920650869798 0.5611453118799741
68.95534842981937 0.5611810907321049
68.96149035094075 0.5612169165930379
68.96763227206215 0.5612526448687822
68.97377419318353 0.5612881247460209
68.97991611430491 0.5613232012125204
68.98605803542631 0.5613577170767928
68.9921999565477 0.5613915149701759
68.99834187766908 0.5614244393147915
69.00448379879047 0.5614563382412648
69.01062571991186 0.5614870654406361
69.01676764103324 0.5615164819355841
69.02290956215464 0.5615444577568853
69.02905148327602 0.5615708735119339
69.0351934043974 0.5615956218331601
69.0413353255188 0.5616186086952875
69.04747724664018 0.5616397545915253
69.05361916776157 0.5616589955600398
69.05976108888296 0.56167628405332
69.06590301000435 0.5616915896443768
69.07204493112573 0.5617048995650537
69.07818685224713 0.5617162190730722
69.08432877336851 0.5617255716457922
69.0904706944899 0.5617329989999877
69.09661261561129 0.5617385609382515
69.10275453673268 0.5617423350239087
69.10889645785406 0.5617444160875418
