time TPR_both_B_closed_1_rho22
0.0 0.0
0.00614192112138767 1.5080726727467199e-06
0.01228384224277534 6.0220396469202904e-06
0.01842576336416301 1.3511226022371412e-05
0.02456768448555068 2.3924767185901656e-05
0.030709605606938348 3.7191997209760795e-05
0.03685152672832602 5.322298875916039e-05
0.042993447849713685 7.1909240690456e-05
0.04913536897110136 9.312450847619069e-05
0.05527729009248903 0.00011672577158139101
0.061419211213876695 0.0001425543309443309
0.06756113233526437 0.0001704370287910996
0.07370305345665204 0.00020018758214304853
0.07984497457803971 0.00023160802056548108
0.08598689569942737 0.0002644902179602886
0.09212881682081504 0.00029861750752965675
0.09827073794220272 0.00033376636843699846
0.10441265906359039 0.00036970817216890853
0.11055458018497806 0.0004062109761616376
0.11669650130636572 0.00044304135190020264
0.12283842242775339 0.00047996623443009547
0.12898034354914106 0.0005167547800422863
0.13512226467052874 0.0005531802188029424
0.1412641857919164 0.000589021688600469
0.14740610691330408 0.0006240660374740064
0.15354802803469175 0.0006581095811686781
0.15968994915607942 0.0006909598031323744
0.16583187027746707 0.0007224369845248168
0.17197379139885474 0.0007523757522496792
0.17811571252024241 0.000780626533541681
0.1842576336416301 0.0008070569062394088
0.19039955476301776 0.00083155283454722
0.19654147588440543 0.0008540197808315932
0.2026833970057931 0.0008743836848039336
0.20882531812718078 0.0008925918023079422
0.21496723924856845 0.0009086133968497251
0.22110916036995612 0.0009224402779770078
0.2272510814913438 0.00093408718162403
0.23339300261273144 0.0009435919885845765
0.2395349237341191 0.0009510157783505948
0.24567684485550678 0.0009564427166512168
0.25181876597689445 0.0009599797761399118
0.2579606870982821 0.0009617562907989504
0.2641026082196698 0.0009619233457533825
0.27024452934105747 0.0009606530053042637
0.27638645046244514 0.0009581373830958895
0.2825283715838328 0.0009545875594173638
0.2886702927052205 0.0009502323516980345
0.29481221382660816 0.0009453169452824488
0.30095413494799583 0.0009401013925569095
0.3070960560693835 0.0009348589894400657
0.3132379771907712 0.0009298745391380873
0.31937989831215885 0.000925442513894971
0.3255218194335465 0.0009218651262347992
0.33166374055493414 0.0009194503218900982
0.3378056616763218 0.0009185097072339118
0.3439475827977095 0.0009193564245783517
0.35008950391909716 0.0009223029891651515
0.35623142504048483 0.0009276591020505481
0.3623733461618725 0.0009357294533745378
0.3685152672832602 0.0009468115307006133
0.37465718840464785 0.0009611934472144371
0.3807991095260355 0.0009791518045770458
0.3869410306474232 0.0010009496051391993
0.39308295176881086 0.0010268342280380558
0.39922487289019853 0.0010570354834157697
0.4053667940115862 0.0010917637586227444
0.4115087151329739 0.0011312082697976776
0.41765063625436155 0.0011755354316543114
0.4237925573757492 0.001224887357653742
0.4299344784971369 0.0012793805020045767
0.43607639961852457 0.0013391044541151565
0.44221832073991224 0.001404120895226998
0.4483602418612999 0.0014744627259916944
0.4545021629826876 0.0015501333727203593
0.4606440841040752 0.0016311062789414695
0.4667860052254629 0.001717324587756264
0.47292792634685055 0.0018087010192877353
0.4790698474682382 0.0019051179462871422
0.4852117685896259 0.0020064276696986154
0.49135368971101356 0.002112452894695927
0.49749561083240124 0.0022229874064040762
0.5036375319537889 0.002337796943210508
0.5097794530751766 0.002456620264265104
0.5159213741965643 0.0025791704064731732
0.5220632953179519 0.0027051361250101827
0.5282052164393396 0.0028341835101394408
0.5343471375607273 0.0029659577719028316
0.5404890586821149 0.0031000851830882024
0.5466309798035026 0.0032361751697631558
0.5527729009248903 0.0033738225376113884
0.558914822046278 0.00351260982132179
0.5650567431676656 0.0036521097433689772
0.5711986642890533 0.0037918877676933584
0.577340585410441 0.003931504733044999
0.5834825065318286 0.0040705195501038955
0.5896244276532163 0.004208491945934395
0.595766348774604 0.00434498523887771
0.6019082698959917 0.004479569126637014
0.6080501910173793 0.004611822470067399
0.614192112138767 0.004741336055050056
0.6203340332601547 0.004867715314807721
0.6264759543815424 0.004990582995107479
0.63261787550293 0.005109581744997278
0.6387597966243177 0.005224376616033243
0.6449017177457054 0.005334657453374669
0.651043638867093 0.005440141162650158
0.6571855599884806 0.005540573837129033
0.6633274811098683 0.00563573273046333
0.669469402231256 0.005725428061093366
0.6756113233526436 0.005809504635329253
0.6817532444740313 0.0058878432771267315
0.687895165595419 0.005960362053662413
0.6940370867168066 0.006027017286974723
0.7001790078381943 0.006087804343165902
0.706320928959582 0.0061427581919501805
0.7124628500809697 0.006191953730676193
0.7186047712023573 0.006235505868340198
0.724746692323745 0.006273569366532475
0.7308886134451327 0.006306338435714263
0.7370305345665203 0.006334046086698182
0.743172455687908 0.006356963238692718
0.7493143768092957 0.006375397586762302
0.7554562979306834 0.006389692233040032
0.761598219052071 0.006400224087501417
0.7677401401734587 0.006407402045555917
0.7738820612948464 0.006411664951129986
0.780023982416234 0.006413479355292055
0.7861659035376217 0.006413337081798403
0.7923078246590094 0.006411752612210687
0.7984497457803971 0.006409260304443506
0.8045916669017847 0.00640641145973584
0.8107335880231724 0.006403771254096617
0.8168755091445601 0.006401915551244878
0.8230174302659478 0.0064014276149428504
0.8291593513873354 0.0064028947393994125
0.8353012725087231 0.006406904817096734
0.8414431936301108 0.006414042863959139
0.8475851147514984 0.006424887522236072
0.8537270358728861 0.006440007561806746
0.8598689569942738 0.0064599584008292596
0.8660108781156615 0.0064852786667493265
0.8721527992370491 0.0065164868186512615
0.8782947203584368 0.006554077851775431
0.8844366414798245 0.006598520104741632
0.8905785626012122 0.006650252189607021
0.8967204837225998 0.006709680064351433
0.9028624048439875 0.006777174266724026
0.9090043259653752 0.006853067327605834
0.9151462470867628 0.006937651381146198
0.9212881682081504 0.007031175987921686
0.9274300893295381 0.007133846186248417
0.9335720104509257 0.0072458207855588645
0.9397139315723134 0.0073672109144380556
0.9458558526937011 0.007498078834509077
0.9519977738150888 0.007638437029871353
0.9581396949364764 0.007788247580235759
0.9642816160578641 0.007947421824277049
0.9704235371792518 0.008115820318045789
0.9765654583006395 0.008293253091558737
0.9827073794220271 0.008479480204928903
0.9888493005434148 0.008674212603614551
0.9949912216648025 0.008877113270571517
1.0011331427861903 0.009087798671296098
1.0072750639075778 0.009305840485957693
1.0134169850289656 0.009530767621052783
1.0195589061503532 0.009762068491275505
1.025700827271741 0.009999193560606471
1.0318427483931285 0.010241558129981267
1.0379846695145163 0.010488545357323771
1.0441265906359039 0.010739509494227605
1.0502685117572914 0.01099377932215106
1.0564104328786792 0.01125066176966653
1.0625523540000668 0.011509445691083134
1.0686942751214545 0.011769405785649308
1.074836196242842 0.012029806635547936
1.0809781173642299 0.01228990684002682
1.0871200384856174 0.012548963222267975
1.0932619596070052 0.0128062350849953
1.0994038807283928 0.013060988490356095
1.1055458018497806 0.013312500539290735
1.1116877229711681 0.013560063625429391
1.117829644092556 0.013802989638526216
1.1239715652139435 0.014040614092560794
1.1301134863353313 0.014272300153903322
1.1362554074567188 0.014497442545353182
1.1423973285781066 0.014715471302417711
1.1485392496994942 0.014925855358896479
1.154681170820882 0.015128105939672462
1.1608230919422695 0.01532177973958026
1.1669650130636573 0.015506481868318062
1.1731069341850449 0.01568186854258782
1.1792488553064326 0.015847649507980868
1.1853907764278202 0.016003590174565957
1.191532697549208 0.016149513451676024
1.1976746186705955 0.016285301269020024
1.2038165397919833 0.016410895772958015
1.209958460913371 0.016526300188562052
1.2161003820347587 0.016631579339932215
1.2222423031561462 0.016726859823136757
1.228384224277534 0.016812329828086735
1.2345261453989216 0.016888238607628957
1.2406680665203094 0.016954895594135086
1.246809987641697 0.01701266916586888
1.2529519087630847 0.01706198506741718
1.2590938298844723 0.017103324490461737
1.26523575100586 0.017137221823138326
1.2713776721272476 0.01716426207816563
1.2775195932486354 0.017185078011818324
1.283661514370023 0.017200346947656882
1.2898034354914107 0.017210787320699843
1.2959453566127983 0.017217154959423324
1.302087277734186 0.01722023912458753
1.3082291988555736 0.017220858325411644
1.3143711199769612 0.017219855935037894
1.320513041098349 0.01721809562853434
1.3266549622197366 0.017216456667876134
1.3327968833411243 0.017215829059408896
1.338938804462512 0.01721710861022874
1.3450807255838997 0.017221191910705178
1.3512226467052872 0.017228971271019203
1.357364567826675 0.017241329640085405
1.3635064889480626 0.01725913553556847
1.3696484100694504 0.017283238013888157
1.375790331190838 0.017314461709129536
1.3819322523122257 0.017353601969635073
1.3880741734336133 0.01740142012075104
1.394216094555001 0.01745863888173197
1.4003580156763886 0.01752593796417474
1.4064999367977764 0.01760394987855947
1.412641857919164 0.017693255974520112
1.4187837790405518 0.017794382739357534
1.4249257001619393 0.017907798378045514
1.431067621283327 0.018033909696571683
1.4372095424047147 0.018173059308906454
1.4433514635261024 0.018325523186211674
1.44949338464749 0.01849150856509416
1.4556353057688778 0.018671152229787904
1.4617772268902653 0.0188645191811209
1.4679191480116531 0.019071601703000568
1.4740610691330407 0.01929231883494629
1.4802029902544285 0.019526516256920878
1.486344911375816 0.019773966590378427
1.4924868324972038 0.020034370117066578
1.4986287536185914 0.02030735591471134
1.5047706747399792 0.020592483406286412
1.5109125958613667 0.02088924431714087
1.5170545169827545 0.021197065031844417
1.523196438104142 0.0215153093402227
1.5293383592255299 0.021843281559711686
1.5354802803469174 0.02218023001887448
1.5416222014683052 0.022525350884710884
1.5477641225896928 0.022877792314263776
1.5539060437110805 0.023236658909001024
1.560047964832468 0.02360101644853976
1.5661898859538559 0.02396989687849522
1.5723318070752434 0.02434230352558981
1.578473728196631 0.024717216511661068
1.5846156493180188 0.02509359833687022
1.5907575704394064 0.025470399601244503
1.5968994915607941 0.025846564832694933
1.6030414126821817 0.02622103838884337
1.6091833338035695 0.026592770399374487
1.615325254924957 0.026960722715203656
1.6214671760463448 0.027323874830524824
1.6276090971677324 0.027681229743774072
1.6337510182891202 0.028031819723716392
1.6398929394105077 0.02837471194723394
1.6460348605318955 0.028709013975962327
1.652176781653283 0.029033879039683273
1.6583187027746709 0.02934851109533449
1.6644606238960584 0.029652169631633307
1.6706025450174462 0.029944174190624586
1.6767444661388338 0.030223908578947
1.6828863872602216 0.030490824743256335
1.6890283083816091 0.03074444628604065
1.695170229502997 0.030984371599999345
1.7013121506243845 0.031210276601224593
1.7074540717457722 0.03142191704360848
1.7135959928671598 0.03161913039918833
1.7197379139885476 0.03180183729152452
1.7258798351099351 0.031970042471665024
1.732021756231323 0.03212383532877559
1.7381636773527105 0.03226338993008981
1.7443055984740983 0.0323889645874441
1.7504475195954858 0.03250090095029663
1.7565894407168736 0.03259962262776862
1.7627313618382612 0.032685633344880526
1.768873282959649 0.03275951464076763
1.7750152040810365 0.032821923119236145
1.7811571252024243 0.03287358726454878
1.7872990463238119 0.032915303837794
1.7934409674451997 0.0329479338715825
1.7995828885665872 0.0329723982831155
1.805724809687975 0.032989673127870274
1.8118667308093626 0.03300078451823646
1.8180086519307503 0.033006803233401674
1.824150573052138 0.03300883904861642
1.8302924941735257 0.03300803481365494
1.8364344152949132 0.03300556031182367
1.8425763364163008 0.03300260593224127
1.8487182575376886 0.03300037618931793
1.8548601786590762 0.03300008312438871
1.861002099780464 0.033002939625300313
1.8671440209018515 0.03301015270040737
1.8732859420232393 0.033022916743898297
1.8794278631446268 0.03304240682963899
1.8855697842660146 0.03306977207079152
1.8917117053874022 0.033106129082333124
1.89785362650879 0.033152555583267594
1.9039955476301775 0.03321008417478581
1.9101374687515653 0.03327969632989725
1.9162793898729529 0.03336231662911961
1.9224213109943407 0.0334588072756853
1.9285632321157282 0.03356996292240279
1.934705153237116 0.033696505840804775
1.9408470743585036 0.033839081461529495
1.9469889954798913 0.03399825431302293
1.953130916601279 0.03417450438362801
1.9592728377226667 0.03436822392994941
1.9654147588440543 0.03457971475206196
1.971556679965442 0.03480918595367574
1.9776986010868296 0.035056752202796554
1.9838405222082174 0.03532243250573701
1.989982443329605 0.03560614950455731
1.9961243644509927 0.03590772930515902
2.0022662855723805 0.03622690184033577
2.008408206693768 0.03656330176911772
2.0145501278151556 0.036916469910748526
2.020692048936543 0.037285855208621155
2.026833970057931 0.03767081721648927
2.0329758911793188 0.038070629096282636
2.0391178123007063 0.03848448111390421
2.045259733422094 0.03891148461649207
2.051401654543482 0.039350676471808003
2.0575435756648695 0.039801023947684366
2.063685496786257 0.04026143000683726
2.0698274179076446 0.04073073898985549
2.0759693390290326 0.04120774265681525
2.08211126015042 0.04169118655576606
2.0882531812718077 0.04217977668429826
2.0943951023931953 0.04267218640854922
2.100537023514583 0.043167063602347344
2.106678944635971 0.04366303796773994
2.1128208657573584 0.044158728496914455
2.118962786878746 0.04465275103450919
2.1251047080001335 0.045143725898528164
2.1312466291215215 0.04563028551753035
2.137388550242909 0.04611108204145995
2.1435304713642966 0.046584794883425304
2.149672392485684 0.04705013814992012
2.155814313607072 0.04750586791741202
2.1619562347284598 0.04795078931389716
2.1680981558498473 0.0483837633649347
2.174240076971235 0.048803713564823305
2.180381998092623 0.049209632134960456
2.1865239192140105 0.04960058593302403
2.192665840335398 0.049975721978427444
2.1988077614567856 0.05033427256151216
2.2049496825781736 0.05067555990614565
2.211091603699561 0.05099900035777406
2.2172335248209487 0.05130410807152519
2.2233754459423363 0.05159049817765298
2.2295173670637243 0.0518578894044456
2.235659288185112 0.05210610614166855
2.2418012093064994 0.05233507993066527
2.247943130427887 0.05254485037037458
2.254085051549275 0.05273556543172806
2.2602269726706625 0.052907481176143856
2.26636889379205 0.05306096087711922
2.2725108149134376 0.053196473547222844
2.2786527360348257 0.05331459187608286
2.284794657156213 0.05341598958823856
2.2909365782776008 0.05350143823295616
2.2970784993989883 0.053571803421283495
2.3032204205203763 0.053628040528718314
2.309362341641764 0.053671189884872995
2.3155042627631515 0.05370237147441944
2.321646183884539 0.053722779176375135
2.327788105005927 0.053733674571430565
2.3339300261273146 0.05373638034950482
2.340071947248702 0.053732273352037
2.3462138683700897 0.05372277728566293
2.3523557894914777 0.0537093551458784
2.3584977106128653 0.05369350139104011
2.364639631734253 0.05367673390859466
2.3707815528556404 0.053660585816744384
2.376923473977028 0.05364659714584954
2.383065395098416 0.05363630644472203
2.3892073162198035 0.05363124235758106
2.395349237341191 0.053632915217811154
2.4014911584625787 0.05364280870478482
2.4076330795839667 0.0536623716098831
2.4137750007053542 0.05369300975746739
2.419916921826742 0.05373607812592442
2.4260588429481293 0.05379287321302614
2.4322007640695174 0.05386462568871892
2.438342685190905 0.05395249337708794
2.4444846063122925 0.05405755460763687
2.45062652743368 0.05418080197418798
2.456768448555068 0.05432313653765087
2.4629103696764556 0.05448536250664014
2.469052290797843 0.054668182427451674
2.4751942119192307 0.05487219291224874
2.4813361330406187 0.05509788093147389
2.4874780541620063 0.05534562069350549
2.493619975283394 0.05561567113143462
2.4997618964047814 0.055908174013565064
2.5059038175261694 0.056223152690853144
2.512045738647557 0.056560511491024604
2.5181876597689445 0.056920035765550304
2.524329580890332 0.05730139259205237
2.53047150201172 0.057704132131066246
2.5366134231331077 0.058127689632424026
2.5427553442544952 0.058571388082870914
2.548897265375883 0.05903444148290046
2.555039186497271 0.05951595873721744
2.5611811076186584 0.06001494813973069
2.567323028740046 0.06053032243056276
2.5734649498614335 0.06106090439925946
2.5796068709828215 0.061605433005210444
2.585748792104209 0.062162569983271486
2.5918907132255966 0.06273090689972795
2.598032634346984 0.0633089726210755
2.604174555468372 0.06389524115563464
2.6103164765897597 0.06448813982577499
2.6164583977111473 0.06508605772651924
2.622600318832535 0.06568735442453504
2.6287422399539224 0.06629036885002015
2.6348841610753104 0.06689342833274929
2.641026082196698 0.06749485773258887
2.6471680033180855 0.06809298861410511
2.653309924439473 0.0686861684144947
2.659451845560861 0.06927276955396007
2.6655937666822487 0.06985119843783204
2.6717356878036362 0.07041990430021221
2.677877608925024 0.07097738783966229
2.684019530046412 0.07152220959850279
2.6901614511677994 0.0720529980385947
2.696303372289187 0.07256845726805557
2.7024452934105745 0.0730673743751964
2.7085872145319625 0.07354862632805033
2.71472913565335 0.07401118640017973
2.7208710567747376 0.07445413008598978
2.727012977896125 0.07487664047152075
2.733154899017513 0.07527801302962996
2.7392968201389007 0.07565765981158373
2.7454387412602883 0.07601511301034909
2.751580662381676 0.07635002787427955
2.757722583503064 0.0766621849534152
2.7638645046244514 0.07695149166424148
2.770006425745839 0.0772179831624563
2.7761483468672266 0.07746182251705828
2.7822902679886146 0.07768330018287317
2.788432189110002 0.07788283277245762
2.7945741102313897 0.07806096113214026
2.8007160313527772 0.07821834773075965
2.8068579524741653 0.07835577337341688
2.812999873595553 0.07847413325625693
2.8191417947169404 0.07857443238191025
2.825283715838328 0.07865778035874356
2.831425636959716 0.0787253856104697
2.8375675580811035 0.07877854902593281
2.843709479202491 0.07881865708200059
2.8498514003238786 0.07884717447544247
2.8559933214452666 0.07886563630243891
2.862135242566654 0.07887563982693467
2.8682771636880418 0.07887883588140765
2.8744190848094293 0.07887691994575992
2.8805610059308173 0.07887162295193886
2.886702927052205 0.0788647018635518
2.8928448481735924 0.07885793008114018
2.89898676929498 0.07885308772491838
2.9051286904163676 0.07885195184765101
2.9112706115377556 0.07885628663093856
2.917412532659143 0.0788678336184926
2.9235544537805307 0.07888830204001364
2.9296963749019183 0.07891935927902793
2.9358382960233063 0.078962621537497
2.941980217144694 0.07901964474918563
2.9481221382660814 0.07909191579266099
2.954264059387469 0.07918084405340255
2.960405980508857 0.07928775338283367
2.9665479016302445 0.07941387450014713
2.972689822751632 0.0795603378805975
2.9788317438730196 0.07972816717148075
2.9849736649944076 0.0799182731743281
2.991115586115795 0.08013144842891835
2.9972575072371828 0.08036836243157497
3.0033994283585703 0.08062955751687455
3.0095413494799583 0.08091544542837184
3.015683270601346 0.08122630460025604
3.0218251917227335 0.08156227816801827
3.027967112844121 0.08192337272224542
3.034109033965509 0.08230945781558723
3.0402509550868966 0.08272026622878972
3.046392876208284 0.08315539499747511
3.0525347973296717 0.08361430719709619
3.0586767184510597 0.0840963344792309
3.0648186395724473 0.08460068034813031
3.070960560693835 0.08512642416221892
3.0771024818152224 0.08567252584109342
3.0832444029366104 0.08623783125450038
3.089386324057998 0.08682107826581972
3.0955282451793855 0.08742090339876303
3.101670166300773 0.08803584909233818
3.107812087422161 0.08866437150565673
3.1139540085435486 0.08930484883089097
3.120095929664936 0.08995559006964284
3.1262378507863238 0.09061484422518866
3.1323797719077118 0.09128080986052789
3.1385216930290993 0.09195164496990958
3.144663614150487 0.09262547710954908
3.1508055352718745 0.09330041373159627
3.156947456393262 0.09397455266408249
3.16308937751465 0.09464599267856844
3.1692312986360376 0.09531284408654468
3.175373219757425 0.09597323930530612
3.1815151408788127 0.09662534333403265
3.1876570620002007 0.09726736408116311
3.1937989831215883 0.09789756248484394
3.199940904242976 0.09851426236926634
3.2060828253643634 0.09911585998106694
3.2122247464857514 0.09970083315165253
3.218366667607139 0.100267750033306
3.2245085887285265 0.10081527735922662
3.230650509849914 0.10134218818024085
3.236792430971302 0.10184736903377287
3.2429343520926897 0.10232982650376936
3.249076273214077 0.10278869313361359
3.2552181943354648 0.10322323265761882
3.261360115456853 0.10363284452043808
3.2675020365782403 0.10401706765764768
3.273643957699628 0.10437558351482823
3.2797858788210155 0.10470821828666092
3.2859277999424035 0.10501494436184834
3.292069721063791 0.10529588096404037
3.2982116421851786 0.10555129398336663
3.304353563306566 0.10578159499762622
3.310495484427954 0.10598733948663744
3.3166374055493417 0.10616922424768079
3.3227793266707293 0.10632808402435368
3.328921247792117 0.1064648873654722
3.335063168913505 0.10658073173488063
3.3412050900348924 0.10667683789714068
3.34734701115628 0.10675454360805015
3.3534889322776675 0.10681529664276199
3.3596308533990555 0.10686064719792182
3.365772774520443 0.10689223970769633
3.3719146956418307 0.1069118041168078
3.3780566167632182 0.10692114665670707
3.3841985378846062 0.10692214017379204
3.390340459005994 0.10691671406109779
3.3964823801273814 0.10690684384713522
3.402624301248769 0.1068945404975265
3.4087662223701565 0.10688183948676735
3.4149081434915445 0.10687078969882916
3.421050064612932 0.10686344221639187
3.4271919857343196 0.10686183905926551
3.433333906855707 0.10686800193300719
3.439475827977095 0.10688392104887268
3.4456177490984827 0.1069115440760516
3.4517596702198703 0.10695276528662441
3.457901591341258 0.10700941495284884
3.464043512462646 0.10708324905523631
3.4701854335840334 0.10717593935841761
3.476327354705421 0.10728906391003043
3.4824692758268085 0.10742409801579245
3.4886111969481965 0.10758240574156629
3.494753118069584 0.10776523199058081
3.5008950391909717 0.10797369520106533
3.5070369603123592 0.10820878070638623
3.5131788814337472 0.10847133479636865
3.519320802555135 0.1087620595148521
3.5254627236765224 0.10908150822468705
3.53160464479791 0.10943008196734899
3.537746565919298 0.10980802664014351
3.5438884870406855 0.11021543100962791
3.550030408162073 0.11065222557539689
3.5561723292834606 0.11111818229380181
3.5623142504048486 0.11161291516651337
3.568456171526236 0.11213588169412565
3.5745980926476237 0.1126863851902582
3.5807400137690113 0.11326357794686916
3.5868819348903993 0.11386646523677393
3.593023856011787 0.11449391013469447
3.5991657771331744 0.11514463913357446
3.605307698254562 0.11581724852840866
3.61144961937595 0.11651021153547925
3.6175915404973376 0.11722188611069272
3.623733461618725 0.11795052342669368
3.6298753827401127 0.11869427696462073
3.6360173038615007 0.11945121217278841
3.6421592249828882 0.12021931664124966
3.648301146104276 0.12099651073813693
3.6544430672256634 0.12178065865091485
3.6605849883470514 0.12256957977322384
3.666726909468439 0.12336106037586447
3.6728688305898265 0.12415286549868422
3.679010751711214 0.12494275099868989
3.6851526728326016 0.12572847568863488
3.6912945939539896 0.12650781349962242
3.697436515075377 0.12727856560093498
3.7035784361967647 0.1280385724103449
3.7097203573181523 0.12878572542858463
3.7158622784395403 0.12951797883245575
3.722004199560928 0.13023336076222666
3.7281461206823154 0.13092998424050892
3.734288041803703 0.1316060576616961
3.740429962925091 0.13225989479329314
3.7465718840464786 0.13288992423303767
3.752713805167866 0.1334946982686127
3.7588557262892537 0.13407290108994432
3.7649976474106417 0.13462335630755926
3.7711395685320293 0.135145033734222
3.777281489653417 0.13563705539105472
3.7834234107748044 0.13609870070354846
3.7895653318961924 0.13652941085727244
3.79570725301758 0.13692879228765703
3.8018491741389675 0.13729661928293674
3.807991095260355 0.13763283568416934
3.814133016381743 0.13793755567116536
3.8202749375031306 0.1382110636281434
3.826416858624518 0.13845381308794233
3.8325587797459058 0.13866642475864596
3.8387007008672938 0.13884968364147812
3.8448426219886813 0.13900453525378242
3.850984543110069 0.13913208097578414
3.8571264642314564 0.13923357254461421
3.8632683853528444 0.13931040572373127
3.869410306474232 0.1393641131803881
3.8755522275956196 0.13939635660811972
3.881694148717007 0.13940891813537104
3.887836069838395 0.13940369106530087
3.8939779909597827 0.1393826699954817
3.9001199120811703 0.13934794036964077
3.906261833202558 0.1393016675167375
3.912403754323946 0.1392460852355328
3.9185456754453334 0.1391834839853584
3.924687596566721 0.1391161987460293
3.9308295176881085 0.13904659661174504
3.936971438809496 0.13897706418538652
3.943113359930884 0.13890999484082778
3.9492552810522716 0.13884777592173592
3.955397202173659 0.1387927759458246
3.9615391232950468 0.1387473318836545
3.9676810444164348 0.13871373658083197
3.9738229655378223 0.13869422639184995
3.97996488665921 0.13869096909284173
3.9861068077805974 0.13870605213918083
3.9922487289019855 0.1387414713321701
3.998390650023373 0.13879911995701874
4.004532571144761 0.1388807784519257
4.010674492266149 0.13898810466537415
4.016816413387536 0.1391226247557131
4.022958334508924 0.1392857247837701
4.029100255630311 0.13947864304561938
4.035242176751699 0.13970246318874185
4.041384097873086 0.13995810815067508
4.047526018994474 0.14024633495488356
4.053667940115862 0.1405677303940059
4.05980986123725 0.14092270762587722
4.0659517823586375 0.14131150370281034
4.072093703480025 0.14173417804956986
4.078235624601413 0.14219061190032214
4.0843775457228 0.14268050869961163
4.090519466844188 0.14320339546713784
4.096661387965575 0.14375862512080806
4.102803309086964 0.14434537974725545
4.108945230208351 0.14496267480376596
4.115087151329739 0.14560936423038223
4.1212290724511265 0.1462841464458799
4.127370993572514 0.1469855711963666
4.133512914693902 0.14771204722047107
4.139654835815289 0.148461850690493
4.145796756936677 0.14923313438450334
4.151938678058065 0.1500239375402454
4.158080599179453 0.15083219633781456
4.16422252030084 0.1516557549545111
4.170364441422228 0.15249237713198985
4.176506362543615 0.15333975819289067
4.182648283665003 0.1541955374415454
4.1887902047863905 0.15505731088113223
4.194932125907778 0.15592264417780363
4.201074047029166 0.15678908580086204
4.207215968150554 0.15765418026700118
4.213357889271942 0.15851548141598387
4.219499810393329 0.15937056564488827
4.225641731514717 0.16021704502822745
4.231783652636104 0.16105258025183003
4.237925573757492 0.16187489328935822
4.2440674948788795 0.16268177975172915
4.250209416000267 0.1634711208414858
4.2563513371216555 0.16424089484632493
4.262493258243043 0.16498918810851715
4.268635179364431 0.16571420540983464
4.274777100485818 0.1664142797148168
4.280919021607206 0.16708788121873272
4.287060942728593 0.16773362565042446
4.293202863849981 0.16835028178430897
4.299344784971368 0.16893677812016045
4.305486706092757 0.16949220869386059
4.311628627214144 0.17001583798706474
4.317770548335532 0.1705071049086635
4.3239124694569195 0.1709656258259909
4.330054390578307 0.1713911966289163
4.336196311699695 0.17178379381522518
4.342338232821082 0.17214357459101953
4.34848015394247 0.172470875985221
4.354622075063858 0.1727662129826081
4.360763996185246 0.17303027568513893
4.366905917306633 0.17326392551657188
4.373047838428021 0.17346819049057202
4.3791897595494085 0.1736442595675523
4.385331680670796 0.17379347613042517
4.391473601792184 0.17391733061419953
4.397615522913571 0.1740174523289322
4.40375744403496 0.17409560051990577
4.409899365156347 0.1741536547130362
4.416041286277735 0.17419360439739118
4.422183207399122 0.17421753810030693
4.42832512852051 0.17422763191390575
4.434467049641897 0.1742261375348279
4.440608970763285 0.1742153698816775
4.4467508918846725 0.17419769435703497
4.452892813006061 0.17417551382289265
4.4590347341274486 0.17415125536001744
4.465176655248836 0.17412735688302317
4.471318576370224 0.17410625368383986
4.477460497491611 0.17409036497679345
4.483602418612999 0.1740820805186484
4.489744339734386 0.1740837473767213
4.495886260855774 0.17409765691754114
4.5020281819771615 0.17412603208751304
4.50817010309855 0.17417101505564353
4.5143120242199375 0.17423465528660653
4.520453945341325 0.17431889811028153
4.526595866462713 0.1744255738513856
4.5327377875841 0.17455638757995892
4.538879708705488 0.17471290954026297
4.545021629826875 0.17489656631212638
4.551163550948263 0.17510863275493863
4.557305472069651 0.17535022478036902
4.563447393191039 0.17562229299549273
4.569589314312426 0.1759256172533616
4.575731235433814 0.1762608021431869
4.5818731565552016 0.17662827344723064
4.588015077676589 0.17702827558625234
4.594156998797977 0.1774608700699657
4.600298919919364 0.1779259349634438
4.606440841040753 0.17842316537480998
4.61258276216214 0.17895207496388862
4.618724683283528 0.17951199846580396
4.624866604404915 0.18010209521783144
4.631008525526303 0.18072135367216374
4.6371504466476905 0.1813685968716795
4.643292367769078 0.18204248886033553
4.649434288890466 0.1827415419944698
4.655576210011854 0.18346412511614074
4.661718131133242 0.18420847254466372
4.667860052254629 0.184972693837774
4.674001973376017 0.1857547842693729
4.680143894497404 0.18655263596662824
4.686285815618792 0.18736404964533282
4.692427736740179 0.18818674687889042
4.698569657861567 0.18901838283313205
4.7047115789829554 0.18985655939637625
4.710853500104343 0.19069883863176143
4.716995421225731 0.1915427564769053
4.723137342347118 0.19238583661440514
4.729279263468506 0.19322560443558778
4.735421184589893 0.1940596010192615
4.741563105711281 0.19488539704701474
4.747705026832668 0.19570060657685318
4.753846947954056 0.19650290059766432
4.759988869075444 0.19729002028814205
4.766130790196832 0.1980597899053903
4.7722727113182195 0.198810129230438
4.778414632439607 0.19953906550033193
4.784556553560995 0.20024474475930992
4.790698474682382 0.20092544256477574
4.79684039580377 0.20157957398738557
4.802982316925157 0.20220570284848438
4.809124238046546 0.20280255014237777
4.815266159167933 0.20336900159546897
4.821408080289321 0.20390411431909636
4.8275500014107084 0.20440712251795298
4.833691922532096 0.20487744222122106
4.839833843653484 0.20531467500898226
4.845975764774871 0.20571861071203928
4.852117685896259 0.20608922906896632
4.858259607017647 0.20642670032997554
4.864401528139035 0.2067313848029954
4.870543449260422 0.2070038313431884
4.87668537038181 0.2072447747929427
4.882827291503197 0.2074551323851382
4.888969212624585 0.2076359991281658
4.8951111337459725 0.2077886421967536
4.90125305486736 0.20791449435808454
4.9073949759887485 0.20801514646795594
4.913536897110136 0.20809233907680127
4.919678818231524 0.20814795319024418
4.925820739352911 0.20818400023346023
4.931962660474299 0.20820261127295817
4.938104581595686 0.208206025553442
4.944246502717074 0.20819657841115358
4.9503884238384614 0.20817668862850686
4.95653034495985 0.20814884529789665
4.9626722660812375 0.20811559426527176
4.968814187202625 0.20807952422640486
4.974956108324013 0.2080432525507477
4.9810980294454 0.20800941090932568
4.987239950566788 0.20798063078429294
4.993381871688175 0.2079595289385299
4.999523792809563 0.20794869292401746
5.00566571393095 0.20795066670766432
5.011807635052339 0.20796793649279238
5.017949556173726 0.2080029168136067
5.024091477295114 0.20805793697868963
5.0302333984165015 0.20813522793787073
5.036375319537889 0.20823690964474512
5.042517240659277 0.20836497898464323
5.048659161780664 0.20852129833501837
5.054801082902052 0.20870758482201276
5.06094300402344 0.20892540033341636
5.067084925144828 0.20917614234435075
5.073226846266215 0.2094610356078183
5.079368767387603 0.2097811247577698
5.0855106885089905 0.21013726786758533
5.091652609630378 0.210530131001856
5.097794530751766 0.21096018379412204
5.103936451873153 0.2114276960777918
5.110078372994542 0.21193273559186548
5.116220294115929 0.2124751667773415
5.122362215237317 0.2130546506743279
5.128504136358704 0.21367064592393975
5.134646057480092 0.21432241087307516
5.140787978601479 0.21500900677415297
5.146929899722867 0.2157293020659016
5.1530718208442545 0.21648197771534275
5.159213741965643 0.2172655335952488
5.1653556630870305 0.21807829586560123
5.171497584208418 0.21891842532197545
5.177639505329806 0.21978392666835297
5.183781426451193 0.22067265866665203
5.189923347572581 0.2215823451102974
5.196065268693968 0.22251058656445633
5.202207189815356 0.22345487281117235
5.208349110936744 0.22441259593356122
5.214491032058132 0.2253810639695222
5.2206329531795195 0.22635751506208013
5.226774874300907 0.22733913203053505
5.232916795422295 0.2283230572840747
5.239058716543682 0.2293064079974141
5.24520063766507 0.2302862914663851
5.251342558786457 0.23125982056021174
5.257484479907845 0.2322241291864883
5.263626401029233 0.23317638768462784
5.269768322150621 0.23411381806377454
5.275910243272008 0.23503370900186987
5.282052164393396 0.23593343052373164
5.2881940855147835 0.236810448277635
5.294336006636171 0.23766233733196993
5.300477927757559 0.23848679541607584
5.306619848878946 0.2392816555323113
5.312761770000335 0.240044897869777
5.318903691121722 0.24077466095387018
5.32504561224311 0.24146925196996818
5.331187533364497 0.2421271562040087
5.337329454485885 0.24274704554751939
5.3434713756072725 0.2433277860197245
5.34961329672866 0.24386844426469464
5.355755217850048 0.24436829298707
5.361897138971436 0.2448268152956529
5.368039060092824 0.24524370793009584
5.374180981214211 0.2456188833519693
5.380322902335599 0.24595247068765522
5.386464823456986 0.24624481551673108
5.392606744578374 0.24649647850576037
5.398748665699761 0.24670823289364885
5.404890586821149 0.24688106084093195
5.411032507942537 0.2470161486614885
5.417174429063925 0.2471148809612023
5.4233163501853126 0.24717883371398086
5.4294582713067 0.2472097663112588
5.435600192428088 0.24720961262663377
5.441742113549475 0.24718047114257563
5.447884034670863 0.24712459419118765
5.45402595579225 0.24704437636575732
5.460167876913639 0.24694234216428718
5.466309798035026 0.2468211329303244
5.472451719156414 0.2466834931601869
5.4785936402778015 0.24653225624909705
5.484735561399189 0.24637032975176432
5.490877482520577 0.2462006802355889
5.497019403641964 0.24602631780687886
5.503161324763352 0.24585028039226917
5.509303245884739 0.24567561785889608
5.515445167006128 0.2455053760578054
5.521587088127515 0.24534258087555574
5.527729009248903 0.24519022237901048
5.53387093037029 0.2450512391378999
5.540012851491678 0.2449285028088755
5.5461547726130656 0.24482480306347357
5.552296693734453 0.24474283294066765
5.558438614855841 0.24468517470251697
5.564580535977229 0.24465428626883054
5.570722457098617 0.24465248830376762
5.576864378220004 0.244681952023905
5.583006299341392 0.2447446877935327
5.589148220462779 0.24484253456881142
5.595290141584167 0.24497715024795705
5.6014320627055545 0.2451500029798342
5.607573983826942 0.24536236347826013
5.6137159049483305 0.24561529838397603
5.619857826069718 0.24590966471065465
5.625999747191106 0.24624610540551442
5.632141668312493 0.24662504604913116
5.638283589433881 0.24704669271290589
5.644425510555268 0.24751103098640206
5.650567431676656 0.24801782618043253
5.656709352798043 0.24856662470539698
5.662851273919432 0.2491567566179761
5.668993195040819 0.24978733932291589
5.675135116162207 0.2504572824103207
5.681277037283595 0.25116529360265005
5.687418958404982 0.25190988577952206
5.69356087952637 0.25268938504249644
5.699702800647757 0.25350193977627716
5.705844721769145 0.25434553065727733
5.711986642890533 0.25521798155525044
5.718128564011921 0.25611697126875416
5.724270485133308 0.2570400460305954
5.730412406254696 0.25798463271514077
5.7365543273760835 0.25894805267549104
5.742696248497471 0.25992753613503156
5.748838169618859 0.2609202370548081
5.754980090740246 0.2619232483955525
5.761122011861635 0.2629336176910147
5.767263932983022 0.26394836284756135
5.77340585410441 0.26496448808377876
5.779547775225797 0.26597899992308494
5.785689696347185 0.26698892315211226
5.7918316174685724 0.26799131665786835
5.79797353858996 0.2689832890574205
5.804115459711348 0.26996201403506664
5.810257380832735 0.270924745303653
5.816399301954124 0.27186883110886045
5.822541223075511 0.27279172819789127
5.828683144196899 0.2736910151770356
5.834825065318286 0.2745644051860613
5.840966986439674 0.2754097578212235
5.847108907561061 0.27622509024292496
5.853250828682449 0.27700858740862444
5.8593927498038365 0.2777586113764879
5.865534670925225 0.2784737096304532
5.8716765920466125 0.2791526223828199
5.877818513168 0.2797942888161417
5.883960434289388 0.28039785223205604
5.890102355410775 0.28096266408070825
5.896244276532163 0.2814882868505724
5.90238619765355 0.2819744958047116
5.908528118774938 0.28242127955581664
5.914670039896326 0.2828288394786828
5.920811961017714 0.2831975879650949
5.9269538821391015 0.2835281455323549
5.933095803260489 0.2838213368028777
5.939237724381877 0.2840781853783567
5.945379645503264 0.2842999076379406
5.951521566624652 0.2844879054956268
5.957663487746039 0.284643758157647
5.963805408867428 0.2847692129259538
5.969947329988815 0.284866175099003
5.976089251110203 0.28493669702582725
5.98223117223159 0.284982966373897
5.988373093352978 0.2850072936754388
5.9945150144743655 0.2850120992207089
6.000656935595753 0.2849998993701854
6.006798856717141 0.2849732923607233
6.012940777838529 0.2849349436834096
6.019082698959917 0.284887571113129
6.025224620081304 0.28483392947171216
6.031366541202692 0.28477679520796945
6.037508462324079 0.28471895087890303
6.043650383445467 0.2846631696169424
6.0497923045668545 0.2846121996681538
6.055934225688242 0.2845687490860306
6.06207614680963 0.28453547066468465
6.068218067931018 0.28451494719402615
6.074359989052406 0.2845096771178479
6.080501910173793 0.2845220606736268
6.086643831295181 0.284554386590329
6.092785752416568 0.28460881941756455
6.098927673537956 0.2846873875561005
6.105069594659343 0.2847919720560151
6.111211515780731 0.28492429624469057
6.117353436902119 0.28508591624239765
6.123495358023507 0.28527821241846496
6.1296372791448945 0.28550238183595406
6.135779200266282 0.2857594317274156
6.14192112138767 0.2860501740387013
6.148063042509057 0.2863752210719841
6.154204963630445 0.2867349822531213
6.160346884751832 0.2871296620423198
6.166488805873221 0.2875592590007532
6.172630726994608 0.2880235660193781
6.178772648115996 0.28852217170973965
6.1849145692373835 0.28905446295006454
6.191056490358771 0.2896196285734721
6.197198411480159 0.29021666417870795
6.203340332601546 0.2908443780374681
6.209482253722934 0.2915013980661705
6.215624174844322 0.2921861798239749
6.22176609596571 0.29289701549299857
6.227908017087097 0.29363204379104935
6.234049938208485 0.2943892607618396
6.240191859329872 0.2951665313825851
6.24633378045126 0.29596160192416465
6.2524757015726475 0.29677211299464584
6.258617622694035 0.29759561319300043
6.2647595438154235 0.2984295732962664
6.270901464936811 0.29927140090027576
6.277043386058199 0.30011845543139215
