time TPR_both_C_open_1_rho33
0.0 0.0
0.00614192112138767 1.0449617053499953e-07
0.01228384224277534 1.1100293377447046e-06
0.01842576336416301 4.644971324940426e-06
0.02456768448555068 1.3063272933079286e-05
0.030709605606938348 2.9346553309232528e-05
0.03685152672832602 5.698431075671934e-05
0.042993447849713685 9.983683154397491e-05
0.04913536897110136 0.00016198593488224759
0.05527729009248903 0.00024757903677258454
0.061419211213876695 0.00036067213350808976
0.06756113233526437 0.0005050771987123825
0.07370305345665204 0.0006842191677541847
0.07984497457803971 0.0009010071714878595
0.08598689569942737 0.0011577240068072878
0.09212881682081504 0.001455937029920728
0.09827073794220272 0.0017964327691324972
0.10441265906359039 0.002179176618776738
0.11055458018497806 0.0026032980361063588
0.11669650130636572 0.003067100757494123
0.12283842242775339 0.0035680967143650664
0.12898034354914106 0.0041030615925417456
0.13512226467052874 0.004668109364371162
0.1412641857919164 0.005258782647243769
0.14740610691330408 0.00587015541373421
0.15354802803469175 0.006496944399293632
0.15968994915607942 0.0071336255183218665
0.16583187027746707 0.007774551697897819
0.17197379139885474 0.008414068755073157
0.17811571252024241 0.009046626259506033
0.1842576336416301 0.00966688071706825
0.19039955476301776 0.010269788859527817
0.19654147588440543 0.010850689308136654
0.2026833970057931 0.011405371373615207
0.20882531812718078 0.011930130242160403
0.21496723924856845 0.012421808259758861
0.22110916036995612 0.012877822451267841
0.2272510814913438 0.013296178785637524
0.23339300261273144 0.013675474016761668
0.2395349237341191 0.01401488618639716
0.24567684485550678 0.014314155069956579
0.25181876597689445 0.01457355397891708
0.2579606870982821 0.014793854408455407
0.2641026082196698 0.014976285040801101
0.27024452934105747 0.015122486590061584
0.27638645046244514 0.015234463910101616
0.2825283715838328 0.015314536691050647
0.2886702927052205 0.015365289949793403
0.29481221382660816 0.01538952538272019
0.30095413494799583 0.015390214501886828
0.3070960560693835 0.015370454324648173
0.3132379771907712 0.015333426237016565
0.31937989831215885 0.015282358506761984
0.3255218194335465 0.015220492786966707
0.33166374055493414 0.015151054826793013
0.3378056616763218 0.01507722949515668
0.3439475827977095 0.015002140125557515
0.35008950391909716 0.014928832106532385
0.35623142504048483 0.014860260571500507
0.3623733461618725 0.01479928198311768
0.3685152672832602 0.014748649359232265
0.37465718840464785 0.014711010848475056
0.3807991095260355 0.014688911331608014
0.3869410306474232 0.014684796698152137
0.39308295176881086 0.014701020424715121
0.39922487289019853 0.014739852060188182
0.4053667940115862 0.014803487202141943
0.4115087151329739 0.014894058527178532
0.41765063625436155 0.015013647414900888
0.4237925573757492 0.015164295680161045
0.4299344784971369 0.015348016901423544
0.43607639961852457 0.015566806804997554
0.44221832073991224 0.01582265213663802
0.4483602418612999 0.01611753742520508
0.4545021629826876 0.016453449019834785
0.4606440841040752 0.01683237576503775
0.4667860052254629 0.017256305670372854
0.47292792634685055 0.01772721793627156
0.4790698474682382 0.01824706971890473
0.4852117685896259 0.01881777705849674
0.49135368971101356 0.019441189460960476
0.49749561083240124 0.02011905771565784
0.5036375319537889 0.02085299465550788
0.5097794530751766 0.021644428721855947
0.5159213741965643 0.022494550386764175
0.5220632953179519 0.02340425170968681
0.5282052164393396 0.024374059562309307
0.5343471375607273 0.025404063341325854
0.5404890586821149 0.026493838298791157
0.5466309798035026 0.02764236594597609
0.5527729009248903 0.028847953319782443
0.558914822046278 0.03010815322901427
0.5650567431676656 0.03141968790750721
0.5711986642890533 0.032778378776994854
0.577340585410441 0.034179085248176845
0.5834825065318286 0.03561565564669284
0.5896244276532163 0.03708089342469109
0.595766348774604 0.03856654179249263
0.6019082698959917 0.04006328976449949
0.6080501910173793 0.04156080234789967
0.614192112138767 0.043047777204701536
0.6203340332601547 0.044512029584835154
0.6264759543815424 0.0459406066637742
0.63261787550293 0.04731993163191604
0.6387597966243177 0.04863597699100799
0.6449017177457054 0.04987446553814539
0.651043638867093 0.05102109648965389
0.6571855599884806 0.05206179315065103
0.6633274811098683 0.05298296751114177
0.669469402231256 0.0537717961893278
0.6756113233526436 0.054416501292131214
0.6817532444740313 0.05490662906598158
0.687895165595419 0.055233318709205864
0.6940370867168066 0.055389553447390445
0.7001790078381943 0.055370385964105255
0.706320928959582 0.055173130551341765
0.7124628500809697 0.054797514905860385
0.7186047712023573 0.05424578534603651
0.724746692323745 0.05352276034244241
0.7308886134451327 0.05263582861500255
0.7370305345665203 0.051594889608454354
0.743172455687908 0.05041223586337846
0.7493143768092957 0.049102378590589885
0.7554562979306834 0.047681819564179224
0.761598219052071 0.0461687742016087
0.7677401401734587 0.04458285232667622
0.7738820612948464 0.042944704545042525
0.780023982416234 0.04127564334144376
0.7861659035376217 0.039597248881767064
0.7923078246590094 0.03793097003358263
0.7984497457803971 0.036297731281908725
0.8045916669017847 0.03471755600527545
0.8107335880231724 0.033209215999258586
0.8168755091445601 0.031789916215223826
0.8230174302659478 0.030475022460376613
0.8291593513873354 0.029277838333327165
0.8353012725087231 0.028209436009216667
0.8414431936301108 0.027278543708827617
0.8475851147514984 0.026491490859264798
0.8537270358728861 0.025852210151905235
0.8598689569942738 0.025362293995051025
0.8660108781156615 0.025021101306162388
0.8721527992370491 0.024825909244553003
0.8782947203584368 0.024772103391561866
0.8844366414798245 0.024853399070377796
0.8905785626012122 0.02506208597745933
0.8967204837225998 0.02538928807416147
0.9028624048439875 0.025825230750488284
0.9090043259653752 0.026359507601313455
0.9151462470867628 0.026981339717938577
0.9212881682081504 0.027679821156108866
0.9274300893295381 0.028444145152137695
0.9335720104509257 0.02926380667548427
0.9397139315723134 0.030128777982480988
0.9458558526937011 0.031029654927152272
0.9519977738150888 0.03195777285000056
0.9581396949364764 0.03290529186809574
0.9642816160578641 0.03386525229975485
0.9704235371792518 0.034831601751301795
0.9765654583006395 0.03579919605569373
0.9827073794220271 0.0367637767740168
0.9888493005434148 0.037721928348391276
0.9949912216648025 0.03867101823199057
1.0011331427861903 0.03960912342701767
1.0072750639075778 0.04053494684699771
1.0134169850289656 0.04144772680104407
1.0195589061503532 0.042347142692211175
1.025700827271741 0.04323321974800553
1.0318427483931285 0.04410623527701309
1.0379846695145163 0.0449666285891538
1.0441265906359039 0.04581491634471414
1.0502685117572914 0.046651614723676224
1.0564104328786792 0.047477169444489396
1.0625523540000668 0.04829189432057429
1.0686942751214545 0.049095918731436955
1.074836196242842 0.049889144108968726
1.0809781173642299 0.050671209301871634
1.0871200384856174 0.05144146448384355
1.0932619596070052 0.052198953114220244
1.0994038807283928 0.05294240134190319
1.1055458018497806 0.053670214162262454
1.1116877229711681 0.054380477589199984
1.117829644092556 0.05507096608711539
1.1239715652139435 0.055739154516312506
1.1301134863353313 0.05638223387656113
1.1362554074567188 0.05699713018334943
1.1423973285781066 0.05758052587634056
1.1485392496994942 0.05812888323652888
1.154681170820882 0.05863846937479839
1.1608230919422695 0.059105382447626885
1.1669650130636573 0.05952557885352346
1.1731069341850449 0.05989490126471423
1.1792488553064326 0.060209107451114026
1.1853907764278202 0.06046389995639321
1.191532697549208 0.0606549567876504
1.1976746186705955 0.06077796337943039
1.2038165397919833 0.06082864618797042
1.209958460913371 0.06080280836068579
1.2161003820347587 0.06069636800665745
1.2222423031561462 0.06050539966338693
1.228384224277534 0.06022617960988706
1.2345261453989216 0.0598552357122296
1.2406680665203094 0.05938940250032991
1.246809987641697 0.05882588215885238
1.2529519087630847 0.05816231206510388
1.2590938298844723 0.05739683941687209
1.26523575100586 0.05652820335763274
1.2713776721272476 0.05555582482003972
1.2775195932486354 0.054479904066537785
1.283661514370023 0.05330152560493996
1.2898034354914107 0.05202276979526397
1.2959453566127983 0.0506468300426682
1.302087277734186 0.04917813399343064
1.3082291988555736 0.04762246662337112
1.3143711199769612 0.045987092541526844
1.320513041098349 0.04428087424100412
1.3266549622197366 0.042514382432860286
1.3327968833411243 0.040699994021109645
1.338938804462512 0.038851972745133745
1.3450807255838997 0.03698652706119074
1.3512226467052872 0.03512183949146369
1.357364567826675 0.033278061472948206
1.3635064889480626 0.031477267725446095
1.3696484100694504 0.029743364362430667
1.375790331190838 0.02810194542140145
1.3819322523122257 0.026580093216555245
1.3880741734336133 0.02520611893303518
1.394216094555001 0.024009241195147288
1.4003580156763886 0.023019201944721138
1.4064999367977764 0.022265820839943783
1.412641857919164 0.021778491493699745
1.4187837790405518 0.02158562516176357
1.4249257001619393 0.02171404989724369
1.431067621283327 0.02218837562576771
1.4372095424047147 0.023030337970590058
1.4433514635261024 0.024258135862991317
1.44949338464749 0.02588577990029394
1.4556353057688778 0.027922469950045003
1.4617772268902653 0.03037202153766593
1.4679191480116531 0.03323236100005298
1.4740610691330407 0.03649510915980167
1.4802029902544285 0.040145272316890836
1.486344911375816 0.044161057637264856
1.4924868324972038 0.04851382754286057
1.4986287536185914 0.05316820451164726
1.5047706747399792 0.05808233385104461
1.5109125958613667 0.06320830762022898
1.5170545169827545 0.06849274808492442
1.523196438104142 0.07387754405827572
1.5293383592255299 0.07930072840022671
1.5354802803469174 0.08469748001534344
1.5416222014683052 0.0900012291088982
1.5477641225896928 0.09514484043091335
1.5539060437110805 0.10006184593940717
1.560047964832468 0.10468769590341545
1.5661898859538559 0.10896099606559169
1.5723318070752434 0.11282469817443581
1.578473728196631 0.11622721201266605
1.5846156493180188 0.11912340897759363
1.5907575704394064 0.12147549024964809
1.5968994915607941 0.12325369650839232
1.6030414126821817 0.12443684087228712
1.6091833338035695 0.12501265206591985
1.615325254924957 0.12497792054808868
1.6214671760463448 0.12433844624271898
1.6276090971677324 0.12310879237454322
1.6337510182891202 0.1213118555018342
1.6398929394105077 0.11897826695504508
1.6460348605318955 0.11614564535462198
1.652176781653283 0.11285772354841297
1.6583187027746709 0.10916337607263774
1.6644606238960584 0.10511557503591179
1.6706025450174462 0.10077030313192543
1.6767444661388338 0.09618545232337004
1.6828863872602216 0.09141973566637772
1.6890283083816091 0.08653163785338575
1.695170229502997 0.08157842746242602
1.7013121506243845 0.07661525075180796
1.7074540717457722 0.07169432328273612
1.7135959928671598 0.06686423184494189
1.7197379139885476 0.06216935525563212
1.7258798351099351 0.05764940874456876
1.732021756231323 0.05333911295788812
1.7381636773527105 0.04926798522150406
1.7443055984740983 0.04546024769099135
1.7504475195954858 0.041934844444720176
1.7565894407168736 0.03870555749300605
1.7627313618382612 0.0357812100975588
1.768873282959649 0.033165944720850625
1.7750152040810365 0.030859562333894867
1.7811571252024243 0.02885790966755247
1.7872990463238119 0.02715330124896993
1.7934409674451997 0.025734963664594733
1.7995828885665872 0.02458949037269694
1.805724809687975 0.023701296487703864
1.8118667308093626 0.02305306421296262
1.8180086519307503 0.022626170947973936
1.824150573052138 0.022401093485920422
1.8302924941735257 0.022357783099098305
1.8364344152949132 0.022476007642626826
1.8425763364163008 0.02273565805728991
1.8487182575376886 0.02311701779510506
1.8548601786590762 0.023600994708282617
1.861002099780464 0.024169315822675827
1.8671440209018515 0.024804686155903817
1.8732859420232393 0.025490913338700846
1.8794278631446268 0.026213000260791486
1.8855697842660146 0.026957208298304468
1.8917117053874022 0.02771109389960682
1.89785362650879 0.028463521423416516
1.9039955476301775 0.029204655151098106
1.9101374687515653 0.029925933348491713
1.9162793898729529 0.030620027145633093
1.9224213109943407 0.03128078684886123
1.9285632321157282 0.031903178111739594
1.934705153237116 0.03248321018046364
1.9408470743585036 0.033017858206243006
1.9469889954798913 0.033504981390443694
1.953130916601279 0.03394323850561193
1.9592728377226667 0.034332002123114595
1.9654147588440543 0.03467127268099959
1.971556679965442 0.03496159334760393
1.9776986010868296 0.03520396648013441
1.9838405222082174 0.03539977234463671
1.989982443329605 0.035550690655275996
1.9961243644509927 0.03565862540667289
2.0022662855723805 0.03572563341242256
2.008408206693768 0.03575385692443013
2.0145501278151556 0.03574546068924225
2.020692048936543 0.03570257379646778
2.026833970057931 0.03562723668742716
2.0329758911793188 0.03552135371560632
2.0391178123007063 0.03538665168010026
2.045259733422094 0.035224644784392224
2.051401654543482 0.035036606500566586
2.0575435756648695 0.03482354883820379
2.063685496786257 0.03458620952244699
2.0698274179076446 0.03432504757179783
2.0759693390290326 0.034040247728055785
2.08211126015042 0.03373173412386809
2.0882531812718077 0.03339919347369683
2.0943951023931953 0.03304210793867804
2.100537023514583 0.03265979764311193
2.106678944635971 0.032251472609950205
2.1128208657573584 0.03181629363616291
2.118962786878746 0.03135344134978375
2.1251047080001335 0.030862192384417318
2.1312466291215215 0.030342001281963668
2.137388550242909 0.029792586400452813
2.1435304713642966 0.02921401777350467
2.149672392485684 0.0286068045552652
2.155814313607072 0.027971979405468
2.1619562347284598 0.027311176940285415
2.1680981558498473 0.026626703212958836
2.174240076971235 0.025921593110482484
2.180381998092623 0.025199652574176952
2.1865239192140105 0.024465482685864553
2.192665840335398 0.023724482917330644
2.1988077614567856 0.022982831224416037
2.2049496825781736 0.022247439178990174
2.211091603699561 0.02152588096702948
2.2172335248209487 0.02082629582769647
2.2233754459423363 0.02015726434890554
2.2295173670637243 0.01952765994531616
2.235659288185112 0.01894647779515101
2.2418012093064994 0.01842264446787691
2.247943130427887 0.017964812397035203
2.254085051549275 0.017581144200577915
2.2602269726706625 0.01727909258376624
2.26636889379205 0.01706518213743843
2.2725108149134376 0.01694479973139122
2.2786527360348257 0.01692200036868733
2.284794657156213 0.01699933528960138
2.2909365782776008 0.017177708780781408
2.2970784993989883 0.017456269553893004
2.3032204205203763 0.01783234171790951
2.309362341641764 0.018301399301445746
2.3155042627631515 0.018857087018587234
2.321646183884539 0.019491288556348324
2.327788105005927 0.020194242145692546
2.3339300261273146 0.020954701618966596
2.340071947248702 0.021760139616531855
2.3462138683700897 0.022596988147199366
2.3523557894914777 0.023450910391590266
2.3584977106128653 0.024307096520461917
2.364639631734253 0.02515057542916325
2.3707815528556404 0.025966533702170298
2.376923473977028 0.026740632843305294
2.383065395098416 0.027459315849424966
2.3892073162198035 0.02811009456563786
2.395349237341191 0.028681809922114866
2.4014911584625787 0.029164858086915487
2.4076330795839667 0.02955137673515321
2.4137750007053542 0.02983538698217045
2.419916921826742 0.030012888000396244
2.4260588429481293 0.030081902875601037
2.4322007640695174 0.030042475796881962
2.438342685190905 0.029896622156526033
2.4444846063122925 0.029648234506304487
2.45062652743368 0.029302948528264428
2.456768448555068 0.028867974192204774
2.4629103696764556 0.02835189806055032
2.469052290797843 0.02776446324708459
2.4751942119192307 0.027116333832921464
2.4813361330406187 0.026418850595831725
2.4874780541620063 0.025683784731987215
2.493619975283394 0.02492309586512095
2.4997618964047814 0.024148700076525077
2.5059038175261694 0.023372252984573346
2.512045738647557 0.02260495209183018
2.5181876597689445 0.021857361739570237
2.524329580890332 0.02113926310118427
2.53047150201172 0.020459530742652686
2.5366134231331077 0.01982603641155285
2.5427553442544952 0.019245579912828287
2.548897265375883 0.01872384621139803
2.555039186497271 0.018265387284603953
2.5611811076186584 0.017873626741800434
2.567323028740046 0.01755088483896662
2.5734649498614335 0.017298421242966544
2.5796068709828215 0.01711649273853792
2.585748792104209 0.017004423013177915
2.5918907132255966 0.016960681689920598
2.598032634346984 0.01698296989267855
2.604174555468372 0.01706830980926064
2.6103164765897597 0.01721313594882067
2.6164583977111473 0.017413386058953168
2.622600318832535 0.01766458995926335
2.6287422399539224 0.017961954850466793
2.6348841610753104 0.018300445959838145
2.641026082196698 0.01867486167568853
2.6471680033180855 0.019079902597810994
2.653309924439473 0.019510234181539545
2.659451845560861 0.01996054287594549
2.6655937666822487 0.020425585849021818
2.6717356878036362 0.020900234553142664
2.677877608925024 0.02137951251248211
2.684019530046412 0.02185862781127064
2.6901614511677994 0.02233300082937344
2.696303372289187 0.022798287811887682
2.7024452934105745 0.02325040087487413
2.7085872145319625 0.023685525042800287
2.71472913565335 0.024100132887725487
2.7208710567747376 0.0244909972986511
2.727012977896125 0.02485520285465686
2.733154899017513 0.02519015621017453
2.7392968201389007 0.02549359582756477
2.7454387412602883 0.025763601313422427
2.751580662381676 0.025998602532908234
2.757722583503064 0.026197388592878144
2.7638645046244514 0.02635911670147922
2.770006425745839 0.026483320830890465
2.7761483468672266 0.026569920032581202
2.7822902679886146 0.02661922618232281
2.788432189110002 0.02663195086663681
2.7945741102313897 0.026609211064751406
2.8007160313527772 0.02655253323177646
2.8068579524741653 0.02646385535094511
2.812999873595553 0.026345526496590586
2.8191417947169404 0.026200303436117206
2.825283715838328 0.026031343799546584
2.831425636959716 0.025842195360065386
2.8375675580811035 0.02563678099894408
2.843709479202491 0.02541937897354083
2.8498514003238786 0.02519459816783035
2.8559933214452666 0.024967348080606064
2.862135242566654 0.024742803396373227
2.8682771636880418 0.024526363086698495
2.8744190848094293 0.024323604103640567
2.8805610059308173 0.02414022984959988
2.886702927052205 0.023982013736761554
2.8928448481735924 0.02385473828109739
2.89898676929498 0.023764130307100978
2.9051286904163676 0.023715792966237523
2.9112706115377556 0.023715135390513238
2.917412532659143 0.02376730090860113
2.9235544537805307 0.023877094841724764
2.9296963749019183 0.024048912966423155
2.9358382960233063 0.024286671778297575
2.941980217144694 0.02459374171241535
2.9481221382660814 0.024972884470552792
2.954264059387469 0.025426195572159114
2.960405980508857 0.02595505318508849
2.9665479016302445 0.02656007420511342
2.972689822751632 0.02724107844238611
2.9788317438730196 0.02799706164173351
2.9849736649944076 0.028826177916196093
2.991115586115795 0.029725732014476366
2.9972575072371828 0.030692181678323813
3.0033994283585703 0.03172115018090204
3.0095413494799583 0.0328074489772901
3.015683270601346 0.03394511024846503
3.0218251917227335 0.03512742898467013
3.027967112844121 0.03634701413628042
3.034109033965509 0.03759584826221918
3.0402509550868966 0.038865355028409945
3.046392876208284 0.040146473851027605
3.0525347973296717 0.041429740939464034
3.0586767184510597 0.042705375968769985
3.0648186395724473 0.04396337359674389
3.070960560693835 0.045193599032044666
3.0771024818152224 0.04638588685170013
3.0832444029366104 0.047530142254342184
3.089386324057998 0.04861644391522258
3.0955282451793855 0.049635147577384804
3.101670166300773 0.050576989468518414
3.107812087422161 0.05143318857489542
3.1139540085435486 0.05219554673409962
3.120095929664936 0.05285654543056592
3.1262378507863238 0.05340943809753417
3.1323797719077118 0.05384833665264104
3.1385216930290993 0.05416829092985627
3.144663614150487 0.054365359626228314
3.1508055352718745 0.05443667136636629
3.156947456393262 0.054380474508575916
3.16308937751465 0.05419617438071275
3.1692312986360376 0.05388435674597918
3.175373219757425 0.053446796461709536
3.1815151408788127 0.05288645050772477
3.1876570620002007 0.052207434822398285
3.1937989831215883 0.05141498468867987
3.199940904242976 0.050515398750869814
3.2060828253643634 0.04951596710550959
3.2122247464857514 0.048424884284115705
3.218366667607139 0.04725114831814556
3.2245085887285265 0.04600444743349756
3.230650509849914 0.04469503624911571
3.236792430971302 0.043333603638854315
3.2429343520926897 0.04193113464615624
3.249076273214077 0.04049876900790809
3.2552181943354648 0.039047658940223204
3.261360115456853 0.03758882886091287
3.2675020365782403 0.03613303967011673
3.273643957699628 0.03469066008408313
3.2797858788210155 0.03327154732239391
3.2859277999424035 0.0318849391935555
3.292069721063791 0.030539359317515665
3.2982116421851786 0.029242536877642732
3.304353563306566 0.028001341921428554
3.310495484427954 0.02682173684155709
3.3166374055493417 0.025708744279850548
3.3227793266707293 0.024666431318194234
3.328921247792117 0.023697909464005084
3.335063168913505 0.022805349612848965
3.3412050900348924 0.0219900108853818
3.34734701115628 0.02125228199591595
3.3534889322776675 0.020591733619604893
3.3596308533990555 0.02000718008650453
3.365772774520443 0.019496748643711568
3.3719146956418307 0.019057954489769623
3.3780566167632182 0.018687779795437103
3.3841985378846062 0.018382754977356596
3.390340459005994 0.01813904058083394
3.3964823801273814 0.01795250824885838
3.402624301248769 0.017818819400343577
3.4087662223701565 0.017733500404923806
3.4149081434915445 0.017692013218230444
3.421050064612932 0.017689820624486086
3.4271919857343196 0.017722445417091625
3.433333906855707 0.01778552302789029
3.439475827977095 0.01787484728794044
3.4456177490984827 0.017986409163647927
3.4517596702198703 0.018116428459502627
3.457901591341258 0.018261378610684074
3.464043512462646 0.01841800480439653
3.4701854335840334 0.018583335767543972
3.476327354705421 0.018754689640385874
3.4824692758268085 0.018929674421705366
3.4886111969481965 0.019106183521711506
3.494753118069584 0.01928238699558822
3.5008950391909717 0.019456719054664277
3.5070369603123592 0.01962786246506504
3.5131788814337472 0.01979473044687561
3.519320802555135 0.019956446681689638
3.5254627236765224 0.020112324024212327
3.53160464479791 0.020261842495435153
3.537746565919298 0.02040462711171055
3.5438884870406855 0.020540426076512148
3.550030408162073 0.020669089830224887
3.5561723292834606 0.0207905514181969
3.5623142504048486 0.020904808598516688
3.568456171526236 0.021011908068380696
3.5745980926476237 0.02111193214116492
3.5807400137690113 0.021204988154979076
3.5868819348903993 0.021291200837083527
3.593023856011787 0.021370707786620608
3.5991657771331744 0.021443658170266996
3.605307698254562 0.021510214651423498
3.61144961937595 0.02157055849342431
3.6175915404973376 0.021624897691278906
3.623733461618725 0.02167347789534252
3.6298753827401127 0.021716595795173904
3.6360173038615007 0.021754614534300835
3.6421592249828882 0.021787980628818673
3.648301146104276 0.02181724176737624
3.6544430672256634 0.021843064780357243
3.6605849883470514 0.0218662529856211
3.666726909468439 0.021887762051094127
3.6728688305898265 0.02190871346514645
3.679010751711214 0.021930404678518162
3.6851526728326016 0.02195431498096497
3.6912945939539896 0.021982106205877476
3.697436515075377 0.022015617420440267
3.7035784361967647 0.022056852860171516
3.7097203573181523 0.022107962506563612
3.7158622784395403 0.02217121488531669
3.722004199560928 0.02224896187900656
3.7281461206823154 0.022343595598848652
3.734288041803703 0.0224574976404698
3.740429962925091 0.02259298135125235
3.7465718840464786 0.02275222805289523
3.752713805167866 0.02293721848156994
3.7588557262892537 0.023149661017130615
3.7649976474106417 0.023390918558812732
3.7711395685320293 0.023661936153626002
3.777281489653417 0.023963171681069442
3.7834234107748044 0.024294532030364725
3.7895653318961924 0.024655317261984964
3.79570725301758 0.025044175213840305
3.8018491741389675 0.025459068886905946
3.807991095260355 0.025897258721680704
3.814133016381743 0.026355301556015863
3.8202749375031306 0.026829067641336173
3.826416858624518 0.02731377659744696
3.8325587797459058 0.027804052619866095
3.8387007008672938 0.028293998636033914
3.8448426219886813 0.02877728845958785
3.850984543110069 0.02924727533974098
3.8571264642314564 0.02969711467210662
3.8632683853528444 0.03011989805513714
3.869410306474232 0.03050879536910924
3.8755522275956196 0.03085720114669668
3.881694148717007 0.031158881216713015
3.887836069838395 0.03140811545214533
3.8939779909597827 0.03159983245116251
3.9001199120811703 0.03172973213009849
3.906261833202558 0.03179439250846829
3.912403754323946 0.03179135740901733
3.9185456754453334 0.031719202365201454
3.924687596566721 0.03157757670297004
3.9308295176881085 0.03136722051691482
3.936971438809496 0.03108995606264479
3.943113359930884 0.030748653905256718
3.9492552810522716 0.030347174964889076
3.955397202173659 0.029890290352393545
3.9615391232950468 0.029383581561435897
3.9676810444164348 0.02883332415206166
3.9738229655378223 0.028246358504248337
3.97996488665921 0.027629951523540912
3.9861068077805974 0.026991653336427952
3.9922487289019855 0.026339153019336533
3.998390650023373 0.0256801372672933
4.004532571144761 0.025022155637819822
4.010674492266149 0.024372495619215378
4.016816413387536 0.023738070291009997
4.022958334508924 0.023125320792074997
4.029100255630311 0.022540135214429467
4.035242176751699 0.021987784924366024
4.041384097873086 0.02147287870247649
4.047526018994474 0.02099933451383813
4.053667940115862 0.020570368189430643
4.05980986123725 0.020188497836518535
4.0659517823586375 0.019855562411807522
4.072093703480025 0.019572752594810002
4.078235624601413 0.019340651893768778
4.0843775457228 0.019159285802243603
4.090519466844188 0.01902817679684503
4.096661387965575 0.018946403018180773
4.102803309086964 0.018912658597891655
4.108945230208351 0.018925313772902106
4.115087151329739 0.0189824731508041
4.1212290724511265 0.019082030744349488
4.127370993572514 0.019221720665306575
4.133512914693902 0.019399162646202256
4.139654835815289 0.019611901831720832
4.145796756936677 0.019857442540335023
4.151938678058065 0.020133275933451624
4.158080599179453 0.020436901738189184
4.16422252030084 0.020765844346963474
4.170364441422228 0.021117663760213158
4.176506362543615 0.021489961947342186
4.182648283665003 0.02188038527617773
4.1887902047863905 0.02228662370498638
4.194932125907778 0.022706407446291092
4.201074047029166 0.023137501801949036
4.207215968150554 0.02357770083812671
4.213357889271942 0.024024820521036903
4.219499810393329 0.02447669187363463
4.225641731514717 0.024931154643756878
4.231783652636104 0.025386051898962873
4.237925573757492 0.025839225885709045
4.2440674948788795 0.026288515413140076
4.250209416000267 0.026731754946883995
4.2563513371216555 0.027166775527526436
4.262493258243043 0.027591407563191676
4.268635179364431 0.028003485486769057
4.274777100485818 0.02840085421635249
4.280919021607206 0.028781377312695804
4.287060942728593 0.029142946690011245
4.293202863849981 0.02948349370618987
4.299344784971368 0.029801001435352192
4.305486706092757 0.030093517909356222
4.311628627214144 0.030359170105304645
4.317770548335532 0.030596178453032866
4.3239124694569195 0.03080287163988615
4.330054390578307 0.030977701499699063
4.336196311699695 0.03111925778868051
4.342338232821082 0.031226282672775836
4.34848015394247 0.03129768477886288
4.354622075063858 0.03133255269557783
4.360763996185246 0.03133016784823509
4.366905917306633 0.03129001671556002
4.373047838428021 0.031211802402867445
4.3791897595494085 0.03109545563563005
4.385331680670796 0.03094114528743842
4.391473601792184 0.030749288605090866
4.397615522913571 0.030520561338465514
4.40375744403496 0.030255908021000418
4.409899365156347 0.02995655267474731
4.416041286277735 0.02962401022848567
4.422183207399122 0.02926009893453134
4.42832512852051 0.028866954045885414
4.434467049641897 0.028447042966683572
4.440608970763285 0.028003182012406886
4.4467508918846725 0.027538554809612273
4.452892813006061 0.02705673222667038
4.4590347341274486 0.026561693557139502
4.465176655248836 0.026057848477579623
4.471318576370224 0.02555005907536982
4.477460497491611 0.0250436609951333
4.483602418612999 0.024544482492694024
4.489744339734386 0.024058859923427503
4.495886260855774 0.023593647940026302
4.5020281819771615 0.023156222447705592
4.50817010309855 0.022754474178981396
4.5143120242199375 0.022396790622675265
4.520453945341325 0.022092023990355716
4.526595866462713 0.021849442945048234
4.5327377875841 0.021678665967134168
4.538879708705488 0.02158957450356511
4.545021629826875 0.021592204447581555
4.551163550948263 0.021696615030739167
4.557305472069651 0.021912734874842885
4.563447393191039 0.022250185739098975
4.569589314312426 0.022718085390682236
4.575731235433814 0.02332483200056167
4.5818731565552016 0.024077873488928755
4.588015077676589 0.02498346627719135
4.594156998797977 0.026046428901806067
4.600298919919364 0.027269896860721527
4.606440841040753 0.028655085845374642
4.61258276216214 0.030201071109908523
4.618724683283528 0.03190459109753466
4.624866604404915 0.03375988354060794
4.631008525526303 0.03575856204354155
4.6371504466476905 0.037889540624897786
4.643292367769078 0.04013901282896784
4.649434288890466 0.042490490825008324
4.655576210011854 0.04492490841703039
4.661718131133242 0.04742079012760799
4.667860052254629 0.04995448654971009
4.674001973376017 0.05250047404863963
4.680143894497404 0.05503171472021836
4.686285815618792 0.0575200703573615
4.692427736740179 0.05993676213470498
4.698569657861567 0.06225286587880485
4.7047115789829554 0.06443983123322154
4.710853500104343 0.06647001182752231
4.716995421225731 0.06831719277725871
4.723137342347118 0.06995710152167944
4.729279263468506 0.07136788817114804
4.735421184589893 0.07253056218969063
4.741563105711281 0.07342937336101474
4.747705026832668 0.07405212653913316
4.753846947954056 0.07439042160883551
4.759988869075444 0.07443981230197998
4.766130790196832 0.07419987994576951
4.7722727113182195 0.07367422076349822
4.778414632439607 0.07287034790786033
4.784556553560995 0.07179951188418253
4.790698474682382 0.0704764453240462
4.79684039580377 0.06891904011679797
4.802982316925157 0.06714796662890272
4.809124238046546 0.06518624608652496
4.815266159167933 0.06305878813047365
4.821408080289321 0.06079190605859308
4.8275500014107084 0.05841282235101193
4.833691922532096 0.055949176747751295
4.839833843653484 0.053428548450687785
4.845975764774871 0.05087800300016006
4.852117685896259 0.0483236730877419
4.858259607017647 0.04579038107455144
4.864401528139035 0.04330130935581831
4.870543449260422 0.04087772301423846
4.87668537038181 0.03853874750100839
4.882827291503197 0.0363012024331032
4.888969212624585 0.03417949104974764
4.8951111337459725 0.032185543472715405
4.90125305486736 0.03032881069695232
4.9073949759887485 0.028616305222860954
4.913536897110136 0.02705268344229143
4.919678818231524 0.02564036431040142
4.925820739352911 0.024379678470220174
4.931962660474299 0.023269041833910962
4.938104581595686 0.022305147646469188
4.944246502717074 0.021483171241623286
4.9503884238384614 0.020796982020780196
4.95653034495985 0.02023935761716863
4.9626722660812375 0.019802195721758415
4.968814187202625 0.019476719618722486
4.974956108324013 0.01925367408147774
4.9810980294454 0.019123508893369848
4.987239950566788 0.01907654786038289
4.993381871688175 0.019103141760528863
4.999523792809563 0.01919380421274421
5.00566571393095 0.019339329937364563
5.011807635052339 0.019530895313823377
5.017949556173726 0.019760141515215896
5.024091477295114 0.02001924081239362
5.0302333984165015 0.020300946893068036
5.036375319537889 0.020598630236543933
5.042517240659277 0.020906299726106227
5.048659161780664 0.021218611773717488
5.054801082902052 0.021530868281209745
5.06094300402344 0.021839004774634192
5.067084925144828 0.022139570030063192
5.073226846266215 0.02242969846603602
5.079368767387603 0.022707076515863553
5.0855106885089905 0.022969904117625454
5.091652609630378 0.02321685237588288
5.097794530751766 0.02344701836130722
5.103936451873153 0.023659877926406347
5.110078372994542 0.023855237330507758
5.116220294115929 0.02403318438770214
5.122362215237317 0.024194039779513014
5.128504136358704 0.024338309110992846
5.134646057480092 0.024466636235531965
5.140787978601479 0.024579758330134434
5.146929899722867 0.02467846316897754
5.1530718208442545 0.02476354901795423
5.159213741965643 0.02483578755537338
5.1653556630870305 0.024895890212419232
5.171497584208418 0.02494447831933268
5.177639505329806 0.024982057437235018
5.183781426451193 0.025008996248464848
5.189923347572581 0.02502551036744237
5.196065268693968 0.02503165141650107
5.202207189815356 0.02502730168390986
5.208349110936744 0.025012174641623128
5.214491032058132 0.024985821545543935
5.2206329531795195 0.024947644269037717
5.226774874300907 0.024896914429383844
5.232916795422295 0.024832798755773336
5.239058716543682 0.024754390516163224
5.24520063766507 0.024660746669578293
5.251342558786457 0.024550930242222904
5.257484479907845 0.024424057243161393
5.263626401029233 0.024279347242758643
5.269768322150621 0.024116176540246555
5.275910243272008 0.023934132652640636
5.282052164393396 0.02373306867383187
5.2881940855147835 0.023513155888994886
5.294336006636171 0.023274932895086625
5.300477927757559 0.0230193493830292
5.306619848878946 0.022747802690876156
5.312761770000335 0.022462165248880568
5.318903691121722 0.022164801114732603
5.32504561224311 0.02185856994635112
5.331187533364497 0.021546816984207
5.337329454485885 0.021233347916088642
5.3434713756072725 0.020922387872081533
5.34961329672866 0.020618524240315295
5.355755217850048 0.020326633494960875
5.361897138971436 0.020051792773508728
5.368039060092824 0.01979917751345514
5.374180981214211 0.01957394703898192
5.380322902335599 0.019381120553380544
5.386464823456986 0.01922544651857191
5.392606744578374 0.019111268864246272
5.398748665699761 0.01904239384161081
5.404890586821149 0.019021961598029512
5.411032507942537 0.019052326679613305
5.417174429063925 0.019134951654021553
5.4233163501853126 0.019270317875717834
5.4294582713067 0.01945785708730918
5.435600192428088 0.019695907066897396
5.441742113549475 0.019981693903256353
5.447884034670863 0.02031134272586874
5.45402595579225 0.020679917859763225
5.460167876913639 0.021081492445791678
5.466309798035026 0.021509246600126264
5.472451719156414 0.02195559222003103
5.4785936402778015 0.022412321615379375
5.484735561399189 0.022870776295408932
5.490877482520577 0.023322031503852675
5.497019403641964 0.023757091504633492
5.503161324763352 0.024167090200657423
5.509303245884739 0.02454349143856643
5.515445167006128 0.02487828332309584
5.521587088127515 0.025164161037652375
5.527729009248903 0.02539469303576823
5.53387093037029 0.025564466015599335
5.540012851491678 0.025669204793361107
5.5461547726130656 0.02570586402181024
5.552296693734453 0.025672689621922474
5.558438614855841 0.025569248771928208
5.564580535977229 0.02539642828867122
5.570722457098617 0.025156402203234805
5.576864378220004 0.02485257023967264
5.583006299341392 0.024489469720187167
5.589148220462779 0.024072664115207705
5.595290141584167 0.023608612011822537
5.6014320627055545 0.02310452067513224
5.607573983826942 0.02256818861771119
5.6137159049483305 0.022007841672938695
5.619857826069718 0.021431966995517745
5.625999747191106 0.020849149199879277
5.632141668312493 0.020267912512029074
5.638283589433881 0.019696572374043684
5.644425510555268 0.019143099426581534
5.650567431676656 0.018614998228317966
5.656709352798043 0.018119202476961492
5.662851273919432 0.017661987898149423
5.668993195040819 0.017248903387676245
5.675135116162207 0.016884720447999775
5.681277037283595 0.016573400467296936
5.687418958404982 0.01631807896036415
5.69356087952637 0.01612106553349906
5.699702800647757 0.015983858054622574
5.705844721769145 0.015907169306348168
5.711986642890533 0.01589096427147696
5.718128564011921 0.015934506142904332
5.724270485133308 0.016036409156514074
5.730412406254696 0.016194696408133202
5.7365543273760835 0.016406860924863795
5.742696248497471 0.016669928407455018
5.748838169618859 0.016980520234158615
5.754980090740246 0.017334915508412162
5.761122011861635 0.017729111134076166
5.767263932983022 0.018158879105077026
5.77340585410441 0.018619820394506822
5.779547775225797 0.019107415015981174
5.785689696347185 0.01961706800301203
5.7918316174685724 0.02014415120711071
5.79797353858996 0.02068404095016954
5.804115459711348 0.021232151680216423
5.810257380832735 0.021783965871579998
5.816399301954124 0.02233506048123362
5.822541223075511 0.02288113032356515
5.828683144196899 0.023418008757441416
5.834825065318286 0.0239416860939058
5.840966986439674 0.024448326132070434
5.847108907561061 0.02493428121674898
5.853250828682449 0.025396106186158233
5.8593927498038365 0.02583057154359817
5.865534670925225 0.026234676145323602
5.8716765920466125 0.026605659649660083
5.877818513168 0.026941014921479017
5.883960434289388 0.027238500532984048
5.890102355410775 0.027496153447788413
5.896244276532163 0.027712301921764243
5.90238619765355 0.027885578602276893
5.908528118774938 0.028014933758216704
5.914670039896326 0.028099648527627533
5.920811961017714 0.02813934802851223
5.9269538821391015 0.02813401414225776
5.933095803260489 0.028083997748631788
5.939237724381877 0.027990030166886365
5.945379645503264 0.02785323353944194
5.951521566624652 0.027675129883026818
5.957663487746039 0.027457648526941568
5.963805408867428 0.02720313165903038
5.969947329988815 0.026914337706488378
5.976089251110203 0.02659444229011419
5.98223117223159 0.02624703650612084
5.988373093352978 0.025876122308042784
5.9945150144743655 0.025486104781362113
6.000656935595753 0.025081781123855087
6.006798856717141 0.024668326163922068
6.012940777838529 0.024251274265948638
6.019082698959917 0.023836497484836492
6.025224620081304 0.023430179840286117
6.031366541202692 0.02303878758463491
6.037508462324079 0.02266903533598508
6.043650383445467 0.022327847941540874
6.0497923045668545 0.022022317925772972
6.055934225688242 0.021759658366276007
6.06207614680963 0.02154715102982521
6.068218067931018 0.021392089595794563
6.074359989052406 0.021301717798092486
6.080501910173793 0.02128316233497092
6.086643831295181 0.021343360433662487
6.092785752416568 0.021488982019025517
6.098927673537956 0.021726346527133594
6.105069594659343 0.02206133453021228
6.111211515780731 0.0224992945015099
6.117353436902119 0.023044945248982058
6.123495358023507 0.023702274784412548
6.1296372791448945 0.02447443666670137
6.135779200266282 0.02536364515872246
6.14192112138767 0.026371070857704824
6.148063042509057 0.02749673878794169
6.154204963630445 0.028739431267479795
6.160346884751832 0.030096598160626112
6.166488805873221 0.03156427738719404
6.172630726994608 0.033137028757952616
6.178772648115996 0.034807884324241346
6.1849145692373835 0.03656831844970779
6.191056490358771 0.038408240717360875
6.197198411480159 0.040316014562767837
6.203340332601546 0.042278504165964875
6.209482253722934 0.04428115163777788
6.215624174844322 0.04630808590440193
6.22176609596571 0.048342263937791695
6.227908017087097 0.0503656441162441
6.234049938208485 0.05235939055391553
6.240191859329872 0.054304106240508535
6.24633378045126 0.056180091818742325
6.2524757015726475 0.05796762583698356
6.258617622694035 0.0596472613890595
6.2647595438154235 0.06120013323435142
6.270901464936811 0.0626082688182716
6.277043386058199 0.06385489612152073
