time TPR_both_B_open_144_rho22
904.7786842338604 0.00011782089821988258
904.7848261549818 0.00011905883305775944
904.7909680761032 0.00012031435417764656
904.7971099972245 0.00012158210624535435
904.803251918346 0.00012285712600781741
904.8093938394674 0.0001241348648489857
904.8155357605888 0.0001254112085354217
904.8216776817102 0.00012668249405417607
904.8278196028315 0.00012794552346253316
904.8339615239529 0.00012919757468666463
904.8401034450743 0.00013043640922399182
904.8462453661957 0.00013166027672203867
904.852387287317 0.00013286791642464304
904.8585292084384 0.00013405855549448632
904.8646711295598 0.0001352319042388822
904.8708130506812 0.00013638814828354368
904.8769549718027 0.00013752793775650976
904.883096892924 0.00013865237356146365
904.8892388140454 0.00013976299083621316
904.8953807351668 0.0001408617397080503
904.9015226562882 0.00014195096347294388
904.9076645774096 0.00014303337434000697
904.9138064985309 0.0001441120268962847
904.9199484196523 0.00014519028945961688
904.9260903407737 0.0001462718134990236
904.9322322618951 0.00014736050131271232
904.9383741830165 0.00014846047216334905
904.9445161041378 0.00014957602707862017
904.9506580252593 0.00015071161253231102
904.9567999463807 0.00015187178322709026
904.9629418675021 0.00015306116420489682
904.9690837886234 0.00015428441251427586
904.9752257097448 0.00015554617866614877
904.9813676308662 0.00015685106811037564
904.9875095519876 0.0001582036029650242
904.993651473109 0.00015960818422855542
904.9997933942303 0.00016106905470214235
905.0059353153517 0.0001625902628451096
905.0120772364731 0.00016417562778101645
905.0182191575946 0.00016582870566525667
905.024361078716 0.0001675527576172477
905.0305029998373 0.00016935071941135262
905.0366449209587 0.00017122517311070337
905.0427868420801 0.00017317832081710597
905.0489287632015 0.00017521196069825092
905.0550706843229 0.00017732746544062622
905.0612126054442 0.00017952576326285983
905.0673545265656 0.00018180732160981005
905.073496447687 0.00018417213363262
905.0796383688084 0.00018661970754425545
905.0857802899299 0.00018914905892381938
905.0919222110512 0.00019175870602627864
905.0980641321726 0.00019444666813721456
905.104206053294 0.00019721046699494024
905.1103479744154 0.00020004713128485605
905.1164898955367 0.00020295320419338588
905.1226318166581 0.0002059247539913036
905.1287737377795 0.00020895738759882599
905.1349156589009 0.00021204626706761989
905.1410575800223 0.00021518612889793968
905.1471995011436 0.00021837130609253795
905.153341422265 0.00022159575283293154
905.1594833433865 0.00022485307164808388
905.1656252645079 0.00022813654293071632
905.1717671856293 0.00023143915664235014
905.1779091067506 0.00023475364603490275
905.184051027872 0.00023807252320428557
905.1901929489934 0.00024138811628006244
905.1963348701148 0.00024469260804489625
905.2024767912362 0.0002479780757682949
905.2086187123575 0.0002512365320311415
905.2147606334789 0.0002544599663106918
905.2209025546003 0.00025764038709022707
905.2270444757218 0.0002607698642533488
905.233186396843 0.00026384057152008163
905.2393283179645 0.0002668448286805141
905.2454702390859 0.0002697751433816531
905.2516121602073 0.0002726242522245363
905.2577540813287 0.0002753851609314324
905.26389600245 0.0002780511833471268
905.2700379235714 0.00028061597904385224
905.2761798446928 0.00028307358930635616
905.2823217658142 0.0002854184712818249
905.2884636869356 0.0002876455300889213
905.2946056080569 0.00028975014869094386
905.3007475291784 0.00029172821535003375
905.3068894502998 0.0002935761484923952
905.3130313714212 0.00029529091882854203
905.3191732925426 0.000296870068587585
905.3253152136639 0.0002983117277404522
905.3314571347853 0.0002996146271035522
905.3375990559067 0.00030077810823170477
905.3437409770281 0.00030180213002702733
905.3498828981494 0.00030268727200880973
905.3560248192708 0.00030343473420808327
905.3621667403922 0.0003040463336695536
905.3683086615137 0.0003045244975625922
905.3744505826351 0.0003048722529221166
905.3805925037564 0.00030509321305915245
905.3867344248778 0.00030519156069967783
905.3928763459992 0.00030517202792884694
905.3990182671206 0.00030503987303574245
905.405160188242 0.0003048008543713636
905.4113021093633 0.000304461201349482
905.4174440304847 0.0003040275827362151
905.4235859516061 0.0003035070723895586
905.4297278727275 0.0003029071126246588
905.435869793849 0.0003022354753941184
905.4420117149702 0.0003015002214851595
905.4481536360917 0.0003007096579468358
905.4542955572131 0.00029987229397072164
905.4604374783345 0.000298996795457488
905.4665793994558 0.00029809193850951604
905.4727213205772 0.000297166562096113
905.4788632416986 0.00029622952014298447
905.48500516282 0.0002952896333013392
905.4911470839414 0.00029435564065434836
905.4972890050627 0.0002934361516196346
905.5034309261841 0.0002925395983060704
905.5095728473055 0.00029167418858130483
905.515714768427 0.00029084786010332835
905.5218566895484 0.0002900682355647994
905.5279986106697 0.0002893425793930493
905.5341405317911 0.0002886777561415362
905.5402824529125 0.0002880801908001099
905.5464243740339 0.0002875558312418878
905.5525662951553 0.0002871101130137629
905.5587082162766 0.00028674792666570365
905.564850137398 0.0002864735878011666
905.5709920585194 0.0002862908100169945
905.5771339796408 0.00028620268088646656
905.5832759007621 0.0002862116411235379
905.5894178218836 0.00028631946704995415
905.595559743005 0.00028652725646990864
905.6017016641264 0.0002868354180393212
905.6078435852478 0.0002872436641986945
905.6139855063691 0.00028775100772001553
905.6201274274905 0.000288355761899386
905.6262693486119 0.00028905554440799343
905.6324112697333 0.0002898472847949421
905.6385531908547 0.00029072723561629574
905.644695111976 0.00029169098714558917
905.6508370330974 0.00029273348560222487
905.6569789542189 0.00029384905481549394
905.6631208753403 0.0002950314212237996
905.6692627964617 0.0002962737420908553
905.675404717583 0.0002975686368034861
905.6815466387044 0.00029890822109912704
905.6876885598258 0.00030028414405537754
905.6938304809472 0.00030168762765905453
905.6999724020686 0.00030310950875819305
905.7061143231899 0.00030454028318754964
905.7122562443113 0.00030597015184616214
905.7183981654327 0.00030738906849493193
905.7245400865542 0.00030878678903256587
905.7306820076755 0.000310152922000084
905.7368239287969 0.0003114769800571249
905.7429658499183 0.0003127484321677801
905.7491077710397 0.00031395675622954654
905.7552496921611 0.00031509149187630237
905.7613916132824 0.0003161422931849447
905.7675335344038 0.0003170989810155487
905.7736754555252 0.00031795159471661636
905.7798173766466 0.0003186904429300599
905.785959297768 0.00031930615323522377
905.7921012188893 0.00031978972037715366
905.7982431400108 0.00032013255283178327
905.8043850611322 0.00032032651746940674
905.8105269822536 0.00032036398208776213
905.816668903375 0.00032023785559742344
905.8228108244963 0.0003199416256545002
905.8289527456177 0.0003194693935492224
905.8350946667391 0.00031881590617354046
905.8412365878605 0.0003179765849062742
905.8473785089818 0.00031694755127074166
905.8535204301032 0.00031572564923677246
905.8596623512246 0.00031430846405678455
905.865804272346 0.0003126943375438218
905.8719461934675 0.0003108823797181214
905.8780881145888 0.00030887247676788696
905.8842300357102 0.0003066652952890474
905.8903719568316 0.0003042622827882879
905.896513877953 0.0003016656644528873
905.9026557990744 0.00029887843621023734
905.9087977201957 0.00029590435411892775
905.9149396413171 0.00029274792015203795
905.9210815624385 0.00028941436445160485
905.9272234835599 0.0002859096241510561
905.9333654046814 0.0002822403188796361
905.9395073258027 0.00027841372307935906
905.9456492469241 0.0002744377352808061
905.9517911680455 0.00027032084449899385
905.9579330891669 0.00026607209392452106
905.9640750102882 0.00026170104209825417
905.9702169314096 0.00025721772176972663
905.976358852531 0.00025263259665033746
905.9825007736524 0.00024795651628216326
905.9886426947738 0.00024320066925173595
905.9947846158951 0.00023837653498548007
906.0009265370165 0.0002334958343696265
906.007068458138 0.00022857047944223636
906.0132103792594 0.00022361252240855097
906.0193523003808 0.00021863410423318694
906.0254942215021 0.00021364740306367155
906.0316361426235 0.00020866458273963997
906.0377780637449 0.0002036977416403981
906.0439199848663 0.0001987588621208303
906.0500619059877 0.00019385976078166217
906.056203827109 0.0001890120398148798
906.0623457482304 0.00018422703965873061
906.0684876693518 0.0001795157931892629
906.0746295904733 0.00017488898166682262
906.0807715115945 0.00017035689264622582
906.086913432716 0.0001659293800487975
906.0930553538374 0.00016161582658282654
906.0991972749588 0.00015742510868661246
906.1053391960802 0.00015336556415496182
906.1114811172015 0.0001494449625959614
906.1176230383229 0.00014567047885013243
906.1237649594443 0.00014204866948870436
906.1299068805657 0.00013858545249178852
906.1360488016871 0.0001352860901908988
906.1421907228084 0.00013215517554338106
906.1483326439298 0.00012919662178922003
906.1544745650513 0.00012641365552330073
906.1606164861727 0.00012380881319864513
906.1667584072941 0.00012138394105853215
906.1729003284154 0.0001191401984777929
906.1790422495368 0.00011707806467603028
906.1851841706582 0.00011519734874820278
906.1913260917796 0.00011349720294091391
906.1974680129009 0.00011197613908603746
906.2036099340223 0.00011063204808701296
906.2097518551437 0.00010946222233747244
906.2158937762651 0.00010846338093659003
906.2220356973866 0.00010763169755124982
906.2281776185079 0.00010696283076137583
906.2343195396293 0.00010645195671193372
906.2404614607507 0.00010609380388332983
906.2466033818721 0.00010588268978089537
906.2527453029935 0.0001058125593344422
906.2588872241148 0.00010587702479005035
906.2650291452362 0.00010606940686878032
906.2711710663576 0.00010638277696063548
906.277312987479 0.00010681000011706027
906.2834549086004 0.00010734377860152274
906.2895968297217 0.00010797669575523124
906.2957387508432 0.00010870125993402862
906.3018806719646 0.00010950994827275257
906.308022593086 0.00011039525003493647
906.3141645142074 0.00011134970930881557
906.3203064353287 0.00011236596681487581
906.3264483564501 0.00011343680059584562
906.3325902775715 0.00011455516536708181
906.3387321986929 0.00011571423031337651
906.3448741198142 0.00011690741512780366
906.3510160409356 0.00011812842409869044
906.357157962057 0.00011937127806255533
906.3632998831785 0.00012063034405359051
906.3694418042999 0.00012190036249386504
906.3755837254212 0.00012317647178304968
906.3817256465426 0.00012445423016178866
906.387867567664 0.00012572963473883613
906.3940094887854 0.00012699913758876653
906.4001514099068 0.00012825965884415583
906.4062933310281 0.00012950859672370145
906.4124352521495 0.00013074383445555137
906.4185771732709 0.00013196374407315175
906.4247190943923 0.00013316718707897656
906.4308610155138 0.00013435351198966684
906.437002936635 0.00013552254879391627
906.4431448577565 0.00013667460037228123
906.4492867788779 0.0001378104309453722
906.4554286999993 0.0001389312516338469
906.4615706211206 0.00014003870323003057
906.467712542242 0.00014113483629675424
906.4738544633634 0.00014222208872405413
906.4799963844848 0.0001433032608886769
906.4861383056062 0.00014438148857467468
906.4922802267275 0.00014546021382589328
906.4984221478489 0.00014654315391256768
906.5045640689704 0.00014763426860455123
906.5107059900918 0.00014873772595313286
906.5168479112132 0.00014985786679128134
906.5229898323345 0.00015099916816919997
906.5291317534559 0.0001521662059477019
906.5352736745773 0.00015336361677620994
906.5414155956987 0.0001545960596854545
906.5475575168201 0.00015586817752664302
906.5536994379414 0.00015718455848950935
906.5598413590628 0.00015854969793081816
906.5659832801842 0.000159967960742936
906.5721252013057 0.00016144354448872336
906.578267122427 0.00016298044352445465
906.5844090435484 0.00016458241432683568
906.5905509646698 0.00016625294223301514
906.5966928857912 0.0001679952097946458
906.6028348069126 0.0001698120669376704
906.6089767280339 0.00017170600310937207
906.6151186491553 0.00017367912158300258
906.6212605702767 0.00017573311607800563
906.6274024913981 0.0001778692498409722
906.6335444125195 0.00018008833731846162
906.6396863336408 0.00018239072853832436
906.6458282547623 0.0001847762963008687
906.6519701758837 0.00018724442626535132
906.6581120970051 0.00018979401000101327
906.6642540181265 0.0001924234410550053
906.6703959392478 0.0001951306140725804
906.6765378603692 0.00019791292698748163
906.6826797814906 0.00020076728628308485
906.688821702612 0.00020369011530718087
906.6949636237333 0.0002066773656058985
906.7011055448547 0.00020972453122476218
906.7072474659761 0.0002128266659078117
906.7133893870975 0.00021597840310879415
906.719531308219 0.00021917397871199415
906.7256732293403 0.00022240725634438773
906.7318151504617 0.00022567175514537114
906.7379570715831 0.00022896067984567986
906.7440989927045 0.00023226695299321604
906.7502409138259 0.000235583249150405
906.7563828349472 0.0002389020308755977
906.7625247560686 0.00024221558628990448
906.76866667719 0.00024551606802073806
906.7748085983114 0.0002487955333045149
906.7809505194328 0.00025204598502310855
906.7870924405541 0.0002552594134423276
906.7932343616756 0.0002584278384153501
906.799376282797 0.00026154335181031833
906.8055182039184 0.00026459815991875256
906.8116601250397 0.00026758462560037263
906.8178020461611 0.0002704953099202037
906.8239439672825 0.0002733230130355955
906.8300858884039 0.00027606081409386655
906.8362278095253 0.0002787021099058547
906.8423697306466 0.0002812406521665513
906.848511651768 0.00028367058300119525
906.8546535728894 0.00028598646862387246
906.8607954940109 0.0002881833309054189
906.8669374151323 0.0002902566766585095
906.8730793362536 0.00029220252446002454
906.879221257375 0.00029401742884408756
906.8853631784964 0.0002956985017134216
906.8915050996178 0.0002972434308319727
906.8976470207392 0.00029865049527773296
906.9037889418605 0.00029991857775158576
906.9099308629819 0.0003010471736553933
906.9160727841033 0.0003020363968705391
906.9222147052247 0.0003028869821866716
906.9283566263462 0.0003036002843489629
906.9344985474675 0.00030417827371141866
906.9406404685889 0.0003046235285026408
906.9467823897103 0.00030493922372965834
906.9529243108317 0.00030512911676433595
906.959066231953 0.0003051975296756162
906.9652081530744 0.00030514932838927286
906.9713500741958 0.00030498989877472134
906.9774919953172 0.00030472511977592317
906.9836339164386 0.0003043613337201444
906.9897758375599 0.0003039053139542981
906.9959177586813 0.00030336422997390123
907.0020596798028 0.0003027456102238554
907.0082016009242 0.00030205730276357295
907.0143435220456 0.0003013074340012352
907.0204854431669 0.000300504365713087
907.0266273642883 0.0002996566505734456
907.0327692854097 0.00029877298643002755
907.0389112065311 0.00029786216956636857
907.0450531276525 0.0002969330471993377
907.0511950487738 0.00029599446946446096
907.0573369698952 0.0002950552411451484
907.0634788910166 0.0002941240734038998
907.069620812138 0.00029320953577420354
907.0757627332594 0.0002923200086710818
907.0819046543808 0.0002914636366760325
907.0880465755022 0.00029064828284867576
907.0941884966236 0.0002898814843124705
907.100330417745 0.00028917040935581395
907.1064723388663 0.00028852181628220223
907.1126142599877 0.0002879420142346653
907.1187561811091 0.000287436826209567
907.1248981022305 0.00028701155446400183
907.1310400233519 0.0002866709485088239
907.1371819444732 0.00028641917586618587
907.1433238655947 0.00028625979575642606
907.1494657867161 0.00028619573586412364
907.1556077078375 0.0002862292723172658
907.1617496289589 0.0002863620129971283
907.1678915500802 0.00028659488427914024
907.1740334712016 0.00028692812128729465
907.180175392323 0.00028736126172651164
907.1863173134444 0.0002878931433387681
907.1924592345657 0.00028852190500984704
907.1986011556871 0.00028924499153464093
907.2047430768085 0.0002900591620297001
907.21088499793 0.0002909605019625739
907.2170269190514 0.0002919444387484767
907.2231688401727 0.00029300576084603515
907.2293107612941 0.0002941386402652125
907.2354526824155 0.0002953366583825609
907.2415946035369 0.0002965928349411583
907.2477365246583 0.00029789966009570055
907.2538784457796 0.000299249129346849
907.260020366901 0.0003006327811933058
907.2661622880224 0.00030204173731557623
907.2723042091438 0.00030346674509146006
907.2784461302653 0.0003048982222307691
907.2845880513865 0.00030632630330502936
907.290729972508 0.00030774088793765817
907.2968718936294 0.0003091316904107739
907.3030138147508 0.0003104882904369413
907.3091557358721 0.0003118001848376437
907.3152976569935 0.0003130568398650062
907.3214395781149 0.00031424774389954
907.3275814992363 0.000315362460254415
907.3337234203577 0.00031639067981575105
907.339865341479 0.00031732227324911516
907.3460072626004 0.00031814734250443374
907.3521491837218 0.000318856271354968
907.3582911048433 0.000319439774710999
907.3644330259647 0.0003198889464552151
907.370574947086 0.00032019530555446883
907.3767168682074 0.0003203508402116545
907.3828587893288 0.00032034804983180435
907.3890007104502 0.00032017998458797693
907.3951426315716 0.0003198402823853516
907.4012845526929 0.00031932320303555434
907.4074264738143 0.0003186236594681387
907.4135683949357 0.00031773724582183707
907.4197103160571 0.00031666026227457496
907.4258522371784 0.00031538973648865366
907.4319941582999 0.00031392344156522543
907.4381360794213 0.00031225991042061006
907.4442780005427 0.00031039844651576407
907.4504199216641 0.00030833913088932935
907.4565618427854 0.0003060828254639383
907.4627037639068 0.0003036311726148579
907.4688456850282 0.00030098659100934384
907.4749876061496 0.0002981522677444052
907.481129527271 0.0002951321468295124
907.4872714483923 0.0002919309140795855
907.4934133695137 0.00028855397850167686
907.4995552906352 0.0002850074502765894
907.5056972117566 0.00028129811545352774
907.511839132878 0.00027743340749247016
907.5179810539993 0.000273421375804303
907.5241229751207 0.00026927065145354
907.5302648962421 0.00026499041020224543
907.5364068173635 0.0002605903330864205
907.5425487384849 0.0002560805647279145
907.5486906596062 0.00025147166959547896
907.5548325807276 0.000246774586437998
907.560974501849 0.0002420005811212366
907.5671164229705 0.00023716119810643913
907.5732583440918 0.00023226821081486594
907.5794002652132 0.00022733357112701225
907.5855421863346 0.00022236935826831596
907.591684107456 0.00021738772733533084
907.5978260285774 0.0002124008577168825
907.6039679496987 0.00020742090166423814
907.6101098708201 0.0002024599332624564
907.6162517919415 0.0001975298980520129
907.6223937130629 0.00019264256354549825
907.6285356341843 0.0001878094708787364
907.6346775553056 0.0001830418878289505
907.640819476427 0.0001783507634249371
907.6469613975485 0.0001737466843652985
907.6531033186699 0.00016923983345095128
907.6592452397913 0.00016483995022723605
907.6653871609126 0.00016055629401922242
907.671529082034 0.00015639760953104967
907.6776710031554 0.00015237209516680362
907.6838129242768 0.0001484873742160949
907.6899548453981 0.00014475046903264868
907.6960967665195 0.00014116777831874784
907.7022386876409 0.00013774505761223832
907.7083806087624 0.00013448740305633402
907.7145225298838 0.0001313992385156069
907.7206644510051 0.00012848430608422703
907.7268063721265 0.00012574566001521782
907.7329482932479 0.00012318566408177063
907.7390902143693 0.00012080599236422421
907.7452321354907 0.00011860763343849618
907.751374056612 0.00011659089792443428
907.7575159777334 0.00011475542933521527
907.7636578988548 0.00011310021815188393
907.7697998199762 0.00011162361903059164
907.7759417410977 0.00011032337103385668
907.782083662219 0.0001091966207616573
907.7882255833404 0.00010823994824309736
907.7943675044618 0.00010744939543521687
907.8005094255832 0.00010682049716200739
907.8066513467045 0.00010634831431413847
907.8127932678259 0.00010602746911817599
907.8189351889473 0.00010585218227356849
907.8250771100687 0.00010581631174598769
907.8312190311901 0.00010591339299722859
907.8373609523114 0.00010613668042469307
907.8435028734328 0.00010647918977733356
907.8496447945543 0.00010693374131033419
907.8557867156757 0.00010749300343732543
907.8619286367971 0.00010814953663676035
907.8680705579184 0.00010889583736850858
907.8742124790398 0.00010972438175712832
907.8803544001612 0.00011062766880042812
907.8864963212826 0.00011159826286515919
907.892638242404 0.00011262883523639772
907.8987801635253 0.00011371220449316854
907.9049220846467 0.00011484137549011633
907.9110640057681 0.00011600957673362579
907.9172059268896 0.00011721029595040811
907.9233478480108 0.00011843731365757641
907.9294897691323 0.00011968473455508718
907.9356316902537 0.00012094701657444607
907.9417736113751 0.00012221899743143898
907.9479155324965 0.00012349591854547188
907.9540574536178 0.00012477344620352232
907.9601993747392 0.00012604768986301698
907.9663412958606 0.00012731521750459276
907.972483216982 0.00012857306796305968
907.9786251381034 0.00012981876018245645
907.9847670592247 0.00013105029935891893
907.9909089803461 0.0001322661799532201
907.9970509014676 0.0001334653855728871
908.003192822589 0.00013464738574188594
908.0093347437104 0.00013581212959369495
908.0154766648317 0.0001369600365413134
908.0216185859531 0.00013809198399492776
908.0277605070745 0.00013920929221482618
908.0339024281959 0.00014031370640338504
908.0400443493172 0.0001414073761555451
908.0461862704386 0.00014249283240210786
908.05232819156 0.00014357296199413836
908.0584701126814 0.00014465098009008455
908.0646120338029 0.00014573040051928059
908.0707539549242 0.0001468150043067409
908.0768958760456 0.0001479088065543096
908.083037797167 0.00014901602188209477
908.0891797182884 0.00015014102864197647
908.0953216394098 0.0001512883321215573
908.1014635605311 0.000152462526962298
908.1076054816525 0.00015366825901951044
908.1137474027739 0.00015491018689491672
908.1198893238953 0.0001561929433737548
908.1260312450167 0.00015752109699879112
908.132173166138 0.0001588991140124199
908.1383150872595 0.00016033132089576655
908.1444570083809 0.00016182186772999125
908.1505989295023 0.00016337469260025965
908.1567408506237 0.00016499348725668365
908.162882771745 0.00016668166423936377
908.1690246928664 0.00016844232566628686
908.1751666139878 0.00017027823387333324
908.1813085351092 0.00017219178408522422
908.1874504562305 0.0001741849792846986
908.1935923773519 0.0001762594074348926
908.1997342984733 0.00017841622119648147
908.2058762195948 0.0001806561202672994
908.2120181407162 0.000182979336457229
908.2181600618375 0.00018538562159581065
908.2243019829589 0.00018787423835404116
908.2304439040803 0.000190443954045375
908.2365858252017 0.000193093037454082
908.2427277463231 0.00019581925872198323
908.2488696674444 0.0001986198923071694
908.2550115885658 0.00020149172301084148
908.2611535096872 0.00020443105505079298
908.2672954308086 0.00020743372414265866
908.27343735193 0.00021049511253265344
908.2795792730514 0.00021361016690839507
908.2857211941728 0.0002167734190977551
908.2918631152942 0.00021997900944922726
908.2980050364156 0.00022322071277158171
908.3041469575369 0.00022649196669538547
908.3102888786583 0.00022978590230436673
908.3164307997797 0.00023309537687105702
908.3225727209011 0.00023641300851820924
908.3287146420225 0.00023973121261556616
908.3348565631438 0.00024304223971082685
908.3409984842652 0.00024633821478367747
908.3471404053867 0.00024961117760335255
908.3532823265081 0.0002528531239625383
908.3594242476295 0.00025605604755449263
908.3655661687508 0.0002592119822552025
908.3717080898722 0.0002623130445690728
908.3778500109936 0.0002653514759943676
908.383991932115 0.00026831968506393764
908.3901338532364 0.0002712102888174403
908.3962757743577 0.00027401615346328676
908.4024176954791 0.0002767304339920571
908.4085596166005 0.00027934661250801656
908.414701537722 0.0002818585350515765
908.4208434588433 0.00028426044669312904
908.4269853799647 0.00028654702468758743
908.4331273010861 0.0002887134094891516
908.4392692222075 0.0002907552334370818
908.4454111433289 0.00029266864693580175
908.4515530644502 0.00029445034196622934
908.4576949855716 0.00029609757277967514
908.463836906693 0.00029760817364121847
908.4699788278144 0.0002989805735056395
908.4761207489358 0.00030021380752600897
908.4822626700571 0.00030130752531262766
908.4884045911786 0.0003022619958780896
908.4945465123 0.00030307810922290516
908.5006884334214 0.00030375737453468147
908.5068303545428 0.00030430191499320044
908.5129722756641 0.000304714459192562
908.5191141967855 0.00030499832921073995
908.5252561179069 0.0003051574253757883
908.5313980390283 0.0003051962077966184
908.5375399601496 0.0003051196747444561
908.543681881271 0.00030493333798907354
908.5498238023924 0.00030464319521095217
908.5559657235139 0.00030425569962730744
908.5621076446353 0.0003037777269855252
908.5682495657566 0.0003032165400927569
908.574391486878 0.00030257975106420706
908.5805334079994 0.0003018752814859278
908.5866753291208 0.0003011113206996669
908.5928172502422 0.000300296282428326
908.5989591713635 0.00029943875996998637
908.6051010924849 0.00029854748019710124
908.6112430136063 0.00029763125660421295
908.6173849347277 0.0002966989416535691
908.6235268558491 0.0002957593786723449
908.6296687769704 0.00029482135355807465
908.6358106980919 0.0002938935465508192
908.6419526192133 0.0002929844843305975
908.6480945403347 0.0002921024926976452
908.6542364614561 0.0002912556500905823
908.6603783825774 0.00029045174219358475
908.6665203036988 0.0002896982178785994
908.6726622248202 0.00028900214672210865
908.6788041459416 0.0002883701783281434
908.6849460670629 0.00028780850368026256
908.6910879881843 0.00028732281873511444
908.6972299093057 0.00028691829045868834
908.7033718304272 0.00028659952549425825
908.7095137515486 0.0002863705416373847
908.7156556726699 0.00028623474227914165
908.7217975937913 0.0002861948939635126
908.7279395149127 0.00028625310718889837
908.7340814360341 0.00028641082056703323
908.7402233571555 0.0002866687884351641
908.7463652782768 0.00028702707199966505
908.7525071993982 0.0002874850340707637
908.7586491205196 0.00028804133742955256
908.764791041641 0.00028869394684939714
908.7709329627625 0.0002894401347748439
908.7770748838838 0.0002902764906419699
908.7832168050052 0.0002911989338049255
908.7893587261266 0.00029220273001453675
908.795500647248 0.00029328251137590637
908.8016425683693 0.0002944322996937499
908.8077844894907 0.0002956455330959477
908.8139264106121 0.0002969150958085256
908.8200683317335 0.0002982333509383091
908.8262102528549 0.00029959217610333125
908.8323521739762 0.0003009830017358826
908.8384940950976 0.00030239685186841134
908.844636016219 0.00030382438719926333
908.8507779373405 0.00030525595022254734
908.8569198584619 0.00030668161219537355
908.8630617795832 0.0003080912217053461
908.8692037007046 0.0003094744545924845
908.875345621826 0.00031082086497209217
908.8814875429474 0.0003121199370989179
908.8876294640688 0.00031336113780804824
908.8937713851901 0.0003145339692646061
908.8999133063115 0.0003156280217523868
908.906055227433 0.00031663302623094475
908.9121971485544 0.0003175389063917025
908.9183390696757 0.00031833582994596156
908.9244809907971 0.00031901425888166156
908.9306229119185 0.00031956499843094094
908.9367648330399 0.00031997924449727076
908.9429067541613 0.0003202486292990104
908.9490486752826 0.0003203652649955931
908.955190596404 0.0003203217850731762
908.9613325175254 0.00032011138327848576
908.9674744386468 0.00031972784990251003
908.9736163597682 0.0003191656052297517
908.9797582808895 0.0003184197299837625
908.985900202011 0.0003174859926156487
908.9920421231324 0.00031636087329878194
908.9981840442538 0.000315041584510509
909.0043259653752 0.00031352608809957706
909.0104678864965 0.0003118131087564037
909.0166098076179 0.0003099021438223732
909.0227517287393 0.0003077934693932562
909.0288936498607 0.00030548814269138006
909.035035570982 0.0003029880007004074
909.0411774921034 0.00030029565507595443
909.0473194132248 0.0002974144833644853
909.0534613343463 0.00029434861658174925
909.0596032554677 0.0002911029232206644
909.065745176589 0.00028768298977658544
909.0718870977104 0.0002840950978954176
909.0780290188318 0.00028034619826698925
909.0841709399532 0.00027644388140219404
909.0903128610746 0.0002723963454477522
909.0964547821959 0.00026821236120699914
909.1025967033173 0.0002639012345484833
909.1087386244387 0.0002594727663967771
909.1148805455601 0.00025493721051127356
909.1210224666816 0.00025030522926900925
909.1271643878028 0.0002455878476768055
909.1333063089243 0.00024079640584588895
909.1394482300457 0.00023594251016887093
909.1455901511671 0.00023103798344452164
909.1517320722884 0.0002260948141998732
909.1578739934098 0.00022112510546219857
909.1640159145312 0.0002161410232350765
909.1701578356526 0.0002111547449330328
909.176299756774 0.00020617840802844776
909.1824416778953 0.000201224059162297
909.1885835990167 0.00019630360396676958
909.1947255201381 0.00019142875784337957
909.2008674412596 0.00018661099793432215
909.207009362381 0.0001818615165178805
909.2131512835023 0.00017719117605072726
909.2192932046237 0.00017261046607081203
909.2254351257451 0.0001681294621643837
909.2315770468665 0.00016375778718968317
909.2377189679879 0.00015950457493774025
909.2438608891092 0.00015537843639790578
909.2500028102306 0.00015138742878201522
909.256144731352 0.00014753902744681405
909.2622866524734 0.00014384010083904475
909.2684285735947 0.00014029688857209737
909.2745704947162 0.0001369149827268596
909.2807124158376 0.0001336993124527781
909.286854336959 0.00013065413192828312
909.2929962580804 0.0001277830117222658
909.2991381792017 0.0001250888335809929
909.3052801003231 0.00012257378864715242
909.3114220214445 0.00012023937910011655
909.3175639425659 0.00011808642318896253
909.3237058636873 0.00011611506361225116
909.3298477848086 0.00011432477918149283
909.33598970593 0.00011271439968816453
909.3421316270515 0.00011128212387775866
909.3482735481729 0.00011002554041825376
909.3544154692943 0.0001089416517349583
909.3605573904156 0.00010802690056890441
909.366699311537 0.00010727719910185327
909.3728412326584 0.00010668796047780938
909.3789831537798 0.00010625413253843636
909.3851250749012 0.00010597023357857287
909.3912669960225 0.00010583038991744177
909.3974089171439 0.00010582837507205186
909.4035508382653 0.00010595765031103282
909.4096927593868 0.00010621140636028387
909.415834680508 0.00010658260602605836
909.4219766016295 0.00010706402749673761
909.4281185227509 0.00010764830808144013
909.4342604438723 0.00010832798814186332
909.4404023649937 0.00010909555497327161
909.446544286115 0.00010994348639165199
909.4526862072364 0.00011086429378620435
909.4588281283578 0.00011185056440014126
909.4649700494792 0.00011289500260768411
909.4711119706006 0.00011399046996153392
909.477253891722 0.00011513002379262262
909.4833958128434 0.00011630695415289082
909.4895377339648 0.00011751481890168649
909.4956796550862 0.00011874747674774573
909.5018215762076 0.00011999911807074594
909.5079634973289 0.00012126429335971565
909.5141054184503 0.00012253793911971443
909.5202473395717 0.00012381540111313814
909.5263892606931 0.00012509245481766073
909.5325311818144 0.00012636532299926023
909.5386731029358 0.00012763069031557895
909.5448150240572 0.00012888571488229008
909.5509569451787 0.00013012803675277728
909.5570988663001 0.0001313557832794429
909.5632407874214 0.00013256757134291516
909.5693827085428 0.00013376250645369956
909.5755246296642 0.00013494017874863542
909.5816665507856 0.00013610065592251617
909.587808471907 0.0001372444731526989
909.5939503930283 0.00013837262009174317
909.6000923141497 0.00013948652501971786
909.6062342352711 0.00014058803626404329
909.6123761563925 0.0001416794010100065
909.618518077514 0.00014276324163988468
909.6246599986353 0.00014384252975242187
909.6308019197567 0.0001449205580272657
909.6369438408781 0.00014600091011106726
909.6430857619995 0.00014708742871270546
909.6492276831208 0.00014818418210506238
909.6553696042422 0.00014929542923933787
909.6615115253636 0.00015042558368547429
909.667653446485 0.00015157917661849974
909.6737953676064 0.0001527608190756243
909.6799372887277 0.0001539751637127037
909.6860792098491 0.000155226866291136
909.6922211309706 0.00015652054712743954
909.698363052092 0.00015786075273766924
909.7045049732134 0.0001592519179074542
909.7106468943347 0.00016069832841566852
909.7167888154561 0.0001622040846359944
909.7229307365775 0.0001637730662352651
909.7290726576989 0.00016540889818135815
909.7352145788203 0.00016711491826564755
909.7413564999416 0.00016889414633657648
909.747498421063 0.00017074925543109288
909.7536403421844 0.00017268254497991258
909.7597822633059 0.00017469591625100038
909.7659241844271 0.00017679085018286385
909.7720661055486 0.0001789683877459439
909.77820802667 0.00018122911295606847
909.7843499477914 0.0001835731386489826
909.7904918689128 0.00018600009510951311
909.7966337900341 0.00018850912163272509
909.8027757111555 0.0001910988610779146
909.8089176322769 0.00019376745745933107
909.8150595533983 0.00019651255660031958
909.8212014745197 0.00019933130986010277
909.827343395641 0.00020222038092499218
909.8334853167624 0.00020517595563814627
909.8396272378839 0.00020819375482462727
909.8457691590053 0.00021126905005120253
909.8519110801267 0.00021439668224328045
909.858053001248 0.0002175710830647326
909.8641949223694 0.0002207862989501684
909.8703368434908 0.00022403601766350582
909.8764787646122 0.00022731359724174392
909.8826206857336 0.00023061209716845782
909.8887626068549 0.00023392431160810184
909.8949045279763 0.00023724280451952744
909.9010464490977 0.00024055994645560047
909.9071883702192 0.00024386795284505496
909.9133302913405 0.00024715892354331846
909.9194722124619 0.00025042488343070816
909.9256141335833 0.0002536578238292085
909.9317560547047 0.00025684974450334013
909.9378979758261 0.0002599926960059481
909.9440398969474 0.00026307882212673944
909.9501818180688 0.00026610040219945654
909.9563237391902 0.0002690498930232904
909.9624656603116 0.0002719199701550506
909.968607581433 0.0002747035683311833
909.9747495025543 0.00027739392078237436
909.9808914236758 0.00027998459720879093
909.9870333447972 0.0002824695401906581
909.9931752659186 0.00028484309981664855
909.99931718704 0.00028710006632184595
910.0054591081613 0.00028923570053753954
910.0116010292827 0.0002912457619666235
910.0177429504041 0.0002931265343112495
910.0238848715255 0.00029487484829313445
910.0300267926468 0.0002964881016217089
910.0361687137682 0.0002979642759809183
910.0423106348896 0.00029930195092200506
910.0484525560111 0.00030050031456672373
910.0545944771325 0.00030155917104308667
910.0607363982538 0.00030247894459413784
910.0668783193752 0.0003032606803187187
910.0730202404966 0.00030390604152213285
910.079162161618 0.00030441730367366604
910.0853040827394 0.0003047973449870136
910.0914460038607 0.0003050496336586368
910.0975879249821 0.00030517821181803834
910.1037298461035 0.00030518767626240735
910.109871767225 0.00030508315606634945
910.1160136883464 0.0003048702871750571
910.1221556094677 0.00030455518410641737
910.1282975305891 0.0003041444089038388
910.1344394517105 0.00030364493749739416
910.1405813728319 0.00030306412364540676
910.1467232939532 0.0003024096606425539
910.1528652150746 0.00030168954099325085
910.159007136196 0.000300912014260782
910.1651490573174 0.0003000855433131556
910.1712909784388 0.00029921875919599483
910.1774328995601 0.00029832041487073665
910.1835748206815 0.00029739933806328695
910.189716741803 0.0002964643834736083
910.1958586629244 0.00029552438460082566
910.2020005840458 0.00029458810544110575
910.2081425051671 0.0002936641923168887
910.2142844262885 0.0002927611260959894
910.2204263474099 0.00029188717505753423
910.2265682685313 0.00029105034865899843
910.2327101896527 0.00029025835245433064
910.238852110774 0.000289518544407627
910.2449940318954 0.0002888378928400729
910.2511359530168 0.0002882229362396762
910.2572778741383 0.00028767974515416525
910.2634197952596 0.00028721388637679404
910.269561716381 0.00028683038962334614
910.2757036375024 0.0002865337168859273
910.2818455586238 0.00028632773463549806
910.2879874797452 0.000286215689030563
910.2941294008665 0.0002862001842740651
910.3002713219879 0.0002862831642443017
910.3064132431093 0.0002864658975088311
910.3125551642307 0.0002867489658129154
910.3186970853521 0.0002871322561160282
910.3248390064734 0.00028761495623155005
910.3309809275949 0.0002881955541060201
910.3371228487163 0.0002888718407553997
910.3432647698377 0.00028964091685659236
910.3494066909591 0.0002904992029733792
910.3555486120804 0.0002914424533768036
910.3616905332018 0.00029246577340108954
910.3678324543232 0.0002935636402574583
910.3739743754446 0.000294729927209956
910.3801162965659 0.0002959579309994476
910.3862582176873 0.00029724040238461586
910.3924001388087 0.0002985695796521604
910.3985420599302 0.00029993722493239385
910.4046839810516 0.00030133466314128174
910.4108259021729 0.00030275282335591024
910.4169678232943 0.0003041822824168837
910.4231097444157 0.0003056133105392422
910.4292516655371 0.00030703591870234173
910.4353935866585 0.00030843990757933263
910.4415355077798 0.000309814917758343
910.4476774289012 0.00031115048100023134
910.4538193500226 0.00031243607227187455
910.459961271144 0.0003136611622894937
910.4661031922655 0.00031481527030344345
910.4722451133867 0.000315888016854277
910.4783870345082 0.0003168691762298084
910.4845289556296 0.00031774872835408854
910.490670876751 0.0003185169098421074
910.4968127978724 0.00031916426395819084
910.5029547189937 0.00031968168922171306
910.5090966401151 0.0003200604864107949
910.5152385612365 0.00032029240372301803
910.5213804823579 0.0003203696798619927
910.5275224034792 0.0003202850848293412
910.5336643246006 0.0003200319582140814
910.539806245722 0.0003196042447844131
910.5459481668435 0.00031899652720129086
910.5520900879649 0.0003182040556884758
910.5582320090862 0.0003172227745096923
910.5643739302076 0.00031604934512061036
910.570515851329 0.0003146811658807343
910.5766577724504 0.00031311638822859207
910.5827996935718 0.000311353929242007
910.5889416146931 0.0003093934805243644
910.5950835358145 0.0003072355133768464
910.6012254569359 0.00030488128023608397
910.6073673780573 0.0003023328123758816
910.6135092991788 0.0002995929138911387
910.6196512203 0.00029666515200107307
910.6257931414215 0.00029355384372776804
910.6319350625429 0.000290264039024455
910.6380769836643 0.00028680150044592645
910.6442189047856 0.00028317267947086005
910.650360825907 0.0002793846896025264
910.6565027470284 0.0002754452763903134
910.6626446681498 0.00027136278452968366
910.6687865892712 0.0002671461222123673
910.6749285103925 0.0002628047229118115
910.681070431514 0.00025834850480128355
910.6872123526354 0.0002537878280130345
910.6933542737568 0.00024913344995700245
910.6994961948782 0.00024439647892643613
910.7056381159995 0.00023958832622537432
910.7117800371209 0.00023472065705938105
910.7179219582423 0.00022980534043611907
910.7240638793637 0.0002248543983261582
910.7302058004851 0.00021987995433713105
910.7363477216064 0.0002148941821555564
910.7424896427278 0.00020990925401085473
910.7486315638492 0.00020493728941473592
910.7547734849707 0.00019999030442680718
910.760915406092 0.00019508016169344768
910.7670573272134 0.0001902185215021818
910.7731992483348 0.00018541679408769598
910.7793411694562 0.00018068609341843832
910.7854830905776 0.00017603719268439945
910.7916250116989 0.000171480481697363
910.7977669328203 0.00016702592640451943
910.8039088539417 0.00016268303070499622
910.8100507750631 0.00015846080074663564
910.8161926961845 0.00015436771186731632
910.8223346173058 0.0001504116783311835
910.8284765384273 0.00014660002599565874
910.8346184595487 0.00014293946802984401
910.8407603806701 0.00013943608378918143
910.8469023017915 0.00013609530093487408
910.8530442229128 0.00013292188086993001
910.8591861440342 0.00012991990754661844
910.8653280651556 0.000127092779682701
910.871469986277 0.00012444320640645593
910.8776119073983 0.00012197320633271238
910.8837538285197 0.0001196841100546914
910.8898957496411 0.00011757656601866484
910.8960376707626 0.00011565054973127494
910.902179591884 0.00011390537623203041
910.9083215130053 0.00011233971574677318
910.9144634341267 0.00011095161242150617
910.9206053552481 0.00010973850602003687
910.9267472763695 0.00010869725645369665
910.9328891974909 0.00010782417099657786
910.9390311186122 0.0001071150340261678
910.9451730397336 0.00010656513911587879
910.951314960855 0.00010616932329411483
910.9574568819764 0.00010592200327322577
910.9635988030979 0.00010581721344163331
910.9697407242192 0.00010584864540342376
910.9758826453406 0.00010600968884180863
910.982024566462 0.00010629347347629991
910.9881664875834 0.00010669291187799019
910.9943084087047 0.00010720074290331325
911.0004503298261 0.0001078095755038197
911.0065922509475 0.00010851193266818618
911.0127341720689 0.00010930029525245841
911.0188760931903 0.00011016714545598771
911.0250180143116 0.00011110500970305043
911.031159935433 0.00011210650069423149
911.0373018565544 0.00011316435839693676
911.0434437776759 0.00011427148975103065
911.0495856987973 0.00011542100687364758
911.0557276199186 0.0001166062635560773
