time TPR_both_B_open_144_rho23_real
904.7786842338604 0.0010399020327141518
904.7848261549818 0.0010260370407178148
904.7909680761032 0.0010195973617320693
904.7971099972245 0.001020443750296883
904.803251918346 0.001028353501113859
904.8093938394674 0.0010430221848498596
904.8155357605888 0.0010640659329454122
904.8216776817102 0.0010910242574632585
904.8278196028315 0.0011233633888361703
904.8339615239529 0.0011604801113026483
904.8401034450743 0.0012017060728727908
904.8462453661957 0.0012463125438334
904.852387287317 0.0012935155951439333
904.8585292084384 0.0013424816655581448
904.8646711295598 0.0013923334839909221
904.8708130506812 0.0014421563114995683
904.8769549718027 0.001491004465333119
904.883096892924 0.0015379080857795021
904.8892388140454 0.0015818801050482222
904.8953807351668 0.0016219233761806783
904.9015226562882 0.0016570379189416533
904.9076645774096 0.0016862282388938393
904.9138064985309 0.0017085106753235442
904.9199484196523 0.001722920733413768
904.9260903407737 0.001728520356062553
904.9322322618951 0.0017244050909524988
904.9383741830165 0.0017097111089974643
904.9445161041378 0.0016836220310160893
904.9506580252593 0.0016453755204642675
904.9567999463807 0.0015942696013089876
904.9629418675021 0.0015296686615413194
904.9690837886234 0.0014510091045533949
904.9752257097448 0.0013578046124665191
904.9813676308662 0.0012496509876425566
904.9875095519876 0.0011262305408524609
904.993651473109 0.0009873159971080941
904.9997933942303 0.0008327738927794277
905.0059353153517 0.0006625674404146872
905.0120772364731 0.00047675884065859735
905.0182191575946 0.0002755110236536919
905.024361078716 5.9088805543231946e-05
905.0305029998373 -0.00017214055109089627
905.0366449209587 -0.000417707380701008
905.0427868420801 -0.0006770402665773903
905.0489287632015 -0.0009494673020740289
905.0550706843229 -0.0012342179588360966
905.0612126054442 -0.0015304255562292157
905.0673545265656 -0.0018371303227664156
905.073496447687 -0.0021532830369090303
905.0796383688084 -0.0024777492313998828
905.0857802899299 -0.0028093139419610824
905.0919222110512 -0.0031466869780996222
905.0980641321726 -0.0034885086907333667
905.104206053294 -0.00383335620839192
905.1103479744154 -0.004179750111079858
905.1164898955367 -0.0045261615081902745
905.1226318166581 -0.00487101948450136
905.1287737377795 -0.0052127188759728315
905.1349156589009 -0.005549628335108947
905.1410575800223 -0.005880098643732334
905.1471995011436 -0.0062024712294556856
905.153341422265 -0.0065150868407576916
905.1594833433865 -0.006816294334388741
905.1656252645079 -0.007104459528019224
905.1717671856293 -0.00737797407032887
905.1779091067506 -0.007635264280402226
905.184051027872 -0.007874799908172657
905.1901929489934 -0.008095102767772009
905.1963348701148 -0.008294755196106156
905.2024767912362 -0.008472408289591159
905.2086187123575 -0.008626789872947571
905.2147606334789 -0.0087567121551285
905.2209025546003 -0.008861079028879452
905.2270444757218 -0.008938892972130855
905.233186396843 -0.00898926151131154
905.2393283179645 -0.00901140320882476
905.2454702390859 -0.009004653139278106
905.2516121602073 -0.008968467821611006
905.2577540813287 -0.008902429577009935
905.26389600245 -0.008806250285420033
905.2700379235714 -0.008679774516530937
905.2761798446928 -0.008522982014359685
905.2823217658142 -0.00833598951785788
905.2884636869356 -0.008119051903462599
905.2946056080569 -0.00787256263903067
905.3007475291784 -0.007597053542197516
905.3068894502998 -0.00729319383990801
905.3130313714212 -0.006961788529477936
905.3191732925426 -0.006603776045320262
905.3253152136639 -0.006220225239115588
905.3314571347853 -0.00581233168485486
905.3375990559067 -0.005381413323852144
905.3437409770281 -0.004928905468248082
905.3498828981494 -0.004456355185081371
905.3560248192708 -0.0039654150862469375
905.3621667403922 -0.003457836552965577
905.3683086615137 -0.0029354624263158214
905.3744505826351 -0.0024002191984065363
905.3805925037564 -0.001854108741415034
905.3867344248778 -0.0012991996142385901
905.3928763459992 -0.0007376179889111097
905.3990182671206 -0.00017153824089215193
905.405160188242 0.0003968267506491178
905.4113021093633 0.0009652355448852215
905.4174440304847 0.001531428274667561
905.4235859516061 0.0020931369248912996
905.4297278727275 0.002648095702916672
905.435869793849 0.0031940514493326508
905.4420117149702 0.003728774037109848
905.4481536360917 0.0042500667071335395
905.4542955572131 0.004755776288249761
905.4604374783345 0.005243803250582177
905.4665793994558 0.005712111541494382
905.4727213205772 0.006158738154697118
905.4788632416986 0.006581802384180692
905.48500516282 0.006979514716302034
905.4911470839414 0.007350185315009529
905.4972890050627 0.007692232057262056
905.5034309261841 0.00800418807791839
905.5095728473055 0.00828470878576572
905.515714768427 0.008532578315075605
905.5218566895484 0.008746715379812824
905.5279986106697 0.008926178500663573
905.5341405317911 0.009070170578185124
905.5402824529125 0.009178042788641887
905.5464243740339 0.009249297782537485
905.5525662951553 0.009283592169319774
905.5587082162766 0.00928073827535562
905.564850137398 0.009240705165923135
905.5709920585194 0.009163618925685601
905.5771339796408 0.00904976219584343
905.5832759007621 0.008899572969918114
905.5894178218836 0.008713642653850936
905.595559743005 0.0084927133998414
905.6017016641264 0.008237674726971124
905.6078435852478 0.007949559445303954
905.6139855063691 0.007629538903646403
905.6201274274905 0.007278917584556544
905.6262693486119 0.006899127073537056
905.6324112697333 0.006491719432415349
905.6385531908547 0.006058360010006146
905.644695111976 0.005600819725937548
905.6508370330974 0.005120966866164122
905.6569789542189 0.00462075843121705
905.6631208753403 0.004102231080357324
905.6692627964617 0.0035674917169425985
905.675404717583 0.003018707762033697
905.6815466387044 0.002458097164803965
905.6876885598258 0.0018879181996929832
905.6938304809472 0.001310459101127912
905.6999724020686 0.0007280275875541033
905.7061143231899 0.00014294032693124107
905.7122562443113 -0.00044248760392417345
905.7183981654327 -0.0010259532137212473
905.7245400865542 -0.0016051759928540907
905.7306820076755 -0.0021779081598148273
905.7368239287969 -0.002741944707325151
905.7429658499183 -0.0032951331986475446
905.7491077710397 -0.0038353832660855277
905.7552496921611 -0.00436067576515644
905.7613916132824 -0.004869071539890369
905.7675335344038 -0.005358719756816655
905.7736754555252 -0.0058278657674485515
905.7798173766466 -0.0062748584617651
905.785959297768 -0.006698157077778535
905.7921012188893 -0.007096337435278418
905.7982431400108 -0.007468097564919408
905.8043850611322 -0.007812262706981375
905.8105269822536 -0.008127789657611306
905.816668903375 -0.008413770443704994
905.8228108244963 -0.00866943531122223
905.8289527456177 -0.008894155015356937
905.8350946667391 -0.009087442404625948
905.8412365878605 -0.009248953294748188
905.8473785089818 -0.009378486631831348
905.8535204301032 -0.009475983948172294
905.8596623512246 -0.009541528117624293
905.865804272346 -0.009575341421189714
905.8719461934675 -0.009577782937019528
905.8780881145888 -0.009549345272525718
905.8842300357102 -0.00949065065968695
905.8903719568316 -0.00940244643787904
905.896513877953 -0.009285599951691434
905.9026557990744 -0.009141092894130206
905.9087977201957 -0.008970015128399
905.9149396413171 -0.008773558024030698
905.9210815624385 -0.008553007345544728
905.9272234835599 -0.008309735733952606
905.9333654046814 -0.00804519482340151
905.9395073258027 -0.00776090703694286
905.9456492469241 -0.007458457106869401
905.9517911680455 -0.007139483366310061
905.9579330891669 -0.006805668859671452
905.9640750102882 -0.006458732320266497
905.9702169314096 -0.006100419063853569
905.976358852531 -0.0057324918470319335
905.9825007736524 -0.005356721739263858
905.9886426947738 -0.004974879057007556
905.9947846158951 -0.004588724407782652
906.0009265370165 -0.00419999989111054
906.007068458138 -0.003810420502200398
906.0132103792594 -0.003421665782793445
906.0193523003808 -0.0030353717620692586
906.0254942215021 -0.0026531232286422647
906.0316361426235 -0.002276446372638132
906.0377780637449 -0.0019068018346574504
906.0439199848663 -0.0015455781959098918
906.0500619059877 -0.0011940859412980594
906.056203827109 -0.0008535519244129192
906.0623457482304 -0.0005251143604972998
906.0684876693518 -0.00020981837045235482
906.0746295904733 9.138790427898515e-05
906.0807715115945 0.0003776565992629591
906.086913432716 0.0006482428237641879
906.0930553538374 0.0009025067465856542
906.0991972749588 0.0011399150645798866
906.1053391960802 0.001360041850707971
906.1114811172015 0.0015625687820197693
906.1176230383229 0.001747284751357923
906.1237649594443 0.0019140848699489644
906.1299068805657 0.0020629688714649944
906.1360488016871 0.002194038931350223
906.1421907228084 0.0023074969184431267
906.1483326439298 0.002403641099014112
906.1544745650513 0.0024828623162828443
906.1606164861727 0.002545639671369729
906.1667584072941 0.002592535734271447
906.1729003284154 0.002624191316004322
906.1790422495368 0.0026413198354000547
906.1851841706582 0.00264470131617386
906.1913260917796 0.0026351760518699787
906.1974680129009 0.002613637977993184
906.2036099340223 0.002581027792175061
906.2097518551437 0.0025383258644898887
906.2158937762651 0.0024865449811029487
906.2220356973866 0.0024267229652165734
906.2281776185079 0.002359915219846827
906.2343195396293 0.0022871872372640513
906.2404614607507 0.0022096071199781213
906.2466033818721 0.002128238157952367
906.2527453029935 0.0020441315062682524
906.2588872241148 0.0019583190067611923
906.2650291452362 0.0018718061961939918
906.2711710663576 0.0017855655423437008
906.277312987479 0.001700529947946435
906.2834549086004 0.0016175865607940309
906.2895968297217 0.0015375709264027813
906.2957387508432 0.0014612615175948124
906.3018806719646 0.0013893746730640694
906.308022593086 0.0013225599745328367
906.3141645142074 0.001261396089489025
906.3203064353287 0.001206387103710149
906.3264483564501 0.00115795936486235
906.3325902775715 0.0011164588554314638
906.3387321986929 0.0010821491100886694
906.3448741198142 0.001055209689377103
906.3510160409356 0.0010357352183000931
906.357157962057 0.0010237349950566153
906.3632998831785 0.0010191331717826786
906.3694418042999 0.0010217695057851309
906.3755837254212 0.0010314006763722568
906.3817256465426 0.0010477021590391308
906.387867567664 0.0010702706454741064
906.3940094887854 0.0010986269946089938
906.4001514099068 0.0011322196968014283
906.4062933310281 0.001170428830188184
906.4124352521495 0.0012125704853260101
906.4185771732709 0.0012579016314597654
906.4247190943923 0.001305625395113486
906.4308610155138 0.0013548967192505645
906.437002936635 0.0014048283689617176
906.4431448577565 0.0014544972475539178
906.4492867788779 0.0015029509850450601
906.4554286999993 0.0015492147593925926
906.4615706211206 0.0015922983093682073
906.467712542242 0.0016312030967776195
906.4738544633634 0.0016649295747848314
906.4799963844848 0.0016924845183670894
906.4861383056062 0.001712888372489345
906.4922802267275 0.0017251825733686688
906.4984221478489 0.0017284367982440653
906.5045640689704 0.00172175609938792
906.5107059900918 0.0017042878786154303
906.5168479112132 0.0016752286593829022
906.5229898323345 0.0016338306145935065
906.5291317534559 0.0015794078095103642
906.5352736745773 0.0015113421207190556
906.5414155956987 0.0014290887937731625
906.5475575168201 0.001332181604153462
906.5536994379414 0.0012202375882987256
906.5598413590628 0.0010929613138070183
906.5659832801842 0.0009501486604630094
906.5721252013057 0.0007916900863720245
906.578267122427 0.0006175733563784208
906.5844090435484 0.0004278857128650625
906.5905509646698 0.00022281547217316497
906.5966928857912 2.6530329959632156e-06
906.6028348069126 -0.0002322087135552333
906.6089767280339 -0.0004812745792157297
906.6151186491553 -0.0007439478827806612
906.6212605702767 -0.0010195318634177164
906.6274024913981 -0.0013072316998855628
906.6335444125195 -0.0016061571289558369
906.6396863336408 -0.0019153256529872667
906.6458282547623 -0.0022336663232472415
906.6519701758837 -0.002560024082230822
906.6581120970051 -0.002893164645106827
906.6642540181265 -0.003231779897212976
906.6703959392478 -0.003574493781573515
906.6765378603692 -0.003919868647543442
906.6826797814906 -0.004266412028906515
906.688821702612 -0.004612583817287472
906.6949636237333 -0.004956803794258031
906.7011055448547 -0.005297459483396021
906.7072474659761 -0.005632914281494042
906.7133893870975 -0.005961515826427583
906.719531308219 -0.00628160455755178
906.7256732293403 -0.006591522423228692
906.7318151504617 -0.006889621689007432
906.7379570715831 -0.007174273799111546
906.7440989927045 -0.007443878243388267
906.7502409138259 -0.0076968713814871996
906.7563828349472 -0.007931735176026944
906.7625247560686 -0.008147005786713313
906.76866667719 -0.008341281977820502
906.7748085983114 -0.008513233292229893
906.7809505194328 -0.008661607946166165
906.7870924405541 -0.008785240400047864
906.7932343616756 -0.008883058562358909
906.799376282797 -0.008954090585177156
906.8055182039184 -0.008997471211983224
906.8116601250397 -0.00901244764054828
906.8178020461611 -0.008998384866112489
906.8239439672825 -0.008954770472673393
906.8300858884039 -0.008881218842980348
906.8362278095253 -0.00877747476080256
906.8423697306466 -0.008643416382147854
906.848511651768 -0.00847905755535367
906.8546535728894 -0.008284549473376496
906.8607954940109 -0.008060181645031413
906.8669374151323 -0.007806382175543287
906.8730793362536 -0.00752371735036897
906.879221257375 -0.007212890519910695
906.8853631784964 -0.006874740286485641
906.8915050996178 -0.00651023799852742
906.8976470207392 -0.006120484560762879
906.9037889418605 -0.005706706572705334
906.9099308629819 -0.005270251811386868
906.9160727841033 -0.004812584077834382
906.9222147052247 -0.004335277430093022
906.9283566263462 -0.003840009829021068
906.9344985474675 -0.0033285562261851265
906.9406404685889 -0.0028027811262003447
906.9467823897103 -0.0022646306587959047
906.9529243108317 -0.0017161241984190974
906.959066231953 -0.0011593455718107428
906.9652081530744 -0.0005964338961386013
906.9713500741958 -2.9574092435767928e-05
906.9774919953172 0.0005390128792493484
906.9836339164386 0.0011070800148692392
906.9897758375599 0.0016723644422049165
906.9959177586813 0.002232597727090612
907.0020596798028 0.002785516258743525
907.0082016009242 0.0033288716625250805
907.0143435220456 0.0038604411880573306
907.0204854431669 0.004378038020717399
907.0266273642883 0.004879521464816049
907.0327692854097 0.005362806947248414
907.0389112065311 0.005825875791358845
907.0450531276525 0.006266784711715249
907.0511950487738 0.006683674981905506
907.0573369698952 0.007074781229052508
907.0634788910166 0.0074384398105172625
907.069620812138 0.007773096730424081
907.0757627332594 0.008077315055816827
907.0819046543808 0.008349781794821669
907.0880465755022 0.008589314201811511
907.0941884966236 0.00879486547750825
907.100330417745 0.008965529834916098
907.1064723388663 0.009100546905204985
907.1126142599877 0.00919930546096854
907.1187561811091 0.009261346437699361
907.1248981022305 0.009286365237884288
907.1310400233519 0.009274213305705527
907.1371819444732 0.009224898964028047
907.1433238655947 0.009138587509062126
907.1494657867161 0.009015600561847251
907.1556077078375 0.008856414679433875
907.1617496289589 0.008661659232393672
907.1678915500802 0.008432113558984445
907.1740334712016 0.008168703409936683
907.180175392323 0.007872496701450587
907.1863173134444 0.007544698597418322
907.1924592345657 0.007186645945340316
907.1986011556871 0.00679980109360686
907.2047430768085 0.00638574512100983
907.21088499793 0.005946170512210615
907.2170269190514 0.0054828733157788094
907.2231688401727 0.004997744823964342
907.2293107612941 0.004492762815759082
907.2354526824155 0.003969982407069335
907.2415946035369 0.003431526553649122
907.2477365246583 0.0028795762543024563
907.2538784457796 0.00231636050326902
907.260020366901 0.0017441460419296239
907.2661622880224 0.0011652269610242794
907.2723042091438 0.0005819142051220995
907.2784461302653 -3.4749683312581076e-06
907.2845880513865 -0.0005886275229916953
907.290729972508 -0.001171245118338386
907.2968718936294 -0.0017490544731515816
907.3030138147508 -0.0023198175665795078
907.3091557358721 -0.0028813416263865272
907.3152976569935 -0.0034314888552939562
907.3214395781149 -0.0039681858476437355
907.3275814992363 -0.004489432650475283
907.3337234203577 -0.004993311424883825
907.339865341479 -0.005477994665787324
907.3460072626004 -0.005941752940611094
907.3521491837218 -0.006382962109911152
907.3582911048433 -0.006800109995882042
907.3644330259647 -0.007191802467512671
907.370574947086 -0.0075567689143567224
907.3767168682074 -0.00789386708414116
907.3828587893288 -0.008202087262762553
907.3890007104502 -0.008480555778830175
907.3951426315716 -0.008728537818383912
907.4012845526929 -0.008945439539134136
907.4074264738143 -0.009130809477261099
907.4135683949357 -0.00928433924349701
907.4197103160571 -0.009405863509023848
907.4258522371784 -0.009495359285362081
907.4319941582999 -0.009552944506167347
907.4381360794213 -0.0095788759224427
907.4442780005427 -0.009573546326279908
907.4504199216641 -0.009537481121662975
907.4565618427854 -0.009471334264248458
907.4627037639068 -0.00937588359525242
907.4688456850282 -0.009252025597648827
907.4749876061496 -0.00910076960580225
907.481129527271 -0.008923231502385354
907.4872714483923 -0.008720626938977648
907.4934133695137 -0.008494264119067263
907.4995552906352 -0.008245536184313491
907.5056972117566 -0.00797591324678197
907.511839132878 -0.007686934111543686
907.5179810539993 -0.0073801977354142215
907.5241229751207 -0.007057354468751413
907.5302648962421 -0.006720097128157114
907.5364068173635 -0.006370151948494974
907.5425487384849 -0.0060092694630625165
907.5486906596062 -0.005639215360821515
907.5548325807276 -0.005261761369421425
907.560974501849 -0.00487867621237324
907.5671164229705 -0.004491716687962459
907.5732583440918 -0.004102618916637478
907.5794002652132 -0.0037130898023552106
907.5855421863346 -0.0033247987520130507
907.591684107456 -0.002939369695342842
907.5978260285774 -0.0025583734458581617
907.6039679496987 -0.0021833204413044325
907.6101098708201 -0.0018156538997737438
907.6162517919415 -0.0014567434252307318
907.6223937130629 -0.0011078790934550482
907.6285356341843 -0.0007702660467047686
907.6346775553056 -0.0004450196224088422
907.640819476427 -0.0001331610381335914
907.6469613975485 0.00016438634805191076
907.6531033186699 0.000446800186041578
907.6592452397913 0.0007133616784626165
907.6653871609126 0.0009634575126674724
907.671529082034 0.001196581174288877
907.6776710031554 0.0014123336400995072
907.6838129242768 0.0016104234514427954
907.6899548453981 0.0017906661728452832
907.6960967665195 0.0019529832438720846
907.7022386876409 0.002097400235565209
907.7083806087624 0.0022240445261353325
907.7145225298838 0.0023331424136815385
907.7206644510051 0.002425015686817822
907.7268063721265 0.0025000776770213945
907.7329482932479 0.0025588288192939
907.7390902143693 0.002601851750422137
907.7452321354907 0.0026298059765565967
907.751374056612 0.0026434221441526268
907.7575159777334 0.0026434959504192707
907.7636578988548 0.0026308817313039504
907.7697998199762 0.0026064857667538253
907.7759417410977 0.002571259344423668
907.782083662219 0.00252619162424355
907.7882255833404 0.002472302347242936
907.7943675044618 0.002410634432761703
907.8005094255832 0.002342246508685062
907.8066513467045 0.002268205419565297
907.8127932678259 0.0021895787574897968
907.8189351889473 0.0021074274602838365
907.8250771100687 0.0020227985211216663
907.8312190311901 0.0019367178528485142
907.8373609523114 0.001850183349305697
907.8435028734328 0.001764158184696728
907.8496447945543 0.0016795643905509
907.8557867156757 0.0015972767481254977
907.8619286367971 0.0015181170321689609
907.8680705579184 0.0014428486398357192
907.8742124790398 0.0013721716362213034
907.8803544001612 0.0013067182454927298
907.8864963212826 0.0012470488139132636
907.892638242404 0.0011936482682563094
907.8987801635253 0.0011469230901483343
907.9049220846467 0.001107198823814245
907.9110640057681 0.0010747181315401315
907.9172059268896 0.0010496394079088703
907.9233478480108 0.0010320359605665932
907.9294897691323 0.0010218957619142657
907.9356316902537 0.0010191217727497693
907.9417736113751 0.001023532835489331
907.9479155324965 0.0010348651312395703
907.9540574536178 0.00105277419164831
907.9601993747392 0.0010768374531786007
907.9663412958606 0.0011065573382454538
907.972483216982 0.0011413648445204804
907.9786251381034 0.001180623620707676
907.9847670592247 0.0012236345041974938
907.9909089803461 0.0012696404932585406
907.9970509014676 0.0013178321238440562
908.003192822589 0.001367353218658195
908.0093347437104 0.001417306973908352
908.0154766648317 0.0014667623471281456
908.0216185859531 0.0015147607076300502
908.0277605070745 0.0015603227095534842
908.0339024281959 0.0016024553460800108
908.0400443493172 0.0016401591422683362
908.0461862704386 0.0016724354430497383
908.05232819156 0.0016982937522956104
908.0584701126814 0.001716759078447247
908.0646120338029 0.0017268792420793789
908.0707539549242 0.0017277321008666087
908.0768958760456 0.0017184326477840731
908.083037797167 0.0016981399390100418
908.0891797182884 0.0016660638088258468
908.0953216394098 0.0016214713299501477
908.1014635605311 0.0015636929790672498
908.1076054816525 0.0014921284688779372
908.1137474027739 0.00140625220982255
908.1198893238953 0.001305618366578468
908.1260312450167 0.0011898654766860036
908.132173166138 0.001058720601018225
908.1383150872595 0.0009120029783710478
908.1444570083809 0.0007496271592119879
908.1505989295023 0.0005716055964309055
908.1567408506237 0.0003780506740010141
908.162882771745 0.00016917615753609433
908.1690246928664 -5.4701946061961176e-05
908.1751666139878 -0.00029316512933444627
908.1813085351092 -0.0005456927315710742
908.1874504562305 -0.0008116628954059734
908.1935923773519 -0.0010903541320635096
908.1997342984733 -0.001380947491113975
908.2058762195948 -0.001682529327271557
908.2120181407162 -0.0019940946532898147
908.2181600618375 -0.002314551064719573
908.2243019829589 -0.0026427232190210036
908.2304439040803 -0.0029773578482778385
908.2365858252017 -0.00331712928176708
908.2427277463231 -0.0036606454515742764
908.2488696674444 -0.004006454351662952
908.2550115885658 -0.004353050918123044
908.2611535096872 -0.004698884295752086
908.2672954308086 -0.0050423654538777505
908.27343735193 -0.005381875112092625
908.2795792730514 -0.005715771934687017
908.2857211941728 -0.006042400950840837
908.2918631152942 -0.006360102156094845
908.2980050364156 -0.006667219249444891
908.3041469575369 -0.006962108459304096
908.3102888786583 -0.0072431474108766315
908.3164307997797 -0.007508743986922334
908.3225727209011 -0.007757345133712122
908.3287146420225 -0.007987445563920087
908.3348565631438 -0.00819759630851467
908.3409984842652 -0.00838641307024475
908.3471404053867 -0.008552584332094758
908.3532823265081 -0.00869487917518165
908.3594242476295 -0.008812154761835608
908.3655661687508 -0.00890336344118924
908.3717080898722 -0.008967559436389178
908.3778500109936 -0.009003905074568165
908.383991932115 -0.009011676522970257
908.3901338532364 -0.00899026899706863
908.3962757743577 -0.008939201409173293
908.4024176954791 -0.008858120428850568
908.4085596166005 -0.00874680392949489
908.414701537722 -0.008605163798514526
908.4208434588433 -0.008433248091908051
908.4269853799647 -0.008231242517380881
908.4331273010861 -0.007999471233691532
908.4392692222075 -0.00773839695743554
908.4454111433289 -0.007448620372170365
908.4515530644502 -0.007130878838430548
908.4576949855716 -0.006786044406870141
908.463836906693 -0.006415121140521617
908.4699788278144 -0.0060192417557390415
908.4761207489358 -0.005599663595121456
908.4822626700571 -0.005157763949230851
908.4884045911786 -0.004695034747403647
908.4945465123 -0.004213076641417316
908.5006884334214 -0.0037135925089211122
908.5068303545428 -0.0031983804067981705
908.5129722756641 -0.0026693260075377483
908.5191141967855 -0.0021283945545023993
908.5252561179069 -0.0015776223746821409
908.5313980390283 -0.00101910798981072
908.5375399601496 -0.00045500286907608684
908.543681881271 0.00011249813146888151
908.5498238023924 0.0006811665958223504
908.5559657235139 0.0012487505929485224
908.5621076446353 0.0018129848899630745
908.5682495657566 0.0023716012829518695
908.574391486878 0.0029223389940563906
908.5805334079994 0.0034629550829180004
908.5866753291208 0.003991234820527651
908.5928172502422 0.004505001973467218
908.5989591713635 0.0050021289469652525
908.6051010924849 0.005480546735809375
908.6112430136063 0.005938254632975535
908.6173849347277 0.0063733296471092955
908.6235268558491 0.006783935581272267
908.6296687769704 0.007168331727091186
908.6358106980919 0.007524881130329498
908.6419526192133 0.007852058385965923
908.6480945403347 0.008148456923293699
908.6542364614561 0.008412795743997552
908.6603783825774 0.00864392557895267
908.6665203036988 0.008840834432388698
908.6726622248202 0.009002652485103235
908.6788041459416 0.009128656331679596
908.6849460670629 0.009218272529954498
908.6910879881843 0.009271080444476791
908.6972299093057 0.00928681436923127
908.7033718304272 0.00926536491855
908.7095137515486 0.009206779678803886
908.7156556726699 0.00911126311720686
908.7217975937913 0.008979175747801564
908.7279395149127 0.008811032558463484
908.7340814360341 0.00860750070645903
908.7402233571555 0.008369396493815294
908.7463652782768 0.008097681637380224
908.7525071993982 0.007793458852002434
908.7586491205196 0.007457966768773641
908.764791041641 0.007092574213555861
908.7709329627625 0.006698773874319136
908.7770748838838 0.006278175388856514
908.7832168050052 0.005832497887355271
908.7893587261266 0.005363562027115743
908.795500647248 0.004873281559146759
908.8016425683693 0.004363654468834583
908.8077844894907 0.0038367537349178536
908.8139264106121 0.003294717753011648
908.8200683317335 0.0027397404714462567
908.8262102528549 0.002174061288743053
908.8323521739762 0.0015999547631343116
908.8384940950976 0.0010197201854302165
908.844636016219 0.00043567106726217554
908.8507779373405 -0.0001498754030630899
908.8569198584619 -0.0007346088846150244
908.8630617795832 -0.0013162363355846498
908.8692037007046 -0.0018924923409684015
908.875345621826 -0.00246114926506756
908.8814875429474 -0.0030200271788356657
908.8876294640688 -0.003567003513198034
908.8937713851901 -0.004100022391071332
908.8999133063115 -0.004617103592565701
908.906055227433 -0.005116351109761744
908.9121971485544 -0.005595961249829545
908.9183390696757 -0.006054230247539523
908.9244809907971 -0.006489561350973744
908.9306229119185 -0.0069004713469646905
908.9367648330399 -0.007285596495929283
908.9429067541613 -0.007643697848787809
908.9490486752826 -0.00797366592203329
908.955190596404 -0.008274524710427743
908.9613325175254 -0.008545435020263014
908.9674744386468 -0.008785697109830976
908.9736163597682 -0.008994752627307848
908.9797582808895 -0.009172185840027701
908.985900202011 -0.009317724152841949
908.9920421231324 -0.009431237916958069
908.9981840442538 -0.009512739534431358
909.0043259653752 -0.009562381867090434
909.0104678864965 -0.009580455962334021
909.0166098076179 -0.00956738811176461
909.0227517287393 -0.009523736262050421
909.0288936498607 -0.009450185800756968
909.035035570982 -0.00934754474305003
909.0411774921034 -0.00921673834822498
909.0473194132248 -0.0090588031978844
909.0534613343463 -0.008874880770268875
909.0596032554677 -0.008666210547739488
909.065745176589 -0.008434122696690787
909.0718870977104 -0.008180030361223995
909.0780290188318 -0.007905421613762962
909.0841709399532 -0.007611851107341682
909.0903128610746 -0.0073009314756708535
909.0964547821959 -0.00697432452815433
909.1025967033173 -0.006633732287844916
909.1087386244387 -0.006280887920932729
909.1148805455601 -0.0059175466065886865
909.1210224666816 -0.005545476396087742
909.1271643878028 -0.005166449109868352
909.1333063089243 -0.004782231320689065
909.1394482300457 -0.004394575470345424
909.1455901511671 -0.0040052111663215284
909.1517320722884 -0.003615836703594274
909.1578739934098 -0.003228110855252316
909.1640159145312 -0.002843644973953579
909.1701578356526 -0.0024639954442147814
909.176299756774 -0.0020906565234830917
909.1824416778953 -0.0017250536075513777
909.1885835990167 -0.0013685369533620825
909.1947255201381 -0.0010223758896172736
909.2008674412596 -0.0006877535426791006
909.207009362381 -0.00036576210236983673
909.2131512835023 -5.739864913128862e-05
909.2192932046237 0.0002364384391912111
909.2254351257451 0.0005149524859070235
909.2315770468665 0.0007774509077882387
909.2377189679879 0.0010233469928462304
909.2438608891092 0.0012521610587812994
909.2500028102306 0.0014635209907528787
909.256144731352 0.0016571621605180433
909.2622866524734 0.0018329267324799449
909.2684285735947 0.0019907623654874924
909.2745704947162 0.0021307203226033234
909.2807124158376 0.0022529530042458886
909.286854336959 0.002357710923321343
909.2929962580804 0.0024453391439343292
909.2991381792017 0.0025162732082102636
909.3052801003231 0.002571034578523174
909.3114220214445 0.00261022562500614
909.3175639425659 0.0026345241907002196
909.3237058636873 0.002644677768904857
909.3298477848086 0.0026414973293731538
909.33598970593 0.0026258508318363063
909.3421316270515 0.0025986564669571626
909.3482735481729 0.0025608756662382336
909.3544154692943 0.0025135059235512546
909.3605573904156 0.0024575734718958147
909.366699311537 0.0023941258596711272
909.3728412326584 0.002324224471169504
909.3789831537798 0.002248937036186974
909.3851250749012 0.0021693301735602297
909.3912669960225 0.0020864620131158494
909.3974089171439 0.0020013749399343072
909.4035508382653 0.0019150885040030224
909.4096927593868 0.0018285925372583927
909.415834680508 0.0017428405187065864
909.4219766016295 0.0016587432267690082
909.4281185227509 0.001577162716238654
909.4342604438723 0.0014989066552497626
909.4404023649937 0.0014247230554923368
909.446544286115 0.0013552954265322872
909.4526862072364 0.0012912383825544656
909.4588281283578 0.0012330937271482613
909.4649700494792 0.001181327038894329
909.4711119706006 0.0011363247775423126
909.477253891722 0.0010983919274704973
909.4833958128434 0.0010677501919304144
909.4895377339648 0.0010445367483217355
909.4956796550862 0.001028803571407814
909.5018215762076 0.0010205173280323967
909.5079634973289 0.0010195598435093244
909.5141054184503 0.001025729136474791
909.5202473395717 0.0010387410156354703
909.5263892606931 0.0010582312285088002
909.5325311818144 0.0010837581489968502
909.5386731029358 0.0011148059874340939
909.5448150240572 0.0011507885036626036
909.5509569451787 0.0011910532006909073
909.5570988663001 0.0012348859736499337
909.5632407874214 0.0012815161860427323
909.5693827085428 0.0013301221427358507
909.5755246296642 0.0013798369267755137
909.5816665507856 0.0014297545649130015
909.587808471907 0.0014789364847556052
909.5939503930283 0.001526418224681299
909.6000923141497 0.0015712163561057329
909.6062342352711 0.0016123355763860675
909.6123761563925 0.0016487759295466832
909.618518077514 0.0016795401111983856
909.6246599986353 0.0017036408134264223
909.6308019197567 0.0017201080650870106
909.6369438408781 0.0017279965228904294
909.6430857619995 0.0017263926687935537
909.6492276831208 0.0017144218696824732
909.6553696042422 0.0016912552559789767
909.6615115253636 0.001656116376758012
909.667653446485 0.0016082875900894364
909.6737953676064 0.0015471161487569042
909.6799372887277 0.001472019943112485
909.6860792098491 0.001382492864668495
909.6922211309706 0.0012781097561124816
909.698363052092 0.0011585309156276727
909.7045049732134 0.001023506125889403
909.7106468943347 0.0008728781806825885
909.7167888154561 0.0007065858848452324
909.7229307365775 0.000524666506186215
909.7290726576989 0.0003272576609871173
909.7352145788203 0.00011459861790667701
909.7413564999416 -0.00011296899169963019
909.747498421063 -0.0003550010657273192
909.7536403421844 -0.0006109515308065578
909.7597822633059 -0.000880173451267711
909.7659241844271 -0.0011619207460241182
909.7720661055486 -0.0014553505084453971
909.77820802667 -0.0017595259208114007
909.7843499477914 -0.0020734197516510196
909.7904918689128 -0.00239591842085423
909.7966337900341 -0.0027258266142421985
909.8027757111555 -0.003061872426115006
909.8089176322769 -0.003402713005182056
909.8150595533983 -0.0037469406764372667
909.8212014745197 -0.004093089508648264
909.827343395641 -0.004439642294539107
909.8334853167624 -0.004785037908270889
909.8396272378839 -0.005127679002482141
909.8457691590053 -0.005465940005147335
909.8519110801267 -0.005798175374535128
909.858053001248 -0.006122728068934409
909.8641949223694 -0.006437938186376908
909.8703368434908 -0.0067421517283428834
909.8764787646122 -0.007033729440562233
909.8826206857336 -0.007311055683244127
909.8887626068549 -0.007572547282670823
909.8949045279763 -0.00781666231590297
909.9010464490977 -0.008041908780392097
909.9071883702192 -0.008246853100694585
909.9133302913405 -0.008430128425028416
909.9194722124619 -0.008590442665319968
909.9256141335833 -0.008726586235478626
909.9317560547047 -0.00883743944404495
909.9378979758261 -0.008921979498942044
909.9440398969474 -0.008979287083936192
909.9501818180688 -0.009008552468487554
909.9563237391902 -0.009009081114974803
909.9624656603116 -0.008980298749781483
909.968607581433 -0.008921755867430332
909.9747495025543 -0.00883313163982969
909.9808914236758 -0.008714237205726347
909.9870333447972 -0.008565018318669838
909.9931752659186 -0.008385557335068954
909.99931718704 -0.00817607452738742
910.0054591081613 -0.007936928711025781
910.0116010292827 -0.007668617177023157
910.0177429504041 -0.0073717749264070416
910.0238848715255 -0.00704717320562679
910.0300267926468 -0.00669571734628274
910.0361687137682 -0.006318443915989927
910.0423106348896 -0.005916517190957855
910.0484525560111 -0.0054912249643826305
910.0545944771325 -0.00504397370840299
910.0607363982538 -0.004576283110782052
910.0668783193752 -0.004089780010833478
910.0730202404966 -0.0035861917624242755
910.079162161618 -0.0030673390548557914
910.0853040827394 -0.0025351282254921477
910.0914460038607 -0.001991543100699071
910.0975879249821 -0.0014386364042279249
910.1037298461035 -0.000878520774636851
910.109871767225 -0.0003133594353521864
910.1160136883464 0.0002546434369526593
910.1221556094677 0.000823252598375476
910.1282975305891 0.0013902118294725216
910.1344394517105 0.0019532541826133166
910.1405813728319 0.002510112334221985
910.1467232939532 0.003058528990310776
910.1528652150746 0.003596267293435705
910.159007136196 0.0041211211789700785
910.1651490573174 0.004630925628887111
910.1712909784388 0.005123566771523562
910.1774328995601 0.005596991776567866
910.1835748206815 0.006049218495465621
910.189716741803 0.006478344798582663
910.1958586629244 0.006882557562050897
910.2020005840458 0.00726014125881427
910.2081425051671 0.0076094861104090425
910.2142844262885 0.007929095758177705
910.2204263474099 0.008217594414955811
910.2265682685313 0.008473733460944113
910.2327101896527 0.008696397450168864
910.238852110774 0.00888460949693412
910.2449940318954 0.009037536014768593
910.2511359530168 0.00915449078359806
910.2572778741383 0.009234938324292714
910.2634197952596 0.009278496563179328
910.269561716381 0.009284938772710197
910.2757036375024 0.009254194778115695
910.2818455586238 0.009186351423573155
910.2879874797452 0.00908165229515276
910.2941294008665 0.00894049670155611
910.3002713219879 0.008763437917397468
910.3064132431093 0.00855118069752691
910.3125551642307 0.008304578074531357
910.3186970853521 0.00802462745521009
910.3248390064734 0.007712466035339155
910.3309809275949 0.007369365555469965
910.3371228487163 0.00699672642388565
910.3432647698377 0.0065960712359437405
910.3494066909591 0.0061690377221639645
910.3555486120804 0.005717371160250607
910.3616905332018 0.005242916288928347
910.3678324543232 0.0047476087640472625
910.3739743754446 0.00423346619958357
910.3801162965659 0.003702578838367107
910.3862582176873 0.003157099899108095
910.3924001388087 0.0025992356480127937
910.3985420599302 0.002031235244482641
910.4046839810516 0.0014553804116348272
910.4108259021729 0.0008739749831346258
910.4169678232943 0.00028933437839347544
910.4231097444157 -0.00029622494142499963
910.4292516655371 -0.0008803959842865544
910.4353935866585 -0.0014608916528411392
910.4415355077798 -0.0020354550330511363
910.4476774289012 -0.0026018694950859862
910.4538193500226 -0.0031579685566430933
910.459961271144 -0.003701645460334953
910.4661031922655 -0.004230862418193767
910.4722451133867 -0.004743659478255915
910.4783870345082 -0.005238162970238447
910.4845289556296 -0.005712593489514945
910.490670876751 -0.0061652733812358656
910.4968127978724 -0.006594633688979624
910.5029547189937 -0.006999220535280517
910.5090966401151 -0.007377700904415223
910.5152385612365 -0.007728867800956219
910.5213804823579 -0.008051644761050877
910.5275224034792 -0.008345089696704161
910.5336643246006 -0.008608398056978482
910.539806245722 -0.008840905293562316
910.5459481668435 -0.009042088621936681
910.5520900879649 -0.00921156807298756
910.5582320090862 -0.009349106833702069
910.5643739302076 -0.00945461087930777
910.570515851329 -0.009528127902889096
910.5766577724504 -0.009569845552234606
910.5827996935718 -0.009580088987208253
910.5889416146931 -0.009559317774487819
910.5950835358145 -0.009508122139916204
910.6012254569359 -0.009427218601994764
910.6073673780573 -0.009317445013216474
910.6135092991788 -0.009179755038915766
910.6196512203 -0.009015212106148867
910.6257931414215 -0.00882498285774879
910.6319350625429 -0.00861033014915221
910.6380769836643 -0.008372605627799743
910.6442189047856 -0.008113241936935803
910.650360825907 -0.007833744587380634
910.6565027470284 -0.007535683542406098
910.6626446681498 -0.007220684562073723
910.6687865892712 -0.006890420354461201
910.6749285103925 -0.006546601581937548
910.681070431514 -0.006190967771138104
910.6872123526354 -0.005825278175566536
910.6933542737568 -0.005451302639644063
910.6994961948782 -0.005070812512804448
910.7056381159995 -0.004685571661635815
910.7117800371209 -0.004297327627254215
910.7179219582423 -0.003907802974083649
910.7240638793637 -0.0035186868748193602
910.7302058004851 -0.0031316269748992596
910.7363477216064 -0.0027482215779882405
910.7424896427278 -0.002370012191993534
910.7486315638492 -0.0019984764729964032
910.7547734849707 -0.001635021602006845
910.760915406092 -0.0012809781269892606
910.7670573272134 -0.0009375942998064445
910.7731992483348 -0.0006060309349348531
910.7793411694562 -0.0002873568137006492
910.7854830905776 1.745534523785548e-05
910.7916250116989 0.00030753233171148284
910.7977669328203 0.0005821032920140771
910.8039088539417 0.0008405019681947754
910.8100507750631 0.0010821683213315819
910.8161926961845 0.00130664953480109
910.8223346173058 0.0015136003970566212
910.8284765384273 0.0017027830668615335
910.8346184595487 0.0018740662272947839
910.8407603806701 0.002027423638280984
910.8469023017915 0.002162932100625602
910.8530442229128 0.0022807688477967133
910.8591861440342 0.002381208384810381
910.8653280651556 0.0024646187965520656
910.871469986277 0.0025314575507933853
910.8776119073983 0.002582266823835263
910.8837538285197 0.002617668379314337
910.8898957496411 0.0026383580330664766
910.8960376707626 0.002645099739183731
910.902179591884 0.0026387193343653543
910.9083215130053 0.002620097979479044
910.9144634341267 0.0025901653388165674
910.9206053552481 0.0025498925388601785
910.9267472763695 0.0025002849495039136
910.9328891974909 0.002442374831517206
910.9390311186122 0.002377213894668485
910.9451730397336 0.0023058658112897956
910.951314960855 0.002229398730174346
910.9574568819764 0.0021488778355655993
910.9635988030979 0.0020653579955972196
910.9697407242192 0.0019798765439042187
910.9758826453406 0.0018934462372323067
910.982024566462 0.001807048430741973
910.9881664875834 0.0017216265113302166
910.9943084087047 0.0016380796276984533
911.0004503298261 0.0015572567540728028
911.0065922509475 0.0014799511224611224
911.0127341720689 0.0014068950560959018
911.0188760931903 0.0013387552343085123
911.0250180143116 0.001276128416491274
911.031159935433 0.0012195376500609759
911.0373018565544 0.0011694289844603615
911.0434437776759 0.0011261687102128058
911.0495856987973 0.001090041138938904
911.0557276199186 0.001061246937028459
