time TPR_both_B_open_144_rho23_imag
904.7786842338604 0.0007686825052339789
904.7848261549818 0.0007672673134555545
904.7909680761032 0.0007663422084658751
904.7971099972245 0.0007668091996228417
904.803251918346 0.0007695530987012401
904.8093938394674 0.0007754345687831327
904.8155357605888 0.0007852833328651702
904.8216776817102 0.0007998915842570461
904.8278196028315 0.0008200076396691382
904.8339615239529 0.0008463298744658925
904.8401034450743 0.0008795009779013087
904.8462453661957 0.0009201025643019373
904.852387287317 0.0009686501740680363
904.8585292084384 0.001025588696105889
904.8646711295598 0.0010912882408333545
904.8708130506812 0.001166040490297695
904.8769549718027 0.0012500555491472265
904.883096892924 0.0013434593172944782
904.8892388140454 0.0014462914020734552
904.8953807351668 0.0015585035845395432
904.9015226562882 0.0016799588513591944
904.9076645774096 0.0018104310004189788
904.9138064985309 0.0019496048249549474
904.9199484196523 0.0020970768776314127
904.9260903407737 0.002252356812599119
904.9322322618951 0.0024148693002139653
904.9383741830165 0.002583956505721471
904.9445161041378 0.002758881119923821
904.9506580252593 0.002938829926606429
904.9567999463807 0.003122917888327533
904.9629418675021 0.00331019272914234
904.9690837886234 0.0034996399898630215
904.9752257097448 0.003690188528666484
904.9813676308662 0.003880716437180098
904.9875095519876 0.0040700573397003635
904.993651473109 0.004257007040852491
904.9997933942303 0.004440330484878747
905.0059353153517 0.0046187689878084285
905.0120772364731 0.004791047702033278
905.0182191575946 0.004955883271326335
905.024361078716 0.005111991633057433
905.0305029998373 0.005258095923333861
905.0366449209587 0.005392934440000628
905.0427868420801 0.005515268617892976
905.0489287632015 0.005623890970440062
905.0550706843229 0.00571763295167991
905.0612126054442 0.005795372692960168
905.0673545265656 0.005856042569061646
905.073496447687 0.0058986365492131295
905.0796383688084 0.005922217289409835
905.0857802899299 0.005925922923678463
905.0919222110512 0.005908973513367279
905.0980641321726 0.0058706771152107875
905.104206053294 0.005810435430845967
905.1103479744154 0.005727749002520869
905.1164898955367 0.005622221922098339
905.1226318166581 0.005493566022919196
905.1287737377795 0.005341604526820739
905.1349156589009 0.005166275121379346
905.1410575800223 0.004967632445507165
905.1471995011436 0.0047458499646200305
905.153341422265 0.004501221219829483
905.1594833433865 0.004234160439009454
905.1656252645079 0.003945202500914481
905.1717671856293 0.003635002247108406
905.1779091067506 0.003304333139939947
905.184051027872 0.0029540852683528703
905.1901929489934 0.0025852627069508803
905.1963348701148 0.0021989802371674833
905.2024767912362 0.0017964594430276055
905.2086187123575 0.0013790241973858817
905.2147606334789 0.0009480955579169485
905.2209025546003 0.0005051860955160462
905.2270444757218 5.189368082747904e-05
905.233186396843 -0.0004101052421721477
905.2393283179645 -0.0008790628637937841
905.2454702390859 -0.001353167662838904
905.2516121602073 -0.001830552470324212
905.2577540813287 -0.0023093029031262336
905.26389600245 -0.0027874661258337837
905.2700379235714 -0.003263059897121212
905.2761798446928 -0.0037340818551304888
905.2823217658142 -0.004198518994985623
905.2884636869356 -0.004654357290165984
905.2946056080569 -0.005099591408546041
905.3007475291784 -0.005532234473169048
905.3068894502998 -0.00595032781728024
905.3130313714212 -0.00635195068307306
905.3191732925426 -0.006735229813547183
905.3253152136639 -0.007098348887296627
905.3314571347853 -0.007439557746656902
905.3375990559067 -0.0077571813704678545
905.3437409770281 -0.008049628543958956
905.3498828981494 -0.008315400179565018
905.3560248192708 -0.008553097244213255
905.3621667403922 -0.008761428250456055
905.3683086615137 -0.008939216271030273
905.3744505826351 -0.009085405438698424
905.3805925037564 -0.00919906689582912
905.3867344248778 -0.009279404160915328
905.3928763459992 -0.009325757882142011
905.3990182671206 -0.009337609951240246
905.405160188242 -0.009314586954069767
905.4113021093633 -0.009256462937761752
905.4174440304847 -0.009163161477722373
905.4235859516061 -0.009034757031377712
905.4297278727275 -0.00887147556917341
905.435869793849 -0.008673694477050709
905.4420117149702 -0.00844194172834892
905.4481536360917 -0.00817689432682052
905.4542955572131 -0.007879376026219572
905.4604374783345 -0.007550354335583945
905.4665793994558 -0.007190936823058844
905.4727213205772 -0.006802366734665906
905.4788632416986 -0.006386017948008672
905.48500516282 -0.005943389284238163
905.4911470839414 -0.005476098204991557
905.4972890050627 -0.004985873924135908
905.5034309261841 -0.004474549967155154
905.5095728473055 -0.003944056213935121
905.515714768427 -0.003396410463243923
905.5218566895484 -0.0028337095597920064
905.5279986106697 -0.002258120126946512
905.5341405317911 -0.001671868950207697
905.5402824529125 -0.0010772330584433113
905.5464243740339 -0.0004765295513024638
905.5525662951553 0.0001278947773103318
905.5587082162766 0.0007336739688358798
905.564850137398 0.001338433531068881
905.5709920585194 0.0019398011182832076
905.5771339796408 0.0025354172080578525
905.5832759007621 0.0031229457222321172
905.5894178218836 0.003700084539800096
905.595559743005 0.004264575849971655
905.6017016641264 0.0048142162945711475
905.6078435852478 0.005346866849859298
905.6139855063691 0.005860462399260083
905.6201274274905 0.00635302095003202
905.6262693486119 0.006822652448657821
905.6324112697333 0.007267567151885436
905.6385531908547 0.007686083512487419
905.644695111976 0.008076635541346135
905.6508370330974 0.008437779610131988
905.6569789542189 0.008768200661641577
905.6631208753403 0.00906671779797615
905.6692627964617 0.009332289219822541
905.675404717583 0.009564016493468094
905.6815466387044 0.009761148125606198
905.6876885598258 0.009923082429499706
905.6938304809472 0.0100493696697441
905.6999724020686 0.010139713476508109
905.7061143231899 0.010193971523897486
905.7122562443113 0.010212155470839772
905.7183981654327 0.010194430166656287
905.7245400865542 0.010141112127250456
905.7306820076755 0.010052667291559486
905.7368239287969 0.009929708071585878
905.7429658499183 0.009772989712942187
905.7491077710397 0.009583405986319153
905.7552496921611 0.00936198423371407
905.7613916132824 0.009109879796509741
905.7675335344038 0.008828369855606725
905.7736754555252 0.008518846716814217
905.7798173766466 0.00818281057741056
905.785959297768 0.007821861812442061
905.7921012188893 0.007437692821665806
905.7982431400108 0.007032079480189315
905.8043850611322 0.00660687223784739
905.8105269822536 0.006163986913925835
905.816668903375 0.005705395235378592
905.8228108244963 0.00523311516779187
905.8289527456177 0.004749201089244945
905.8350946667391 0.004255733857928617
905.8412365878605 0.003754810824604675
905.8473785089818 0.0032485358412137847
905.8535204301032 0.002739009316637754
905.8596623512246 0.002228318370274504
905.865804272346 0.001718527133198288
905.8719461934675 0.0012116672458270497
905.8780881145888 0.0007097285996771123
905.8842300357102 0.0002146503692749401
905.8903719568316 -0.0002716876213678095
905.896513877953 -0.0007474731554457863
905.9026557990744 -0.001210969462998203
905.9087977201957 -0.001660522605772922
905.9149396413171 -0.0020945683721970854
905.9210815624385 -0.002511638650036318
905.9272234835599 -0.0029103672474134713
905.9333654046814 -0.003289495135804339
905.9395073258027 -0.0036478750919305557
905.9456492469241 -0.003984475718794486
905.9517911680455 -0.004298384829451895
905.9579330891669 -0.004588812180736441
905.9640750102882 -0.004855091547567973
905.9702169314096 -0.005096682132153942
905.976358852531 -0.005313169305899486
905.9825007736524 -0.005504264685539724
905.9886426947738 -0.005669805548467219
905.9947846158951 -0.005809753595808711
906.0009265370165 -0.005924193075257854
906.007068458138 -0.006013328279005147
906.0132103792594 -0.006077480435460307
906.0193523003808 -0.006117084016547858
906.0254942215021 -0.006132682485432087
906.0316361426235 -0.00612492351240172
906.0377780637449 -0.006094553689339919
906.0439199848663 -0.006042412775791589
906.0500619059877 -0.005969427511947126
906.056203827109 -0.0058766050360403365
906.0623457482304 -0.005765025945590273
906.0684876693518 -0.005635837043626921
906.0746295904733 -0.005490243812542953
906.0807715115945 -0.005329502659448567
906.086913432716 -0.005154912977921351
906.0930553538374 -0.004967809071803295
906.0991972749588 -0.004769551987200695
906.1053391960802 -0.0045615212991023885
906.1114811172015 -0.004345106899032284
906.1176230383229 -0.004121700829896532
906.1237649594443 -0.0038926892136979018
906.1299068805657 -0.0036594443170157114
906.1360488016871 -0.0034233167981796587
906.1421907228084 -0.003185628178821672
906.1483326439298 -0.0029476635810252888
906.1544745650513 -0.0027106647696288557
906.1606164861727 -0.0024758235373050683
906.1667584072941 -0.0022442754679753863
906.1729003284154 -0.0020170941118059288
906.1790422495368 -0.0017952856025607552
906.1851841706582 -0.0015797837454774746
906.1913260917796 -0.0013714456010027489
906.1974680129009 -0.0011710475868474562
906.2036099340223 -0.0009792821177476338
906.2097518551437 -0.0007967547992074195
906.2158937762651 -0.0006239821882290681
906.2220356973866 -0.0004613901307804402
906.2281776185079 -0.0003093126823807665
906.2343195396293 -0.00016799161480929339
906.2404614607507 -3.7576508573978186e-05
906.2466033818721 8.187457264333277e-05
906.2527453029935 0.0001903938326680924
906.2588872241148 0.00028810192907834694
906.2650291452362 0.0003752056087012737
906.2711710663576 0.00045199480919950015
906.277312987479 0.0005188392466881065
906.2834549086004 0.0005761845122458406
906.2895968297217 0.000624547703023315
906.2957387508432 0.0006645126163226021
906.3018806719646 0.0006967245375157705
906.308022593086 0.0007218846550245064
906.3141645142074 0.0007407441376951022
906.3203064353287 0.000754097911850364
906.3264483564501 0.000762778177016353
906.3325902775715 0.0007676477008031279
906.3387321986929 0.0007695929346959564
906.3448741198142 0.0007695169935105226
906.3510160409356 0.0007683325420501159
906.357157962057 0.0007669546330067524
906.3632998831785 0.0007662935404290894
906.3694418042999 0.0007672476330698678
906.3755837254212 0.0007706963316862104
906.3817256465426 0.0007774931938618082
906.387867567664 0.0007884591691551154
906.3940094887854 0.0008043760663899503
906.4001514099068 0.0008259802736439923
906.4062933310281 0.0008539567700196782
906.4124352521495 0.0008889334665772236
906.4185771732709 0.0009314759118773196
906.4247190943923 0.0009820823954720414
906.4308610155138 0.0010411794803458772
906.437002936635 0.001109117992819863
906.4431448577565 0.0011861694957687541
906.4492867788779 0.0012725232681758411
906.4554286999993 0.0013682838111243381
906.4615706211206 0.0014734688972382402
906.467712542242 0.0015880081774408007
906.4738544633634 0.0017117423556346153
906.4799963844848 0.001844422938625848
906.4861383056062 0.001985712565238646
906.4922802267275 0.0021351859152024723
906.4984221478489 0.0022923311950128473
906.5045640689704 0.0024565521945786603
906.5107059900918 0.00262717090515779
906.5168479112132 0.0028034306857654652
906.5229898323345 0.002984499962034548
906.5291317534559 0.0031694764383719378
906.5352736745773 0.003357391801208587
906.5414155956987 0.0035472168882561867
906.5475575168201 0.003737867295882482
906.5536994379414 0.003928209394109515
906.5598413590628 0.004117066716281108
906.5659832801842 0.00430322668815714
906.5721252013057 0.004485447659128308
906.578267122427 0.004662466196342474
906.5844090435484 0.004833004600881909
906.5905509646698 0.004995778603676451
906.5966928857912 0.005149505197637805
906.6028348069126 0.005292910561514996
906.6089767280339 0.005424738030249499
906.6151186491553 0.005543756066123761
906.6212605702767 0.005648766184771508
906.6274024913981 0.0057386107901363365
906.6335444125195 0.0058121808727478
906.6396863336408 0.005868423526211692
906.6458282547623 0.005906349237587424
906.6519701758837 0.005925038908368785
906.6581120970051 0.005923650564026063
906.6642540181265 0.005901425711599319
906.6703959392478 0.005857695306551809
906.6765378603692 0.005791885292039193
906.6826797814906 0.005703521675945815
906.688821702612 0.005592235113346511
906.6949636237333 0.005457764964657253
906.7011055448547 0.005299962802412911
906.7072474659761 0.00511879534254996
906.7133893870975 0.004914346779020562
906.719531308219 0.004686820503796506
906.7256732293403 0.004436540197547572
906.7318151504617 0.00416395027963633
906.7379570715831 0.003869615709571954
906.7440989927045 0.0035542211354616256
906.7502409138259 0.003218569388639968
906.7563828349472 0.002863579327159451
906.7625247560686 0.002490283034380829
906.76866667719 0.0020998223825194414
906.7748085983114 0.0016934449743837025
906.7809505194328 0.0012724994801161117
906.7870924405541 0.0008384303890504655
906.7932343616756 0.0003927722000744017
906.799376282797 -6.285692286807254e-05
906.8055182039184 -0.0005267620006027752
906.8116601250397 -0.0009971785613206872
906.8178020461611 -0.001472280400771231
906.8239439672825 -0.0019501877422272644
906.8300858884039 -0.0024289757561954937
906.8362278095253 -0.002906683397563699
906.8423697306466 -0.0033813225160403185
906.848511651768 -0.0038508871940551113
906.8546535728894 -0.004313363264766895
906.8607954940109 -0.004766737961770328
906.8669374151323 -0.005209009651019988
906.8730793362536 -0.005638197594899529
906.879221257375 -0.006052351697956979
906.8853631784964 -0.006449562183627791
906.8915050996178 -0.006827969151529833
906.8976470207392 -0.007185771965205486
906.9037889418605 -0.007521238420941129
906.9099308629819 -0.007832713649238801
906.9160727841033 -0.00811862870167589
906.9222147052247 -0.00837750877745219
906.9283566263462 -0.008607981045546154
906.9344985474675 -0.008808782020415401
906.9406404685889 -0.008978764451353328
906.9467823897103 -0.009116903687986278
906.9529243108317 -0.009222303487058794
906.959066231953 -0.009294201228393329
906.9652081530744 -0.009331972510921842
906.9713500741958 -0.009335135102792928
906.9774919953172 -0.009303352222855289
906.9836339164386 -0.009236435134192162
906.9897758375599 -0.009134345033900763
906.9959177586813 -0.008997194226892104
907.0020596798028 -0.008825246575160907
907.0082016009242 -0.008618917217661486
907.0143435220456 -0.008378771559683794
907.0204854431669 -0.008105523534361059
907.0266273642883 -0.0078000331426660244
907.0327692854097 -0.00746330328199912
907.0389112065311 -0.007096475877061272
907.0450531276525 -0.0067008273303567605
907.0511950487738 -0.0062777633131354885
907.0573369698952 -0.005828812920969558
907.0634788910166 -0.005355622221490051
907.069620812138 -0.004859947224836192
907.0757627332594 -0.0043436463104493785
907.0819046543808 -0.0038086721465586267
907.0880465755022 -0.0032570631414170804
907.0941884966236 -0.0026909344676344163
907.100330417745 -0.0021124687032809675
907.1064723388663 -0.001523906135348226
907.1126142599877 -0.0009275347728946958
907.1187561811091 -0.00032568011879376124
907.1248981022305 0.0002793052498876416
907.1310400233519 0.0008850522417079863
907.1371819444732 0.0014891858990400027
907.1433238655947 0.0020893360823293506
907.1494657867161 0.002683148137833506
907.1556077078375 0.0032682934964620497
907.1617496289589 0.003842480151523408
907.1678915500802 0.004403462963866673
907.1740334712016 0.00494905374376707
907.180175392323 0.005477131059948393
907.1863173134444 0.00598564972764852
907.1924592345657 0.006472649929117219
907.1986011556871 0.006936265921903938
907.2047430768085 0.007374734292288118
907.21088499793 0.0077864017136369925
907.2170269190514 0.008169732171877771
907.2231688401727 0.008523313623053315
907.2293107612941 0.00884586405081793
907.2354526824155 0.009136236894745442
907.2415946035369 0.009393425823615709
907.2477365246583 0.009616568831108008
907.2538784457796 0.009804951634841186
907.260020366901 0.009958010363252454
907.2661622880224 0.01007533351842638
907.2723042091438 0.010156663206728615
907.2784461302653 0.010201895632801375
907.2845880513865 0.010211080856269828
907.290729972508 0.010184421814266214
907.2968718936294 0.010122272616634844
907.3030138147508 0.010025136124388025
907.3091557358721 0.009893660825643776
907.3152976569935 0.009728637026843515
907.3214395781149 0.009530992380556026
907.3275814992363 0.00930178677449831
907.3337234203577 0.009042206609678347
907.339865341479 0.008753558498625993
907.3460072626004 0.008437262417584128
907.3521491837218 0.008094844349314257
907.3582911048433 0.007727928455620921
907.3644330259647 0.007338228821104762
907.370574947086 0.00692754081170682
907.3767168682074 0.006497732093461787
907.3828587893288 0.006050733358564298
907.3890007104502 0.005588528807097535
907.3951426315716 0.005113146433993009
907.4012845526929 0.004626648171559287
907.4074264738143 0.004131119938476553
907.4135683949357 0.003628661646525357
907.4197103160571 0.0031213772161924926
907.4258522371784 0.002611364652182212
907.4319941582999 0.0021007062292158485
907.4381360794213 0.0015914588378204784
907.4442780005427 0.0010856445385889538
907.4504199216641 0.0005852413722222701
907.4565618427854 9.217447100978173e-05
907.4627037639068 -0.0003916924844086152
907.4688456850282 -0.0008645654211063613
907.4749876061496 -0.0013247276032765686
907.481129527271 -0.0017705468978058297
907.4872714483923 -0.0022004825415779788
907.4934133695137 -0.002613091378892437
907.4995552906352 -0.00300703354028567
907.5056972117566 -0.00338107753730875
907.511839132878 -0.003734104750922123
907.5179810539993 -0.004065113294603929
907.5241229751207 -0.004373221236704334
907.5302648962421 -0.004657669170019614
907.5364068173635 -0.004917822120236504
907.5425487384849 -0.00515317078836258
907.5486906596062 -0.005363332125923876
907.5548325807276 -0.005548049245289095
907.560974501849 -0.005707190670984574
907.5671164229705 -0.005840748941462097
907.5732583440918 -0.005948838574127045
907.5794002652132 -0.006031693409857468
907.5855421863346 -0.006089663356436042
907.591684107456 -0.006123210553518761
907.5978260285774 -0.0061329049846890705
907.6039679496987 -0.006119419565029441
907.6101098708201 -0.006083524735311706
907.6162517919415 -0.006026082596382652
907.6223937130629 -0.005948040619662932
907.6285356341843 -0.0058504249717371525
907.6346775553056 -0.005734333492921428
907.640819476427 -0.00560092837134825
907.6469613975485 -0.0054514285555334364
907.6531033186699 -0.005287101949588799
907.6592452397913 -0.005109257436180007
907.6653871609126 -0.004919236773032595
907.671529082034 -0.004718406409229361
907.6776710031554 -0.004508149267743229
907.6838129242768 -0.004289856540574678
907.6899548453981 -0.00406491954256214
907.6960967665195 -0.003834721669356459
907.7022386876409 -0.0036006305042573955
907.7083806087624 -0.003363990117529615
907.7145225298838 -0.0031261136005520627
907.7206644510051 -0.002888275875622084
907.7268063721265 -0.002651706820494352
907.7329482932479 -0.002417584744807648
907.7390902143693 -0.00218703025336533
907.7452321354907 -0.001961100528936514
907.751374056612 -0.0017407840647103798
907.7575159777334 -0.0015269958738620482
907.7636578988548 -0.0013205732008912657
907.7697998199762 -0.001122271756400975
907.7759417410977 -0.0009327624939573239
907.782083662219 -0.0007526289444827855
907.7882255833404 -0.0005823651203866105
907.7943675044618 -0.000422373998350555
907.8005094255832 -0.000272966586291036
907.8066513467045 -0.00013436157667962424
907.8127932678259 -6.685584982188295e-06
907.8189351889473 0.00011002603137040072
907.8250771100687 0.0002158277814536128
907.8312190311901 0.00031086208799792255
907.8373609523114 0.000395356787704008
907.8435028734328 0.00046962210235802234
907.8496447945543 0.0005340471014071679
907.8557867156757 0.0005890956796081108
907.8619286367971 0.0006353020761164655
907.8680705579184 0.000673265964035394
907.8742124790398 0.0007036471419043737
907.8803544001612 0.000727159860879077
907.8864963212826 0.0007445668234633074
907.892638242404 0.0007566728915106884
907.8987801635253 0.0007643185428898259
907.9049220846467 0.0007683731176389926
907.9110640057681 0.0007697278956256379
907.9172059268896 0.0007692890486986879
907.9233478480108 0.000767970511010799
907.9294897691323 0.0007666868116556824
907.9356316902537 0.0007663459139520941
907.9417736113751 0.00076784210566559
907.9479155324965 0.0007720489841294793
907.9540574536178 0.0007798125796689854
907.9601993747392 0.0007919446599135371
907.9663412958606 0.0008092162565089765
907.972483216982 0.0008323514544528024
907.9786251381034 0.0008620214827223934
907.9847670592247 0.0008988391431148777
907.9909089803461 0.0009433536122437004
907.9970509014676 0.0009960456494498492
908.003192822589 0.0010573232410399985
908.0093347437104 0.0011275177087023316
908.0154766648317 0.001206880307260191
908.0216185859531 0.001295579334075531
908.0277605070745 0.0013936977694232722
908.0339024281959 0.0015012314640906145
908.0400443493172 0.0016180878872464458
908.0461862704386 0.0017440854443830987
908.05232819156 0.0018789533717924957
908.0584701126814 0.0020223322107052323
908.0646120338029 0.002173774860815348
908.0707539549242 0.0023327482095456603
908.0768958760456 0.002498635330044556
908.083037797167 0.0026707382375603266
908.0891797182884 0.0028482811905929
908.0953216394098 0.003030414519993634
908.1014635605311 0.003216218966089704
908.1076054816525 0.0034047105009052943
908.1137474027739 0.003594845609660258
908.1198893238953 0.0037855270030129873
908.1260312450167 0.003975609728906899
908.132173166138 0.004163907650481212
908.1383150872595 0.004349200254275066
908.1444570083809 0.004530239750909322
908.1505989295023 0.004705758428619485
908.1567408506237 0.004874476218384025
908.162882771745 0.005035108428015976
908.1690246928664 0.005186373601431109
908.1751666139878 0.005327001458390572
908.1813085351092 0.005455740869353113
908.1874504562305 0.005571367819649317
908.1935923773519 0.005672693317024582
908.1997342984733 0.005758571196691051
908.2058762195948 0.005827905778357897
908.2120181407162 0.005879659330313368
908.2181600618375 0.005912859296468648
908.2243019829589 0.005926605243357288
908.2304439040803 0.005920075485433145
908.2365858252017 0.005892533348537765
908.2427277463231 0.0058433330332313274
908.2488696674444 0.005771925041669561
908.2550115885658 0.0056778611339163365
908.2611535096872 0.005560798782028573
908.2672954308086 0.0054205050927811195
908.27343735193 0.005256860172724656
908.2795792730514 0.005069859912155901
908.2857211941728 0.004859618167633979
908.2918631152942 0.0046263683259145415
908.2980050364156 0.004370464235378182
908.3041469575369 0.004092380494504975
908.3102888786583 0.003792712090329983
908.3164307997797 0.0034721733834077615
908.3225727209011 0.0031315964392496817
908.3287146420225 0.002771928709867753
908.3348565631438 0.002394230072556366
908.3409984842652 0.0019996692365760946
908.3471404053867 0.0015895195319701582
908.3532823265081 0.0011651540980492996
908.3594242476295 0.0007280404925595838
908.3655661687508 0.00027973474572745967
908.3717080898722 -0.00017812511349114813
908.3778500109936 -0.0006438260285511895
908.383991932115 -0.0011155873507356277
908.3901338532364 -0.0015915687029166782
908.3962757743577 -0.0020698782333147814
908.4024176954791 -0.002548581218612765
908.4085596166005 -0.003025708973616025
908.414701537722 -0.0034992680229319257
908.4208434588433 -0.003967249488368175
908.4269853799647 -0.00442763864448129
908.4331273010861 -0.0048784245934675894
908.4392692222075 -0.0053176100098595094
908.4454111433289 -0.005743220904750172
908.4515530644502 -0.0061533163590126875
908.4576949855716 -0.0065459981749130215
908.463836906693 -0.00691942039565924
908.4699788278144 -0.007271798643027398
908.4761207489358 -0.00760141922383786
908.4822626700571 -0.007906647957141999
908.4884045911786 -0.008185938675249346
908.4945465123 -0.008437841353210641
908.5006884334214 -0.00866100982323621
908.5068303545428 -0.008854209032457306
908.5129722756641 -0.009016321804730791
908.5191141967855 -0.009146355069633454
908.5252561179069 -0.009243445524423377
908.5313980390283 -0.009306864697634318
908.5375399601496 -0.009336023385934233
908.543681881271 -0.009330475439078454
908.5498238023924 -0.009289920871077391
908.5559657235139 -0.009214208279137635
908.5621076446353 -0.009103336555449855
908.5682495657566 -0.008957455880516618
908.574391486878 -0.008776867990376726
908.5805334079994 -0.008562025713821442
908.5866753291208 -0.008313531779406098
908.5928172502422 -0.008032136895838544
908.5989591713635 -0.00771873711304046
908.6051010924849 -0.007374370474862351
908.6112430136063 -0.007000212978120135
908.6173849347277 -0.00659757385611116
908.6235268558491 -0.0061678902083180005
908.6296687769704 -0.005712721001331855
908.6358106980919 -0.005233740469255266
908.6419526192133 -0.004732730945002716
908.6480945403347 -0.00421157515673698
908.6542364614561 -0.0036722480265466797
908.6603783825774 -0.00311680801097531
908.6665203036988 -0.002547388025370006
908.6726622248202 -0.001966185996246829
908.6788041459416 -0.00137545508765614
908.6849460670629 -0.0007774936493596383
908.6910879881843 -0.00017463493596343478
908.6972299093057 0.0004307633525412431
908.7033718304272 0.0010363296575940368
908.7095137515486 0.001639689224184349
908.7156556726699 0.002238474785896004
908.7217975937913 0.0028303372203629467
908.7279395149127 0.0034129561226680727
908.7340814360341 0.003984050244761485
908.7402233571555 0.004541387749494074
908.7463652782768 0.005082796228873402
908.7525071993982 0.0056061724373323
908.7586491205196 0.006109491692165193
908.764791041641 0.006590816895102027
908.7709329627625 0.007048307130779515
908.7770748838838 0.0074802258000935574
908.7832168050052 0.007884948248775532
908.7893587261266 0.0082609688540464
908.795500647248 0.008606907535066363
908.8016425683693 0.008921515655729836
908.8077844894907 0.009203681291532312
908.8139264106121 0.00945243383541871
908.8200683317335 0.009666947920974715
908.8262102528549 0.009846546644737449
908.8323521739762 0.009990704073028578
908.8384940950976 0.010099047022362003
908.844636016219 0.010171356106177356
908.8507779373405 0.010207566044432266
908.8569198584619 0.010207765236323628
908.8630617795832 0.01017219460019406
908.8692037007046 0.010101245688411793
908.875345621826 0.009995458088724637
908.8814875429474 0.009855516127209174
908.8876294640688 0.009682244891508023
908.8937713851901 0.009476605596495555
908.8999133063115 0.009239690317837567
908.906055227433 0.00897271612214472
908.9121971485544 0.00867701862540064
908.9183390696757 0.008354045014279316
908.9244809907971 0.008005346567596314
908.9306229119185 0.007632570717688451
908.9367648330399 0.007237452693689922
908.9429067541613 0.006821806790805156
908.9490486752826 0.006387517311430155
908.955190596404 0.0059365292255216555
908.9613325175254 0.005470838598984253
908.9674744386468 0.0049924828397577056
908.9736163597682 0.004503530812176912
908.9797582808895 0.004006072870604223
908.985900202011 0.003502210863550173
908.9920421231324 0.002994048159528475
908.9981840442538 0.002483679745419735
909.0043259653752 0.0019731824476629856
909.0104678864965 0.0014646053256454166
909.0166098076179 0.0009599602855301702
909.0227517287393 0.00046121296146452
909.0288936498607 -2.972609067226622e-05
909.035035570982 -0.0005110098435350841
909.0411774921034 -0.0009808628513616208
909.0473194132248 -0.0014375888667615675
909.0534613343463 -0.001879577984867497
909.0596032554677 -0.0023053132810137576
909.065745176589 -0.002713376911062164
909.0718870977104 -0.0031024556465101077
909.0780290188318 -0.0034713458195973833
909.0841709399532 -0.003818957657039907
909.0903128610746 -0.004144318984260334
909.0964547821959 -0.004446578285523461
909.1025967033173 -0.004725007108902222
909.1087386244387 -0.004979001808502131
909.1148805455601 -0.005208084620075512
909.1210224666816 -0.005411904069637073
909.1271643878028 -0.005590234718338379
909.1333063089243 -0.005742976250396894
909.1394482300457 -0.005870151914320239
909.1455901511671 -0.005971906331170534
909.1517320722884 -0.006048502686856485
909.1578739934098 -0.006100319328726383
909.1640159145312 -0.006127845789780519
909.1701578356526 -0.006131678266841586
909.176299756774 -0.006112514581762954
909.1824416778953 -0.006071148657422675
909.1885835990167 -0.006008464542693803
909.1947255201381 -0.00592543002281831
909.2008674412596 -0.005823089853688805
909.207009362381 -0.005702558660340083
909.2131512835023 -0.005565013541575249
909.2192932046237 -0.005411686424014381
909.2254351257451 -0.005243856209982077
909.2315770468665 -0.005062840764537485
909.2377189679879 -0.004869988787580638
909.2438608891092 -0.004666671617354456
909.2500028102306 -0.004454275011785404
909.256144731352 -0.004234190953992458
909.2622866524734 -0.004007809527898622
909.2684285735947 -0.003776510909271171
909.2745704947162 -0.0035416575166277
909.2807124158376 -0.0033045863653534467
909.286854336959 -0.0030666016669970977
909.2929962580804 -0.0028289677141680675
909.2991381792017 -0.002592902089649145
909.3052801003231 -0.0023595692363364965
909.3114220214445 -0.0021300744224443053
909.3175639425659 -0.0019054581339899186
909.3237058636873 -0.0016866909240606106
909.3298477848086 -0.0014746687456284324
909.33598970593 -0.0012702087918243805
909.3421316270515 -0.0010740458646239218
909.3482735481729 -0.0008868292897608508
909.3544154692943 -0.0007091203925397128
909.3605573904156 -0.0005413905459291184
909.366699311537 -0.00038401979899496935
909.3728412326584 -0.00023729609039147597
909.3789831537798 -0.00010141504820344585
909.3851250749012 2.3519625915880323e-05
909.3912669960225 0.000137495193762025
909.3974089171439 0.0002405883475385108
909.4035508382653 0.00033296311881000044
909.4096927593868 0.0004148682447476313
909.415834680508 0.00048663401005194306
909.4219766016295 0.0005486685859795051
909.4281185227509 0.0006014538907655177
909.4342604438723 0.000645540998512899
909.4404023649937 0.0006815451261815092
909.446544286115 0.0007101402307480939
909.4526862072364 0.0007320532508411564
909.4588281283578 0.0007480580291789966
909.4649700494792 0.0007589689539876833
909.4711119706006 0.0007656343591596484
909.477253891722 0.000768929724302182
909.4833958128434 0.000769750716962884
909.4895377339648 0.0007690061202024755
909.4956796550862 0.0007676106893479046
909.5018215762076 0.000766477982131287
909.5079634973289 0.0007665132065657849
909.5141054184503 0.0007686061307887015
909.5202473395717 0.0007736240987146308
909.5263892606931 0.0007824051947286553
909.5325311818144 0.0007957515997515626
909.5386731029358 0.0008144231798974445
909.5448150240572 0.0008391313475670081
909.5509569451787 0.0008705332332438862
909.5570988663001 0.0009092262044287226
909.5632407874214 0.0009557427661304972
909.5693827085428 0.0010105458751100784
909.5755246296642 0.001074024697648715
909.5816665507856 0.0011464908380517606
909.587808471907 0.0012281750623368616
909.5939503930283 0.001319224538684929
909.6000923141497 0.0014197006132262617
909.6062342352711 0.001529577136603906
909.6123761563925 0.0016487393535747964
909.618518077514 0.0017769833646072142
909.6246599986353 0.0019140161651142649
909.6308019197567 0.002059456264597777
909.6369438408781 0.002212834884578175
909.6430857619995 0.002373597730833844
909.6492276831208 0.0025411073320881525
909.6553696042422 0.002714645933986963
909.6615115253636 0.0028934189339302036
909.667653446485 0.003076558839169394
909.6737953676064 0.003263129727469607
909.6799372887277 0.003452132186677395
909.6860792098491 0.0036425087066907116
909.6922211309706 0.0038331494946122644
909.698363052092 0.004022898681350526
909.7045049732134 0.004210560885539628
909.7106468943347 0.004394908098481402
909.7167888154561 0.0045746868518259775
909.7229307365775 0.004748625627924788
909.7290726576989 0.004915442471247714
909.7352145788203 0.005073852757913461
909.7413564999416 0.005222577079297087
909.747498421063 0.005360349194824177
909.7536403421844 0.005485924008456352
909.7597822633059 0.005598085523016861
909.7659241844271 0.00569565472640274
909.7720661055486 0.0057774973638772195
909.77820802667 0.005842531551050191
909.7843499477914 0.005889735182793441
909.7904918689128 0.005918153094257566
909.7966337900341 0.005926903931298542
909.8027757111555 0.005915186689003867
909.8089176322769 0.005882286878653221
909.8150595533983 0.00582758228525169
909.8212014745197 0.005750548279873142
909.827343395641 0.005650762653293373
909.8334853167624 0.005527909939843537
909.8396272378839 0.0053817852030919105
909.8457691590053 0.005212297257698074
909.8519110801267 0.005019471304807715
909.858053001248 0.004803450961412586
909.8641949223694 0.004564499667307981
909.8703368434908 0.00430300145665466
909.8764787646122 0.004019461084459498
909.8826206857336 0.003714503501857679
909.8887626068549 0.0033888726775466553
909.8949045279763 0.003043429766269137
909.9010464490977 0.002679150628875031
909.9071883702192 0.00229712271192731
909.9133302913405 0.001898541298467325
909.9194722124619 0.0014847051449371539
909.9256141335833 0.0010570115227740008
909.9317560547047 0.0006169506863840617
909.9378979758261 0.00016609979255992647
909.9440398969474 -0.0002938837005663613
909.9501818180688 -0.0007612691239829424
909.9563237391902 -0.0012342601437293815
909.9624656603116 -0.0017110027258677445
909.968607581433 -0.002189593481472615
909.9747495025543 -0.0026680883504558066
909.9808914236758 -0.003144511581011528
909.9870333447972 -0.003616864959583597
909.9931752659186 -0.004083137244832305
909.99931718704 -0.0045413137576169405
910.0054591081613 -0.004989386078027615
910.0116010292827 -0.005425361799693251
910.0177429504041 -0.005847274290983105
910.0238848715255 -0.006253192412580094
910.0300267926468 -0.006641230140777873
910.0361687137682 -0.007009556046228885
910.0423106348896 -0.00735640257832988
910.0484525560111 -0.007680075106361057
910.0545944771325 -0.007978960669468425
910.0607363982538 -0.008251536388985441
910.0668783193752 -0.008496377498176938
910.0730202404966 -0.008712164946285132
910.079162161618 -0.008897692535906384
910.0853040827394 -0.009051873554945687
910.0914460038607 -0.009173746866948631
910.0975879249821 -0.00926248242630467
910.1037298461035 -0.00931738618768398
910.109871767225 -0.00933790438215866
910.1160136883464 -0.009323627135626893
910.1221556094677 -0.009274291408518766
910.1282975305891 -0.009189783239205824
910.1344394517105 -0.009070139277093263
910.1405813728319 -0.008915547594992754
910.1467232939532 -0.008726347774069382
910.1528652150746 -0.00850303025836828
910.159007136196 -0.008246234979699842
910.1651490573174 -0.00795674925736103
910.1712909784388 -0.007635504980937865
910.1774328995601 -0.007283575088094001
910.1835748206815 -0.006902169352865742
910.189716741803 -0.0064926295035798
910.1958586629244 -0.006056423692873873
910.2020005840458 -0.005595140345718461
910.2081425051671 -0.005110481414494126
910.2142844262885 -0.004604255073224629
910.2204263474099 -0.004078367886024657
910.2265682685313 -0.003534816487412896
910.2327101896527 -0.0029756788147759297
910.238852110774 -0.002403104935514298
910.2449940318954 -0.0018193075134895638
910.2511359530168 -0.0012265519613392786
910.2572778741383 -0.0006271463267123662
910.2634197952596 -2.343096200418096e-05
910.269561716381 0.000582231971815501
910.2757036375024 0.0011874691157020617
910.2818455586238 0.0017899065853295623
910.2879874797452 0.0023871806536577334
910.2941294008665 0.0029769483907652106
910.3002713219879 0.0035568982086381673
910.3064132431093 0.0041247602589880175
910.3125551642307 0.004678316633045368
910.3186970853521 0.005215411313127167
910.3248390064734 0.005733959827106784
910.3309809275949 0.0062319585584133174
910.3371228487163 0.006707493665860086
910.3432647698377 0.007158749569706294
910.3494066909591 0.007584016962433224
910.3555486120804 0.007981700305206786
910.3616905332018 0.008350324773608968
910.3678324543232 0.008688542618975626
910.3739743754446 0.00899513891475109
910.3801162965659 0.009269036660312244
910.3862582176873 0.00950930121806489
910.3924001388087 0.009715144062965184
910.3985420599302 0.009885925827198067
910.4046839810516 0.010021158626284212
910.4108259021729 0.010120507656599907
910.4169678232943 0.010183792058009703
910.4231097444157 0.01021098503906129
910.4292516655371 0.010202213265979705
910.4353935866585 0.010157755520440416
910.4415355077798 0.010078040634848948
910.4476774289012 0.009963644717529445
910.4538193500226 0.009815287683863168
910.459961271144 0.009633829112921082
910.4661031922655 0.00942026345258834
910.4722451133867 0.0091757145994676
910.4783870345082 0.008901429882998127
910.4845289556296 0.008598773486271633
910.490670876751 0.008269219338780108
910.4968127978724 0.007914343519035957
910.5029547189937 0.007535816207396477
910.5090966401151 0.007135393231628537
910.5152385612365 0.0067149072497945635
910.5213804823579 0.006276258616673782
910.5275224034792 0.005821405981536066
910.5336643246006 0.0053523566662275835
910.539806245722 0.0048711568735979
910.5459481668435 0.004379881776863735
910.5520900879649 0.003880625541061744
910.5582320090862 0.0033754913278230226
910.5643739302076 0.0028665813345747555
910.570515851329 0.002355986918965331
910.5766577724504 0.0018457788584935622
910.5827996935718 0.0013379977945385966
910.5889416146931 0.0008346449087084648
910.5950835358145 0.00033767287797769913
910.6012254569359 -0.00015102284651984617
910.6073673780573 -0.0006296123942558829
910.6135092991788 -0.0010963394228399946
910.6196512203 -0.0015495286199763599
910.6257931414215 -0.001987592724057995
910.6319350625429 -0.002409039030268522
910.6380769836643 -0.0028124753521118887
910.6442189047856 -0.0031966154111986557
910.650360825907 -0.0035602836314183378
910.6565027470284 -0.00390241931682463
910.6626446681498 -0.004222080196094148
910.6687865892712 -0.004518445319765912
910.6749285103925 -0.004790817300079542
910.681070431514 -0.005038623886798788
910.6872123526354 -0.005261418875940393
910.6933542737568 -0.005458882352026918
910.6994961948782 -0.005630820267947519
910.7056381159995 -0.0057771633701067015
910.7117800371209 -0.0058979654800100974
910.7179219582423 -0.005993401146792013
910.7240638793637 -0.00606376268857154
910.7302058004851 -0.006109456643639032
910.7363477216064 -0.006130999655584414
910.7424896427278 -0.006129013819392964
910.7486315638492 -0.006104221518269028
910.7547734849707 -0.006057439783583084
910.760915406092 -0.00598957421268983
910.7670573272134 -0.005901612481601283
910.7731992483348 -0.005794617491468123
910.7793411694562 -0.005669720189621254
910.7854830905776 -0.005528112107446017
910.7916250116989 -0.005371037658687875
910.7977669328203 -0.005199786242849214
910.8039088539417 -0.005015684199163018
910.8100507750631 -0.0048200866571961225
910.8161926961845 -0.004614369330457276
910.8223346173058 -0.004399920299449194
910.8284765384273 -0.004178131830411513
910.8346184595487 -0.00395039227557596
910.8407603806701 -0.0037180781000430456
910.8469023017915 -0.0034825460794791967
910.8530442229128 -0.0032451257116483468
910.8591861440342 -0.003007111883384267
910.8653280651556 -0.0027697578330010166
910.871469986277 -0.0025342684462584066
910.8776119073983 -0.002301793921985052
910.8837538285197 -0.0020734238411878815
910.8898957496411 -0.0018501816710819817
910.8960376707626 -0.0016330197328378374
910.902179591884 -0.001422814659134791
910.9083215130053 -0.0012203633646974557
910.9144634341267 -0.0010263795499798995
910.9206053552481 -0.000841490755067215
910.9267472763695 -0.0006662359776135644
910.9328891974909 -0.0005010638653967881
910.9390311186122 -0.00034633149070994687
910.9451730397336 -0.00020230371044118023
910.951314960855 -6.915311232578875e-05
910.9574568819764 5.303945556849157e-05
910.9635988030979 0.0001642837783901357
910.9697407242192 0.00026467860070121594
910.9758826453406 0.0003544093982045619
910.982024566462 0.000433745611055722
910.9881664875834 0.0005030373579431056
910.9943084087047 0.0005627116530722714
911.0004503298261 0.0006132681510706343
911.0065922509475 0.0006552744475178625
911.0127341720689 0.0006893609653848062
911.0188760931903 0.0007162154600124961
911.0250180143116 0.0007365771774645807
911.031159935433 0.0007512307030704983
911.0373018565544 0.0007609995387370416
911.0434437776759 0.0007667394491763977
911.0495856987973 0.0007693316184948778
911.0557276199186 0.0007696756596765661
