time TPR_both_A_open_1_rho12_real
0.0 0.0
0.00614192112138767 -0.00011289365768347946
0.01228384224277534 -0.00045002627579985346
0.01842576336416301 -0.0010080838396352328
0.02456768448555068 -0.0017824512337854263
0.030709605606938348 -0.002767246122856299
0.03685152672832602 -0.003955361772977374
0.042993447849713685 -0.005338518295094889
0.04913536897110136 -0.006907321704147915
0.05527729009248903 -0.00865133011346657
0.061419211213876695 -0.010559126322243383
0.06756113233526437 -0.012618396006558084
0.07370305345665204 -0.014816010691670498
0.07984497457803971 -0.017138114665264905
0.08598689569942737 -0.019570214987806922
0.09212881682081504 -0.02209727376659601
0.09827073794220272 -0.024703801883579353
0.10441265906359039 -0.027373953402368645
0.11055458018497806 -0.03009161992575045
0.11669650130636572 -0.032840524229683234
0.12283842242775339 -0.03560431256154971
0.12898034354914106 -0.0383666450573967
0.13512226467052874 -0.04111128380311066
0.1412641857919164 -0.04382217813600344
0.14740610691330408 -0.04648354685423429
0.15354802803469175 -0.04907995707007582
0.15968994915607942 -0.05159639950759804
0.16583187027746707 -0.054018360104425074
0.17197379139885474 -0.0563318878295594
0.17811571252024241 -0.058523658673855755
0.1842576336416301 -0.06058103580580721
0.19039955476301776 -0.06249212591239615
0.19654147588440543 -0.06424583176266405
0.2026833970057931 -0.06583190104043303
0.20882531812718078 -0.06724097149261524
0.21496723924856845 -0.06846461243135997
0.22110916036995612 -0.06949536261274064
0.2272510814913438 -0.07032676449280094
0.23339300261273144 -0.07095339483476804
0.2395349237341191 -0.07137089161044591
0.24567684485550678 -0.07157597710567319
0.25181876597689445 -0.07156647710579023
0.2579606870982821 -0.07134133600384665
0.2641026082196698 -0.07090062764333535
0.27024452934105747 -0.07024556168003733
0.27638645046244514 -0.06937848522550161
0.2825283715838328 -0.06830287951903591
0.2886702927052205 -0.0670233513669617
0.29481221382660816 -0.06554561908822186
0.30095413494799583 -0.06387649271494314
0.3070960560693835 -0.06202384821573952
0.3132379771907712 -0.05999659553864105
0.31937989831215885 -0.05780464030954028
0.3255218194335465 -0.05545883907069131
0.33166374055493414 -0.05297094800154901
0.3378056616763218 -0.05035356513031537
0.3439475827977095 -0.04762006611794577
0.35008950391909716 -0.044784533775815726
0.35623142504048483 -0.041861681562319404
0.3623733461618725 -0.038866771390747436
0.3685152672832602 -0.0358155261691331
0.37465718840464785 -0.03272403758050319
0.3807991095260355 -0.029608669697226593
0.3869410306474232 -0.026485959103982437
0.39308295176881086 -0.023372512278386243
0.39922487289019853 -0.020284901044681173
0.4053667940115862 -0.017239556972428058
0.4115087151329739 -0.01425266563725714
0.41765063625436155 -0.011340061693146051
0.4237925573757492 -0.008517125724248153
0.4299344784971369 -0.005798683848195946
0.43607639961852457 -0.003198911031500517
0.44221832073991224 -0.000731239050963791
0.4483602418612999 0.0015917300069811459
0.4545021629826876 0.003758303873909173
0.4606440841040752 0.005757773089798279
0.4667860052254629 0.007580476175741128
0.47292792634685055 0.009217856403828925
0.4790698474682382 0.010662509684162278
0.4852117685896259 0.011908223201925397
0.49135368971101356 0.012950004556183737
0.49749561083240124 0.013784101274257683
0.5036375319537889 0.014408010698805889
0.5097794530751766 0.014820480366703519
0.5159213741965643 0.015021499117025033
0.5220632953179519 0.015012279277612887
0.5282052164393396 0.014795230383640088
0.5343471375607273 0.014373924975249702
0.5404890586821149 0.013753057103011147
0.5466309798035026 0.012938394238082941
0.5527729009248903 0.011936723337441979
0.558914822046278 0.010755791852506615
0.5650567431676656 0.009404244491487645
0.5711986642890533 0.007891556551768155
0.577340585410441 0.006227964628835177
0.5834825065318286 0.004424395483431044
0.5896244276532163 0.0024923938096758913
0.595766348774604 0.0004440495952794287
0.6019082698959917 -0.0017080742977699436
0.6080501910173793 -0.003951013775600765
0.614192112138767 -0.006271473900608376
0.6203340332601547 -0.008655897632079265
0.6264759543815424 -0.011090532612717979
0.63261787550293 -0.013561495781546078
0.6387597966243177 -0.016054835678730252
0.6449017177457054 -0.018556592388831308
0.651043638867093 -0.02105285514369158
0.6571855599884806 -0.023529817672835927
0.6633274811098683 -0.025973831446218874
0.669469402231256 -0.028371457000055993
0.6756113233526436 -0.030709513570302337
0.6817532444740313 -0.032975127279338746
0.687895165595419 -0.035155778129249034
0.6940370867168066 -0.03723934604968781
0.7001790078381943 -0.039214156230054115
0.706320928959582 -0.041069023935172
0.7124628500809697 -0.04279329896191464
0.7186047712023573 -0.04437690984242617
0.724746692323745 -0.04581040783935786
0.7308886134451327 -0.047085010711556984
0.7370305345665203 -0.048192646156859774
0.743172455687908 -0.049125994764112356
0.7493143768092957 -0.049878532231389563
0.7554562979306834 -0.05044457053379774
0.761598219052071 -0.05081929765438857
0.7677401401734587 -0.050998815427649974
0.7738820612948464 -0.05098017498877916
0.780023982416234 -0.05076140927528073
0.7861659035376217 -0.05034156199198574
0.7923078246590094 -0.04972071242774127
0.7984497457803971 -0.04889999550285342
0.8045916669017847 -0.04788161643169487
0.8107335880231724 -0.04666885940519123
0.8168755091445601 -0.04526608973330005
0.8230174302659478 -0.043678748937915714
0.8291593513873354 -0.04191334235131236
0.8353012725087231 -0.03997741885339354
0.8414431936301108 -0.03787954247146338
0.8475851147514984 -0.03562925566743977
0.8537270358728861 -0.033237034247638096
0.8598689569942738 -0.030714233947444606
0.8660108781156615 -0.02807302886514019
0.8721527992370491 -0.025326342043479756
0.8782947203584368 -0.02248776862189212
0.8844366414798245 -0.019571492103811355
0.8905785626012122 -0.016592194400174287
0.8967204837225998 -0.013564960419029163
0.9028624048439875 -0.010505178070161698
0.9090043259653752 -0.007428434640469268
0.9151462470867628 -0.004350410568515744
0.9212881682081504 -0.0012867717035989178
0.9274300893295381 0.001746938825649424
0.9335720104509257 0.004735407986683871
0.9397139315723134 0.0076636583135414335
0.9458558526937011 0.010517150340194627
0.9519977738150888 0.013281880900365955
0.9581396949364764 0.015944476251804496
0.9642816160578641 0.018492279055053063
0.9704235371792518 0.02091342832510512
0.9765654583006395 0.02319693157737051
0.9827073794220271 0.025332728505062973
0.9888493005434148 0.027311745651220565
0.9949912216648025 0.02912594167256
1.0011331427861903 0.030768342931605526
1.0072750639075778 0.03223306929522248
1.0134169850289656 0.03351535015899566
1.0195589061503532 0.0346115308550613
1.025700827271741 0.035519069733229526
1.0318427483931285 0.036236526329049654
1.0379846695145163 0.03676354114540396
1.0441265906359039 0.037100807674260626
1.0502685117572914 0.03725003737049907
1.0564104328786792 0.03721391835886459
1.0625523540000668 0.0369960687070018
1.0686942751214545 0.036600985131517876
1.074836196242842 0.0360339880199134
1.0809781173642299 0.03530116364908322
1.0871200384856174 0.03440930446160838
1.0932619596070052 0.03336584822507118
1.0994038807283928 0.032178816848544775
1.1055458018497806 0.030856755565776176
1.1116877229711681 0.02940867311837992
1.117829644092556 0.02784398348663681
1.1239715652139435 0.02617244962264343
1.1301134863353313 0.024404129542880272
1.1362554074567188 0.022549325037355097
1.1423973285781066 0.020618533152666412
1.1485392496994942 0.018622400509132615
1.154681170820882 0.016571680419737177
1.1608230919422695 0.01447719269324196
1.1669650130636573 0.012349785927246285
1.1731069341850449 0.010200302030969667
1.1792488553064326 0.008039542663362435
1.1853907764278202 0.0058782372310018675
1.191532697549208 0.0037270120627164983
1.1976746186705955 0.001596360364527044
1.2038165397919833 -0.0005033874407336008
1.209958460913371 -0.0025620933700252653
1.2161003820347587 -0.004569841885807046
1.2222423031561462 -0.006516970563175095
1.228384224277534 -0.00839410167896589
1.2345261453989216 -0.010192174921578503
1.2406680665203094 -0.011902481350242099
1.246809987641697 -0.013516698655850755
1.2529519087630847 -0.015026927694321316
1.2590938298844723 -0.016425730179633297
1.26523575100586 -0.017706167339434548
1.2713776721272476 -0.01886183925332512
1.2775195932486354 -0.01988692451482533
1.283661514370023 -0.02077621978444308
1.2898034354914107 -0.021525178735170437
1.2959453566127983 -0.022129949834767678
1.302087277734186 -0.022587412362962973
1.3082291988555736 -0.022895210027456443
1.3143711199769612 -0.023051781521531586
1.320513041098349 -0.023056387358887265
1.3266549622197366 -0.022909132328639212
1.3327968833411243 -0.022610982935499374
1.338938804462512 -0.02216377922687506
1.3450807255838997 -0.021570240459736566
1.3512226467052872 -0.020833964124850845
1.357364567826675 -0.019959417923471473
1.3635064889480626 -0.018951924380551884
1.3696484100694504 -0.017817637877521778
1.375790331190838 -0.016563513994866646
1.3819322523122257 -0.015197271168299867
1.3880741734336133 -0.01372734477999331
1.394216094555001 -0.012162833926000212
1.4003580156763886 -0.010513441220182303
1.4064999367977764 -0.008789406111409444
1.412641857919164 -0.007001432301971118
1.4187837790405518 -0.005160609958878067
1.4249257001619393 -0.003278333503657591
1.431067621283327 -0.0013662158484357568
1.4372095424047147 0.0005639999854185488
1.4433514635261024 0.0025005308765404933
1.44949338464749 0.004431644214453898
1.4556353057688778 0.006345748066673592
1.4617772268902653 0.008231479855543105
1.4679191480116531 0.010077792515638095
1.4740610691330407 0.011874037138083727
1.4802029902544285 0.013610041161234328
1.486344911375816 0.015276181236981937
1.4924868324972038 0.016863449987036358
1.4986287536185914 0.018363515962302086
1.5047706747399792 0.01976877622879957
1.5109125958613667 0.02107240112333798
1.5170545169827545 0.022268370848666244
1.523196438104142 0.023351503708604903
1.5293383592255299 0.024317475915793568
1.5354802803469174 0.025162833035505202
1.5416222014683052 0.025884993255619746
1.5477641225896928 0.026482242792724094
1.5539060437110805 0.026953723854924373
1.560047964832468 0.02729941568103362
1.5661898859538559 0.027520109261407927
1.5723318070752434 0.02761737641623151
1.578473728196631 0.027593533961186252
1.5846156493180188 0.02745160372744419
1.5907575704394064 0.02719526922227602
1.5968994915607941 0.026828829718377554
1.6030414126821817 0.02635715254466402
1.6091833338035695 0.025785624319689046
1.615325254924957 0.02512010182219332
1.6214671760463448 0.024366863133216655
1.6276090971677324 0.02353255961261936
1.6337510182891202 0.02262416919183305
1.6398929394105077 0.02164895137664566
1.6460348605318955 0.020614404261147752
1.652176781653283 0.019528223759304412
1.6583187027746709 0.018398265166313134
1.6644606238960584 0.017232507070607115
1.6706025450174462 0.016039017551194495
1.6767444661388338 0.014825922516289763
1.6828863872602216 0.0136013759696487
1.6890283083816091 0.012373531932406649
1.695170229502997 0.011150517701744639
1.7013121506243845 0.009940408094399158
1.7074540717457722 0.008751200303499034
1.7135959928671598 0.0075907889916718005
1.7197379139885476 0.006466941251744871
1.7258798351099351 0.005387271088235148
1.732021756231323 0.004359213107325785
1.7381636773527105 0.0033899951492060783
1.7443055984740983 0.002486609653024301
1.7504475195954858 0.00165578360984705
1.7565894407168736 0.000903947030999238
1.7627313618382612 0.00023719993626762504
1.768873282959649 -0.0003387220535078232
1.7750152040810365 -0.0008184833538315109
1.7811571252024243 -0.0011971850383601004
1.7872990463238119 -0.0014704021226105547
1.7934409674451997 -0.0016342211151860917
1.7995828885665872 -0.001685277377062082
1.805724809687975 -0.0016207917728479372
1.8118667308093626 -0.0014386060512573363
1.8180086519307503 -0.001137216356478327
1.824150573052138 -0.0007158042487330908
1.8302924941735257 -0.00017426460185870587
1.8364344152949132 0.0004867702513939551
1.8425763364163008 0.0012659107391354276
1.8487182575376886 0.002160995218026638
1.8548601786590762 0.0031690806285191797
1.861002099780464 0.004286439121608077
1.8671440209018515 0.005508561073621437
1.8732859420232393 0.0068301648275680285
1.8794278631446268 0.008245213412293896
1.8855697842660146 0.009746938395625064
1.8917117053874022 0.011327870926562672
1.89785362650879 0.012979879916156591
1.9039955476301775 0.014694217198956085
1.9101374687515653 0.01646156940877032
1.9162793898729529 0.018272116196050448
1.9224213109943407 0.02011559431139114
1.9285632321157282 0.02198136698256283
1.934705153237116 0.023858497922908967
1.9408470743585036 0.025735829228760793
1.9469889954798913 0.027602062354279457
1.953130916601279 0.029445841295329716
1.9592728377226667 0.03125583707083299
1.9654147588440543 0.03302083256149069
1.971556679965442 0.03472980675254206
1.9776986010868296 0.03637201742974259
1.9838405222082174 0.037937081396076947
1.989982443329605 0.03941505131073025
1.9961243644509927 0.04079648830091191
2.0022662855723805 0.04207252956054379
2.008408206693768 0.043234950226325335
2.0145501278151556 0.04427621891000369
2.020692048936543 0.045189546364037964
2.026833970057931 0.045968926864420744
2.0329758911793188 0.046609172007145774
2.0391178123007063 0.04710593673143108
2.045259733422094 0.04745573750112147
2.051401654543482 0.047655962693189065
2.0575435756648695 0.04770487535681317
2.063685496786257 0.0476016086156207
2.0698274179076446 0.04734615408739829
2.0759693390290326 0.04693934378771923
2.08211126015042 0.046382826064845416
2.0882531812718077 0.04567903618132945
2.0943951023931953 0.04483116221175984
2.100537023514583 0.043843106965136706
2.106678944635971 0.04271944666379286
2.1128208657573584 0.04146538711850464
2.118962786878746 0.040086718131392134
2.1251047080001335 0.038589766835135195
2.1312466291215215 0.036981350639529904
2.137388550242909 0.03526873040583112
2.1435304713642966 0.03345956440701431
2.149672392485684 0.03156186355981956
2.155814313607072 0.029583948334136873
2.1619562347284598 0.027534407658999845
2.1680981558498473 0.025422060054495814
2.174240076971235 0.023255917127442263
2.180381998092623 0.021045149478056944
2.1865239192140105 0.018799054977299293
2.192665840335398 0.016527029292155705
2.1988077614567856 0.014238538460970087
2.2049496825781736 0.011943093254572048
2.211091603699561 0.009650225003220441
2.2172335248209487 0.007369462525242557
2.2233754459423363 0.005110309761964634
2.2295173670637243 0.002882223705494467
2.235659288185112 0.0006945922016479793
2.2418012093064994 -0.00144328878031424
2.247943130427887 -0.0035222387967296497
2.254085051549275 -0.0055332178474888135
2.2602269726706625 -0.007467352865857302
2.26636889379205 -0.009315966025326708
2.2725108149134376 -0.011070605041806233
2.2786527360348257 -0.012723075575150887
2.284794657156213 -0.014265475754054551
2.2909365782776008 -0.015690232764703806
2.2970784993989883 -0.016990141358196202
2.3032204205203763 -0.01815840404679497
2.309362341641764 -0.019188672676423605
2.3155042627631515 -0.020075090984629146
2.321646183884539 -0.020812337681191024
2.327788105005927 -0.021395669524592136
2.3339300261273146 -0.021820963813102317
2.340071947248702 -0.0220847596657293
2.3462138683700897 -0.02218429743685383
2.3523557894914777 -0.022117555589884645
2.3584977106128653 -0.021883284350408875
2.364639631734253 -0.02148103546832603
2.3707815528556404 -0.020911187441484243
2.376923473977028 -0.020174965590104278
2.383065395098416 -0.019274456421268904
2.3892073162198035 -0.018212615785197322
2.395349237341191 -0.016993270398870913
2.4014911584625787 -0.015621112396536527
2.4076330795839667 -0.01410168665919436
2.4137750007053542 -0.012441370774739976
2.419916921826742 -0.010647347585071559
2.4260588429481293 -0.008727570384327336
2.4322007640695174 -0.006690720941422686
2.438342685190905 -0.004546160628149465
2.4444846063122925 -0.0023038750392627375
2.45062652743368 2.5587408879111434e-05
2.456768448555068 0.0024311823212342133
2.4629103696764556 0.0049014409441455725
2.469052290797843 0.007424545823869294
2.4751942119192307 0.00998840970247745
2.4813361330406187 0.012580756800586191
2.4874780541620063 0.015189205600913358
2.493619975283394 0.017801352225855292
2.4997618964047814 0.02040485349651944
2.5059038175261694 0.02298750877004391
2.512045738647557 0.025537339676331976
2.5181876597689445 0.028042666914075105
2.524329580890332 0.030492183318258266
2.53047150201172 0.03287502247618184
2.5366134231331077 0.035180822245060965
2.5427553442544952 0.037399782609873755
2.548897265375883 0.039522717413643244
2.555039186497271 0.041541099591728047
2.5611811076186584 0.0434470996451045
2.567323028740046 0.045233617192794666
2.5734649498614335 0.04689430554860813
2.5796068709828215 0.048423589369997536
2.585748792104209 0.04981667552520826
2.5918907132255966 0.051069557417090745
2.598032634346984 0.05217901308627143
2.604174555468372 0.0531425974913366
2.6103164765897597 0.05395862942796641
2.6164583977111473 0.054626173601620115
2.622600318832535 0.055145018408617456
2.6287422399539224 0.05551565000787846
2.6348841610753104 0.055739223280029726
2.641026082196698 0.05581753027220318
2.6471680033180855 0.055752966716079
2.653309924439473 0.055548497184277554
2.659451845560861 0.05520761941704413
2.6655937666822487 0.05473432830843036
2.6717356878036362 0.05413307999029964
2.677877608925024 0.0534087563949059
2.684019530046412 0.05256663061418504
2.6901614511677994 0.0516123333079407
2.696303372289187 0.05055182034552393
2.7024452934105745 0.04939134179812229
2.7085872145319625 0.04813741233299409
2.71472913565335 0.04679678299858364
2.7208710567747376 0.045376414331726234
2.727012977896125 0.04388345066654064
2.733154899017513 0.04232519548009383
2.7392968201389007 0.04070908757351624
2.7454387412602883 0.03904267785954627
2.751580662381676 0.03733360650906105
2.757722583503064 0.03558958020017435
2.7638645046244514 0.033818349213974884
2.770006425745839 0.03202768413079315
2.7761483468672266 0.030225351899523214
2.7822902679886146 0.028419091079448525
2.788432189110002 0.026616586088395615
2.7945741102313897 0.024825440331919597
2.8007160313527772 0.023053148134636475
2.8068579524741653 0.021307065445376323
2.812999873595553 0.019594379341548153
2.8191417947169404 0.017922076413395688
2.825283715838328 0.016296910164625637
2.831425636959716 0.01472536762062216
2.8375675580811035 0.013213635388017241
2.843709479202491 0.011767565458433625
2.8498514003238786 0.010392641093586353
2.8559933214452666 0.009093943167603213
2.862135242566654 0.007876117374378794
2.8682771636880418 0.006743342732283601
2.8744190848094293 0.005699301834878247
2.8805610059308173 0.004747153303926838
2.886702927052205 0.003889506899692252
2.8928448481735924 0.003128401732976545
2.89898676929498 0.0024652880037449834
2.9051286904163676 0.0019010126625464668
2.9112706115377556 0.0014358093538060722
2.917412532659143 0.0010692929548132197
2.9235544537805307 0.0008004589717085588
2.9296963749019183 0.0006276879947226848
2.9358382960233063 0.0005487553504092781
2.941980217144694 0.0005608460197044222
2.9481221382660814 0.000660574818547924
2.954264059387469 0.0008440117638866895
2.960405980508857 0.0011067124733225675
2.9665479016302445 0.0014437533730647302
2.972689822751632 0.0018497714173497147
2.9788317438730196 0.0023190079546851336
2.9849736649944076 0.0028453563132522577
2.991115586115795 0.0034224126209570307
2.9972575072371828 0.004043529326004642
3.0033994283585703 0.004701870842478348
3.0095413494799583 0.005390470713124483
3.015683270601346 0.006102289658982473
3.0218251917227335 0.006830273873212156
3.027967112844121 0.007567412914681163
3.034109033965509 0.008306796565647806
3.0402509550868966 0.009041670037109026
3.046392876208284 0.009765486934634133
3.0525347973296717 0.010471959436256995
3.0586767184510597 0.01115510518139537
3.0648186395724473 0.011809290424928337
3.070960560693835 0.012429269072237323
3.0771024818152224 0.013010217278043423
3.0832444029366104 0.013547763362765855
3.089386324057998 0.014038012873490619
3.0955282451793855 0.014477568690887793
3.101670166300773 0.014863546157102305
3.107812087422161 0.015193583271214995
3.1139540085435486 0.015465846066898182
3.120095929664936 0.01567902935008887
3.1262378507863238 0.015832353031598703
3.1323797719077118 0.01592555433959112
3.1385216930290993 0.01595887623888149
3.144663614150487 0.015933052417404364
3.1508055352718745 0.015849289224573838
3.156947456393262 0.01570924496128495
3.16308937751465 0.015515006927174401
3.1692312986360376 0.015269066627547052
3.175373219757425 0.014974293530680778
3.1815151408788127 0.014633907746635007
3.1876570620002007 0.014251451972058302
3.1937989831215883 0.01383076301286675
3.199940904242976 0.013375943159102205
3.2060828253643634 0.01289133164506537
3.2122247464857514 0.01238147638415735
3.218366667607139 0.011851106123157288
3.2245085887285265 0.011305103116088193
3.230650509849914 0.010748476374748342
3.236792430971302 0.010186335512493906
3.2429343520926897 0.009623865161093943
3.249076273214077 0.009066299908322525
3.2552181943354648 0.00851889967726581
3.261360115456853 0.007986925447686475
3.2675020365782403 0.007475615205651272
3.273643957699628 0.006990160000306121
3.2797858788210155 0.006535679986187062
3.2859277999424035 0.0061172003357361105
3.292069721063791 0.00573962691943019
3.2982116421851786 0.005407721669681138
3.304353563306566 0.005126077568895487
3.310495484427954 0.004899093230928523
3.3166374055493417 0.0047309470779707576
3.3227793266707293 0.004625571150554685
3.328921247792117 0.004586624626062686
3.335063168913505 0.004617467159652551
3.3412050900348924 0.004721132199985389
3.34734701115628 0.004900300469450335
3.3534889322776675 0.005157273833728331
3.3596308533990555 0.005493949817615028
3.365772774520443 0.00591179705210355
3.3719146956418307 0.006411831961088856
3.3780566167632182 0.006994597013973842
3.3841985378846062 0.007660140882373971
3.390340459005994 0.008408000844636622
3.3964823801273814 0.00923718778065562
3.402624301248769 0.010146174091359131
3.4087662223701565 0.011132884862199485
3.4149081434915445 0.012194692568161294
3.421050064612932 0.013328415589389528
3.4271919857343196 0.014530320771985843
3.433333906855707 0.015796130228258626
3.439475827977095 0.017121032525399423
3.4456177490984827 0.018499698361876895
3.4517596702198703 0.019926300777592193
3.457901591341258 0.02139453988794711
3.464043512462646 0.02289767207426895
3.4701854335840334 0.024428543504622875
3.476327354705421 0.025979627800782064
3.4824692758268085 0.027543067610166155
3.4886111969481965 0.029110719786763425
3.494753118069584 0.03067420383349084
3.5008950391909717 0.03222495321099431
3.5070369603123592 0.03375426907540644
3.5131788814337472 0.03525337597086821
3.519320802555135 0.036713478972324694
3.5254627236765224 0.03812582175084754
3.53160464479791 0.03948174501793415
3.537746565919298 0.04077274479720737
3.5438884870406855 0.041990529971905055
3.550030408162073 0.04312707856449286
3.5561723292834606 0.04417469222059021
3.5623142504048486 0.04512604839285637
3.568456171526236 0.045974249751203206
3.5745980926476237 0.04671287038305575
3.5807400137690113 0.047335998390781245
3.5868819348903993 0.04783827454199438
3.593023856011787 0.04821492668138086
3.5991657771331744 0.04846179966893785
3.605307698254562 0.04857538066812203
3.61144961937595 0.048552819667203526
3.6175915404973376 0.048391945177043705
3.623733461618725 0.04809127510749114
3.6298753827401127 0.04765002288149735
3.6360173038615007 0.0470680988999256
3.6421592249828882 0.04634610751988532
3.648301146104276 0.04548533975442792
3.6544430672256634 0.04448776194091188
3.6605849883470514 0.04335600065856201
3.666726909468439 0.042093324202417105
3.6728688305898265 0.04070362094050495
3.679010751711214 0.039191374893739216
3.6851526728326016 0.03756163888354932
3.6912945939539896 0.03582000559094015
3.697436515075377 0.03397257686281162
3.7035784361967647 0.0320259315874203
3.7097203573181523 0.02998709244148909
3.7158622784395403 0.02786349178732642
3.722004199560928 0.025662936970315648
3.7281461206823154 0.023393575236060653
3.734288041803703 0.021063858453383173
3.740429962925091 0.018682507795142644
3.7465718840464786 0.016258478494536124
3.752713805167866 0.013800924761022638
3.7588557262892537 0.011319164908281632
3.7649976474106417 0.008822646717451497
3.7711395685320293 0.006320913033061596
3.777281489653417 0.0038235675672700486
3.7834234107748044 0.0013402408707195003
3.7895653318961924 -0.0011194435840075866
3.79570725301758 -0.0035459032674850267
3.8018491741389675 -0.005929630470037801
3.807991095260355 -0.008261226249195312
3.814133016381743 -0.010531434498672321
3.8202749375031306 -0.012731176175860889
3.826416858624518 -0.014851583706725024
3.8325587797459058 -0.016884035564827985
3.8387007008672938 -0.018820190995781298
3.8448426219886813 -0.020652024830249836
3.850984543110069 -0.022371862298608967
3.8571264642314564 -0.02397241372923623
3.8632683853528444 -0.025446808981038106
3.869410306474232 -0.026788631430061716
3.8755522275956196 -0.027991951300697312
3.881694148717007 -0.029051358104895248
3.887836069838395 -0.02996199192875813
3.8939779909597827 -0.03071957328548606
3.9001199120811703 -0.03132043123762875
3.906261833202558 -0.03176152948041304
3.912403754323946 -0.032040490072055
3.9185456754453334 -0.032155614496688
3.924687596566721 -0.03210590175113311
3.9308295176881085 -0.03189106315821549
3.936971438809496 -0.03151153362672364
3.943113359930884 -0.030968479101223235
3.9492552810522716 -0.03026379997353427
3.955397202173659 -0.02940013026137606
3.9615391232950468 -0.028380832397960656
3.9676810444164348 -0.02720998751867317
3.9738229655378223 -0.025892381176649895
3.97996488665921 -0.024433484467425246
3.9861068077805974 -0.02283943059297126
3.9922487289019855 -0.021116986946659116
3.998390650023373 -0.019273522851997727
4.004532571144761 -0.017316973138611864
4.010674492266149 -0.015255797787944132
4.016816413387536 -0.01309893792774944
4.022958334508924 -0.010855768497803894
4.029100255630311 -0.008536047948617287
4.035242176751699 -0.006149865369653798
4.041384097873086 -0.0037075854730276984
4.047526018994474 -0.0012197918823557172
4.053667940115862 0.0013027708059713578
4.05980986123725 0.0038492557106670666
4.0659517823586375 0.006408772619536478
4.072093703480025 0.008970446728542776
4.078235624601413 0.011523476693408951
4.0843775457228 0.014057191536010153
4.090519466844188 0.0165611059685616
4.096661387965575 0.019024973724871656
4.102803309086964 0.021438838519164446
4.108945230208351 0.023793082288550867
4.115087151329739 0.02607847041442853
4.1212290724511265 0.028286193660164362
4.127370993572514 0.030407906606523878
4.133512914693902 0.032435762411659505
4.139654835815289 0.034362443768189734
4.145796756936677 0.03618118997517643
4.151938678058065 0.03788582008684355
4.158080599179453 0.03947075214193184
4.16422252030084 0.04093101851696086
4.170364441422228 0.04226227748277568
4.176506362543615 0.043460821076072124
4.182648283665003 0.044523579425714006
4.1887902047863905 0.04544812169726461
4.194932125907778 0.04623265383806721
4.201074047029166 0.04687601331934508
4.207215968150554 0.04737766108118006
4.213357889271942 0.04773767089101545
4.219499810393329 0.04795671632674122
4.225641731514717 0.048036055591841834
4.231783652636104 0.047977514362857014
4.237925573757492 0.04778346685908739
4.2440674948788795 0.047456815311568076
4.250209416000267 0.047000967993425694
4.2563513371216555 0.046419815957429084
4.262493258243043 0.045717708609459444
4.268635179364431 0.0448994282293561
4.274777100485818 0.043970163533744694
4.280919021607206 0.04293548235952232
4.287060942728593 0.04180130353222258
4.293202863849981 0.040573867970897466
4.299344784971368 0.03925970907082565
4.305486706092757 0.0378656223975806
4.311628627214144 0.036398634720988685
4.317770548335532 0.03486597241539482
4.3239124694569195 0.03327502925349703
4.330054390578307 0.031633333624770034
4.336196311699695 0.029948515216069272
4.342338232821082 0.028228271201192798
4.34848015394247 0.026480331997736698
4.354622075063858 0.02471242666319577
4.360763996185246 0.022932248017568612
4.366905917306633 0.021147417596291594
4.373047838428021 0.019365450554766694
4.3791897595494085 0.017593720663524902
4.385331680670796 0.01583942555075344
4.391473601792184 0.01410955236600541
4.397615522913571 0.012410844054940537
4.40375744403496 0.010749766449446644
4.409899365156347 0.009132476390035999
4.416041286277735 0.007564791107574446
4.422183207399122 0.006052159098892767
4.42832512852051 0.004599632735216678
4.434467049641897 0.0032118428434905534
4.440608970763285 0.0018929754982864345
4.4467508918846725 0.0006467512559634432
4.452892813006061 -0.0005235929470114767
4.4590347341274486 -0.0016153190231561383
4.465176655248836 -0.00262619989922746
4.471318576370224 -0.003554528447101628
4.477460497491611 -0.004399123033864592
4.483602418612999 -0.005159329571901064
4.489744339734386 -0.005835019979800348
4.495886260855774 -0.006426586997360582
4.5020281819771615 -0.0069349353324486065
4.50817010309855 -0.007361469153493444
4.5143120242199375 -0.007708075978450428
4.520453945341325 -0.0079771070486531
4.526595866462713 -0.008171354313462118
4.5327377875841 -0.008294024188513084
4.538879708705488 -0.008348708286038117
4.545021629826875 -0.008339351349640506
4.551163550948263 -0.008270216657479148
4.557305472069651 -0.008145849186552676
4.563447393191039 -0.007971036856173952
4.569589314312426 -0.007750770190375043
4.575731235433814 -0.007490200756454319
4.5818731565552016 -0.007194598749945175
4.588015077676589 -0.0068693101046308925
4.594156998797977 -0.006519713509746745
4.600298919919364 -0.006151177715113471
4.606440841040753 -0.005769019498657751
4.61258276216214 -0.005378462659697301
4.618724683283528 -0.004984598385703313
4.624866604404915 -0.004592347320265983
4.631008525526303 -0.0042064236360744205
4.6371504466476905 -0.003831301389267831
4.643292367769078 -0.003471183401056299
4.649434288890466 -0.003129972879584343
4.655576210011854 -0.0028112479602128613
4.661718131133242 -0.002518239306347879
4.667860052254629 -0.002253810876294299
4.674001973376017 -0.002020443924989557
4.680143894497404 -0.0018202242735088283
4.686285815618792 -0.0016548328445212387
4.692427736740179 -0.0015255394289820819
4.698569657861567 -0.0014331996187643772
4.7047115789829554 -0.0013782548121040747
4.710853500104343 -0.0013607351740219918
4.716995421225731 -0.0013802654125882555
4.723137342347118 -0.0014360732141752615
4.729279263468506 -0.0015270001668528396
4.735421184589893 -0.0016515149908012258
4.741563105711281 -0.001807728887999363
4.747705026832668 -0.0019934128203277788
4.753846947954056 -0.0022060165253821383
4.759988869075444 -0.0024426890824265474
4.766130790196832 -0.002700300846663131
4.7722727113182195 -0.002975466577958106
4.778414632439607 -0.0032645695998906603
4.784556553560995 -0.003563786836046587
4.790698474682382 -0.0038691145823525016
4.79684039580377 -0.004176394886503134
4.802982316925157 -0.004481342417709296
4.809124238046546 -0.004779571721664357
4.815266159167933 -0.005066624766406221
4.821408080289321 -0.005337998694309013
4.8275500014107084 -0.005589173703482776
4.833691922532096 -0.0058156409881745036
4.839833843653484 -0.006012930672185263
4.845975764774871 -0.006176639671764133
4.852117685896259 -0.006302459424877036
4.858259607017647 -0.0063862034222210064
4.864401528139035 -0.006423834471963479
4.870543449260422 -0.006411491625102806
4.87668537038181 -0.006345516681755731
4.882827291503197 -0.00622248019086841
4.888969212624585 -0.006039206847089363
4.8951111337459725 -0.0057928001791672495
4.90125305486736 -0.005480666414580968
4.9073949759887485 -0.0051005373955295905
4.913536897110136 -0.004650492412257982
4.919678818231524 -0.004128978811326256
4.925820739352911 -0.0035348312291602
4.931962660474299 -0.0028672892953988047
4.938104581595686 -0.0021260136464304183
4.944246502717074 -0.001311100087358224
4.9503884238384614 -0.0004230917406655342
4.95653034495985 0.0005370109777632153
4.9626722660812375 0.0015677427097438375
4.968814187202625 0.0026671679800637942
4.974956108324013 0.0038328786329507075
4.9810980294454 0.005061994004157414
4.987239950566788 0.006351163937971378
4.993381871688175 0.00769657474093677
4.999523792809563 0.009093958144312813
5.00566571393095 0.010538603325479507
5.011807635052339 0.012025372014878598
5.017949556173726 0.013548716689914928
5.024091477295114 0.015102701830839508
5.0302333984165015 0.016681028186329234
5.036375319537889 0.018277059968604993
5.042517240659277 0.01988385486986346
5.048659161780664 0.02149419676390815
5.054801082902052 0.02310063092953172
5.06094300402344 0.024695501605799045
5.067084925144828 0.026270991664278435
5.073226846266215 0.027819164159817018
5.079368767387603 0.02933200550000381
5.0855106885089905 0.030801469954299124
5.091652609630378 0.03221952520723326
5.097794530751766 0.03357819864632368
5.103936451873153 0.034869624064638186
5.110078372994542 0.036086088450403474
5.116220294115929 0.03722007853184303
5.122362215237317 0.038264326744591126
5.128504136358704 0.03921185629159646
5.134646057480092 0.040056024971353466
5.140787978601479 0.040790567459518076
5.146929899722867 0.0414096357413326
5.1530718208442545 0.04190783740762823
5.159213741965643 0.042280271545271614
5.1653556630870305 0.04252256197351506
5.171497584208418 0.04263088760049593
5.177639505329806 0.04260200969878895
5.183781426451193 0.0424332959250937
5.189923347572581 0.04212274093647691
5.196065268693968 0.04166898348370245
5.202207189815356 0.04107131989070185
5.208349110936744 0.040329713857788614
5.214491032058132 0.03944480255444393
5.2206329531795195 0.038417898995040854
5.226774874300907 0.037250990717447724
5.232916795422295 0.035946734809730846
5.239058716543682 0.03450844935394172
5.24520063766507 0.03294010137799832
5.251342558786457 0.031246291426792826
5.257484479907845 0.02943223488174866
5.263626401029233 0.027503740174027014
5.269768322150621 0.025467184050418663
5.275910243272008 0.02332948406264808
5.282052164393396 0.02109806846043266
5.2881940855147835 0.0187808436762248
5.294336006636171 0.016386159595291792
5.300477927757559 0.013922772808762526
5.306619848878946 0.011399808049677888
5.312761770000335 0.008826718013110725
5.318903691121722 0.0062132417612724205
5.32504561224311 0.003569361913390098
5.331187533364497 0.0009052608182347927
5.337329454485885 -0.00176872409530344
5.3434713756072725 -0.004442145597070098
5.34961329672866 -0.00710449237451218
5.355755217850048 -0.009745235005315656
5.361897138971436 -0.012353872000700747
5.368039060092824 -0.01491997573925139
5.374180981214211 -0.017433238113922958
5.380322902335599 -0.019883515717385353
5.386464823456986 -0.022260874393106152
5.392606744578374 -0.024555632981557697
5.398748665699761 -0.02675840609272777
5.404890586821149 -0.028860145737731376
5.411032507942537 -0.030852181653896783
5.417174429063925 -0.032726260159330264
5.4233163501853126 -0.03447458137474989
5.4294582713067 -0.036089834652451226
5.435600192428088 -0.037565232054818175
5.441742113549475 -0.038894539727862984
5.447884034670863 -0.040072107019097566
5.45402595579225 -0.04109289319368211
5.460167876913639 -0.041952491608395426
5.466309798035026 -0.04264715120965145
5.472451719156414 -0.04317379522960711
5.4785936402778015 -0.04353003696344536
5.484735561399189 -0.04371419252125226
5.490877482520577 -0.043725290459503206
5.497019403641964 -0.04356307821007592
5.503161324763352 -0.04322802523887435
5.509303245884739 -0.04272132288150598
5.515445167006128 -0.04204488081995125
5.521587088127515 -0.04120132018167146
5.527729009248903 -0.04019396326100083
5.53387093037029 -0.03902681988180523
5.540012851491678 -0.037704570440093975
5.5461547726130656 -0.03623254568535477
5.552296693734453 -0.03461670331964747
5.558438614855841 -0.03286360151372346
5.564580535977229 -0.030980369459423944
5.570722457098617 -0.028974675097127766
5.576864378220004 -0.02685469017584948
5.583006299341392 -0.024629052821523136
5.589148220462779 -0.02230682780583078
5.595290141584167 -0.019897464723468993
5.6014320627055545 -0.017410754299802992
5.607573983826942 -0.014856783063285356
5.6137159049483305 -0.012245886627680795
5.619857826069718 -0.009588601837919203
5.625999747191106 -0.006895618040220759
5.632141668312493 -0.004177727741941459
5.638283589433881 -0.0014457769293251624
5.644425510555268 0.0012893846879527067
5.650567431676656 0.004016953237902679
5.656709352798043 0.006726219788772143
5.662851273919432 0.009406618734010622
5.668993195040819 0.012047775207647816
5.675135116162207 0.014639551286773552
5.681277037283595 0.01717209074803943
5.687418958404982 0.01963586215671773
5.69356087952637 0.02202170007968977
5.699702800647757 0.024320844227616094
5.705844721769145 0.0265249763463005
5.711986642890533 0.02862625469270451
5.718128564011921 0.030617345947038313
5.724270485133308 0.03249145442868379
5.730412406254696 0.034242348500216714
5.7365543273760835 0.035864384060370735
5.742696248497471 0.03735252504327389
5.748838169618859 0.03870236085757739
5.754980090740246 0.03991012071509287
5.761122011861635 0.04097268481417001
5.767263932983022 0.041887592358219455
5.77340585410441 0.04265304640447021
5.779547775225797 0.043267915552212
5.785689696347185 0.04373173249339956
5.7918316174685724 0.04404468946157928
5.79797353858996 0.04420763062765207
5.804115459711348 0.044222041503024855
5.810257380832735 0.044090035422248215
5.816399301954124 0.043814337188323685
5.822541223075511 0.043398263974515905
5.828683144196899 0.042845703586754394
5.834825065318286 0.04216109020058569
5.840966986439674 0.04134937769616161
5.847108907561061 0.0404160107239394
5.853250828682449 0.03936689364264304
5.8593927498038365 0.038208357479577376
5.865534670925225 0.03694712507161377
5.8716765920466125 0.035590274553049604
5.877818513168 0.03414520136404541
5.883960434289388 0.03261957896047106
5.890102355410775 0.03102131841265568
5.896244276532163 0.029358527086711494
5.90238619765355 0.027639466607739287
5.908528118774938 0.025872510309238168
5.914670039896326 0.024066100377385397
5.920811961017714 0.02222870490245906
5.9269538821391015 0.020368775052442455
5.933095803260489 0.018494702585764678
5.939237724381877 0.01661477792106228
5.945379645503264 0.014737148981761152
5.951521566624652 0.012869781032115009
5.957663487746039 0.01102041771902192
5.963805408867428 0.00919654353041789
5.969947329988815 0.007405347876300486
5.976089251110203 0.005653690992390576
5.98223117223159 0.003948071859094251
5.988373093352978 0.0022945983197498747
5.9945150144743655 0.0006989595721323881
6.000656935595753 -0.0008335988041621598
6.006798856717141 -0.0022982971344865186
6.012940777838529 -0.003690841114066278
6.019082698959917 -0.005007438330268058
6.025224620081304 -0.0062448117378015484
6.031366541202692 -0.007400209999956898
6.037508462324079 -0.008471414627532025
6.043650383445467 -0.009456743866584462
6.0497923045668545 -0.010355053306459135
6.055934225688242 -0.01116573320053023
6.06207614680963 -0.01188870251364254
6.068218067931018 -0.012524399732165148
6.074359989052406 -0.013073770494705097
6.080501910173793 -0.013538252123712718
6.086643831295181 -0.01391975516020118
6.092785752416568 -0.014220642025450278
6.098927673537956 -0.014443702954627045
6.105069594659343 -0.014592129367523922
6.111211515780731 -0.014669484860884615
6.117353436902119 -0.014679674024847532
6.123495358023507 -0.014626909302663962
6.1296372791448945 -0.01451567612786815
6.135779200266282 -0.014350696586288505
6.14192112138767 -0.014136891861532372
6.148063042509057 -0.013879343731698806
6.154204963630445 -0.013583255391951106
6.160346884751832 -0.013253911882106882
6.166488805873221 -0.012896640400517717
6.172630726994608 -0.012516770785153723
6.178772648115996 -0.01211959643998837
6.1849145692373835 -0.011710335979507276
6.191056490358771 -0.011294095856504451
6.197198411480159 -0.010875834228365782
6.203340332601546 -0.010460326304903629
6.209482253722934 -0.01005213140663813
6.215624174844322 -0.009655561946413708
6.22176609596571 -0.009274654529590655
6.227908017087097 -0.008913143348991761
6.234049938208485 -0.008574436030555632
6.240191859329872 -0.008261592064508652
6.24633378045126 -0.00797730393507739
6.2524757015726475 -0.007723881039595144
6.258617622694035 -0.007503236465564926
6.2647595438154235 -0.007316876672089375
6.270901464936811 -0.007165894100309101
6.277043386058199 -0.007050962716327785
