time TPR_both_C_open_1_rho12_real
0.0 0.0
0.00614192112138767 -0.00011283528786589913
0.01228384224277534 -0.0004490964613525233
0.01842576336416301 -0.0010034039840058578
0.02456768448555068 -0.0017677669464554928
0.030709605606938348 -0.0027317029107166426
0.03685152672832602 -0.0038823912496418513
0.042993447849713685 -0.005204856672166415
0.04913536897110136 -0.006682179067990739
0.05527729009248903 -0.008295725371774473
0.061419211213876695 -0.01002539884567067
0.06756113233526437 -0.011849901013253374
0.07370305345665204 -0.013747001445173102
0.07984497457803971 -0.01569381068970183
0.08598689569942737 -0.01766705184781446
0.09212881682081504 -0.019643326597243552
0.09827073794220272 -0.021599371855237515
0.10441265906359039 -0.023512303716372477
0.11055458018497806 -0.02535984579019699
0.11669650130636572 -0.027120539574819507
0.12283842242775339 -0.028773935019291857
0.12898034354914106 -0.030300759934355402
0.13512226467052874 -0.031683067394844916
0.1412641857919164 -0.03290436072755151
0.14740610691330408 -0.03394969608816457
0.15354802803469175 -0.034805762995228584
0.15968994915607942 -0.03546094350545335
0.16583187027746707 -0.03590535098284865
0.17197379139885474 -0.036130849635313406
0.17811571252024241 -0.036131056169016365
0.1842576336416301 -0.0359013250464991
0.19039955476301776 -0.03543871893268626
0.19654147588440543 -0.034741965977805433
0.2026833970057931 -0.03381140562137631
0.20882531812718078 -0.03264892461040894
0.21496723924856845 -0.03125788491084205
0.22110916036995612 -0.029643045156704923
0.2272510814913438 -0.02781047722874106
0.23339300261273144 -0.025767479485156338
0.2395349237341191 -0.023522488083344815
0.24567684485550678 -0.021084987734297386
0.25181876597689445 -0.018465423122218206
0.2579606870982821 -0.015675112101945596
0.2641026082196698 -0.012726161657437814
0.27024452934105747 -0.009631387467276813
0.27638645046244514 -0.006404237779425636
0.2825283715838328 -0.0030587221490376904
0.2886702927052205 0.00039065455823575373
0.29481221382660816 0.003928952647365911
0.30095413494799583 0.007540852460868244
0.3070960560693835 0.01121070368146811
0.3132379771907712 0.014922569264223041
0.31937989831215885 0.01866026432894117
0.3255218194335465 0.022407390472483003
0.33166374055493414 0.026147366079303937
0.3378056616763218 0.02986345331594304
0.3439475827977095 0.0335387825898115
0.35008950391909716 0.03715637533346882
0.35623142504048483 0.040699166041645224
0.3623733461618725 0.044150024538775395
0.3685152672832602 0.04749177948908999
0.37465718840464785 0.0507072441788299
0.3807991095260355 0.05377924560047879
0.3869410306474232 0.0566906578517265
0.39308295176881086 0.0594244408269495
0.39922487289019853 0.06196368512619002
0.4053667940115862 0.06429166403589388
0.4115087151329739 0.06639189334710212
0.41765063625436155 0.06824819967057894
0.4237925573757492 0.06984479778483983
0.4299344784971369 0.07116637741272819
0.43607639961852457 0.07219819966577733
0.44221832073991224 0.07292620322400335
0.4483602418612999 0.0733371201331643
0.4545021629826876 0.07341860090329995
0.4606440841040752 0.07315934838322923
0.4667860052254629 0.07254925966758913
0.47292792634685055 0.07157957506820233
0.4790698474682382 0.07024303295258055
0.4852117685896259 0.06853402902199483
0.49135368971101356 0.0664487783727994
0.49749561083240124 0.06398547846083706
0.5036375319537889 0.061144470873228086
0.5097794530751766 0.05792839960827267
0.5159213741965643 0.05434236337635263
0.5220632953179519 0.05039405926650088
0.5282052164393396 0.046093914978736786
0.5343471375607273 0.041455206705465285
0.5404890586821149 0.036494159660433026
0.5466309798035026 0.031230028205247683
0.5527729009248903 0.0256851525157023
0.558914822046278 0.019884988767582445
0.5650567431676656 0.013858109908780728
0.5711986642890533 0.007636174225884721
0.577340585410441 0.0012538591133043706
0.5834825065318286 -0.005251242284431883
0.5896244276532163 -0.01183876355768999
0.595766348774604 -0.018465748246324836
0.6019082698959917 -0.025086874916599257
0.6080501910173793 -0.03165472469161111
0.614192112138767 -0.03812009121380134
0.6203340332601547 -0.044432332337505646
0.6264759543815424 -0.05053976210642087
0.63261787550293 -0.05639008077361597
0.6387597966243177 -0.061930839781761594
0.6449017177457054 -0.06710993775329852
0.651043638867093 -0.07187614266235696
0.6571855599884806 -0.07617963449360353
0.6633274811098683 -0.07997256186191815
0.669469402231256 -0.08320960529727853
0.6756113233526436 -0.08584853921938526
0.6817532444740313 -0.08785078406486937
0.687895165595419 -0.08918193961427162
0.6940370867168066 -0.08981229032234542
0.7001790078381943 -0.08971727340632801
0.706320928959582 -0.08887790061074688
0.7124628500809697 -0.0872811249562561
0.7186047712023573 -0.08492014439911706
0.724746692323745 -0.08179463517455812
0.7308886134451327 -0.07791090866031475
0.7370305345665203 -0.07328198685660443
0.743172455687908 -0.06792759300786451
0.7493143768092957 -0.06187405545456632
0.7554562979306834 -0.05515412445879646
0.761598219052071 -0.04780670344879581
0.7677401401734587 -0.03987649782608689
0.7738820612948464 -0.031413586124126244
0.780023982416234 -0.02247291985078491
0.7861659035376217 -0.01311375974292946
0.7923078246590094 -0.003399057369778185
0.7984497457803971 0.006605207990637098
0.8045916669017847 0.016830726535587138
0.8107335880231724 0.027207578035472257
0.8168755091445601 0.037664963485587004
0.8230174302659478 0.04813193700357936
0.8291593513873354 0.058538126968211146
0.8353012725087231 0.0688144359311812
0.8414431936301108 0.07889370957563387
0.8475851147514984 0.08871136591087271
0.8537270358728861 0.09820597694773255
0.8598689569942738 0.10731979625637063
0.8660108781156615 0.1159992270312276
0.8721527992370491 0.12419522654136894
0.8782947203584368 0.1318636440957875
0.8844366414798245 0.1389654908736073
0.8905785626012122 0.1454671411338329
0.8967204837225998 0.1513404654082711
0.9028624048439875 0.15656289727912998
0.9090043259653752 0.16111743623863267
0.9151462470867628 0.16499258991489812
0.9212881682081504 0.16818225962303912
0.9274300893295381 0.17068557376253174
0.9335720104509257 0.17250667403340317
0.9397139315723134 0.17365445978837196
0.9458558526937011 0.1741422960806965
0.9519977738150888 0.1739876911138551
0.9581396949364764 0.17321194885547356
0.9642816160578641 0.17183980255053954
0.9704235371792518 0.16989903476440138
0.9765654583006395 0.1674200894109211
0.9827073794220271 0.16443568098206213
0.9888493005434148 0.16098040589890678
0.9949912216648025 0.15709036055754083
1.0011331427861903 0.15280277025358247
1.0072750639075778 0.14815563274379326
1.0134169850289656 0.14318737974987059
1.0195589061503532 0.13793655923609122
1.025700827271741 0.13244154080695902
1.0318427483931285 0.1267402460814683
1.0379846695145163 0.12086990541488546
1.0441265906359039 0.11486684186469631
1.0502685117572914 0.10876628284163527
1.0564104328786792 0.10260219945599619
1.0625523540000668 0.09640717316936227
1.0686942751214545 0.09021228899723645
1.074836196242842 0.08404705418255334
1.0809781173642299 0.07793934097633728
1.0871200384856174 0.07191535192148796
1.0932619596070052 0.06599960583929894
1.0994038807283928 0.06021494256544522
1.1055458018497806 0.054582544371402905
1.1116877229711681 0.04912197193648271
1.117829644092556 0.04385121270202245
1.1239715652139435 0.0387867394395446
1.1301134863353313 0.0339435768951214
1.1362554074567188 0.029335374429027488
1.1423973285781066 0.024974482649022987
1.1485392496994942 0.020872032133550752
1.154681170820882 0.017038012454091166
1.1608230919422695 0.013481349830649563
1.1669650130636573 0.010209981887913068
1.1731069341850449 0.007230928119628225
1.1792488553064326 0.0045503548132152195
1.1853907764278202 0.0021736333342209277
1.191532697549208 0.00010539081994368483
1.1976746186705955 -0.0016504475168846208
1.2038165397919833 -0.0030906251201244825
1.209958460913371 -0.004212530348102671
1.2161003820347587 -0.005014182588939568
1.2222423031561462 -0.00549422840253736
1.228384224277534 -0.005651947691344694
1.2345261453989216 -0.005487269729301426
1.2406680665203094 -0.005000798699546341
1.246809987641697 -0.004193848206281285
1.2529519087630847 -0.0030684840350813534
1.2590938298844723 -0.0016275742399606745
1.26523575100586 0.00012515456334268984
1.2713776721272476 0.0021850560172780495
1.2775195932486354 0.004546499469899847
1.283661514370023 0.00720280375012618
1.2898034354914107 0.010146171142238538
1.2959453566127983 0.01336762358032135
1.302087277734186 0.01685694320318693
1.3082291988555736 0.020602619492727424
1.3143711199769612 0.024591805255357754
1.320513041098349 0.028810283689498742
1.3266549622197366 0.03324244870481492
1.3327968833411243 0.03787130051555369
1.338938804462512 0.04267845831708621
1.3450807255838997 0.04764419157029069
1.3512226467052872 0.052747471064458776
1.357364567826675 0.05796604051089973
1.3635064889480626 0.06327650894497636
1.3696484100694504 0.06865446369619424
1.375790331190838 0.07407460314002237
1.3819322523122257 0.07951088789024585
1.3880741734336133 0.08493670854842113
1.394216094555001 0.09032506762041692
1.4003580156763886 0.09564877276282592
1.4064999367977764 0.10088063815690303
1.412641857919164 0.10599369054540485
1.4187837790405518 0.1109613763250566
1.4249257001619393 0.11575776607640871
1.431067621283327 0.12035775303909055
1.4372095424047147 0.12473724230250012
1.4433514635261024 0.12887332787046812
1.44949338464749 0.1327444552564371
1.4556353057688778 0.13633056784889702
1.4617772268902653 0.13961323592457045
1.4679191480116531 0.14257576784385229
1.4740610691330407 0.14520330360120556
1.4802029902544285 0.14748289148412894
1.486344911375816 0.14940354908182743
1.4924868324972038 0.1509563102473545
1.4986287536185914 0.15213425983077145
1.5047706747399792 0.15293255805089656
1.5109125958613667 0.1533484562557365
1.5170545169827545 0.15338130554435342
1.523196438104142 0.1530325593052862
1.5293383592255299 0.1523057701988768
1.5354802803469174 0.15120658151237404
1.5416222014683052 0.14974271219340757
1.5477641225896928 0.1479239342689176
1.5539060437110805 0.14576204083252636
1.560047964832468 0.14327080237981019
1.5661898859538559 0.1404659090272584
1.5723318070752434 0.1373648960962086
1.578473728196631 0.13398705069472355
1.5846156493180188 0.13035329729140946
1.5907575704394064 0.1264860608343521
1.5968994915607941 0.12240910670059289
1.6030414126821817 0.11814735762943959
1.6091833338035695 0.11372668874902257
1.615325254924957 0.10917370279565208
1.6214671760463448 0.10451548859229966
1.6276090971677324 0.0997793667390985
1.6337510182891202 0.094992627222679
1.6398929394105077 0.09018226422767145
1.6460348605318955 0.08537471379860359
1.652176781653283 0.08059560013194872
1.6583187027746709 0.07586949616817677
1.6644606238960584 0.07121970380793428
1.6706025450174462 0.06666805851364922
1.6767444661388338 0.0622347623079352
1.6828863872602216 0.057938248282419766
1.6890283083816091 0.05379507873061564
1.695170229502997 0.049819877965258316
1.7013121506243845 0.04602529982354404
1.7074540717457722 0.042422028849847804
1.7135959928671598 0.03901881321678058
1.7197379139885476 0.03582252663683219
1.7258798351099351 0.032838255854939415
1.732021756231323 0.030069409814596604
1.7381636773527105 0.027517846264609798
1.7443055984740983 0.025184011419544725
1.7504475195954858 0.02306708829536086
1.7565894407168736 0.021165149497178008
1.7627313618382612 0.019475310517591916
1.768873282959649 0.01799387998719563
1.7750152040810365 0.01671650377753076
1.7811571252024243 0.015638300364087556
1.7872990463238119 0.014753985387530187
1.7934409674451997 0.01405798388179895
1.7995828885665872 0.013544529147835088
1.805724809687975 0.013207747724818659
1.8118667308093626 0.013041730334437288
1.8180086519307503 0.013040589039184005
1.824150573052138 0.013198501158244301
1.8302924941735257 0.013509740722930253
1.8364344152949132 0.013968698429450041
1.8425763364163008 0.014569891164285954
1.8487182575376886 0.015307962242415579
1.8548601786590762 0.016177673518389758
1.861002099780464 0.01717389051261883
1.8671440209018515 0.018291561648377343
1.8732859420232393 0.01952569262686098
1.8794278631446268 0.0208713168855597
1.8855697842660146 0.022323462995974753
1.8917117053874022 0.023877119766003423
1.89785362650879 0.025527199725045028
1.9039955476301775 0.02726850158972899
1.9101374687515653 0.029095672238088774
1.9162793898729529 0.0310031686617709
1.9224213109943407 0.032985220320720134
1.9285632321157282 0.035035792292969416
1.934705153237116 0.03714854959356606
1.9408470743585036 0.039316823030451045
1.9469889954798913 0.04153357697021389
1.953130916601279 0.04379137940154672
1.9592728377226667 0.0460823747072099
1.9654147588440543 0.04839825958449615
1.971556679965442 0.05073026258745402
1.9776986010868296 0.05306912779931236
1.9838405222082174 0.05540510317840872
1.989982443329605 0.05772793415306221
1.9961243644509927 0.060026863067942526
2.0022662855723805 0.062290635104082566
2.008408206693768 0.06450751130446203
2.0145501278151556 0.06666528933459653
2.020692048936543 0.06875133259060431
2.026833970057931 0.07075260823361618
2.0329758911793188 0.07265573467721426
2.0391178123007063 0.0744470389821992
2.045259733422094 0.0761126245190559
2.051401654543482 0.07763844914227383
2.0575435756648695 0.07901041398177865
2.063685496786257 0.08021446279565402
2.0698274179076446 0.08123669164604491
2.0759693390290326 0.08206346845866216
2.08211126015042 0.0826815618083365
2.0882531812718077 0.08307827804230372
2.0943951023931953 0.08324160561385048
2.100537023514583 0.08316036525697558
2.106678944635971 0.08282436439394823
2.1128208657573584 0.0822245539387209
2.118962786878746 0.08135318544726533
2.1251047080001335 0.08020396637826854
2.1312466291215215 0.07877221107154177
2.137388550242909 0.07705498493375383
2.1435304713642966 0.075051239247894
2.149672392485684 0.0727619339993556
2.155814313607072 0.07019014614160098
2.1619562347284598 0.06734116081038338
2.1680981558498473 0.06422254313806451
2.174240076971235 0.060844188517465564
2.180381998092623 0.05721834941479205
2.1865239192140105 0.05335963712853809
2.192665840335398 0.04928499722930984
2.1988077614567856 0.04501365778621736
2.2049496825781736 0.04056704987986207
2.211091603699561 0.03596870031036165
2.2172335248209487 0.031244096821562838
2.2233754459423363 0.026420526570194558
2.2295173670637243 0.021526888962638647
2.235659288185112 0.016593484354904448
2.2418012093064994 0.011651780457499898
2.247943130427887 0.006734158602162319
2.254085051549275 0.001873642309623959
2.2602269726706625 -0.0028963891537711695
2.26636889379205 -0.007542499326741628
2.2725108149134376 -0.012031502121687146
2.2786527360348257 -0.016330775164304517
2.284794657156213 -0.020408575524829886
2.2909365782776008 -0.02423435435210115
2.2970784993989883 -0.027779066834037896
2.3032204205203763 -0.031015473842752734
2.309362341641764 -0.033918431581471266
2.3155042627631515 -0.03646516553784588
2.321646183884539 -0.03863552506998489
2.327788105005927 -0.04041221501503351
2.3339300261273146 -0.041781000823867466
2.340071947248702 -0.042730883898166455
2.3462138683700897 -0.043254244046088124
2.3523557894914777 -0.0433469462868438
2.3584977106128653 -0.04300840962729317
2.364639631734253 -0.042241635906757315
2.3707815528556404 -0.04105319735740814
2.376923473977028 -0.03945318215047703
2.383065395098416 -0.037455097882467085
2.3892073162198035 -0.03507573368569213
2.395349237341191 -0.03233498240518565
2.4014911584625787 -0.029255625047665983
2.4076330795839667 -0.025863080454078258
2.4137750007053542 -0.02218512385057969
2.419916921826742 -0.01825157856934261
2.4260588429481293 -0.014093985777440103
2.4322007640695174 -0.00974525748938341
2.438342685190905 -0.00523931845049003
2.4444846063122925 -0.000610742652782711
2.45062652743368 0.004105609723528808
2.456768448555068 0.00887494926226418
2.4629103696764556 0.013662902727414515
2.469052290797843 0.018435841892737614
2.4751942119192307 0.023161191227066745
2.4813361330406187 0.02780771046507788
2.4874780541620063 0.03234574875397989
2.493619975283394 0.03674746777732971
2.4997618964047814 0.040987031994090574
2.5059038175261694 0.04504076487077701
2.512045738647557 0.04888727070512653
2.5181876597689445 0.05250752232152765
2.524329580890332 0.05588491554464841
2.53047150201172 0.059005291914930466
2.5366134231331077 0.06185693158801593
2.5427553442544952 0.06443051875356845
2.548897265375883 0.06671908221465443
2.555039186497271 0.0687179139873882
2.5611811076186584 0.07042446891528208
2.567323028740046 0.07183824834935004
2.5734649498614335 0.07296067093101803
2.5796068709828215 0.07379493343905942
2.585748792104209 0.07434586453366732
2.5918907132255966 0.07461977406023017
2.598032634346984 0.07462430037212354
2.604174555468372 0.07436825790513685
2.6103164765897597 0.07386148699454961
2.6164583977111473 0.0731147076770162
2.622600318832535 0.07213937896989871
2.6287422399539224 0.07094756487605318
2.6348841610753104 0.0695518081267923
2.641026082196698 0.06796501245326096
2.6471680033180855 0.06620033396926975
2.653309924439473 0.06427108205840504
2.659451845560861 0.062190629985906444
2.6655937666822487 0.05997233530167711
2.6717356878036362 0.057629469964733664
2.677877608925024 0.05517516000080883
2.684019530046412 0.05262233440285482
2.6901614511677994 0.04998368289778548
2.696303372289187 0.04727162213073616
2.7024452934105745 0.04449826975913069
2.7085872145319625 0.04167542590157842
2.71472913565335 0.03881456134982872
2.7208710567747376 0.03592681192431976
2.727012977896125 0.03302297833413916
2.733154899017513 0.030113530889245156
2.7392968201389007 0.027208618405576247
2.7454387412602883 0.024318080641190475
2.751580662381676 0.02145146360303771
2.757722583503064 0.01861803706860607
2.7638645046244514 0.015826813673903442
2.770006425745839 0.013086568928617037
2.7761483468672266 0.010405861530462876
2.7822902679886146 0.007793053363577211
2.788432189110002 0.005256328580264186
2.7945741102313897 0.0028037111816356336
2.8007160313527772 0.00044308053102030097
2.8068579524741653 -0.0018178157452285264
2.812999873595553 -0.003971351990974616
2.8191417947169404 -0.0060100183814587845
2.825283715838328 -0.00792641887402444
2.831425636959716 -0.009713273672541533
2.8375675580811035 -0.011363426585829395
2.843709479202491 -0.01286985760943721
2.8498514003238786 -0.014225701001291524
2.8559933214452666 -0.015424269054241763
2.862135242566654 -0.016459081691976466
2.8682771636880418 -0.017323901928799887
2.8744190848094293 -0.018012777138413996
2.8805610059308173 -0.018520085972507455
2.886702927052205 -0.018840590657309288
2.8928448481735924 -0.01896949427658048
2.89898676929498 -0.018902502524360897
2.9051286904163676 -0.01863588928234015
2.9112706115377556 -0.018166565247430797
2.917412532659143 -0.017492148708074657
2.9235544537805307 -0.0166110374462027
2.9296963749019183 -0.015522480629273023
2.9358382960233063 -0.014226649457102348
2.941980217144694 -0.012724705245096115
2.9481221382660814 -0.011018863562617127
2.954264059387469 -0.009112453005933906
2.960405980508857 -0.007009967172546846
2.9665479016302445 -0.004717108419890007
2.972689822751632 -0.0022408220382868224
2.9788317438730196 0.00041068045377556564
2.9849736649944076 0.0032279100744313574
2.991115586115795 0.006200102245933461
2.9972575072371828 0.00931523263959994
3.0033994283585703 0.012560047679790388
3.0095413494799583 0.015920110173909992
3.015683270601346 0.01937986030384902
3.0218251917227335 0.022922691970704914
3.027967112844121 0.026531044234375637
3.034109033965509 0.03018650733807268
3.0402509550868966 0.03386994256034193
3.046392876208284 0.037561614898778836
3.0525347973296717 0.0412413373648972
3.0586767184510597 0.044888625462498104
3.0648186395724473 0.04848286023575704
3.070960560693835 0.05200345811065555
3.0771024818152224 0.05543004561633648
3.0832444029366104 0.05874263696274398
3.089386324057998 0.061921812368389006
3.0955282451793855 0.06494889497768741
3.101670166300773 0.06780612418129901
3.107812087422161 0.07047682315533522
3.1139540085435486 0.07294555846630182
3.120095929664936 0.07519828964836252
3.1262378507863238 0.07722250674814315
3.1323797719077118 0.07900735395010343
3.1385216930290993 0.08054373754265035
3.144663614150487 0.08182441666163512
3.1508055352718745 0.08284407545326695
3.156947456393262 0.0835993755318222
3.16308937751465 0.08408898786713488
3.1692312986360376 0.08431360352009917
3.175373219757425 0.08427592294766843
3.1815151408788127 0.0839806239173789
3.1876570620002007 0.08343430839949718
3.1937989831215883 0.08264542913574989
3.199940904242976 0.08162419690974604
3.2060828253643634 0.08038246985761498
3.2122247464857514 0.078933626449831
3.218366667607139 0.07729242403857992
3.2245085887285265 0.0754748450918026
3.230650509849914 0.07349793341852393
3.236792430971302 0.07137962282481067
3.2429343520926897 0.06913856072172293
3.249076273214077 0.06679392923370467
3.2552181943354648 0.06436526632755077
3.261360115456853 0.06187228939983663
3.2675020365782403 0.05933472362771505
3.273643957699628 0.05677213720908896
3.2797858788210155 0.054203785399617274
3.2859277999424035 0.05164846500310889
3.292069721063791 0.049124380696719504
3.2982116421851786 0.046649024281492334
3.304353563306566 0.04423906765069709
3.310495484427954 0.04191026997148292
3.3166374055493417 0.039677399287159985
3.3227793266707293 0.03755416847494886
3.328921247792117 0.03555318524301786
3.335063168913505 0.03368591562588381
3.3412050900348924 0.03196266024218232
3.34734701115628 0.030392542415730733
3.3534889322776675 0.02898350713081253
3.3596308533990555 0.02774232969570469
3.365772774520443 0.02667463292376052
3.3719146956418307 0.025784911607083922
3.3780566167632182 0.025076563051662032
3.3841985378846062 0.024551922461945836
3.390340459005994 0.024212302004127922
3.3964823801273814 0.024058032437544067
3.402624301248769 0.024088506279391735
3.4087662223701565 0.02430222155617787
3.4149081434915445 0.024696825292917016
3.421050064612932 0.025269155995434653
3.4271919857343196 0.026015284489660263
3.433333906855707 0.026930552592459127
3.439475827977095 0.0280096091995018
3.4456177490984827 0.029246443485448612
3.4517596702198703 0.030634415019133814
3.457901591341258 0.03216628070049218
3.464043512462646 0.0338342185260641
3.4701854335840334 0.03562984828538265
3.476327354705421 0.03754424938112718
3.4824692758268085 0.03956797605118759
3.4886111969481965 0.04169107035059918
3.494753118069584 0.04390307332535132
3.5008950391909717 0.04619303487813919
3.5070369603123592 0.04854952288791936
3.5131788814337472 0.05096063220026016
3.519320802555135 0.05341399415352845
3.5254627236765224 0.055896787346344956
3.53160464479791 0.05839575038385131
3.537746565919298 0.06089719736342379
3.5438884870406855 0.06338703687369013
3.550030408162073 0.06585079528319325
3.5561723292834606 0.06827364508583068
3.5623142504048486 0.07064043904835132
3.568456171526236 0.07293575086973662
3.5745980926476237 0.07514392301240368
3.5807400137690113 0.07724912230002513
3.5868819348903993 0.07923540379578944
3.593023856011787 0.08108678337768888
3.5991657771331744 0.08278731931379327
3.605307698254562 0.084321203010573
3.61144961937595 0.08567285896169811
3.6175915404973376 0.08682705376424334
3.623733461618725 0.08776901389517473
3.6298753827401127 0.08848455175513956
3.6360173038615007 0.08896019929110573
3.6421592249828882 0.08918334830693918
3.648301146104276 0.08914239636460133
3.6544430672256634 0.08882689697172587
3.6605849883470514 0.0882277125476422
3.666726909468439 0.08733716846346828
3.6728688305898265 0.0861492062668946
3.679010751711214 0.08465953403303439
3.6851526728326016 0.08286577163351842
3.6912945939539896 0.08076758859110203
3.697436515075377 0.07836683209047306
3.7035784361967647 0.07566764265148344
3.7097203573181523 0.0726765549421311
3.7158622784395403 0.06940258121831339
3.722004199560928 0.06585727492826743
3.7281461206823154 0.062054772113740865
3.734288041803703 0.05801180837888273
3.740429962925091 0.053747709382552925
3.7465718840464786 0.049284353040654184
3.752713805167866 0.04464610190196463
3.7588557262892537 0.039859704483000025
3.7649976474106417 0.034954164713144636
3.7711395685320293 0.029960579048442196
3.777281489653417 0.02491194125804585
3.7834234107748044 0.019842915367456936
3.7895653318961924 0.014789577752487836
3.79570725301758 0.009789129911365413
3.8018491741389675 0.004879583992388327
3.807991095260355 9.942371265059247e-05
3.814133016381743 -0.00451275614027997
3.8202749375031306 -0.008918627888167299
3.826416858624518 -0.013080522569254833
3.8325587797459058 -0.016961830238398087
3.8387007008672938 -0.020527403798214626
3.8448426219886813 -0.02374396083881046
3.850984543110069 -0.026580477684896978
3.8571264642314564 -0.029008569666065392
3.8632683853528444 -0.031002851551386688
3.869410306474232 -0.032541272134249004
3.8755522275956196 -0.03360541712574074
3.881694148717007 -0.034180774820084116
3.887836069838395 -0.03425695943499331
3.8939779909597827 -0.033827887600559436
3.9001199120811703 -0.0328919041650735
3.906261833202558 -0.031451854293251945
3.912403754323946 -0.029515099735372644
3.9185456754453334 -0.027093478124563558
3.924687596566721 -0.024203205190113132
3.9308295176881085 -0.02086472083073716
3.936971438809496 -0.01710248104501165
3.943113359930884 -0.01294469873780423
3.9492552810522716 -0.008423037383092488
3.955397202173659 -0.0035722623982559075
3.9615391232950468 0.0015701441512900956
3.9676810444164348 0.006964399265879029
3.9738229655378223 0.012568858407489293
3.97996488665921 0.01834047151472182
3.9861068077805974 0.024235248410940314
3.9922487289019855 0.03020872638084266
3.998390650023373 0.03621643285079549
4.004532571144761 0.0422143364172474
4.010674492266149 0.048159279911192364
4.016816413387536 0.054009389747225765
4.022958334508924 0.059724456462865935
4.029100255630311 0.0652662820854321
4.035242176751699 0.07059899074706902
4.041384097873086 0.07568929978077862
4.047526018994474 0.08050674934979148
4.053667940115862 0.0850238894691313
4.05980986123725 0.08921642405377891
4.0659517823586375 0.09306331235697582
4.072093703480025 0.09654682883218091
4.078235624601413 0.09965258305328804
4.0843775457228 0.10236950185285149
4.090519466844188 0.10468977628303486
4.096661387965575 0.1066087763669581
4.102803309086964 0.1081249368894476
4.108945230208351 0.10923961767811567
4.115087151329739 0.10995694195197568
4.1212290724511265 0.11028361637038706
4.127370993572514 0.1102287364058834
4.133512914693902 0.10980358059681017
4.139654835815289 0.10902139711653953
4.145796756936677 0.10789718593233072
4.151938678058065 0.10644747962566889
4.158080599179453 0.1046901257140206
4.16422252030084 0.10264407305802076
4.170364441422228 0.1003291646644843
4.176506362543615 0.0977659389102681
4.182648283665003 0.09497544092043603
4.1887902047863905 0.09197904554149366
4.194932125907778 0.08879829306127757
4.201074047029166 0.08545473854554025
4.207215968150554 0.08196981539098137
4.213357889271942 0.0783647134385479
4.219499810393329 0.07466027175182441
4.225641731514717 0.07087688594538716
4.231783652636104 0.06703442974855038
4.237925573757492 0.06315219031214499
4.2440674948788795 0.05924881661035928
4.250209416000267 0.055342280156390145
4.2563513371216555 0.051449847139418
4.262493258243043 0.04758806100060401
4.268635179364431 0.04377273439645016
4.274777100485818 0.04001894944778886
4.280919021607206 0.036341065140408677
4.287060942728593 0.03275273072743436
4.293202863849981 0.029266903982378138
4.299344784971368 0.02589587316367289
4.305486706092757 0.022651281574906316
4.311628627214144 0.01954415363842355
4.317770548335532 0.016584921442093257
4.3239124694569195 0.013783450768705725
4.330054390578307 0.011149065673733744
4.336196311699695 0.008690570739342438
4.342338232821082 0.006416270200101806
4.34848015394247 0.004333983208630024
4.354622075063858 0.002451054587396124
4.360763996185246 0.0007743604963501077
4.366905917306633 -0.0006896914647135807
4.373047838428021 -0.0019351681045214264
4.3791897595494085 -0.0029566227224023865
4.385331680670796 -0.0037491135971320757
4.391473601792184 -0.004308228937784129
4.397615522913571 -0.004630118225917631
4.40375744403496 -0.004711529744477889
4.409899365156347 -0.0045498539472475005
4.416041286277735 -0.004143172174540773
4.422183207399122 -0.0034903100674858484
4.42832512852051 -0.0025908948770438436
4.434467049641897 -0.0014454157075047412
4.440608970763285 -5.528558122027697e-05
4.4467508918846725 0.0015770959340698108
4.452892813006061 0.00344828092700341
4.4590347341274486 0.005553713680592034
4.465176655248836 0.007887675145887696
4.471318576370224 0.010443233014341642
4.477460497491611 0.01321219908120489
4.483602418612999 0.016185095582590688
4.489744339734386 0.01935113213579681
4.495886260855774 0.022698194813237392
4.5020281819771615 0.02621284873334917
4.50817010309855 0.029880355357361655
4.5143120242199375 0.033684705441077795
4.520453945341325 0.0376086683101004
4.526595866462713 0.04163385781185682
4.5327377875841 0.04574081495674215
4.538879708705488 0.04990910690419654
4.545021629826875 0.05411744158935787
4.551163550948263 0.058343796934911527
4.557305472069651 0.06256556326403492
4.563447393191039 0.06675969723670794
4.569589314312426 0.07090288538478459
4.575731235433814 0.07497171513104202
4.5818731565552016 0.07894285105102719
4.588015077676589 0.08279321407826239
4.594156998797977 0.08650016136373839
4.600298919919364 0.0900416645765194
4.606440841040753 0.09339648456685296
4.61258276216214 0.09654434049619591
4.618724683283528 0.09946607175695016
4.624866604404915 0.10214379124341175
4.631008525526303 0.10456102877830971
4.6371504466476905 0.10670286373050467
4.643292367769078 0.10855604606421294
4.649434288890466 0.11010910522638961
4.655576210011854 0.11135244639795916
4.661718131133242 0.11227843370200123
4.667860052254629 0.1128814599780968
4.674001973376017 0.11315800270204443
4.680143894497404 0.11310666556388523
4.686285815618792 0.11272820512846227
4.692427736740179 0.1120255419083814
4.698569657861567 0.1110037550978026
4.7047115789829554 0.10967006016577806
4.710853500104343 0.1080337685074124
4.716995421225731 0.10610622841471677
4.723137342347118 0.1039007467673741
4.729279263468506 0.10143249106221554
4.735421184589893 0.09871837169874606
4.741563105711281 0.09577690481012968
4.747705026832668 0.09262805636234801
4.753846947954056 0.08929306872121545
4.759988869075444 0.08579427138580674
4.766130790196832 0.08215487808302194
4.7722727113182195 0.07839877288562647
4.778414632439607 0.07455028842973353
4.784556553560995 0.07063397964403027
4.790698474682382 0.06667439664234108
4.79684039580377 0.06269586055850015
4.802982316925157 0.058722246108837396
4.809124238046546 0.054776774549995806
4.815266159167933 0.05088182046176451
4.821408080289321 0.04705873543563891
4.8275500014107084 0.04332769130472451
4.833691922532096 0.039707545028545
4.839833843653484 0.03621572676954725
4.845975764774871 0.03286815209065299
4.852117685896259 0.029679158589470987
4.858259607017647 0.026661466688232233
4.864401528139035 0.023826163740506702
4.870543449260422 0.021182710114658394
4.87668537038181 0.01873896548426811
4.882827291503197 0.016501233207855938
4.888969212624585 0.014474320420114888
4.8951111337459725 0.012661611286322061
4.90125305486736 0.011065150788463022
4.9073949759887485 0.009685736410347033
4.913536897110136 0.008523015161271744
4.919678818231524 0.00757558351327305
4.925820739352911 0.006841088013853102
4.931962660474299 0.006316324562199563
4.938104581595686 0.005997334589837722
4.944246502717074 0.0058794966548452576
4.9503884238384614 0.005957612231567145
4.95653034495985 0.006225984745986382
4.9626722660812375 0.0066784911628972425
4.968814187202625 0.007308645668880627
4.974956108324013 0.008109655210511959
4.9810980294454 0.009074466837696549
4.987239950566788 0.010195806966210948
4.993381871688175 0.01146621281160024
4.999523792809563 0.012878056359594658
5.00566571393095 0.014423561328055128
5.011807635052339 0.01609481364459198
5.017949556173726 0.01788376601522844
5.024091477295114 0.019782237195804676
5.0302333984165015 0.02178190660209407
5.036375319537889 0.0238743049097772
5.042517240659277 0.0260508013039713
5.048659161780664 0.028302588042249614
5.054801082902052 0.030620662996881015
5.06094300402344 0.03299581084289689
5.067084925144828 0.03541858355964599
5.073226846266215 0.03787928091547904
5.079368767387603 0.04036793160834847
5.0855106885089905 0.04287427573958459
5.091652609630378 0.045387749303401545
5.097794530751766 0.047897471380277265
5.103936451873153 0.050392234727319726
5.110078372994542 0.052860500461967885
5.116220294115929 0.05529039753556184
5.122362215237317 0.057669727688993755
5.128504136358704 0.05998597657219221
5.134646057480092 0.06222633169098255
5.140787978601479 0.06437770781708169
5.146929899722867 0.06642678045797867
5.1530718208442545 0.06836002793151451
5.159213741965643 0.07016378252354454
5.1653556630870305 0.07182429112475168
5.171497584208418 0.07332778564334586
5.177639505329806 0.07466056337318215
5.183781426451193 0.07580907736133016
5.189923347572581 0.07676003666534083
5.196065268693968 0.07750051621896874
5.202207189815356 0.07801807583707485
5.208349110936744 0.07830088768770309
5.214491032058132 0.07833787134444045
5.2206329531795195 0.07811883530842553
5.226774874300907 0.07763462366073648
5.232916795422295 0.07687726627711829
5.239058716543682 0.0758401308134136
5.24520063766507 0.07451807445754312
5.251342558786457 0.0729075932487376
5.257484479907845 0.07100696659350451
5.263626401029233 0.06881639446711592
5.269768322150621 0.06633812468565557
5.275910243272008 0.06357656757287942
5.282052164393396 0.06053839533367187
5.2881940855147835 0.057232623486159026
5.294336006636171 0.05367067180085239
5.300477927757559 0.049866402349477035
5.306619848878946 0.045836132478794846
5.312761770000335 0.04159862079453832
5.318903691121722 0.037175024564616806
5.32504561224311 0.032588827324465754
5.331187533364497 0.027865735884638768
5.337329454485885 0.023033546393943602
5.3434713756072725 0.018121979591883625
5.34961329672866 0.013162485882286263
5.355755217850048 0.008188021365639288
5.361897138971436 0.0032327964704754624
5.368039060092824 -0.0016680006860450441
5.374180981214211 -0.006478503611099177
5.380322902335599 -0.011162486389979255
5.386464823456986 -0.015683698852023125
5.392606744578374 -0.02000621417040841
5.398748665699761 -0.0240947848197538
5.404890586821149 -0.027915202573848694
5.411032507942537 -0.031434658043570804
5.417174429063925 -0.03462209513435571
5.4233163501853126 -0.03744855574486812
5.4294582713067 -0.03988751003463814
5.435600192428088 -0.041915167658845225
5.441742113549475 -0.043510765503359555
5.447884034670863 -0.04465682765272201
5.45402595579225 -0.04533939358793286
5.460167876913639 -0.04554821093953274
5.466309798035026 -0.04527688951393857
5.472451719156414 -0.04452301376617196
5.4785936402778015 -0.04328821140791129
5.484735561399189 -0.04157817641284309
5.490877482520577 -0.03940264530664363
5.497019403641964 -0.03677532629971433
5.503161324763352 -0.03371378152802965
5.509303245884739 -0.030239263399940576
5.515445167006128 -0.026376506791090465
5.521587088127515 -0.022153479570387425
5.527729009248903 -0.01760109466025446
5.53387093037029 -0.012752887516098902
5.540012851491678 -0.007644663534643909
5.5461547726130656 -0.002314120450361254
5.552296693734453 0.0031995487632238188
5.558438614855841 0.008856066620002498
5.564580535977229 0.014614489376741866
5.570722457098617 0.020433626615200418
5.576864378220004 0.02627245597767207
5.583006299341392 0.03209052704500455
5.589148220462779 0.03784834863774906
5.595290141584167 0.043507754233775404
5.6014320627055545 0.04903224071734815
5.607573983826942 0.05438727628960611
5.6137159049483305 0.05954057406016656
5.619857826069718 0.06446232858372165
5.625999747191106 0.06912541338232812
5.632141668312493 0.07350553828170077
5.638283589433881 0.07758136616690162
5.644425510555268 0.08133458950935125
5.650567431676656 0.08474996771523867
5.656709352798043 0.08781532697986391
5.662851273919432 0.09052152489092502
5.668993195040819 0.09286238249723457
5.675135116162207 0.09483458694206343
5.681277037283595 0.09643756804975752
5.687418958404982 0.0976733524509655
5.69356087952637 0.09854639893896532
5.699702800647757 0.09906341877272164
5.705844721769145 0.09923318458883384
5.711986642890533 0.0990663314632644
5.718128564011921 0.0985751534844096
5.724270485133308 0.09777339897190733
5.730412406254696 0.09667606721095483
5.7365543273760835 0.09529920927985992
5.742696248497471 0.09365973523863962
5.748838169618859 0.09177522962749332
5.754980090740246 0.0896637769037288
5.761122011861635 0.08734379813104196
5.767263932983022 0.08483389993169528
5.77340585410441 0.0821527364246969
5.779547775225797 0.07931888460527611
5.785689696347185 0.07635073337529223
5.7918316174685724 0.073266386212501
5.79797353858996 0.0700835772697878
5.804115459711348 0.06681960052377311
5.810257380832735 0.06349125144526067
5.816399301954124 0.06011478054109066
5.822541223075511 0.05670585801680223
5.828683144196899 0.053279548730687236
5.834825065318286 0.04985029655062475
5.840966986439674 0.04643191718372203
5.847108907561061 0.04303759852336683
5.853250828682449 0.039679907546973356
5.8593927498038365 0.03637080279854669
5.865534670925225 0.03312165150155139
5.8716765920466125 0.029943250367711303
5.877818513168 0.02684584919473652
5.883960434289388 0.02383917637939
5.890102355410775 0.020932465510381897
5.896244276532163 0.018134482247461284
5.90238619765355 0.015453550737993314
5.908528118774938 0.012897578869599883
5.914670039896326 0.010474081706797433
5.920811961017714 0.008190202510822564
5.9269538821391015 0.006052730794868725
5.933095803260489 0.004068116922167202
5.939237724381877 0.002242482811789473
5.945379645503264 0.0005816283772913068
5.951521566624652 -0.0009089666131538276
5.957663487746039 -0.002224145499205234
5.963805408867428 -0.003359082685955292
5.969947329988815 -0.004309296692973728
5.976089251110203 -0.005070668309913693
5.98223117223159 -0.005639463787515242
5.988373093352978 -0.006012362901652886
5.9945150144743655 -0.006186491632414623
6.000656935595753 -0.006159459100882944
6.006798856717141 -0.005929398304442568
6.012940777838529 -0.005495010088743879
6.019082698959917 -0.004855609692715458
6.025224620081304 -0.004011175104742207
6.031366541202692 -0.0029623963758665405
6.037508462324079 -0.001710724952603609
6.043650383445467 -0.00025842202069525536
6.0497923045668545 0.0013913952049340336
6.055934225688242 0.003234710346798074
6.06207614680963 0.005266569007993022
6.068218067931018 0.007481045305944031
6.074359989052406 0.009871214880302103
6.080501910173793 0.01242913540232068
6.086643831295181 0.01514583553139214
6.092785752416568 0.018011313158046337
6.098927673537956 0.02101454364375971
6.105069594659343 0.02414349861937426
6.111211515780731 0.027385175739627392
6.117353436902119 0.03072563961591196
6.123495358023507 0.03415007396827251
6.1296372791448945 0.03764284485619791
6.135779200266282 0.04118757467164726
6.14192112138767 0.0447672264121231
6.148063042509057 0.04836419760108367
6.154204963630445 0.05196042309118424
6.160346884751832 0.055537485875240745
6.166488805873221 0.05907673494139058
6.172630726994608 0.06255940914243925
6.178772648115996 0.06596676600287565
6.1849145692373835 0.06928021435751565
6.191056490358771 0.07248144969902037
6.197198411480159 0.07555259110289805
6.203340332601546 0.07847631859294327
6.209482253722934 0.08123600980275925
6.215624174844322 0.08381587477593792
6.22176609596571 0.08620108772593425
6.227908017087097 0.0883779145454614
6.234049938208485 0.09033383481506595
6.240191859329872 0.09205765701411933
6.24633378045126 0.09353962558947478
6.2524757015726475 0.09477151849384888
6.258617622694035 0.09574673377541788
6.2647595438154235 0.09646036379067716
6.270901464936811 0.09690925563302626
6.277043386058199 0.09709205642797689
