time TPR_both_A_open_11_rho23_real
62.83185307179586 0.002516368470863565
62.83799499291725 0.0024334685196026533
62.844136914038636 0.0023878445641383026
62.850278835160026 0.002378927707786418
62.856420756281416 0.0024057327138582996
62.8625626774028 0.0024668658568517436
62.86870459852419 0.002560535608087826
62.87484651964557 0.002684566085279876
62.88098844076696 0.0028364131768722533
62.88713036188835 0.0030131832340662664
62.893272283009736 0.003211654206386734
62.899414204131126 0.003428299080596146
62.90555612525252 0.0036593114678459535
62.9116980463739 0.003900633170278158
62.91783996749529 0.004147983545959746
62.92398188861668 0.004396890480118075
62.93012380973806 0.004642722761206956
62.93626573085945 0.004880723652426787
62.942407651980844 0.005106045442964281
62.94854957310223 0.005313784758416321
62.95469149422362 0.005499018406624474
62.960833415345 0.005656839533438806
62.96697533646639 0.0057823938627097286
62.97311725758778 0.005870915796052339
62.979259178709164 0.005917764150536328
62.985401099830554 0.005918457316396868
62.991543020951944 0.005868707622034587
62.99768494207333 0.005764454699886557
63.00382686319472 0.005601897654140042
63.00996878431611 0.005377525839613764
63.01611070543749 0.005088148070346247
63.02225262655888 0.004730920086446347
63.028394547680264 0.004303370118459236
63.034536468801655 0.0038034223997831565
63.040678389923045 0.0032294184895120264
63.04682031104443 0.0025801362803089525
63.05296223216582 0.0018548065785527414
63.05910415328721 0.001053127156922318
63.06524607440859 0.00017527419273117626
63.07138799552998 -0.0007780889813130394
63.07752991665137 -0.0018058058737552148
63.083671837772755 -0.0029062236247058624
63.089813758894145 -0.0040771926224079345
63.095955680015535 -0.00531606896495484
63.10209760113692 -0.006619719772378788
63.10823952225831 -0.00798453134062977
63.11438144337969 -0.009406420115320162
63.12052336450108 -0.010880846449552142
63.12666528562247 -0.012402831096599414
63.132807206743855 -0.013966974374852784
63.138949127865246 -0.015567477929137893
63.145091048986636 -0.017198168999391354
63.15123297010802 -0.018852527094767913
63.15737489122941 -0.020523712958517796
63.1635168123508 -0.02220459969652442
63.16965873347218 -0.02388780593027818
63.17580065459357 -0.025565730823268015
63.181942575714956 -0.027230590818424126
63.188084496836346 -0.028874457913411124
63.194226417957736 -0.030489299290226264
63.20036833907912 -0.03206701810592829
63.20651026020051 -0.033599495242334305
63.2126521813219 -0.035078631804355456
63.21879410244328 -0.036496392149363836
63.22493602356467 -0.03784484722362711
63.231077944686064 -0.03911621797655359
63.23721986580745 -0.04030291861932878
63.24336178692884 -0.04139759949153414
63.24950370805023 -0.04239318929763621
63.25564562917161 -0.04328293647487744
63.261787550293 -0.044060449455113594
63.267929471414384 -0.044719735585615435
63.274071392535774 -0.0452552384778065
63.280213313657164 -0.04566187355834983
63.28635523477855 -0.045935061603975556
63.29249715589994 -0.0460707600499162
63.29863907702133 -0.046065491871801194
63.30478099814271 -0.04591637185230538
63.3109229192641 -0.0456211300567085
63.31706484038549 -0.0451781323557469
63.323206761506874 -0.04458639784962621
63.329348682628265 -0.0438456130637495
63.33549060374965 -0.042956142804479375
63.34163252487104 -0.04191903758195167
63.34777444599243 -0.04073603752652948
63.35391636711381 -0.03940957274568808
63.3600582882352 -0.037942760088901684
63.36620020935659 -0.036339396309249504
63.372342130477975 -0.03460394763179066
63.378484051599365 -0.032741535760180344
63.384625972720755 -0.03075792037428683
63.39076789384214 -0.028659478192540666
63.39690981496353 -0.026453178693318157
63.40305173608492 -0.024146556609604353
63.4091936572063 -0.021747681330329366
63.41533557832769 -0.01926512336007497
63.421477499449075 -0.016707918006089062
63.427619420570466 -0.014085526477584017
63.433761341691856 -0.01140779459717334
63.43990326281324 -0.00868490933768709
63.44604518393463 -0.005927353409661608
63.45218710505602 -0.003145858135308938
63.4583290261774 -0.0003513548536928732
63.46447094729879 0.002445074890751464
63.47061286842018 0.005232250118443222
63.476754789541566 0.007998941881576977
63.482896710662956 0.010733925163070077
63.48903863178434 0.013426030941840547
63.49518055290573 0.016064198159263635
63.50132247402712 0.01863752532355367
63.5074643951485 0.021135321492269713
63.51360631626989 0.023547156377821815
63.51974823739128 0.025862909326851723
63.52589015851267 0.028072816931570956
63.53203207963406 0.030167519039392843
63.53817400075545 0.03213810293650019
63.54431592187683 0.033976145491252024
63.55045784299822 0.0356737530543864
63.55659976411961 0.037223598924827093
63.562741685240994 0.03861895820245256
63.568883606362384 0.03985373986229996
63.57502552748377 0.04092251589835713
63.58116744860516 0.041820547399258036
63.58730936972655 0.04254380743272445
63.59345129084793 0.0430890006305352
63.59959321196932 0.04345357938100194
63.60573513309071 0.043635756551413885
63.611877054212094 0.043634514678614726
63.618018975333484 0.04344961158174927
63.624160896454875 0.04308158236725432
63.63030281757626 0.04253173781231465
63.63644473869765 0.041802159129241234
63.64258665981904 0.04089568912952799
63.64872858094042 0.03981591982264897
63.65487050206181 0.038567176500969975
63.661012423183195 0.03715449837841016
63.667154344304585 0.03558361586662831
63.673296265425975 0.03386092458856586
63.67943818654736 0.03199345624496963
63.68558010766875 0.02998884646511284
63.69172202879014 0.027855299788189118
63.69786394991152 0.025601551936684834
63.70400587103291 0.02323682955744022
63.7101477921543 0.02077080761993682
63.716289713275685 0.018213564674484838
63.722431634397076 0.015575536185433928
63.72857355551846 0.012867466166105946
63.73471547663985 0.010100357352722494
63.74085739776124 0.0072854201642359034
63.74699931888262 0.004434020703309869
63.75314124000401 0.0015576280608903701
63.7592831611254 -0.0013322388073919557
63.765425082246786 -0.004224064360433392
63.771567003368176 -0.0071063896310602755
63.777708924489566 -0.009967864988969738
63.78385084561095 -0.012797302231022647
63.78999276673234 -0.015583725724800143
63.79613468785373 -0.018316422335210917
63.80227660897511 -0.02098498986961387
63.8084185300965 -0.02357938378427544
63.814560451217886 -0.02608996190412408
63.82070237233928 -0.028507526918660212
63.82684429346067 -0.030823366429314516
63.83298621458205 -0.033029290337715796
63.83912813570344 -0.03511766537987331
63.84527005682483 -0.03708144662826761
63.85141197794621 -0.03891420580212972
63.857553899067604 -0.04061015624554354
63.863695820188994 -0.04216417445338073
63.86983774131038 -0.04357181804629838
63.87597966243177 -0.044829340117843945
63.88212158355315 -0.04593369989903038
63.88826350467454 -0.04688256970837613
63.89440542579593 -0.04767433817806361
63.900547346917314 -0.0483081097695307
63.906689268038704 -0.048783700614127325
63.912831189160094 -0.04910163073636695
63.91897311028148 -0.04926311273858105
63.92511503140287 -0.0492700370462397
63.93125695252426 -0.049124953832729586
63.93739887364564 -0.04883105176081898
63.94354079476703 -0.04839213369524081
63.94968271588842 -0.047812589556708904
63.955824637009805 -0.04709736650213192
63.961966558131195 -0.04625193662872527
63.96810847925258 -0.04528226241109512
63.97425040037397 -0.04419476009011575
63.98039232149536 -0.04299626124054399
63.98653424261674 -0.041693972750768464
63.99267616373813 -0.040295435452920865
63.99881808485952 -0.038808481644787514
64.0049600059809 -0.037241191746577626
64.01110192710229 -0.03560185033572192
64.01724384822369 -0.033898901801520706
64.02338576934507 -0.032140905858726546
64.02952769046645 -0.03033649315509242
64.03566961158785 -0.028494321202714386
64.04181153270923 -0.02662303085661276
64.04795345383062 -0.02473120355662954
64.05409537495201 -0.02282731954049078
64.0602372960734 -0.020919717226769004
64.06637921719478 -0.01901655395669823
64.07252113831618 -0.017125768273449794
64.07866305943756 -0.015255043906534597
64.08480498055894 -0.013411775617667869
64.09094690168034 -0.01160303705280631
64.09708882280172 -0.009835550733080697
64.1032307439231 -0.00811566030520154
64.1093726650445 -0.006449305159668334
64.11551458616589 -0.0048419975126824
64.12165650728727 -0.003298802035226159
64.12779842840867 -0.0018243181003565097
64.13394034953005 -0.00042266470726813805
64.14008227065143 0.0009025318717338078
64.14622419177283 0.0021481476875489713
64.15236611289421 0.0033115679324446016
64.1585080340156 0.004390690970885232
64.16464995513698 0.005383929586011526
64.17079187625838 0.0062902094569322
64.17693379737976 0.0071089648940254
64.18307571850114 0.007840131871479143
64.18921763962254 0.00848413840818488
64.19535956074392 0.009041892359974968
64.20150148186531 0.009514766697937719
64.2076434029867 0.009904582359152257
64.21378532410809 0.010213588767707395
64.21992724522947 0.010444442135188903
64.22606916635087 0.010600181660914832
64.23221108747225 0.010684203763082142
64.23835300859363 0.010700234482532045
64.24449492971503 0.010652300211007448
64.25063685083641 0.01054469690553319
64.2567787719578 0.010381957959767702
64.2629206930792 0.010168820911798293
64.26906261420058 0.009910193175810945
64.27520453532196 0.009611116992243384
64.28134645644336 0.009276733797346705
64.28748837756474 0.008912248218461647
64.29363029868613 0.008522891905644463
64.29977221980752 0.008113887413489434
64.3059141409289 0.007690412349000557
64.31205606205029 0.007257564002090515
64.31819798317167 0.006820324674666391
64.32433990429307 0.006383527922243908
64.33048182541445 0.005951825918570167
64.33662374653584 0.005529658148797625
64.34276566765723 0.005121221630333561
64.34890758877862 0.004730442852574413
64.3550495099 0.004360951617350615
64.3611914310214 0.0040160569510937875
64.36733335214278 0.0036987252475276407
64.37347527326416 0.003411560786160722
64.37961719438556 0.0031567887571105763
64.38575911550694 0.002936240906898044
64.39190103662833 0.0027513439029514444
64.39804295774972 0.0026031104967854193
64.4041848788711 0.002492133547291107
64.41032679999249 0.002418582946466635
64.41646872111389 0.0023822054703911445
64.42261064223527 0.0023823275584510936
64.42875256335665 0.0024178610039572736
64.43489448447805 0.0024873115195169137
64.44103640559943 0.002588790121004059
64.44717832672082 0.0027200272548917764
64.45332024784221 0.0028783895752354056
64.4594621689636 0.0030608992588675795
64.46560409008498 0.003264255730546781
64.47174601120636 0.0034848596540296684
64.47788793232776 0.0037188390304129858
64.48402985344914 0.003962077231750689
64.49017177457053 0.004210242785959611
64.49631369569192 0.004458820718485615
64.50245561681331 0.0047031452471387805
64.50859753793469 0.0049384336189809775
64.51473945905609 0.005159820872190137
64.52088138017747 0.005362395301409637
64.52702330129885 0.005541234402236194
64.53316522242025 0.0056914410691756775
64.53930714354163 0.005808179821544884
64.54544906466302 0.0058867128333791345
64.55159098578442 0.005922435546376748
64.5577329069058 0.005910911649150089
64.56387482802718 0.0058479072115191506
64.57001674914858 0.005729423769194157
64.57615867026996 0.005551730161814153
64.58230059139134 0.005311392935882245
64.58844251251274 0.005005305133589186
64.59458443363413 0.004630713298684302
64.60072635475551 0.004185242541405866
64.6068682758769 0.00366691951594036
64.61301019699829 0.0030741931757912325
64.61915211811967 0.0024059531847874407
64.62529403924106 0.0016615458741935166
64.63143596036245 0.0008407876493346346
64.63757788148384 -5.602423760659209e-05
64.64371980260522 -0.0010281036186081294
64.64986172372662 -0.0020741701010678465
64.656003644848 -0.0031924465621524286
64.66214556596938 -0.004380659475422469
64.66828748709078 -0.005636042085188514
64.67442940821216 -0.006955340430393628
64.68057132933355 -0.008334822206147383
64.68671325045494 -0.009770288437365453
64.69285517157633 -0.011257087925441054
64.69899709269771 -0.012790134415396047
64.7051390138191 -0.014363926417542241
64.71128093494049 -0.015972569604486373
64.71742285606187 -0.017609801691234175
64.72356477718327 -0.019269019693222898
64.72970669830465 -0.020943309444504073
64.73584861942604 -0.022625477245922808
64.74199054054743 -0.024308083501047163
64.74813246166882 -0.025983478185971937
64.7542743827902 -0.02764383798788744
64.7604163039116 -0.029281204936535427
64.76655822503298 -0.030887526342564003
64.77270014615436 -0.03245469584728988
64.77884206727575 -0.03397459537956732
64.78498398839714 -0.035439137807553006
64.79112590951853 -0.03684031006605464
64.79726783063991 -0.03817021653410026
64.80340975176131 -0.03942112243230044
64.80955167288269 -0.04058549700572828
64.81569359400407 -0.04165605625537126
64.82183551512547 -0.042625804979810625
64.82797743624685 -0.04348807788878552
64.83411935736824 -0.044236579551676085
64.84026127848963 -0.04486542294675995
64.84640319961102 -0.04536916638143791
64.8525451207324 -0.045742848559447706
64.8586870418538 -0.04598202157842682
64.86482896297518 -0.04608278165005568
64.87097088409656 -0.04604179734535205
64.87711280521796 -0.04585633517949951
64.88325472633935 -0.04552428236380055
64.88939664746073 -0.045044166566881774
64.89553856858213 -0.044415172543096466
64.90168048970351 -0.04363715550302003
64.90782241082489 -0.04271065111893369
64.91396433194629 -0.04163688207715651
64.92010625306767 -0.040417761108793165
64.92624817418906 -0.039055890450833276
64.93239009531044 -0.03755455771045048
64.93853201643184 -0.03591772812651484
64.94467393755322 -0.03415003324375278
64.9508158586746 -0.03225675603633198
64.956957779796 -0.03024381253893746
64.96309970091738 -0.028117730064257947
64.96924162203877 -0.025885622106205073
64.97538354316016 -0.023555160048008707
64.98152546428155 -0.02113454181324363
64.98766738540293 -0.01863245761586403
64.99380930652433 -0.016058052982346676
64.99995122764571 -0.0134208892347543
65.00609314876709 -0.010730901638007818
65.01223506988849 -0.007998355427824374
65.01837699100987 -0.005233799947353724
65.02451891213126 -0.002448021130667975
65.03066083325265 0.0003480074201043569
65.03680275437404 0.0031431745103047315
65.04294467549542 0.00592628232186194
65.04908659661682 0.008686098013086124
65.0552285177382 0.011411405684104509
65.06137043885958 0.014091058442262267
65.06751235998098 0.016714030302614993
65.07365428110236 0.019269467661037598
65.07979620222375 0.02174674008119422
65.08593812334513 0.024135490141596577
65.09208004446653 0.026425682095358928
65.09822196558791 0.028607649102656438
65.1043638867093 0.030672138804501137
65.11050580783069 0.03261035701592053
65.11664772895207 0.034414009327139734
65.12278965007346 0.03607534041264056
65.12893157119485 0.03758717085995159
65.13507349231624 0.038942931342762006
65.14121541343762 0.04013669397622059
65.14735733455902 0.04116320070604812
65.1534992556804 0.0420178885973829
65.15964117680178 0.04269691190391873
65.16578309792318 0.04319716081286578
65.17192501904456 0.04351627677657785
65.17806694016595 0.043652664357213
65.18420886128735 0.04360549952653519
65.19035078240873 0.04337473437890017
65.19649270353011 0.04296109823152023
65.20263462465151 0.042366095102284174
65.20877654577289 0.04159199757166358
65.21491846689428 0.04064183705152412
65.22106038801567 0.03951939050000132
65.22720230913706 0.038229163637881126
65.23334423025844 0.03677637073814969
65.23948615137982 0.0351669110765466
65.24562807250122 0.03340734214689233
65.2517699936226 0.03150484976076682
65.25791191474399 0.02946721516657037
65.26405383586538 0.027302779338218848
65.27019575698677 0.02502040459842564
65.27633767810815 0.0226294337557631
65.28247959922955 0.0201396469484255
65.28862152035093 0.017561216400549192
65.29476344147231 0.014904659309156208
65.30090536259371 0.012180789091198836
65.3070472837151 0.009400665230483952
65.31318920483648 0.006575541973535302
65.31933112595787 0.0037168161316303776
65.32547304707926 0.000835974252997799
65.33161496820064 -0.002055460565398279
65.33775688932204 -0.004945981953000276
65.34389881044342 -0.007824153351881786
65.3500407315648 -0.010678660637390378
65.3561826526862 -0.013498363997316503
65.36232457380758 -0.016272348796343764
65.36846649492897 -0.018989975156852017
65.37460841605036 -0.02164092599314218
65.38075033717175 -0.02421525324406674
65.38689225829313 -0.02670342205861832
65.39303417941451 -0.029096352700223368
65.39917610053591 -0.03138545994849613
65.4053180216573 -0.0335626897916102
65.41145994277868 -0.0356205532184667
65.41760186390007 -0.03755215693706557
65.42374378502146 -0.039351230864109035
65.42988570614284 -0.041012152250507555
65.43602762726424 -0.04252996632799524
65.44216954838562 -0.04390040338349482
65.448311469507 -0.04511989218984285
65.4544533906284 -0.046185569743843684
65.46059531174978 -0.04709528728531962
65.46673723287117 -0.04784761259351394
65.47287915399257 -0.048441828579736106
65.47902107511395 -0.04887792821742801
65.48516299623533 -0.049156605872572444
65.49130491735673 -0.04927924511842232
65.49744683847811 -0.049247903138807954
65.5035887595995 -0.049065291843532734
65.50973068072089 -0.048734755837491886
65.51587260184228 -0.04826024740205792
65.52201452296366 -0.04764629866279401
65.52815644408506 -0.04689799113163531
65.53429836520644 -0.04602092282423595
65.54044028632782 -0.04502117316413976
65.5465822074492 -0.04390526589478714
65.5527241285706 -0.04268013022806347
65.55886604969199 -0.04135306046415614
65.56500797081337 -0.03993167432188748
65.57114989193477 -0.038423870221523514
65.57729181305615 -0.036837783763285795
65.58343373417753 -0.03518174364452035
65.58957565529893 -0.03346422725680307
65.59571757642031 -0.031693816201165396
65.6018594975417 -0.029879151955273905
65.6080014186631 -0.028028891920904585
65.61414333978448 -0.02615166607340622
65.62028526090586 -0.024256034427243753
65.62642718202726 -0.022350445523273824
65.63256910314864 -0.020443196134104263
65.63871102427002 -0.018542392373946663
65.64485294539142 -0.016655912388889613
65.6509948665128 -0.01479137079246303
65.65713678763419 -0.012956084999940845
65.66327870875558 -0.011157043603129354
65.66942062987697 -0.009400876915344322
65.67556255099835 -0.007693829804093068
65.68170447211975 -0.006041736916702882
65.68784639324113 -0.004450000391689851
65.69398831436251 -0.0029235701362163857
65.7001302354839 -0.0014669267375734167
65.7062721566053 -8.406706412465713e-05
65.71241407772668 0.0012215074012157316
65.71855599884806 0.0024467994643046858
65.72469791996946 0.003589322341480285
65.73083984109084 0.004647102993538068
65.73698176221222 0.0056186826780323315
65.74312368333362 0.006503114738044378
65.749265604455 0.007299959657649181
65.75540752557639 0.008009277426288472
65.76154944669779 0.008631617266135034
65.76769136781917 0.009168004788385527
65.77383328894055 0.009619926656134722
65.77997521006195 0.00998931284306173
65.78611713118333 0.010278516588640905
65.79225905230471 0.010490292161861026
65.79840097342611 0.010627770556474953
65.8045428945475 0.010694433251610269
65.81068481566888 0.010694084182031313
65.81682673679028 0.010630820072405282
65.82296865791166 0.01050899929955954
65.82911057903304 0.010333209455796143
65.83525250015444 0.010108233794790068
65.84139442127582 0.009839016749372499
65.8475363423972 0.009530628717472659
65.85367826351859 0.009188230318579262
65.85982018463999 0.008817036328211804
65.86596210576137 0.008422279501947773
65.87210402688275 0.0080091745034708
65.87824594800415 0.007582882152795376
65.88438786912553 0.007148474211221155
65.89052979024692 0.006710898918603814
65.89667171136831 0.006274947496156329
65.9028136324897 0.005845221824165449
65.90895555361108 0.005426103498700237
65.91509747473248 0.005021724464598321
65.92123939585386 0.004635939413730364
65.92738131697524 0.004272300127796506
65.93352323809664 0.003934031933743077
65.93966515921802 0.0036240124273404124
65.9458070803394 0.0033447526066232606
65.9519490014608 0.0030983805418536062
65.95809092258219 0.002886627692510234
65.96423284370357 0.0027108179646767603
65.97037476482497 0.002571859584226027
65.97651668594635 0.0024702398425093335
65.98265860706773 0.00240602275202982
65.98880052818913 0.0023788496299733566
65.99494244931051 0.0023879426076392593
66.0010843704319 0.00243211104394865
66.00722629155328 0.0025097608014849025
66.01336821267468 0.0026189063240905043
66.01951013379606 0.0027571854361058946
66.02565205491744 0.0029218767650244465
66.03179397603884 0.0031099196718354007
66.03793589716022 0.0033179365567498962
66.04407781828161 0.0035422573925059228
66.050219739403 0.003778946323146669
66.05636166052439 0.00402383015314581
66.06250358164577 0.0042725285401196715
66.06864550276717 0.0045204856941925674
66.07478742388855 0.0047630033783975295
66.08092934500993 0.004995274997357491
66.08707126613133 0.0052124205559231545
66.09321318725272 0.005409522265418194
66.0993551083741 0.005581660572669009
66.1054970294955 0.005723950386051897
66.11163895061688 0.005831577273298354
66.11778087173826 0.005899833407733176
66.12392279285966 0.005924153042919851
66.13006471398104 0.005900147300240344
66.13620663510243 0.005823638059690413
66.14234855622382 0.0056906907510530695
66.1484904773452 0.005497645850475642
66.15463239846659 0.005241148896273215
66.16077431958797 0.004918178847429676
66.16691624070937 0.0045260746186043905
66.17305816183075 0.004062559636482066
66.17920008295214 0.0035257642738453204
66.18534200407353 0.00291424602982626
66.19148392519492 0.0022270073372153295
66.1976258463163 0.0014635108904821025
66.2037677674377 0.0006236924012409758
66.20990968855908 -0.00029202929887030813
66.21605160968046 -0.0012827448745102367
66.22219353080186 -0.0023470498751821953
66.22833545192324 -0.0034830429354490555
66.23447737304463 -0.004688326812578027
66.24061929416602 -0.005960012273645815
66.2467612152874 -0.007294724830478622
66.25290313640879 -0.008688614307139462
66.25904505753019 -0.010137367211018416
66.26518697865157 -0.011636221865073154
66.27132889977295 -0.013179986245312547
66.27747082089435 -0.014763058454231063
66.28361274201573 -0.01637944974774112
66.28975466313712 -0.01802281002011827
66.29589658425851 -0.019686455638602832
66.3020385053799 -0.021363399506758154
66.30818042650128 -0.023046383223386806
66.31432234762266 -0.024727911191800858
66.32046426874406 -0.02640028652272957
66.32660618986544 -0.02805564856299139
66.33274811098683 -0.029686011871508582
66.33889003210822 -0.03128330645419442
66.34503195322961 -0.032839419059959636
66.35117387435099 -0.03434623533150551
66.35731579547239 -0.03579568259679392
66.36345771659377 -0.03717977308029417
66.36959963771515 -0.0384906473072753
66.37574155883655 -0.039720617469637426
66.38188347995793 -0.040862210518223335
66.38802540107932 -0.04190821074419709
66.39416732220072 -0.04285170161101001
66.4003092433221 -0.043686106598823944
66.40645116444348 -0.04440522882499567
66.41259308556488 -0.04500328920741836
66.41873500668626 -0.045474962942231155
66.42487692780765 -0.045815414073609714
66.43101884892904 -0.046020327941073545
66.43716077005043 -0.04608594129898942
66.44330269117181 -0.04600906991365845
66.4494446122932 -0.04578713345554279
66.45558653341459 -0.04541817751773656
66.46172845453597 -0.04490089260664421
66.46787037565737 -0.04423462996694765
66.47401229677875 -0.043419414120166255
66.48015421790014 -0.04245595201435694
66.48629613902152 -0.04134563870168014
66.49243806014292 -0.04009055948042814
66.4985799812643 -0.03869348845865862
66.50472190238568 -0.03715788351751113
66.51086382350708 -0.03548787767360371
66.51700574462846 -0.03368826686126846
66.52314766574985 -0.03176449417674136
66.52928958687124 -0.029722630647633735
66.53543150799263 -0.027569352611759024
66.54157342911401 -0.025311915809644515
66.5477153502354 -0.022958126314693572
66.55385727135679 -0.020516308443653743
66.55999919247817 -0.017995269807811635
66.56614111359957 -0.015404263682074511
66.57228303472095 -0.012752948884495127
66.57842495584234 -0.010051347372935842
66.58456687696373 -0.0073097997783792895
66.59070879808512 -0.004538919105593227
66.5968507192065 -0.0017495428415933757
66.6029926403279 0.0010473162794110867
66.60913456144928 0.0038405205994002933
66.61527648257066 0.0066188586880926
66.62141840369206 0.009371097059049375
66.62756032481344 0.012086032184996924
66.63370224593483 0.014752542546767309
66.63984416705621 0.0173596404514294
66.64598608817761 0.019896523357954644
66.65212800929899 0.02235262445275315
66.65826993042037 0.024717662222850618
66.66441185154177 0.02698168878099133
66.67055377266315 0.02913513670476229
66.67669569378454 0.031168864160631755
66.68283761490594 0.0330741980935219
66.68897953602732 0.034842975273261904
66.6951214571487 0.0364675810007345
66.7012633782701 0.03794098528868345
66.70740529939148 0.03925677634504166
66.71354722051287 0.04040919120004471
66.71968914163426 0.041393143332281244
66.72583106275565 0.042204247163228084
66.73197298387703 0.042838839304545705
66.73811490499843 0.043293996457461806
66.74425682611981 0.04356754987894766
66.75039874724119 0.043658096344972294
66.75654066836259 0.04356500555690836
66.76268258948397 0.043288423953136444
66.76882451060536 0.04282927490397615
66.77496643172675 0.04218925528427893
66.78110835284814 0.04137082843428453
66.78725027396952 0.04037721353563996
66.7933921950909 0.03921237144581856
66.7995341162123 0.037880987050437194
66.80567603733368 0.0363884482092072
66.81181795845507 0.03474082138732002
66.81795987957646 0.03294482408004693
66.82410180069785 0.03100779415400619
66.83024372181923 0.028937656243961742
66.83638564294063 0.026742885359133405
66.84252756406201 0.024432467867582717
66.8486694851834 0.022015860041342407
66.85481140630479 0.01950294435852642
66.86095332742617 0.016903983771406922
66.86709524854756 0.014229574161445645
66.87323716966895 0.011490595213445136
66.87937909079034 0.008698159951024523
66.88552101191172 0.005863563184618898
66.89166293303312 0.002998229131068345
66.8978048541545 0.0001136584702760761
66.90394677527588 -0.0027786248905016984
66.91008869639728 -0.005667127070491639
66.91623061751866 -0.008540437211161265
66.92237253864005 -0.011387279937289106
66.92851445976143 -0.014196567007931588
66.93465638088283 -0.01695744788497685
66.94079830200421 -0.01965935895164974
66.94694022312561 -0.02229207111993234
66.95308214424699 -0.024845735574014895
66.95922406536837 -0.027310927407049955
66.96536598648976 -0.029678686920013443
66.97150790761116 -0.03194055836490661
66.97764982873254 -0.03408862592930992
66.98379174985392 -0.036115546775672976
66.98993367097532 -0.0380145809662744
66.9960755920967 -0.0397796181236955
67.00221751321808 -0.041405200696543784
67.00835943433948 -0.04288654372091033
67.01450135546087 -0.04421955098964579
67.02064327658225 -0.04540082756363333
67.02678519770365 -0.0464276885816746
67.03292711882503 -0.04729816434833226
67.03906903994641 -0.04801100170174764
67.04521096106781 -0.048565661685922024
67.05135288218919 -0.04896231357413195
67.05749480331058 -0.04920182531173897
67.06363672443197 -0.04928575046751941
67.06977864555336 -0.049216311802685195
67.07592056667474 -0.04899638158575016
67.08206248779612 -0.04862945879922182
67.08820440891752 -0.04811964340067504
67.0943463300389 -0.047471607815926936
67.1004882511603 -0.04669056585573872
67.10663017228168 -0.04578223925963275
67.11277209340307 -0.04475282208097311
67.11891401452445 -0.04360894313640234
67.12505593564585 -0.042357626750006726
67.13119785676723 -0.041006252028234456
67.13733977788861 -0.03956251090558446
67.14348169901001 -0.0380343652035228
67.1496236201314 -0.036430002945925785
67.15576554125278 -0.03475779417370966
67.16190746237417 -0.03302624649928392
67.16804938349556 -0.031243960638041895
67.17419130461694 -0.02941958614944678
67.18033322573834 -0.02756177761449901
67.18647514685972 -0.025679151469467563
67.1926170679811 -0.023780243707934873
67.1987589891025 -0.021873468654561475
67.20490091022388 -0.019967079004497047
67.21104283134527 -0.018069127312266505
67.21718475246666 -0.01618742910334804
67.22332667358805 -0.014329527770492321
67.22946859470943 -0.012502661405321901
67.23561051583083 -0.010713731703978937
67.24175243695221 -0.00896927507349312
67.2478943580736 -0.007275436053316342
67.25403627919499 -0.005637943154171263
67.26017820031637 -0.004062087203898389
67.26632012143776 -0.0025527022775361907
67.27246204255914 -0.0011141492764569724
67.27860396368054 0.0002496977911102294
67.28474588480192 0.0015354627881936087
67.2908878059233 0.002740275658244498
67.2970297270447 0.0038617778500120285
67.30317164816609 0.004898124955056438
67.30931356928747 0.005847986566994917
67.31545549040887 0.006710543383642144
67.32159741153025 0.00748548158527849
67.32773933265163 0.008172984534237723
67.33388125377303 0.008773721852863067
67.34002317489441 0.009288835948708643
67.3461650960158 0.009719926067551623
67.35230701713719 0.010069029966324751
67.35844893825858 0.01033860330951872
67.36459085937996 0.010531496903824716
67.37073278050136 0.010650931896763364
67.37687470162274 0.010700473075779576
67.38301662274412 0.01068400041465118
67.38915854386552 0.010605679024014826
67.3953004649869 0.01046992767232008
67.40144238610829 0.010281386052456114
67.40758430722968 0.01004488097758756
67.41372622835107 0.009765391697322896
67.41986814947245 0.009448014532097405
67.42601007059383 0.009097927029507695
67.43215199171523 0.008720351851205184
67.43829391283661 0.008320520602734957
67.444435833958 0.007903637821325247
67.4505777550794 0.007474845338006689
67.45671967620078 0.007039187230502913
67.46286159732216 0.00660157558201954
67.46900351844356 0.006166757258326212
67.47514543956494 0.0057392819113290675
67.48128736068632 0.005323471411651294
67.48742928180772 0.004923390905575877
67.4935712029291 0.004542821683050678
67.49971312405049 0.004185236033348552
67.50585504517188 0.003853774253461216
67.51199696629327 0.0035512239614264828
67.51813888741465 0.0032800018526375914
67.52428080853605 0.0030421380218562193
67.53042272965743 0.0028392629572373228
67.53656465077881 0.002672597295316541
67.54270657190021 0.002542944407747207
67.5488484930216 0.0024506858717331347
67.55499041414298 0.0023957798567627035
67.56113233526438 0.0023777624405746786
67.56727425638576 0.002395751847428814
67.57341617750714 0.00244845558190723
67.57955809862852 0.0025341804118098965
67.58570001974992 0.002650845134381109
67.5918419408713 0.0027959960413099835
67.59798386199269 0.0029668249798212526
67.60412578311409 0.003160189889892075
67.61026770423547 0.0033726376813098366
67.61640962535685 0.003600429299074008
67.62255154647825 0.003839566811657682
67.62869346759963 0.004085822343961668
67.63483538872102 0.0043347686655174494
67.64097730984241 0.0045818112346929655
67.6471192309638 0.004822221491354228
67.65326115208518 0.005051171183687004
67.65940307320658 0.0052637675097042145
67.66554499432796 0.005455088850327845
67.67168691544934 0.005620220868843149
67.67782883657074 0.005754292750951076
67.68397075769212 0.005852513360513465
67.6901126788135 0.005910207088362902
67.6962545999349 0.00592284917517674
67.70239652105629 0.005886100294272788
67.70853844217767 0.005795840186223739
67.71468036329907 0.005648200144331037
67.72082228442045 0.005439594158101045
67.72696420554183 0.005166748530879008
67.73310612666322 0.004826729797637358
67.73924804778461 0.004416970779421397
67.745389968906 0.003935294622132274
67.75153189002738 0.0033799366789961805
67.75767381114878 0.002749564108253029
67.76381573227016 0.0020432930701091106
67.76995765339154 0.0012607034198474185
67.77609957451294 0.0004018508071266317
67.78224149563432 -0.0005327238952209028
67.7883834167557 -0.0015419878961260656
67.7945253378771 -0.002624412574585729
67.80066725899849 -0.0037779723873524423
67.80680918011987 -0.005000146618352388
67.81295110124127 -0.0062879239784372635
67.81909302236265 -0.007637810050425166
67.82523494348403 -0.009045837560733499
67.83137686460543 -0.010507579445265416
67.83751878572681 -0.012018164663723562
67.8436607068482 -0.013572296703096736
67.8498026279696 -0.015164274697712306
67.85594454909098 -0.016788017080126158
67.86208647021236 -0.018437087664137413
67.86822839133376 -0.0201047240484006
67.87437031245514 -0.02178386821663196
67.88051223357652 -0.023467199198187204
67.88665415469791 -0.025147167640875757
67.8927960758193 -0.026816032136471234
67.89893799694069 -0.028465897128345984
67.90507991806207 -0.03008875222024992
67.91122183918347 -0.03167651269536647
67.91736376030485 -0.03322106104567488
67.92350568142624 -0.03471428930326897
67.92964760254763 -0.036148141957727156
67.93578952366902 -0.03751465923707961
67.9419314447904 -0.03880602052435014
67.9480733659118 -0.04001458767715852
67.95421528703318 -0.041132948014618795
67.96035720815456 -0.04215395673373367
67.96649912927596 -0.04307077851675685
67.97264105039734 -0.04387692809169287
67.97878297151873 -0.044566309510201185
67.98492489264012 -0.04513325391073418
67.9910668137615 -0.04557255553983007
67.99720873488289 -0.04587950581106315
68.00335065600429 -0.0460499251892553
68.00949257712567 -0.04608019269716972
68.01563449824705 -0.04596727285298083
68.02177641936845 -0.0457087398593368
68.02791834048983 -0.04530279887871543
68.03406026161122 -0.04474830424494952
68.0402021827326 -0.044044774477211446
68.046344103854 -0.043192403980225294
68.05248602497538 -0.042192071332984506
68.05862794609676 -0.04104534408757507
68.06476986721816 -0.039754480019814784
68.07091178833954 -0.0383224247940363
68.07705370946093 -0.036752806025394526
68.08319563058232 -0.03504992374443881
68.08933755170371 -0.033218737290060044
68.09547947282509 -0.0312648486782431
68.10162139394649 -0.029194482515191692
68.10776331506787 -0.027014462544020835
68.11390523618925 -0.02473218493431063
68.12004715731065 -0.022355588443257312
68.12618907843203 -0.019893121595615813
68.13233099955342 -0.017353707047130816
68.13847292067481 -0.014746703312599191
68.1446148417962 -0.012081864054783155
68.15075676291758 -0.009369295144189934
68.15689868403898 -0.0066194097121830475
68.16304060516036 -0.0038428814307125774
68.16918252628174 -0.0010505962612987558
68.17532444740314 0.00174639707625246
68.18146636852453 0.00453693765881925
68.18760828964591 0.007309803677463839
68.19375021076729 0.010053764253252833
68.19989213188869 0.01275763148586951
68.20603405301007 0.015410312469538334
68.21217597413145 0.0180008610124595
68.21831789525285 0.02051852879889857
68.22445981637424 0.022952815737542293
68.23060173749562 0.025293519245410363
68.23674365861702 0.02753078222344254
68.2428855797384 0.029655139487961387
68.24902750085978 0.03165756243126005
68.25516942198118 0.033529501694522734
68.26131134310256 0.03526292764722038
68.26745326422395 0.03685036847877881
68.27359518534534 0.03828494572064099
68.27973710646673 0.03956040702988549
68.28587902758811 0.040671156079100594
68.2920209487095 0.04161227941121703
68.29816286983089 0.042379570132497595
68.30430479095227 0.04296954833169805
68.31044671207367 0.043379478128540316
68.31658863319505 0.043607381270079945
68.32273055431644 0.04365204720918287
68.32887247543783 0.04351303961516253
68.33501439655922 0.04319069928263532
68.3411563176806 0.04268614342076347
68.34729823880198 0.04200126132128372
68.35344015992338 0.04113870641999189
68.35958208104476 0.040101884782679016
68.36572400216615 0.03889494006280413
68.37186592328754 0.03752273499449168
68.37800784440893 0.0359908295006101
68.38414976553031 0.034305455511737824
68.39029168665171 0.0324734886077471
68.39643360777309 0.030502416609342844
68.40257552889447 0.02840030526222292
68.40871745001587 0.02617576117154191
68.41485937113725 0.023837892158822115
68.42100129225864 0.0213962652274167
68.42714321338003 0.01886086233603343
68.43328513450142 0.016242034192386123
68.4394270556228 0.013550452290826416
68.4455689767442 0.01079705942874586
68.45171089786558 0.007993018946310753
68.45785281898696 0.005149662942793601
68.46399474010836 0.0022784397303149484
68.47013666122974 -0.0006091392081184749
68.47627858235113 -0.003501552484673998
68.48242050347253 -0.006387322021950254
68.48856242459391 -0.009255065940970586
68.49470434571529 -0.012093550845462105
68.50084626683667 -0.014891743227592713
68.50698818795807 -0.017638859723880053
68.51313010907946 -0.02032441595510108
68.51927203020084 -0.022938273691067625
68.52541395132224 -0.025470686089741797
68.53155587244362 -0.02791234077067238
68.537697793565 -0.03025440049482957
68.5438397146864 -0.03248854123654946
68.54998163580778 -0.034606987448600475
68.55612355692917 -0.036602544338025504
68.56226547805056 -0.03846862698829883
68.56840739917195 -0.040199286182523025
68.57454932029333 -0.04178923080252415
68.58069124141473 -0.04323384669965227
68.58683316253611 -0.044529211954851704
68.59297508365749 -0.045672108467771685
68.59911700477889 -0.04666002983719166
68.60525892590027 -0.04749118551778293
68.61140084702166 -0.04816450126087467
68.61754276814305 -0.04867961586928986
68.62368468926444 -0.04903687431837908
68.62982661038582 -0.04923731731680725
68.63596853150722 -0.049282667401311486
68.6421104526286 -0.049175311679450426
68.64825237374998 -0.04891828135307209
68.65439429487137 -0.048515228172744514
68.66053621599276 -0.047970397989632194
68.66667813711415 -0.04728860158610504
68.67282005823553 -0.04647518297969212
68.67896197935693 -0.04553598540675999
68.68510390047831 -0.04447731520245753
68.6912458215997 -0.04330590380198567
68.69738774272109 -0.04202886809514049
68.70352966384247 -0.04065366937130155
68.70967158496386 -0.03918807109563727
68.71581350608525 -0.037640095759342546
68.72195542720664 -0.03601798104718698
68.72809734832802 -0.034330135564650706
68.73423926944942 -0.032585094364558004
68.7403811905708 -0.030791474509374084
68.74652311169218 -0.02895793090037553
68.75266503281358 -0.027093112598858687
68.75880695393496 -0.02520561985739716
68.76494887505635 -0.02330396207110309
68.77109079617775 -0.02139651685000535
68.77723271729913 -0.019491490404005097
68.78337463842051 -0.017596879421622014
68.78951655954191 -0.015720434613007758
68.79565848066329 -0.013869626076431437
68.80180040178467 -0.012051610635847886
68.80794232290606 -0.010273201285325155
68.81408424402746 -0.008540838863949504
68.82022616514884 -0.006860566072611814
68.82636808627022 -0.005238003931667702
68.83251000739162 -0.0036783307660914408
68.838651928513 -0.0021862637922420427
68.84479384963439 -0.0007660433679092399
68.85093577075578 0.0005785800450799464
68.85707769187717 0.0018443561688432776
68.86321961299855 0.0030285424234965277
68.86936153411995 0.00412890865500035
68.87550345524133 0.005143739076778568
68.88164537636271 0.0060718314372330655
68.88778729748411 0.0069124934373331415
68.89392921860549 0.0076655364345095635
68.90007113972688 0.008331266481024231
68.90621306084827 0.008910472756822474
68.91235498196966 0.009404413468678707
68.91849690309104 0.00981479929910517
68.92463882421244 0.010143774500002777
68.93078074533382 0.010393895737429
68.9369226664552 0.01056810880502504
68.9430645875766 0.010669723334555311
68.94920650869798 0.01070238564266615
68.95534842981937 0.010670049863244185
68.96149035094075 0.010576947524598507
68.96763227206215 0.010427555740068928
68.97377419318353 0.01022656418943658
68.97991611430491 0.0099788410766494
68.98605803542631 0.009689398256746662
68.9921999565477 0.009363355731420709
68.99834187766908 0.009005905718268899
69.00448379879047 0.008622276503388577
69.01062571991186 0.008217696290471607
69.01676764103324 0.0077973572618653085
69.02290956215464 0.007366380068120497
69.02905148327602 0.006929778962270845
69.0351934043974 0.0064924277934217504
69.0413353255188 0.00605902707113274
69.04747724664018 0.005634072307510675
69.05361916776157 0.005221823837879026
69.05976108888296 0.004826278313353057
69.06590301000435 0.004451142049629624
69.07204493112573 0.004099806405834747
69.07818685224713 0.0037753253554135236
69.08432877336851 0.003480395397840659
69.0904706944899 0.003217337945473909
69.09661261561129 0.002988084304266253
69.10275453673268 0.0027941633503895504
69.10889645785406 0.002636691987248501
