time TPR_both_B_open_144_rho33
904.7786842338604 0.49733093236070247
904.7848261549818 0.49732973178360335
904.7909680761032 0.4973286047747818
904.7971099972245 0.4973275510306038
904.803251918346 0.49732656918372625
904.8093938394674 0.49732565682803803
904.8155357605888 0.497324810551886
904.8216776817102 0.4973240259793591
904.8278196028315 0.49732329781935025
904.8339615239529 0.49732261992206217
904.8401034450743 0.49732198534258476
904.8462453661957 0.4973213864111194
904.852387287317 0.49732081480938556
904.8585292084384 0.4973202616527066
904.8646711295598 0.49731971757723314
904.8708130506812 0.4973191728317309
904.8769549718027 0.4973186173733264
904.883096892924 0.4973180409665801
904.8892388140454 0.4973174332852355
904.8953807351668 0.4973167840159664
904.9015226562882 0.4973160829634387
904.9076645774096 0.4973153201559857
904.9138064985309 0.49731448595119065
904.9199484196523 0.49731357114066976
904.9260903407737 0.49731256705334587
904.9322322618951 0.4973114656565143
904.9383741830165 0.497310259654007
904.9445161041378 0.4973089425807781
904.9506580252593 0.49730750889325165
904.9567999463807 0.49730595405479244
904.9629418675021 0.4973042746156893
904.9690837886234 0.49730246828706615
904.9752257097448 0.49730053400817303
904.9813676308662 0.4972984720065414
904.9875095519876 0.4972962838505314
904.993651473109 0.4972939724938369
904.9997933942303 0.4972915423115633
905.0059353153517 0.4972889991275378
905.0120772364731 0.4972863502325608
905.0182191575946 0.4972836043933622
905.024361078716 0.49728077185207636
905.0305029998373 0.4972778643161038
905.0366449209587 0.49727489493828647
905.0427868420801 0.4972718782873753
905.0489287632015 0.4972688303088299
905.0550706843229 0.49726576827604313
905.0612126054442 0.49726271073214257
905.0673545265656 0.4972596774225747
905.073496447687 0.49725668921873567
905.0796383688084 0.4972537680329639
905.0857802899299 0.49725093672526366
905.0919222110512 0.4972482190021791
905.0980641321726 0.4972456393082877
905.104206053294 0.49724322271082877
905.1103479744154 0.4972409947780238
905.1164898955367 0.49723898145169215
905.1226318166581 0.49723720891479684
905.1287737377795 0.4972357034545954
905.1349156589009 0.497234491322099
905.1410575800223 0.49723359858857125
905.1471995011436 0.4972330509998223
905.153341422265 0.49723287382907355
905.1594833433865 0.49723309172918073
905.1656252645079 0.4972337285850208
905.1717671856293 0.49723480736684783
905.1779091067506 0.49723634998543087
905.184051027872 0.4972383771497816
905.1901929489934 0.4972409082282764
905.1963348701148 0.4972439611139621
905.2024767912362 0.49724755209482574
905.2086187123575 0.4972516957297836
905.2147606334789 0.49725640473112287
905.2209025546003 0.49726168985410446
905.2270444757218 0.4972675597943979
905.233186396843 0.49727402109399027
905.2393283179645 0.497281078056164
905.2454702390859 0.49728873267010454
905.2516121602073 0.49729698454564397
905.2577540813287 0.4973058308586039
905.26389600245 0.4973152663071467
905.2700379235714 0.49732528307948837
905.2761798446928 0.49733587083327346
905.2823217658142 0.49734701668684966
905.2884636869356 0.4973587052226234
905.2946056080569 0.4973709185026123
905.3007475291784 0.4973836360962536
905.3068894502998 0.4973968351204575
905.3130313714212 0.4974104902918381
905.3191732925426 0.49742457399098566
905.3253152136639 0.4974390563385849
905.3314571347853 0.4974539052831203
905.3375990559067 0.497469086699848
905.3437409770281 0.49748456450065437
905.3498828981494 0.4975003007543648
905.3560248192708 0.49751625581700676
905.3621667403922 0.49753238847148384
905.3683086615137 0.4975486560760576
905.3744505826351 0.49756501472099435
905.3805925037564 0.4975814193926839
905.3867344248778 0.4975978241444987
905.3928763459992 0.4976141822736209
905.3990182671206 0.49763044650303345
905.405160188242 0.4976465691678407
905.4113021093633 0.4976625024050576
905.4174440304847 0.49767819834598365
905.4235859516061 0.49769360931026546
905.4297278727275 0.49770868800073403
905.435869793849 0.4977233876980968
905.4420117149702 0.49773766245456386
905.4481536360917 0.4977514672854846
905.4542955572131 0.4977647583580825
905.4604374783345 0.49777749317638037
905.4665793994558 0.4977896307614314
905.4727213205772 0.4978011318259835
905.4788632416986 0.4978119589427364
905.48500516282 0.4978220767053723
905.4911470839414 0.49783145188158184
905.4972890050627 0.4978400535573353
905.5034309261841 0.4978478532716991
905.5095728473055 0.4978548251415341
905.515714768427 0.49786094597546326
905.5218566895484 0.49786619537654964
905.5279986106697 0.4978705558331747
905.5341405317911 0.4978740127976666
905.5402824529125 0.49787655475228565
905.5464243740339 0.4978781732622359
905.5525662951553 0.4978788630154335
905.5587082162766 0.4978786218488262
905.564850137398 0.4978774507611243
905.5709920585194 0.49787535391186877
905.5771339796408 0.4978723386068282
905.5832759007621 0.49786841526978276
905.5894178218836 0.49786359740081876
905.595559743005 0.4978579015213246
905.6017016641264 0.49785134710594037
905.6078435852478 0.49784395650178026
905.6139855063691 0.49783575483530473
905.6201274274905 0.4978267699072838
905.6262693486119 0.49781703207634426
905.6324112697333 0.49780657413165535
905.6385531908547 0.49779543115535496
905.644695111976 0.49778364037536943
905.6508370330974 0.49777124100932707
905.6569789542189 0.49775827410030404
905.6631208753403 0.49774478234518704
905.6692627964617 0.49773080991646235
905.675404717583 0.49771640227828245
905.6815466387044 0.4977016059976768
905.6876885598258 0.4976864685518041
905.6938304809472 0.4976710381321559
905.6999724020686 0.49765536344663525
905.7061143231899 0.4976394935204435
905.7122562443113 0.49762347749670977
905.7183981654327 0.49760736443779735
905.7245400865542 0.497591203128215
905.7306820076755 0.49757504188005136
905.7368239287969 0.4975589283418315
905.7429658499183 0.4975429093116813
905.7491077710397 0.4975270305556529
905.7552496921611 0.4975113366320429
905.7613916132824 0.49749587072249796
905.7675335344038 0.4974806744706649
905.7736754555252 0.4974657878291069
905.7798173766466 0.49745124891515646
905.785959297768 0.4974370938763337
905.7921012188893 0.497423356765904
905.7982431400108 0.4974100694290992
905.8043850611322 0.4973972614004678
905.8105269822536 0.49738495981276126
905.816668903375 0.4973731893177084
905.8228108244963 0.497361972018961
905.8289527456177 0.49735132741743665
905.8350946667391 0.4973412723692186
905.8412365878605 0.4973318210561093
905.8473785089818 0.4973229849688687
905.8535204301032 0.4973147729031043
905.8596623512246 0.497307190967718
905.865804272346 0.49730024260574857
905.8719461934675 0.49729392862738947
905.8780881145888 0.49728824725489984
905.8842300357102 0.49728319417906686
905.8903719568316 0.4972787626268261
905.896513877953 0.49727494343958456
905.9026557990744 0.4972717251617466
905.9087977201957 0.49726909413889114
905.9149396413171 0.4972670346250029
905.9210815624385 0.49726552889812015
905.9272234835599 0.4972645573837223
905.9333654046814 0.49726409878514555
905.9395073258027 0.4972641302202861
905.9456492469241 0.49726462736382043
905.9517911680455 0.4972655645941558
905.9579330891669 0.49726691514429977
905.9640750102882 0.4972686512558285
905.9702169314096 0.4972707443351234
905.976358852531 0.49727316511104086
905.9825007736524 0.4972758837931785
905.9886426947738 0.4972788702299119
905.9947846158951 0.4972820940653732
906.0009265370165 0.4972855248945691
906.007068458138 0.4972891324158446
906.0132103792594 0.49729288657992193
906.0193523003808 0.49729675773477366
906.0254942215021 0.4973007167656124
906.0316361426235 0.4973047352293175
906.0377780637449 0.4973087854826542
906.0439199848663 0.49731284080367844
906.0500619059877 0.4973168755057651
906.056203827109 0.4973208650437455
906.0623457482304 0.49732478611168235
906.0684876693518 0.4973286167318654
906.0746295904733 0.49733233633466084
906.0807715115945 0.4973359258289034
906.086913432716 0.497339367662573
906.0930553538374 0.4973426458735559
906.0991972749588 0.497345746130348
906.1053391960802 0.4973486557626122
906.1114811172015 0.4973513637815632
906.1176230383229 0.49735386089020905
906.1237649594443 0.49735613948353447
906.1299068805657 0.49735819363876993
906.1360488016871 0.4973600190959424
906.1421907228084 0.4973616132289586
906.1483326439298 0.49736297500752685
906.1544745650513 0.4973641049502644
906.1606164861727 0.49736500506939774
906.1667584072941 0.49736567880749527
906.1729003284154 0.49736613096672444
906.1790422495368 0.49736636763115927
906.1851841706582 0.49736639608270167
906.1913260917796 0.49736622471121456
906.1974680129009 0.49736586291949053
906.2036099340223 0.4973653210237088
906.2097518551437 0.4973646101500538
906.2158937762651 0.4973637421281854
906.2220356973866 0.4973627293822657
906.2281776185079 0.4973615848202571
906.2343195396293 0.49736032172221056
906.2404614607507 0.49735895362826466
906.2466033818721 0.4973574942270746
906.2527453029935 0.4973559572453811
906.2588872241148 0.4973543563394181
906.2650291452362 0.497352704988844
906.2711710663576 0.4973510163938627
906.277312987479 0.49734930337617256
906.2834549086004 0.49734757828436243
906.2895968297217 0.4973458529043369
906.2957387508432 0.4973441383753217
906.3018806719646 0.4973424451119634
906.308022593086 0.4973407827329988
906.3141645142074 0.49733915999692274
906.3203064353287 0.4973375847450426
906.3264483564501 0.49733606385225804
906.3325902775715 0.49733460318585554
906.3387321986929 0.4973332075725568
906.3448741198142 0.497331880774007
906.3510160409356 0.4973306254708373
906.357157962057 0.4973294432553797
906.3632998831785 0.4973283346330607
906.3694418042999 0.49732729903244094
906.3755837254212 0.4973263348238203
906.3817256465426 0.49732543934626816
906.387867567664 0.49732460894288727
906.3940094887854 0.49732383900407157
906.4001514099068 0.49732312401846057
906.4062933310281 0.49732245763125166
906.4124352521495 0.4973218327094791
906.4185771732709 0.49732124141383016
906.4247190943923 0.4973206752765193
906.4308610155138 0.49732012528471115
906.437002936635 0.49731958196894027
906.4431448577565 0.4973190354959451
906.4492867788779 0.4973184757653068
906.4554286999993 0.49731789250925307
906.4615706211206 0.4973172753949702
906.467712542242 0.4973166141287448
906.4738544633634 0.49731589856124403
906.4799963844848 0.49731511879323437
906.4861383056062 0.4973142652810309
906.4922802267275 0.4973133289409691
906.4984221478489 0.49731230125219145
906.5045640689704 0.4973111743570527
906.5107059900918 0.4973099411584527
906.5168479112132 0.4973085954134227
906.5229898323345 0.49730713182231323
906.5291317534559 0.497305546112949
906.5352736745773 0.49730383511914816
906.5414155956987 0.49730199685302784
906.5475575168201 0.49730003057055805
906.5536994379414 0.49729793682985857
906.5598413590628 0.49729571754177326
906.5659832801842 0.4972933760123039
906.5721252013057 0.4972909169765252
906.578267122427 0.497288346623656
906.5844090435484 0.49728567261300705
906.5905509646698 0.4972829040805824
906.5966928857912 0.4972800516361609
906.6028348069126 0.4972771273507413
906.6089767280339 0.49727414473428994
906.6151186491553 0.49727111870378643
906.6212605702767 0.4972680655416173
906.6274024913981 0.4972650028444295
906.6335444125195 0.49726194946260477
906.6396863336408 0.49725892543058003
906.6458282547623 0.49725595188828636
906.6519701758837 0.4972530509940373
906.6581120970051 0.49725024582924926
906.6642540181265 0.49724756029542466
906.6703959392478 0.49724501900387885
906.6765378603692 0.4972426471587373
906.6826797814906 0.4972404704337728
906.688821702612 0.4972385148436914
906.6949636237333 0.4972368066105159
906.7011055448547 0.4972353720257462
906.7072474659761 0.4972342373090089
906.7133893870975 0.4972334284639335
906.719531308219 0.49723297113201576
906.7256732293403 0.4972328904452466
906.7318151504617 0.4972332108783022
906.7379570715831 0.49723395610109583
906.7440989927045 0.49723514883250364
906.7502409138259 0.49723681069607434
906.7563828349472 0.4972389620785308
906.7625247560686 0.4972416219918636
906.76866667719 0.4972448079398065
906.7748085983114 0.497248535789465
906.7809505194328 0.4972528196488511
906.7870924405541 0.4972576717510505
906.7932343616756 0.49726310234572135
906.799376282797 0.49726911959858944
906.8055182039184 0.4972757294995691
906.8116601250397 0.4972829357800994
906.8178020461611 0.49729073984023847
906.8239439672825 0.4972991406860165
906.8300858884039 0.4973081348774938
906.8362278095253 0.4973177164879226
906.8423697306466 0.4973278770743483
906.848511651768 0.49733860565993976
906.8546535728894 0.4973498887282699
906.8607954940109 0.4973617102297116
906.8669374151323 0.4973740516000516
906.8730793362536 0.4973868917913627
906.879221257375 0.49740020731511153
906.8853631784964 0.49741397229741396
906.8915050996178 0.49742815854629013
906.8976470207392 0.4974427356307064
906.9037889418605 0.4974576709711294
906.9099308629819 0.49747292994125747
906.9160727841033 0.4974884759805349
906.9222147052247 0.49750427071699793
906.9283566263462 0.4975202740999446
906.9344985474675 0.49753644454186685
906.9406404685889 0.4975527390690378
906.9467823897103 0.49756911348009264
906.9529243108317 0.49758552251190213
906.959066231953 0.4976019200119976
906.9652081530744 0.49761825911676644
906.9713500741958 0.4976344924346039
906.9774919953172 0.49765057223318304
906.9836339164386 0.4976664506299734
906.9897758375599 0.49768207978512213
906.9959177586813 0.4976974120957958
907.0020596798028 0.4977124003910679
907.0082016009242 0.4977269981264312
907.0143435220456 0.4977411595770122
907.0204854431669 0.49775484002856885
907.0266273642883 0.49776799596535565
907.0327692854097 0.49778058525395935
907.0389112065311 0.4977925673222178
907.0450531276525 0.4978039033323618
907.0511950487738 0.4978145563475393
907.0573369698952 0.4978244914909182
907.0634788910166 0.497833676096591
907.069620812138 0.4978420798515475
907.0757627332594 0.49784967492802146
907.0819046543808 0.49785643610556113
907.0880465755022 0.4978623408822265
907.0941884966236 0.49786736957436156
907.100330417745 0.49787150540445063
907.1064723388663 0.4978747345766204
907.1126142599877 0.4978770463394106
907.1187561811091 0.49787843303549734
907.1248981022305 0.4978788901381159
907.1310400233519 0.4978784162739945
907.1371819444732 0.4978770132326724
907.1433238655947 0.49787468596215023
907.1494657867161 0.49787144255087407
907.1556077078375 0.4978672941961338
907.1617496289589 0.49786225515901233
907.1678915500802 0.4978563427060937
907.1740334712016 0.49784957703819893
907.180175392323 0.4978419812064825
907.1863173134444 0.4978335810162847
907.1924592345657 0.4978244049191909
907.1986011556871 0.49781448389381083
907.2047430768085 0.4978038513158402
907.21088499793 0.4977925428180224
907.2170269190514 0.49778059614067455
907.2231688401727 0.4977680509734876
907.2293107612941 0.4977549487893522
907.2354526824155 0.49774133267100057
907.2415946035369 0.4977272471312843
907.2477365246583 0.4977127379279437
907.2538784457796 0.4976978518737458
907.260020366901 0.49768263664288726
907.2661622880224 0.49766714057458006
907.2723042091438 0.4976514124747447
907.2784461302653 0.4976355014167453
907.2845880513865 0.4976194565420997
907.290729972508 0.49760332686210196
907.2968718936294 0.497587161061278
907.3030138147508 0.49757100730359144
907.3091557358721 0.4975549130422966
907.3152976569935 0.49753892483431267
907.3214395781149 0.4975230881599713
907.3275814992363 0.49750744724895873
907.3337234203577 0.4974920449132367
907.339865341479 0.49747692238769514
907.3460072626004 0.49746211917923994
907.3521491837218 0.4974476729249811
907.3582911048433 0.4974336192601331
907.3644330259647 0.4974199916961929
907.370574947086 0.49740682150990073
907.3767168682074 0.4973941376434387
907.3828587893288 0.4973819666162592
907.3890007104502 0.49737033244887713
907.3951426315716 0.49735925659889657
907.4012845526929 0.4973487579094804
907.4074264738143 0.4973388525704068
907.4135683949357 0.49732955409179375
907.4197103160571 0.4973208732905054
907.4258522371784 0.4973128182891938
907.4319941582999 0.4973053945278614
907.4381360794213 0.49729860478777044
907.4442780005427 0.49729244922746263
907.4504199216641 0.49728692543059255
907.4565618427854 0.49728202846521935
907.4627037639068 0.49727775095414595
907.4688456850282 0.4972740831558426
907.4749876061496 0.4972710130554391
907.481129527271 0.4972685264652226
907.4872714483923 0.49726660713403553
907.4934133695137 0.4972652368649214
907.4995552906352 0.4972643956403392
907.5056972117566 0.4972640617542202
907.511839132878 0.497264211950124
907.5179810539993 0.49726482156471635
907.5241229751207 0.49726586467577544
907.5302648962421 0.4972673142539135
907.5364068173635 0.4972691423171905
907.5425487384849 0.4972713200877876
907.5486906596062 0.4972738181499037
907.5548325807276 0.4972766066080426
907.560974501849 0.49727965524486095
907.5671164229705 0.49728293367775744
907.5732583440918 0.49728641151340114
907.5794002652132 0.4972900584994088
907.5855421863346 0.4972938446724124
907.591684107456 0.4972977405017761
907.5978260285774 0.4973017170282588
907.6039679496987 0.49730574599694666
907.6101098708201 0.49730979998382496
907.6162517919415 0.49731385251538857
907.6223937130629 0.49731787818074563
907.6285356341843 0.4973218527357047
907.6346775553056 0.49732575319839356
907.640819476427 0.4973295579359996
907.6469613975485 0.4973332467422824
907.6531033186699 0.4973368009055589
907.6592452397913 0.4973402032669174
907.6653871609126 0.4973434382684764
907.671529082034 0.4973464919915556
907.6776710031554 0.497349352184692
907.6838129242768 0.4973520082814835
907.6899548453981 0.4973544514083052
907.6960967665195 0.4973566743819989
907.7022386876409 0.497358671697692
907.7083806087624 0.49736043950695574
907.7145225298838 0.49736197558656803
907.7206644510051 0.49736327929819574
907.7268063721265 0.49736435153936254
907.7329482932479 0.4973651946861118
907.7390902143693 0.4973658125278249
907.7452321354907 0.49736621019468885
907.751374056612 0.4973663940783534
907.7575159777334 0.4973663717463487
907.7636578988548 0.4973661518508665
907.7697998199762 0.4973657440325399
907.7759417410977 0.4973651588198766
907.782083662219 0.4973644075250241
907.7882255833404 0.4973635021365641
907.7943675044618 0.4973624552100389
907.8005094255832 0.49736127975692956
907.8066513467045 0.4973599891328043
907.8127932678259 0.49735859692535833
907.8189351889473 0.4973571168430613
907.8250771100687 0.49735556260512037
907.8312190311901 0.4973539478334564
907.8373609523114 0.4973522859473704
907.8435028734328 0.49735059006156207
907.8496447945543 0.4973488728881352
907.8557867156757 0.49734714664319624
907.8619286367971 0.497345422958625
907.8680705579184 0.49734371279955664
907.8742124790398 0.49734202638808117
907.8803544001612 0.49734037313362395
907.8864963212826 0.4973387615704251
907.892638242404 0.49733719930249604
907.8987801635253 0.49733569295637753
907.9049220846467 0.49733424814197696
907.9110640057681 0.49733286942171184
907.9172059268896 0.49733156028813097
907.9233478480108 0.4973303231501347
907.9294897691323 0.4973291593278595
907.9356316902537 0.4973280690562377
907.9417736113751 0.4973270514971886
907.9479155324965 0.497326104760345
907.9540574536178 0.49732522593216183
907.9601993747392 0.4973244111132034
907.9663412958606 0.49732365546335433
907.972483216982 0.49732295325464776
907.9786251381034 0.4973222979313574
907.9847670592247 0.4973216821769528
907.9909089803461 0.49732109798747653
907.9970509014676 0.49732053675085497
908.003192822589 0.4973199893316232
908.0093347437104 0.49731944616050433
908.0154766648317 0.497318897328253
908.0216185859531 0.4973183326831458
908.0277605070745 0.49731774193147554
908.0339024281959 0.4973171147403837
908.0400443493172 0.4973164408423527
908.0461862704386 0.4973157101406622
908.05232819156 0.497314912815106
908.0584701126814 0.49731403942726365
908.0646120338029 0.49731308102461724
908.0707539549242 0.4973120292428081
908.0768958760456 0.4973108764053372
908.083037797167 0.4973096156200242
908.0891797182884 0.4973082408715548
908.0953216394098 0.49730674710946843
908.1014635605311 0.4973051303309606
908.1076054816525 0.4973033876578998
908.1137474027739 0.49730151740749623
908.1198893238953 0.4972995191560862
908.1260312450167 0.49729739379553994
908.132173166138 0.4972951435818396
908.1383150872595 0.49729277217541584
908.1444570083809 0.4972902846728811
908.1505989295023 0.4972876876298435
908.1567408506237 0.49728498907453794
908.162882771745 0.4972821985120604
908.1690246928664 0.49727932691905
908.1751666139878 0.497276386728713
908.1813085351092 0.49727339180614316
908.1874504562305 0.4972703574139472
908.1935923773519 0.4972673001682414
908.1997342984733 0.49726423798514235
908.2058762195948 0.49726119001793034
908.2120181407162 0.49725817658512106
908.2181600618375 0.4972552190897334
908.2243019829589 0.4972523399300997
908.2304439040803 0.4972495624026074
908.2365858252017 0.49724691059682247
908.2427277463231 0.4972444092834825
908.2488696674444 0.49724208379589874
908.2550115885658 0.49723995990534736
908.2611535096872 0.49723806369106666
908.2672954308086 0.497236421405521
908.27343735193 0.49723505933561435
908.2795792730514 0.49723400366057763
908.2857211941728 0.497233280307269
908.2918631152942 0.4972329148036544
908.2980050364156 0.4972329321312533
908.3041469575369 0.49723335657734224
908.3102888786583 0.49723421158772446
908.3164307997797 0.4972355196208767
908.3225727209011 0.49723730200427974
908.3287146420225 0.49723957879374403
908.3348565631438 0.49724236863652593
908.3409984842652 0.49724568863901875
908.3471404053867 0.497249554239789
908.3532823265081 0.49725397908870167
908.3594242476295 0.4972589749328563
908.3655661687508 0.49726455151002374
908.3717080898722 0.4972707164502402
908.3778500109936 0.4972774751861789
908.383991932115 0.49728483087287584
908.3901338532364 0.49729278431734436
908.3962757743577 0.49730133391856446
908.4024176954791 0.4973104756182815
908.4085596166005 0.4973202028629983
908.414701537722 0.497330506577484
908.4208434588433 0.49734137515007415
908.4269853799647 0.49735279442996594
908.4331273010861 0.4973647477366617
908.4392692222075 0.49737721588164685
908.4454111433289 0.4973901772023247
908.4515530644502 0.4974036076081723
908.4576949855716 0.4974174806390118
908.463836906693 0.4974317675352349
908.4699788278144 0.49744643731975063
908.4761207489358 0.4974614568913679
908.4822626700571 0.49747679112926163
908.4884045911786 0.4974924030081144
908.4945465123 0.49750825372346824
908.5006884334214 0.4975243028267645
908.5068303545428 0.4975405083694996
908.5129722756641 0.4975568270558723
908.5191141967855 0.49757321440325736
908.5252561179069 0.497589624909787
908.5313980390283 0.49760601222829287
908.5375399601496 0.4976223293458182
908.543681881271 0.4976385287678795
908.5498238023924 0.49765456270663033
908.5559657235139 0.4976703832720541
908.5621076446353 0.49768594266529653
908.5682495657566 0.4977011933732289
908.574391486878 0.49771608836332915
908.5805334079994 0.4977305812779553
908.5866753291208 0.49774462662709285
908.5928172502422 0.49775817997865335
908.5989591713635 0.4977711981454167
908.6051010924849 0.49778363936772035
908.6112430136063 0.4977954634910126
908.6173849347277 0.49780663213741816
908.6235268558491 0.49781710887048136
908.6296687769704 0.49782685935229065
908.6358106980919 0.49783585149221743
908.6419526192133 0.4978440555865456
908.6480945403347 0.49785144444830826
908.6542364614561 0.49785799352669446
908.6603783825774 0.49786368101543865
908.6665203036988 0.4978684879496593
908.6726622248202 0.4978723982906641
908.6788041459416 0.49787539899830313
908.6849460670629 0.4978774800905043
908.6910879881843 0.4978786346896932
908.6972299093057 0.49787885905585844
908.7033718304272 0.4978781526060908
908.7095137515486 0.49787651792048726
908.7156556726699 0.49787396073438134
908.7217975937913 0.4978704899169209
908.7279395149127 0.4978661174360888
908.7340814360341 0.4978608583103202
908.7402233571555 0.4978547305469388
908.7463652782768 0.49784775506770096
908.7525071993982 0.49783995562179023
908.7586491205196 0.49783135868667705
908.764791041641 0.4978219933573089
908.7709329627625 0.49781189122415415
908.7770748838838 0.4978010862406793
908.7832168050052 0.49778961458088766
908.7893587261266 0.49777751448759555
908.795500647248 0.49776482611216727
908.8016425683693 0.49775159134646924
908.8077844894907 0.49773785364784207
908.8139264106121 0.4977236578579212
908.8200683317335 0.4977090500161648
908.8262102528549 0.4976940771689724
908.8323521739762 0.49767878717529823
908.8384940950976 0.4976632285096763
908.844636016219 0.4976474500635863
908.8507779373405 0.49763150094609376
908.8569198584619 0.49761543028470334
908.8630617795832 0.49759928702735073
908.8692037007046 0.4975831197464624
908.875345621826 0.4975669764459892
908.8814875429474 0.4975509043723084
908.8876294640688 0.4975349498298627
908.8937713851901 0.49751915800238106
908.8999133063115 0.4975035727804924
908.906055227433 0.49748823659651203
908.9121971485544 0.4974731902671371
908.9183390696757 0.49745847284475025
908.9244809907971 0.49744412147797973
908.9306229119185 0.4974301712821185
908.9367648330399 0.49741665521995254
908.9429067541613 0.4974036039934908
908.9490486752826 0.4973910459470371
908.955190596404 0.49737900698198
908.9613325175254 0.49736751048362154
908.9674744386468 0.49735657726029636
908.9736163597682 0.4973462254949786
908.9797582808895 0.4973364707094987
908.985900202011 0.4973273257414409
908.9920421231324 0.4973188007337147
908.9981840442538 0.4973109031367401
909.0043259653752 0.4973036377231151
909.0104678864965 0.4972970066145782
909.0166098076179 0.49729100932101084
909.0227517287393 0.49728564279117127
909.0288936498607 0.49728090147478815
909.035035570982 0.49727677739559245
909.0411774921034 0.49727326023480745
909.0473194132248 0.4972703374245723
909.0534613343463 0.49726799425072327
909.0596032554677 0.4972662139643159
909.065745176589 0.4972649779012295
909.0718870977104 0.4972642656091591
909.0780290188318 0.49726405498126974
909.0841709399532 0.4972643223957559
909.0903128610746 0.4972650428605268
909.0964547821959 0.49726619016221807
909.1025967033173 0.49726773701871396
909.1087386244387 0.49726965523435485
909.1148805455601 0.4972719158569935
909.1210224666816 0.4972744893360691
909.1271643878028 0.49727734568086074
909.1333063089243 0.4972804546180968
909.1394482300457 0.4972837857481051
909.1455901511671 0.4972873086986995
909.1517320722884 0.4972909932760273
909.1578739934098 0.49729480961161526
909.1640159145312 0.49729872830488947
909.1701578356526 0.4973027205604658
909.176299756774 0.4973067583195517
909.1824416778953 0.4973108143848301
909.1885835990167 0.4973148625382445
909.1947255201381 0.49731887765114313
909.2008674412596 0.49732283578629066
909.207009362381 0.4973267142913024
909.2131512835023 0.4973304918831096
909.2192932046237 0.49733414872311565
909.2254351257451 0.4973376664827586
909.2315770468665 0.4973410283992525
909.2377189679879 0.4973442193213334
909.2438608891092 0.4973472257448964
909.2500028102306 0.497350035838468
909.256144731352 0.49735263945851005
909.2622866524734 0.49735502815462007
909.2684285735947 0.4973571951647347
909.2745704947162 0.4973591354005116
909.2807124158376 0.49736084542311276
909.286854336959 0.4973623234096652
909.2929962580804 0.49736356911072843
909.2991381792017 0.49736458379914583
909.3052801003231 0.4973653702107022
909.3114220214445 0.49736593247705563
909.3175639425659 0.4973662760514508
909.3237058636873 0.4973664076277621
909.3298477848086 0.49736633505344285
909.33598970593 0.497366067236997
909.3421316270515 0.49736561405060925
909.3482735481729 0.4973649862285974
909.3544154692943 0.49736419526236897
909.3605573904156 0.49736325329258163
909.366699311537 0.49736217299921537
909.3728412326584 0.49736096749027553
909.3789831537798 0.4973596501898469
909.3851250749012 0.49735823472621826
909.3912669960225 0.4973567348207927
909.3974089171439 0.49735516417848946
909.4035508382653 0.4973535363803296
909.4096927593868 0.4973518647788794
909.415834680508 0.49735016239720736
909.4219766016295 0.49734844183198196
909.4281185227509 0.49734671516131024
909.4342604438723 0.4973449938578873
909.4404023649937 0.4973432887079869
909.446544286115 0.4973416097367896
909.4526862072364 0.49733996614049913
909.4588281283578 0.49733836622565947
909.4649700494792 0.49733681735603197
909.4711119706006 0.49733532590734986
909.477253891722 0.4973338972302121
909.4833958128434 0.4973325356213326
909.4895377339648 0.4973312443033023
909.4956796550862 0.4973300254129713
909.5018215762076 0.49732887999850267
909.5079634973289 0.497327808025097
909.5141054184503 0.49732680838932875
909.5202473395717 0.4973258789419839
909.5263892606931 0.49732501651923466
909.5325311818144 0.49732421698193396
909.5386731029358 0.4973234752627606
909.5448150240572 0.4973227854208991
909.5509569451787 0.49732214070388603
909.5570988663001 0.4973215336162151
909.5632407874214 0.4973209559942435
909.5693827085428 0.49732039908690756
909.5755246296642 0.49731985364171455
909.5816665507856 0.4973193099954442
909.587808471907 0.4973187581689637
909.5939503930283 0.4973181879655293
909.6000923141497 0.4973175890719289
909.6062342352711 0.49731695116179364
909.6123761563925 0.4973162640003966
909.618518077514 0.4973155175502398
909.6246599986353 0.4973147020767278
909.6308019197567 0.4973138082532152
909.6369438408781 0.4973128272647258
909.6430857619995 0.49731175090963353
909.6492276831208 0.4973105716986175
909.6553696042422 0.497309282950205
909.6615115253636 0.4973078788822384
909.667653446485 0.49730635469862433
909.6737953676064 0.49730470667074483
909.6799372887277 0.49730293221293903
909.6860792098491 0.4973010299514984
909.6922211309706 0.4972989997866531
909.698363052092 0.49729684294706267
909.7045049732134 0.49729456203636985
909.7106468943347 0.49729216107141916
909.7167888154561 0.4972896455117879
909.7229307365775 0.4972870222803269
909.7290726576989 0.4972842997744599
909.7352145788203 0.4972814878680434
909.7413564999416 0.4972785979036408
909.747498421063 0.49727564267512336
909.7536403421844 0.49727263640056346
909.7597822633059 0.49726959468544435
909.7659241844271 0.49726653447626673
909.7720661055486 0.4972634740046887
909.77820802667 0.49726043272239195
909.7843499477914 0.49725743122692306
909.7904918689128 0.4972544911788134
909.7966337900341 0.49725163521033233
909.8027757111555 0.4972488868262815
909.8089176322769 0.4972462702972876
909.8150595533983 0.49724381054609484
909.8212014745197 0.49724153302740975
909.827343395641 0.49723946360188276
909.8334853167624 0.49723762840486074
909.8396272378839 0.4972360537105712
909.8457691590053 0.4972347657924373
909.8519110801267 0.4972337907802463
909.858053001248 0.49723315451492345
909.8641949223694 0.4972328824016798
909.8703368434908 0.4972329992623214
909.8764787646122 0.49723352918751923
909.8826206857336 0.4972344953898477
909.8887626068549 0.49723592005839967
909.8949045279763 0.4972378242157923
909.9010464490977 0.49724022757836517
909.9071883702192 0.4972431484203666
909.9133302913405 0.4972466034429109
909.9194722124619 0.4972506076484673
909.9256141335833 0.4972551742216213
909.9317560547047 0.497260314416823
909.9378979758261 0.4972660374538025
909.9440398969474 0.4972723504213021
909.9501818180688 0.49727925818973373
909.9563237391902 0.49728676333332916
909.9624656603116 0.497294866062304
909.968607581433 0.4973035641655113
909.9747495025543 0.4973128529640044
909.9808914236758 0.49732272527587923
909.9870333447972 0.49733317139270977
909.9931752659186 0.49734417906782746
909.99931718704 0.49735573351664414
910.0054591081613 0.4973678174291465
910.0116010292827 0.4973804109946394
910.0177429504041 0.49739349193874194
910.0238848715255 0.49740703557258426
910.0300267926468 0.4974210148540852
910.0361687137682 0.4974354004611308
910.0423106348896 0.49745016087641153
910.0484525560111 0.4974652624836092
910.0545944771325 0.4974806696745738
910.0607363982538 0.4974963449670637
910.0668783193752 0.4975122491325692
910.0730202404966 0.49752834133368806
910.079162161618 0.49754457927046414
910.0853040827394 0.4975609193350558
910.0914460038607 0.49757731677405465
910.0975879249821 0.49759372585772954
910.1037298461035 0.4976101000554358
910.109871767225 0.49762639221639343
910.1160136883464 0.4976425547550044
910.1221556094677 0.4976585398398563
910.1282975305891 0.4976742995855349
910.1344394517105 0.4976897862463485
910.1405813728319 0.4977049524110582
910.1467232939532 0.49771975119769235
910.1528652150746 0.4977341364475262
910.159007136196 0.49774806291730145
910.1651490573174 0.49776148646877205
910.1712909784388 0.49777436425466626
910.1774328995601 0.49778665490017243
910.1835748206815 0.49779831867907653
910.189716741803 0.4978093176836978
910.1958586629244 0.4978196159878008
910.2020005840458 0.4978291798016942
910.2081425051671 0.4978379776187587
910.2142844262885 0.49784598035269007
910.2204263474099 0.49785316146478686
910.2265682685313 0.4978594970806552
910.2327101896527 0.49786496609575936
910.238852110774 0.49786955026929425
910.2449940318954 0.49787323430591507
910.2511359530168 0.4978760059249175
910.2572778741383 0.49787785591652
910.2634197952596 0.49787877818496523
910.269561716381 0.49787876977821693
910.2757036375024 0.4978778309040976
910.2818455586238 0.49787596493277625
910.2879874797452 0.4978731783855796
910.2941294008665 0.4978694809101706
910.3002713219879 0.4978648852422003
910.3064132431093 0.4978594071536065
910.3125551642307 0.4978530653877981
910.3186970853521 0.4978458815820262
910.3248390064734 0.49783788017730496
910.3309809275949 0.4978290883163074
910.3371228487163 0.4978195357297174
910.3432647698377 0.4978092546115764
910.3494066909591 0.49779827948421435
910.3555486120804 0.4977866470534085
910.3616905332018 0.4977743960544541
910.3678324543232 0.49776156708988206
910.3739743754446 0.49774820245959084
910.3801162965659 0.497734345984202
910.3862582176873 0.49772004282247606
910.3924001388087 0.4977053392836541
910.3985420599302 0.4976902826356149
910.4046839810516 0.49767492090975496
910.4108259021729 0.49765930270351055
910.4169678232943 0.4976434769814558
910.4231097444157 0.49762749287590763
910.4292516655371 0.4976113994879763
910.4353935866585 0.49759524568998903
910.4415355077798 0.4975790799302078
910.4476774289012 0.49756295004074785
910.4538193500226 0.4975469030495828
910.459961271144 0.4975309849975015
910.4661031922655 0.49751524076085163
910.4722451133867 0.4974997138808761
910.4783870345082 0.49748444640040823
910.4845289556296 0.49746947870865593
910.490670876751 0.4974548493947606
910.4968127978724 0.4974405951107671
910.5029547189937 0.49742675044459633
910.5090966401151 0.49741334780355423
910.5152385612365 0.4974004173088589
910.5213804823579 0.49738798670160844
910.5275224034792 0.4973760812605534
910.5336643246006 0.49736472373197643
910.539806245722 0.4973539342719183
910.5459481668435 0.4973437304009266
910.5520900879649 0.4973341269714411
910.5582320090862 0.4973251361478605
910.5643739302076 0.49731676739927677
910.570515851329 0.49730902750479533
910.5766577724504 0.49730192057129646
910.5827996935718 0.4972954480634339
910.5889416146931 0.4972896088456017
910.5950835358145 0.49728439923554424
910.6012254569359 0.4972798130692273
910.6073673780573 0.49727584177652984
910.6135092991788 0.4972724744672703
910.6196512203 0.4972696980270239
910.6257931414215 0.4972674972221495
910.6319350625429 0.49726585481339486
910.6380769836643 0.4972647516774146
910.6442189047856 0.49726416693549746
910.650360825907 0.4972640780887687
910.6565027470284 0.4972644611591041
910.6626446681498 0.49726529083497345
910.6687865892712 0.4972665406214067
910.6749285103925 0.4972681829932648
910.681070431514 0.4972701895509882
910.6872123526354 0.4972725311779857
910.6933542737568 0.4972751781988311
910.6994961948782 0.4972781005374332
910.7056381159995 0.4972812678743563
910.7117800371209 0.49728464980247794
910.7179219582423 0.4972882159801895
910.7240638793637 0.4972919362813617
910.7302058004851 0.497295780941328
910.7363477216064 0.4972997206981595
910.7424896427278 0.49730372692854546
910.7486315638492 0.4973077717776219
910.7547734849707 0.49731182828213416
910.760915406092 0.49731587048636033
910.7670573272134 0.4973198735502673
910.7731992483348 0.4973238138494168
910.7793411694562 0.497327669066193
910.7854830905776 0.4973314182719692
910.7916250116989 0.49733504199989115
910.7977669328203 0.4973385223080033
910.8039088539417 0.49734184283250493
910.8100507750631 0.49734498883097705
910.8161926961845 0.49734794721548253
910.8223346173058 0.49735070657549285
910.8284765384273 0.49735325719065926
910.8346184595487 0.49735559103350047
910.8407603806701 0.4973577017621331
910.8469023017915 0.4973595847032308
910.8530442229128 0.49736123682544797
910.8591861440342 0.49736265670360064
910.8653280651556 0.4973638444739423
910.871469986277 0.49736480178092496
910.8776119073983 0.4973655317158803
910.8837538285197 0.49736603874809776
910.8898957496411 0.4973663286488173
910.8960376707626 0.4973664084086934
910.902179591884 0.497366286149317
910.9083215130053 0.4973659710294154
910.9144634341267 0.4973654731463749
910.9206053552481 0.49736480343375505
910.9267472763695 0.4973639735554792
910.9328891974909 0.49736299579740745
910.9390311186122 0.4973618829569978
910.9451730397336 0.4973606482317799
910.951314960855 0.49735930510735915
910.9574568819764 0.49735786724567144
910.9635988030979 0.49735634837420006
910.9697407242192 0.4973547621768597
910.9758826453406 0.49735312218723315
910.982024566462 0.4973514416848344
910.9881664875834 0.4973497335950412
910.9943084087047 0.4973480103933235
911.0004503298261 0.4973462840143586
911.0065922509475 0.4973445657665913
911.0127341720689 0.497342866252765
911.0188760931903 0.4973411952969051
911.0250180143116 0.49733956187820044
911.031159935433 0.49733797407217667
911.0373018565544 0.49733643899951596
911.0434437776759 0.4973349627828236
911.0495856987973 0.49733355051159256
911.0557276199186 0.49733220621556806
