time TPR_both_B_open_1_rho33
0.0 0.0
0.00614192112138767 2.767773690677419e-09
0.01228384224277534 2.2027836630446127e-08
0.01842576336416301 7.390935596100456e-08
0.02456768448555068 1.7405000654601416e-07
0.030709605606938348 3.374947581551087e-07
0.03685152672832602 5.785993901325105e-07
0.042993447849713685 9.109394553515302e-07
0.04913536897110136 1.3472253729337536e-06
0.05527729009248903 1.8992242821662397e-06
0.061419211213876695 2.577689238612173e-06
0.06756113233526437 3.3922962779430493e-06
0.07370305345665204 4.351589813916223e-06
0.07984497457803971 5.462936774600283e-06
0.08598689569942737 6.732489815855912e-06
0.09212881682081504 8.165159883676338e-06
0.09827073794220272 9.764598327761067e-06
0.10441265906359039 1.1533188698135145e-05
0.11055458018497806 1.3472048285239816e-05
0.11669650130636572 1.558103939222092e-05
0.12283842242775339 1.7858790256643683e-05
0.12898034354914106 2.0302725468079348e-05
0.13512226467052874 2.2909105658447852e-05
0.1412641857919164 2.567307617415971e-05
0.14740610691330408 2.858872437346425e-05
0.15354802803469175 3.164914512944803e-05
0.15968994915607942 3.484651405928469e-05
0.16583187027746707 3.817216794403871e-05
0.17197379139885474 4.161669175096796e-05
0.17811571252024241 4.517001162221933e-05
0.1842576336416301 4.882149315040336e-05
0.19039955476301776 5.25600442230653e-05
0.19654147588440543 5.637422168480509e-05
0.2026833970057931 6.025234103795858e-05
0.20882531812718078 6.418258838052082e-05
0.21496723924856845 6.815313376351049e-05
0.22110916036995612 7.21522451393398e-05
0.2272510814913438 7.616840206802614e-05
0.23339300261273144 8.019040834926832e-05
0.2395349237341191 8.420750275548776e-05
0.24567684485550678 8.820946705382814e-05
0.25181876597689445 9.218673052370471e-05
0.2579606870982821 9.613047020064408e-05
0.2641026082196698 0.00010003270610666654
0.27024452934105747 0.00010388639076210566
0.27638645046244514 0.0001076854923132759
0.2825283715838328 0.00011142507065448809
0.2886702927052205 0.0001151013459712546
0.29481221382660816 0.00011871175918376602
0.30095413494799583 0.00012225502382548226
0.3070960560693835 0.00012573116895056607
0.3132379771907712 0.0001291415727254782
0.31937989831215885 0.00013248898642391743
0.3255218194335465 0.0001357775486099831
0.33166374055493414 0.00013901278936150624
0.3378056616763218 0.00014220162445348046
0.3439475827977095 0.00014535233948996358
0.35008950391909716 0.0001484745640412524
0.35623142504048483 0.00015157923591110122
0.3623733461618725 0.00015467855572580928
0.3685152672832602 0.0001577859321026986
0.37465718840464785 0.0001609159177194218
0.3807991095260355 0.00016408413666725772
0.3869410306474232 0.00016730720353068444
0.39308295176881086 0.00017060263469168585
0.39922487289019853 0.00017398875241009725
0.4053667940115862 0.00017748458228050517
0.4115087151329739 0.00018110974471147724
0.41765063625436155 0.0001848843411139447
0.4237925573757492 0.00018882883552214232
0.4299344784971369 0.00019296393240241736
0.43607639961852457 0.00019731045143226732
0.44221832073991224 0.00020188920005400257
0.4483602418612999 0.00020672084462433987
0.4545021629826876 0.00021182578099292594
0.4606440841040752 0.00021722400534921501
0.4667860052254629 0.00022293498617826114
0.47292792634685055 0.0002289775381618429
0.4790698474682382 0.00023536969885196043
0.4852117685896259 0.00024212860892920492
0.49135368971101356 0.0002492703968389021
0.49749561083240124 0.00025681006857340726
0.5036375319537889 0.00026476140333964144
0.5097794530751766 0.00027313685581708695
0.5159213741965643 0.0002819474656732311
0.5220632953179519 0.00029120277496107666
0.5282052164393396 0.00030091075397710237
0.5343471375607273 0.0003110777361082202
0.5404890586821149 0.0003217083621431446
0.5466309798035026 0.00033280553446746647
0.5527729009248903 0.00034437038150295107
0.558914822046278 0.0003564022326904819
0.5650567431676656 0.00036889860425301713
0.5711986642890533 0.0003818551959102655
0.577340585410441 0.0003952658986508964
0.5834825065318286 0.00040912281360135045
0.5896244276532163 0.0004234162819630918
0.595766348774604 0.00043813492592281814
0.6019082698959917 0.00045326570037310777
0.6080501910173793 0.00046879395521460865
0.614192112138767 0.0004847035079455419
0.6203340332601547 0.0005009767261803718
0.6264759543815424 0.0005175946196773531
0.63261787550293 0.0005345369413946604
0.6387597966243177 0.000551782297037274
0.6449017177457054 0.0005693082625020925
0.651043638867093 0.0005870915085771682
0.6571855599884806 0.0006051079322028426
0.6633274811098683 0.0006233327935581686
0.669469402231256 0.0006417408581956412
0.6756113233526436 0.000660306543411153
0.6817532444740313 0.0006790040680044937
0.687895165595419 0.0006978076045588336
0.6940370867168066 0.00071669143334566
0.7001790078381943 0.0007356300969447427
0.706320928959582 0.0007545985546570273
0.7124628500809697 0.0007735723357820137
0.7186047712023573 0.0007925276908302563
0.724746692323745 0.0008114417397461833
0.7308886134451327 0.0008302926162265013
0.7370305345665203 0.0008490596072350381
0.743172455687908 0.0008677232868359412
0.7493143768092957 0.0008862656434936319
0.7554562979306834 0.0009046702000197253
0.761598219052071 0.0009229221253841405
0.7677401401734587 0.0009410083376496773
0.7738820612948464 0.0009589175973362424
0.780023982416234 0.0009766405905724531
0.7861659035376217 0.0009941700014482622
0.7923078246590094 0.0010115005730422695
0.7984497457803971 0.001028629156661187
0.8045916669017847 0.0010455547488961684
0.8107335880231724 0.0010622785161710413
0.8168755091445601 0.0010788038065304769
0.8230174302659478 0.0010951361484914056
0.8291593513873354 0.0011112832368580755
0.8353012725087231 0.0011272549054796186
0.8414431936301108 0.0011430630870083401
0.8475851147514984 0.0011587217597967053
0.8537270358728861 0.00117424688215067
0.8598689569942738 0.0011896563142360628
0.8660108781156615 0.001204969728012683
0.8721527992370491 0.0012202085056471116
0.8782947203584368 0.0012353956269294318
0.8844366414798245 0.0012505555462906269
0.8905785626012122 0.0012657140600858664
0.8967204837225998 0.001280898164873733
0.9028624048439875 0.0012961359074822297
0.9090043259653752 0.001311456227708685
0.9151462470867628 0.001326888794552062
0.9212881682081504 0.001342463836922247
0.9274300893295381 0.001358211969811349
0.9335720104509257 0.001374164016946519
0.9397139315723134 0.0013903508309720542
0.9458558526937011 0.0014068031122303358
0.9519977738150888 0.0014235512272262768
0.9581396949364764 0.0014406250278682685
0.9642816160578641 0.0014580536725800433
0.9704235371792518 0.0014758654503723143
0.9765654583006395 0.0014940876089505717
0.9827073794220271 0.001512746187916004
0.9888493005434148 0.0015318658580903022
0.9949912216648025 0.001551469767962225
1.0011331427861903 0.0015715793982144703
1.0072750639075778 0.0015922144252438185
1.0134169850289656 0.0016133925945360193
1.0195589061503532 0.0016351296046997765
1.025700827271741 0.001657439002901841
1.0318427483931285 0.0016803320923780476
1.0379846695145163 0.0017038178526235662
1.0441265906359039 0.0017279028727901747
1.0502685117572914 0.0017525912987394643
1.0564104328786792 0.0017778847941191226
1.0625523540000668 0.0018037825157453042
1.0686942751214545 0.001830281103488186
1.074836196242842 0.0018573746847706473
1.0809781173642299 0.0018850548937022116
1.0871200384856174 0.0019133109047824734
1.0932619596070052 0.0019421294810208216
1.0994038807283928 0.001971495036232872
1.1055458018497806 0.002001389711189218
1.1116877229711681 0.0020317934632094127
1.117829644092556 0.002062684168714017
1.1239715652139435 0.0020940377381705975
1.1301134863353313 0.0021258282427961506
1.1362554074567188 0.0021580280523090453
1.1423973285781066 0.0021906079829585915
1.1485392496994942 0.0022235374550001034
1.154681170820882 0.00225678465872821
1.1608230919422695 0.002290316728131411
1.1669650130636573 0.002324099921186794
1.1731069341850449 0.002358099805775543
1.1792488553064326 0.0023922814501676896
1.1853907764278202 0.0024266096169984755
1.191532697549208 0.0024610489596388926
1.1976746186705955 0.0024955642198495076
1.2038165397919833 0.0025301204255995012
1.209958460913371 0.002564683087932038
1.2161003820347587 0.0025992183957624987
1.2222423031561462 0.0026336934075077345
1.228384224277534 0.002668076238462137
1.2345261453989216 0.002702336242859909
1.2406680665203094 0.0027364441895922297
1.246809987641697 0.0027703724305828013
1.2529519087630847 0.002804095060865432
1.2590938298844723 0.0028375880694524384
1.26523575100586 0.0028708294801326377
1.2713776721272476 0.0029037994813920945
1.2775195932486354 0.0029364805447094355
1.283661514370023 0.0029688575305399896
1.2898034354914107 0.0030009177813690347
1.2959453566127983 0.00303265120128361
1.302087277734186 0.0030640503215843625
1.3082291988555736 0.0030951103520334023
1.3143711199769612 0.003125829217410702
1.320513041098349 0.0031562075791299136
1.3266549622197366 0.003186248841744134
1.3327968833411243 0.0032159591442527846
1.338938804462512 0.00324534733620199
1.3450807255838997 0.0032744249386522815
1.3512226467052872 0.003303206090168683
1.357364567826675 0.0033317074780689123
1.3635064889480626 0.0033599482552451898
1.3696484100694504 0.003387949942953519
1.375790331190838 0.0034157363200410322
1.3819322523122257 0.00344333329915661
1.3880741734336133 0.0034707687905621725
1.394216094555001 0.0034980725542314173
1.4003580156763886 0.0035252760409889973
1.4064999367977764 0.003552412223505875
1.412641857919164 0.003579515418025435
1.4187837790405518 0.003606621097749706
1.4249257001619393 0.003633765698865243
1.431067621283327 0.003660986420233769
1.4372095424047147 0.003688321017813038
1.4433514635261024 0.0037158075949085927
1.44949338464749 0.003743484389386596
1.4556353057688778 0.0037713895590017815
1.4617772268902653 0.0037995609660123855
1.4679191480116531 0.0038280359622656366
1.4740610691330407 0.0038568511759428177
1.4802029902544285 0.003886042301151953
1.486344911375816 0.003915643891548733
1.4924868324972038 0.003945689159152347
1.4986287536185914 0.003976209779502394
1.5047706747399792 0.00400723570427604
1.5109125958613667 0.00403879498245115
1.5170545169827545 0.0040709135910612666
1.523196438104142 0.004103615276542313
1.5293383592255299 0.004136921407618795
1.5354802803469174 0.00417085084061936
1.5416222014683052 0.004205419798048098
1.5477641225896928 0.004240641761169185
1.5539060437110805 0.004276527377288735
1.560047964832468 0.004313084382339483
1.5661898859538559 0.004350317539291329
1.5723318070752434 0.004388228592824682
1.578473728196631 0.004426816240613918
1.5846156493180188 0.004466076121476083
1.5907575704394064 0.004506000820545427
1.5968994915607941 0.004546579891538082
1.6030414126821817 0.004587799896073907
1.6091833338035695 0.004629644459924508
1.615325254924957 0.004672094345958628
1.6214671760463448 0.004715127543458762
1.6276090971677324 0.004758719373386889
1.6337510182891202 0.0048028426090829975
1.6398929394105077 0.0048474676117883165
1.6460348605318955 0.0048925624802964775
1.652176781653283 0.004938093213950654
1.6583187027746709 0.004984023888123777
1.6644606238960584 0.005030316841242603
1.6706025450174462 0.005076932872345295
1.6767444661388338 0.005123831448096739
1.6828863872602216 0.005170970918126425
1.6890283083816091 0.005218308737500884
1.695170229502997 0.00526580169509665
1.7013121506243845 0.005313406146600906
1.7074540717457722 0.005361078250835557
1.7135959928671598 0.00540877420807679
1.7197379139885476 0.005456450499026264
1.7258798351099351 0.00550406412308216
1.732021756231323 0.005551572834558432
1.7381636773527105 0.005598935375508719
1.7443055984740983 0.0056461117038275315
1.7504475195954858 0.005693063215325407
1.7565894407168736 0.0057397529585065
1.7627313618382612 0.005786145840816561
1.768873282959649 0.005832208825175954
1.7750152040810365 0.005877911115666182
1.7811571252024243 0.0059232243312989504
1.7872990463238119 0.005968122666863609
1.7934409674451997 0.006012583039921695
1.7995828885665872 0.006056585223095518
1.805724809687975 0.006100111960881072
1.8118667308093626 0.0061431490703032976
1.8180086519307503 0.006185685524823444
1.824150573052138 0.006227713521003399
1.8302924941735257 0.006269228527529763
1.8364344152949132 0.006310229316300542
1.8425763364163008 0.006350717975379098
1.8487182575376886 0.006390699903722725
1.8548601786590762 0.006430183787696282
1.861002099780464 0.0064691815594842975
1.8671440209018515 0.006507708337616916
1.8732859420232393 0.006545782349925766
1.8794278631446268 0.006583424839344425
1.8855697842660146 0.006620659953064189
1.8917117053874022 0.006657514615648823
1.89785362650879 0.0066940183868011835
1.9039955476301775 0.006730203304559818
1.9101374687515653 0.006766103714784108
1.9162793898729529 0.006801756087862011
1.9224213109943407 0.006837198823644506
1.9285632321157282 0.006872472045674988
1.934705153237116 0.006907617385839945
1.9408470743585036 0.0069426777606187914
1.9469889954798913 0.006977697140155669
1.953130916601279 0.007012720311413942
1.9592728377226667 0.00704779263670501
1.9654147588440543 0.007082959808906751
1.971556679965442 0.007118267604703201
1.9776986010868296 0.007153761637186121
1.9838405222082174 0.007189487109160747
1.989982443329605 0.007225488568492274
1.9961243644509927 0.007261809666816773
2.0022662855723805 0.007298492922920132
2.008408206693768 0.007335579492061564
2.0145501278151556 0.007373108942484396
2.020692048936543 0.007411119040316462
2.026833970057931 0.007449645544015646
2.0329758911793188 0.00748872200946342
2.0391178123007063 0.007528379606750698
2.045259733422094 0.0075686469496365405
2.051401654543482 0.007609549938591313
2.0575435756648695 0.0076511116182625015
2.063685496786257 0.00769335205012362
2.0698274179076446 0.007736288200985254
2.0759693390290326 0.007779933847962342
2.08211126015042 0.007824299500404181
2.0882531812718077 0.007869392339203368
2.0943951023931953 0.00791521617380784
2.100537023514583 0.007961771417166473
2.106678944635971 0.008009055078744113
2.1128208657573584 0.008057060775646689
2.118962786878746 0.008105778761801827
2.1251047080001335 0.008155195975045559
2.1312466291215215 0.00820529610187175
2.137388550242909 0.008256059659508309
2.1435304713642966 0.008307464094893344
2.149672392485684 0.008359483900035982
2.155814313607072 0.008412090743160504
2.1619562347284598 0.008465253614949738
2.1680981558498473 0.008518938989124248
2.174240076971235 0.008573110996518344
2.180381998092623 0.008627731611742705
2.1865239192140105 0.008682760851456686
2.192665840335398 0.00873815698321158
2.1988077614567856 0.008793876743769536
2.2049496825781736 0.008849875565751626
2.211091603699561 0.008906107811423281
2.2172335248209487 0.008962527012385814
2.2233754459423363 0.009019086113909563
2.2295173670637243 0.009075737722617265
2.235659288185112 0.009132434356205997
2.2418012093064994 0.009189128693882194
2.247943130427887 0.009245773826177419
2.254085051549275 0.009302323502812257
2.2602269726706625 0.009358732377282528
2.26636889379205 0.009414956246855503
2.2725108149134376 0.009470952286684226
2.2786527360348257 0.009526679276775217
2.284794657156213 0.0095820978205788
2.2909365782776008 0.009637170554011665
2.2970784993989883 0.009691862343768311
2.3032204205203763 0.009746140473831112
2.309362341641764 0.009799974819148032
2.3155042627631515 0.009853338005511986
2.321646183884539 0.009906205554746394
2.327788105005927 0.009958556014377229
2.3339300261273146 0.010010371071052373
2.340071947248702 0.010061635647054293
2.3462138683700897 0.01011233797934107
2.3523557894914777 0.010162469680643736
2.3584977106128653 0.010212025782243752
2.364639631734253 0.010261004758153225
2.3707815528556404 0.010309408530521327
2.376923473977028 0.010357242456192888
2.383065395098416 0.010404515294448802
2.3892073162198035 0.010451239156062105
2.395349237341191 0.010497429433907725
2.4014911584625787 0.010543104715467407
2.4076330795839667 0.010588286677673716
2.4137750007053542 0.010632999964637428
2.419916921826742 0.010677272048900722
2.4260588429481293 0.010721133076953661
2.4322007640695174 0.010764615699842873
2.438342685190905 0.010807754889788577
2.4444846063122925 0.01085058774380872
2.45062652743368 0.010893153275426119
2.456768448555068 0.010935492195606055
2.4629103696764556 0.010977646684136911
2.469052290797843 0.011019660152724898
2.4751942119192307 0.011061577001125244
2.4813361330406187 0.011103442367676054
2.4874780541620063 0.011145301875636974
2.493619975283394 0.011187201376762669
2.4997618964047814 0.011229186693560647
2.5059038175261694 0.011271303361693887
2.512045738647557 0.011313596373991099
2.5181876597689445 0.011356109927521013
2.524329580890332 0.011398887175172007
2.53047150201172 0.011441969983154611
2.5366134231331077 0.011485398695812037
2.5427553442544952 0.01152921190908319
2.548897265375883 0.011573446253913714
2.555039186497271 0.011618136190853853
2.5611811076186584 0.01166331381701759
2.567323028740046 0.011709008686506116
2.5734649498614335 0.011755247645320483
2.5796068709828215 0.011802054681704017
2.585748792104209 0.011849450792764973
2.5918907132255966 0.011897453868134832
2.598032634346984 0.01194607859131803
2.604174555468372 0.01199533635928543
2.6103164765897597 0.012045235220757207
2.6164583977111473 0.012095779833511686
2.622600318832535 0.01214697144094566
2.6287422399539224 0.012198807867999699
2.6348841610753104 0.012251283536449593
2.641026082196698 0.012304389499452752
2.6471680033180855 0.012358113495127557
2.653309924439473 0.01241244001883407
2.659451845560861 0.012467350413717646
2.6655937666822487 0.012522822978973005
2.6717356878036362 0.01257883309518601
2.677877608925024 0.012635353366014415
2.684019530046412 0.012692353775377531
2.6901614511677994 0.01274980185923892
2.696303372289187 0.01280766289098607
2.7024452934105745 0.012865900079337092
2.7085872145319625 0.012924474777637241
2.71472913565335 0.012983346703347675
2.7208710567747376 0.01304247416647577
2.727012977896125 0.013101814305650649
2.733154899017513 0.013161323330509565
2.7392968201389007 0.013220956769030559
2.7454387412602883 0.013280669718424417
2.751580662381676 0.01334041709818449
2.757722583503064 0.013400153903886337
2.7638645046244514 0.013459835460330364
2.770006425745839 0.01351941767262958
2.7761483468672266 0.01357885727386107
2.7822902679886146 0.013638112067923749
2.788432189110002 0.013697141166275892
2.7945741102313897 0.013755905217264042
2.8007160313527772 0.01381436662679935
2.8068579524741653 0.013872489769188371
2.812999873595553 0.013930241186982165
2.8191417947169404 0.013987589778769993
2.825283715838328 0.014044506973911556
2.831425636959716 0.014100966893274289
2.8375675580811035 0.014156946495119012
2.843709479202491 0.014212425705358203
2.8498514003238786 0.01426738753149556
2.8559933214452666 0.014321818159643044
2.862135242566654 0.014375707034101803
2.8682771636880418 0.014429046919085807
2.8744190848094293 0.014481833942261171
2.8805610059308173 0.014534067619869645
2.886702927052205 0.014585750863301135
2.8928448481735924 0.014636889967076822
2.89898676929498 0.014687494578301307
2.9051286904163676 0.014737577647738396
2.9112706115377556 0.014787155362760618
2.917412532659143 0.014836247062516643
2.9235544537805307 0.014884875135753099
2.9296963749019183 0.014933064901817514
2.9358382960233063 0.01498084447545679
2.941980217144694 0.015028244616110296
2.9481221382660814 0.015075298562478112
2.954264059387469 0.015122041853222629
2.960405980508857 0.015168512134735372
2.9665479016302445 0.015214748956970132
2.972689822751632 0.015260793558408004
2.9788317438730196 0.015306688641279357
2.9849736649944076 0.01535247813822178
2.991115586115795 0.015398206971601502
2.9972575072371828 0.015443920806768204
3.0033994283585703 0.015489665800549427
3.0095413494799583 0.01553548834632068
3.015683270601346 0.015581434817010572
3.0218251917227335 0.015627551307416783
3.027967112844121 0.01567388337721817
3.034109033965509 0.01572047579607077
3.0402509550868966 0.015767372292170734
3.046392876208284 0.015814615305655224
3.0525347973296717 0.015862245748193175
3.0586767184510597 0.015910302770091294
3.0648186395724473 0.01595882353620711
3.070960560693835 0.01600784301191999
3.0771024818152224 0.01605739376036347
3.0832444029366104 0.016107505752067482
3.089386324057998 0.016158206188098028
3.0955282451793855 0.016209519337714244
3.101670166300773 0.016261466391489104
3.107812087422161 0.016314065330760727
3.1139540085435486 0.016367330814196418
3.120095929664936 0.016421274082161853
3.1262378507863238 0.01647590287949359
3.1323797719077118 0.01653122139717471
3.1385216930290993 0.016587230233311615
3.144663614150487 0.016643926373705212
3.1508055352718745 0.01670130319220238
3.156947456393262 0.016759350470904683
3.16308937751465 0.01681805444020104
3.1692312986360376 0.016877397838480197
3.175373219757425 0.016937359991268223
3.1815151408788127 0.016997916909426324
3.1876570620002007 0.017059041405935615
3.1937989831215883 0.01712070323068914
3.199940904242976 0.01718286922260761
3.2060828253643634 0.017245503478295003
3.2122247464857514 0.017308567536353764
3.218366667607139 0.01737202057638756
3.2245085887285265 0.017435819631633098
3.230650509849914 0.017499919814081475
3.236792430971302 0.017564274550875284
3.2429343520926897 0.017628835830699664
3.249076273214077 0.01769355445882504
3.2552181943354648 0.01775838031940641
3.261360115456853 0.0178232626435989
3.2675020365782403 0.017888150282012735
3.273643957699628 0.01795299198000244
3.2797858788210155 0.01801773665426574
3.2859277999424035 0.018082333669216882
3.292069721063791 0.018146733111597514
3.2982116421851786 0.01821088606179542
3.304353563306566 0.018274744860357732
3.310495484427954 0.018338263368210195
3.3166374055493417 0.018401397219127816
3.3227793266707293 0.018464104063044495
3.328921247792117 0.018526343798839655
3.335063168913505 0.01858807879529826
3.3412050900348924 0.018649274099006574
3.34734701115628 0.018709897628019143
3.3534889322776675 0.018769920350212167
3.3596308533990555 0.01882931644532468
3.365772774520443 0.018888063449780376
3.3719146956418307 0.018946142383480028
3.3780566167632182 0.019003537857855655
3.3841985378846062 0.01906023816458292
3.390340459005994 0.0191162353444569
3.3964823801273814 0.019171525236047475
3.402624301248769 0.019226107503863856
3.4087662223701565 0.019279985645872168
3.4149081434915445 0.01933316698032516
3.421050064612932 0.019385662611978133
3.4271919857343196 0.01943748737787947
3.433333906855707 0.019488659773037122
3.439475827977095 0.019539201856373218
3.4456177490984827 0.01958913913748734
3.4517596702198703 0.019638500444853824
3.457901591341258 0.01968731777617967
3.464043512462646 0.019735626131746287
3.4701854335840334 0.019783463331650156
3.476327354705421 0.01983086981794376
3.4824692758268085 0.019877888442758687
3.4886111969481965 0.019924564243566964
3.494753118069584 0.019970944206804248
3.5008950391909717 0.02001707702113895
3.5070369603123592 0.020063012821724645
3.5131788814337472 0.020108802926818787
3.519320802555135 0.02015449956818876
3.5254627236765224 0.020200155616756206
3.53160464479791 0.02024582430495276
3.537746565919298 0.020291558947274222
3.5438884870406855 0.02033741266052603
3.550030408162073 0.020383438085250862
3.5561723292834606 0.02042968710981886
3.5623142504048486 0.02047621059864297
3.568456171526236 0.020523058125956135
3.5745980926476237 0.020570277716553682
3.5807400137690113 0.020617915594863676
3.5868819348903993 0.020666015943660264
3.593023856011787 0.020714620673680725
3.5991657771331744 0.02076376920534605
3.605307698254562 0.020813498263718037
3.61144961937595 0.020863841687753477
3.6175915404973376 0.02091483025483816
3.623733461618725 0.020966491521500902
3.6298753827401127 0.021018849681121086
3.6360173038615007 0.02107192543935221
3.6421592249828882 0.02112573590789005
3.648301146104276 0.02118029451711685
3.6544430672256634 0.02123561094805368
3.6605849883470514 0.021291691083951767
3.666726909468439 0.021348536981751084
3.6728688305898265 0.021406146863530887
3.679010751711214 0.02146451512797334
3.6851526728326016 0.021523632381757637
3.6912945939539896 0.021583485490699248
3.697436515075377 0.021644057650347256
3.7035784361967647 0.021705328475652808
3.7097203573181523 0.021767274109223855
3.7158622784395403 0.021829867347586282
3.722004199560928 0.021893077784779415
3.7281461206823154 0.02195687197252531
3.734288041803703 0.022021213596126722
3.740429962925091 0.022086063665168226
3.7465718840464786 0.022151380718019444
3.752713805167866 0.022217121039068862
3.7588557262892537 0.02228323888755139
3.7649976474106417 0.022349686736773615
3.7711395685320293 0.022416415522486965
3.777281489653417 0.022483374899111962
3.7834234107748044 0.022550513502475795
3.7895653318961924 0.022617779217691408
3.79570725301758 0.022685119450778956
3.8018491741389675 0.02275248140261019
3.807991095260355 0.02281981234374306
3.814133016381743 0.02288705988870789
3.8202749375031306 0.022954172268307534
3.826416858624518 0.023021098598502526
3.8325587797459058 0.023087789144467852
3.8387007008672938 0.023154195578430983
3.8448426219886813 0.02322027122993082
3.850984543110069 0.02328597132717441
3.8571264642314564 0.023351253228212215
3.8632683853528444 0.023416076640703658
3.869410306474232 0.02348040382910174
3.8755522275956196 0.02354419980814937
3.881694148717007 0.0236074325216495
3.887836069838395 0.02367007300554665
3.8939779909597827 0.02373209553443802
3.9001199120811703 0.023793477750718373
3.906261833202558 0.023854200775653117
3.912403754323946 0.02391424930176873
3.9185456754453334 0.02397361166604808
3.924687596566721 0.024032279903519794
3.9308295176881085 0.02409024978093532
3.936971438809496 0.024147520810333924
3.943113359930884 0.024204096242404292
3.9492552810522716 0.024259983039660888
3.955397202173659 0.024315191829563033
3.9615391232950468 0.02436973683781493
3.9676810444164348 0.024423635802193772
3.9738229655378223 0.024476909867361264
3.97996488665921 0.024529583461219827
3.9861068077805974 0.024581684153478223
3.9922487289019855 0.024633242497191805
3.998390650023373 0.02468429185413909
4.004532571144761 0.02473486820498864
4.010674492266149 0.02478500994529755
4.016816413387536 0.024834757668464658
4.022958334508924 0.024884153936837506
4.029100255630311 0.024933243042241187
4.035242176751699 0.0249820707572598
4.041384097873086 0.02503068407865588
4.047526018994474 0.025079130964360565
4.053667940115862 0.025127460065505966
4.05980986123725 0.025175720455001962
4.0659517823586375 0.025223961354181368
4.072093703480025 0.025272231859050514
4.078235624601413 0.0253205806676862
4.0843775457228 0.025369055810314924
4.090519466844188 0.02541770438359621
4.096661387965575 0.02546657229060854
4.102803309086964 0.025515703988004294
4.108945230208351 0.025565142241759247
4.115087151329739 0.025614927892892738
4.1212290724511265 0.02566509963447673
4.127370993572514 0.025715693801186785
4.133512914693902 0.025766744172574425
4.139654835815289 0.02581828179116048
4.145796756936677 0.02587033479636224
4.151938678058065 0.025922928275174426
4.158080599179453 0.02597608413042599
4.16422252030084 0.02602982096733159
4.170364441422228 0.026084153998949783
4.176506362543615 0.026139094971049232
4.182648283665003 0.02619465210677102
4.1887902047863905 0.026250830071359806
4.194932125907778 0.02630762995712002
4.201074047029166 0.02636504928863609
4.207215968150554 0.026423082048178663
4.213357889271942 0.026481718721102793
4.219499810393329 0.026540946360929563
4.225641731514717 0.026600748673690503
4.231783652636104 0.02666110612100506
4.237925573757492 0.026721996041255986
4.2440674948788795 0.026783392788126213
4.250209416000267 0.02684526788566464
4.2563513371216555 0.026907590198957287
4.262493258243043 0.02697032611939526
4.268635179364431 0.027033439763452523
4.274777100485818 0.02709689318381444
4.280919021607206 0.027160646591633537
4.287060942728593 0.027224658588631566
4.293202863849981 0.02728888640771749
4.299344784971368 0.027353286160749266
4.305486706092757 0.027417813092033803
4.311628627214144 0.02748242183613388
4.317770548335532 0.02754706667853365
4.3239124694569195 0.02761170181770517
4.330054390578307 0.027676281627117515
4.336196311699695 0.027740760915737045
4.342338232821082 0.02780509518558234
4.34848015394247 0.027869240884920016
4.354622075063858 0.02793315565571771
4.360763996185246 0.027996798574007907
4.366905917306633 0.028060130381860518
4.373047838428021 0.028123113709712967
4.3791897595494085 0.02818571328786372
4.385331680670796 0.028247896145998038
4.391473601792184 0.028309631799683363
4.397615522913571 0.028370892422845108
4.40375744403496 0.028431653005311888
4.409899365156347 0.028491891494601514
4.416041286277735 0.02855158892120529
4.422183207399122 0.028610729506717312
4.42832512852051 0.02866930075424802
4.434467049641897 0.028727293520655485
4.440608970763285 0.02878470207022468
4.4467508918846725 0.028841524109522725
4.452892813006061 0.028897760803257
4.4590347341274486 0.028953416771062473
4.465176655248836 0.029008500065243924
4.471318576370224 0.02906302212959787
4.477460497491611 0.029116997739537114
4.483602418612999 0.029170444923837784
4.489744339734386 0.029223384868423935
4.495886260855774 0.029275841802697856
4.5020281819771615 0.0293278428690147
4.50817010309855 0.029379417975987726
4.5143120242199375 0.029430599636394657
4.520453945341325 0.029481422790536175
4.526595866462713 0.029531924615974106
4.5327377875841 0.029582144324648826
4.538879708705488 0.0296321229484427
4.545021629826875 0.029681903114318526
4.551163550948263 0.029731528810218736
4.557305472069651 0.029781045142962113
4.563447393191039 0.029830498089419854
4.569589314312426 0.029879934242291743
4.575731235433814 0.029929400551835492
4.5818731565552016 0.029978944064928043
4.588015077676589 0.030028611662856534
4.594156998797977 0.0300784497992484
4.600298919919364 0.03012850423955487
4.606440841040753 0.03017881980349951
4.61258276216214 0.030229440111893664
4.618724683283528 0.030280407339203452
4.624866604404915 0.03033176197322836
4.631008525526303 0.030383542583219885
4.6371504466476905 0.03043578559772929
4.643292367769078 0.030488525093427657
4.649434288890466 0.030541792596088132
4.655576210011854 0.030595616894860456
4.661718131133242 0.03065002387090147
4.667860052254629 0.03070503634135265
4.674001973376017 0.03076067391957708
4.680143894497404 0.03081695289248434
4.686285815618792 0.030873886115682283
4.692427736740179 0.030931482927100823
4.698569657861567 0.03098974907963451
4.7047115789829554 0.03104868669324873
4.710853500104343 0.031108294226889013
4.716995421225731 0.03116856647042528
4.723137342347118 0.03122949455675279
4.729279263468506 0.03129106599406027
4.735421184589893 0.03135326471816363
4.741563105711281 0.03141607116469139
4.747705026832668 0.03147946236079601
4.753846947954056 0.03154341203595514
4.759988869075444 0.031607890751317536
4.766130790196832 0.03167286604694266
4.7722727113182195 0.031738302606179554
4.778414632439607 0.031804162436331496
4.784556553560995 0.031870405064657985
4.790698474682382 0.031936987748675975
4.79684039580377 0.032003865699637625
4.802982316925157 0.03207099231798439
4.809124238046546 0.03213831943950509
4.815266159167933 0.03220579759086191
4.821408080289321 0.032273376253090964
4.8275500014107084 0.03234100413163555
4.833691922532096 0.03240862943142927
4.839833843653484 0.032476200135514145
4.845975764774871 0.03254366428565555
4.852117685896259 0.03261097026340094
4.858259607017647 0.03267806707002414
4.864401528139035 0.03274490460380031
4.870543449260422 0.032811433933069324
4.87668537038181 0.03287760756356675
4.882827291503197 0.03294337969853211
4.888969212624585 0.033008706490143105
4.8951111337459725 0.03307354628087203
4.90125305486736 0.03313785983341607
4.9073949759887485 0.033201610547916934
4.913536897110136 0.033264764665255714
4.919678818231524 0.03332729145528702
4.925820739352911 0.033389163388960634
4.931962660474299 0.03345035629336923
4.938104581595686 0.0335108494888565
4.944246502717074 0.033570625907420534
4.9503884238384614 0.03362967219175226
4.95653034495985 0.03368797877435708
4.9626722660812375 0.03374553993631924
4.968814187202625 0.03380235384538234
4.974956108324013 0.03385842257313426
4.9810980294454 0.03391375209120163
4.987239950566788 0.033968352246474674
4.993381871688175 0.03402223671550025
4.999523792809563 0.034075422938294915
5.00566571393095 0.034127932031943746
5.011807635052339 0.03417978868446113
5.017949556173726 0.03423102102949761
5.024091477295114 0.03428166050258103
5.0302333984165015 0.034331741679680124
5.036375319537889 0.03438130209897418
5.042517240659277 0.03443038206680199
5.048659161780664 0.03447902444884801
5.054801082902052 0.03452727444770133
5.06094300402344 0.034575179367994965
5.067084925144828 0.03462278837039735
5.073226846266215 0.03467015221578549
5.079368767387603 0.0347173230009789
5.0855106885089905 0.03476435388745591
5.091652609630378 0.03481129882450792
5.097794530751766 0.03485821226831351
5.103936451873153 0.03490514889843253
5.110078372994542 0.03495216333322998
5.116220294115929 0.03499930984574146
5.122362215237317 0.03504664208148557
5.128504136358704 0.035094212779714196
5.134646057480092 0.035142073499569534
5.140787978601479 0.03519027435258659
5.146929899722867 0.03523886374294257
5.1530718208442545 0.03528788811680965
5.159213741965643 0.03533739172211639
5.1653556630870305 0.035387416379964315
5.171497584208418 0.03543800126888187
5.177639505329806 0.035489182723027556
5.183781426451193 0.03554099404537781
5.189923347572581 0.03559346533685457
5.196065268693968 0.03564662334226138
5.202207189815356 0.035700491313807634
5.208349110936744 0.03575508889290658
5.214491032058132 0.035810432010836536
5.2206329531795195 0.03586653280875537
5.226774874300907 0.035923399577456765
5.232916795422295 0.03598103671715409
5.239058716543682 0.036039444717473224
5.24520063766507 0.03609862015773145
5.251342558786457 0.03615855572747418
5.257484479907845 0.036219240267137756
5.263626401029233 0.036280658828602576
5.269768322150621 0.03634279275529934
5.275910243272008 0.03640561978143125
5.282052164393396 0.03646911414977737
5.2881940855147835 0.03653324674744807
5.294336006636171 0.03659798525887197
5.300477927757559 0.036663294335206494
5.306619848878946 0.036729135779280664
5.312761770000335 0.03679546874510032
5.318903691121722 0.03686224995087167
5.32504561224311 0.03692943390443093
5.331187533364497 0.03699697313990461
5.337329454485885 0.0370648184643679
5.3434713756072725 0.037132919213217694
5.34961329672866 0.037201223512932244
5.355755217850048 0.03726967854985143
5.361897138971436 0.037338230843580414
5.368039060092824 0.037406826523595324
5.374180981214211 0.03747541160761245
5.380322902335599 0.037543932280272294
5.386464823456986 0.037612335170687405
5.392606744578374 0.03768056762740728
5.398748665699761 0.037748577989365435
5.404890586821149 0.03781631585139322
5.411032507942537 0.037883732322910806
5.417174429063925 0.037950780278439726
5.4233163501853126 0.038017414598621416
5.4294582713067 0.03808359240047397
5.435600192428088 0.038149273255672786
5.441742113549475 0.03821441939570167
5.447884034670863 0.03827899590278735
5.45402595579225 0.03834297088560273
5.460167876913639 0.03840631563880275
5.466309798035026 0.03846900478553957
5.472451719156414 0.03853101640219219
5.4785936402778015 0.038592332124638244
5.484735561399189 0.03865293723549237
5.490877482520577 0.038712820731835525
5.497019403641964 0.038771975373063115
5.503161324763352 0.03883039770858522
5.509303245884739 0.038888088085220186
5.515445167006128 0.038945050634231905
5.521587088127515 0.039001293238071055
5.527729009248903 0.03905682747699099
5.53387093037029 0.039111668555818734
5.540012851491678 0.03916583521127074
5.5461547726130656 0.039219349600310205
5.552296693734453 0.03927223717014831
5.558438614855841 0.039324526510593934
5.564580535977229 0.03937624918955561
5.570722457098617 0.03942743957259438
5.576864378220004 0.0394781346275168
5.583006299341392 0.03952837371508259
5.589148220462779 0.03957819836698099
5.595290141584167 0.0396276520523034
5.6014320627055545 0.03967677993380641
5.607573983826942 0.03972562861531915
5.6137159049483305 0.03977424588170056
5.619857826069718 0.039822680432796596
5.625999747191106 0.03987098161288304
5.632141668312493 0.03991919913710703
5.638283589433881 0.039967382816458875
5.644425510555268 0.040015582282815564
5.650567431676656 0.0400638467155981
5.656709352798043 0.0401122245715763
5.662851273919432 0.040160763319337295
5.668993195040819 0.040209509179907725
5.675135116162207 0.04025850687498425
5.681277037283595 0.040307799384183156
5.687418958404982 0.040357427712667385
5.69356087952637 0.040407430670449294
5.699702800647757 0.04045784466459872
5.705844721769145 0.040508703505510966
5.711986642890533 0.040560038228306665
5.718128564011921 0.04061187693034708
5.724270485133308 0.04066424462575357
5.730412406254696 0.04071716311772069
5.7365543273760835 0.04077065088930801
5.742696248497471 0.04082472301328765
5.748838169618859 0.04087939108151341
5.754980090740246 0.040934663154163366
5.761122011861635 0.04099054372909248
5.767263932983022 0.041047033731415196
5.77340585410441 0.041104130523320924
5.779547775225797 0.04116182793400908
5.785689696347185 0.041220116309515095
5.7918316174685724 0.04127898258208499
5.79797353858996 0.041338410358645834
5.804115459711348 0.041398380027811175
5.810257380832735 0.04145886888475712
5.816399301954124 0.04151985127320525
5.822541223075511 0.04158129874365412
5.828683144196899 0.0416431802269127
5.834825065318286 0.04170546222190593
5.840966986439674 0.04176810899664683
5.847108907561061 0.04183108280119986
5.853250828682449 0.04189434409139829
5.8593927498038365 0.04195785176202361
5.865534670925225 0.04202156338810821
5.8716765920466125 0.04208543547298349
5.877818513168 0.042149423701664565
5.883960434289388 0.04221348319814004
5.890102355410775 0.042277568785120734
5.896244276532163 0.04234163524479449
5.90238619765355 0.04240563757913598
5.908528118774938 0.04246953126832985
5.914670039896326 0.042533272525882945
5.920811961017714 0.04259681854902608
5.9269538821391015 0.042660127763038326
5.933095803260489 0.04272316005816603
5.939237724381877 0.04278587701785507
5.945379645503264 0.0428482421370673
5.951521566624652 0.0429102210295111
5.957663487746039 0.0429717816226803
5.963805408867428 0.043032894339665416
5.969947329988815 0.04309353226677625
5.976089251110203 0.04315367130609351
5.98223117223159 0.043213290312150765
5.988373093352978 0.04327237121203472
5.9945150144743655 0.04333089910828163
6.000656935595753 0.04338886236404031
6.006798856717141 0.04344625267006709
6.012940777838529 0.04350306509321434
6.019082698959917 0.04355929810617225
6.025224620081304 0.04361495359832197
6.031366541202692 0.04367003686765717
6.037508462324079 0.04372455659382986
6.043650383445467 0.04377852479247489
6.0497923045668545 0.04383195675106443
6.055934225688242 0.04388487094663983
6.06207614680963 0.04393728894586219
6.068218067931018 0.04398923528791491
6.074359989052406 0.04404073735088002
6.080501910173793 0.04409182520229699
6.086643831295181 0.044142531434694245
6.092785752416568 0.04419289098696304
6.098927673537956 0.04424294095251777
6.105069594659343 0.044292720375256445
6.111211515780731 0.0443422700344006
6.117353436902119 0.044391632219353515
6.123495358023507 0.04444085049577049
6.1296372791448945 0.04448996946408305
6.135779200266282 0.04453903451176212
6.14192112138767 0.04458809156064129
6.148063042509057 0.04463718681065131
6.154204963630445 0.044686366481340056
6.160346884751832 0.044735676552568514
6.166488805873221 0.044785162505782745
6.172630726994608 0.044834869067263854
6.178772648115996 0.044884839954753016
6.1849145692373835 0.04493511762883626
6.191056490358771 0.04498574305045417
6.197198411480159 0.04503675544587476
6.203340332601546 0.045088192080433805
6.209482253722934 0.04514008804230549
6.215624174844322 0.04519247603751845
6.22176609596571 0.04524538619737675
6.227908017087097 0.04529884589938419
6.234049938208485 0.04535287960270204
6.240191859329872 0.04540750869909645
6.24633378045126 0.045462751380251805
6.2524757015726475 0.045518622522241196
6.258617622694035 0.04557513358785529
6.2647595438154235 0.045632292547395696
6.270901464936811 0.04569010381844101
6.277043386058199 0.04574856822499072
