time TPR_both_C_open_1_rho23_imag
0.0 0.0
0.00614192112138767 -1.1497339087419445e-06
0.01228384224277534 -9.096072943877571e-06
0.01842576336416301 -3.025136031580618e-05
0.02456768448555068 -7.040888609639799e-05
0.030709605606938348 -0.00013454622478802094
0.03685152672832602 -0.0002266602046821219
0.042993447849713685 -0.0003496390159150535
0.04913536897110136 -0.0005051753840628607
0.05527729009248903 -0.000693723027808255
0.061419211213876695 -0.0009144968650380459
0.06756113233526437 -0.0011655157138124193
0.07370305345665204 -0.0014436846304214006
0.07984497457803971 -0.0017449126049496413
0.08598689569942737 -0.0020642601521320796
0.09212881682081504 -0.002396110434033444
0.09827073794220272 -0.002734356957458745
0.10441265906359039 -0.0030726006127330544
0.11055458018497806 -0.0034043488552837195
0.11669650130636572 -0.003723210156357084
0.12283842242775339 -0.0040230774306810185
0.12898034354914106 -0.004298294943516498
0.13512226467052874 -0.004543804157008985
0.1412641857919164 -0.004755265042001883
0.14740610691330408 -0.0049291505018183
0.15354802803469175 -0.005062812676474663
0.15968994915607942 -0.005154520971556825
0.16583187027746707 -0.005203472644403728
0.17197379139885474 -0.005209777648187004
0.17811571252024241 -0.005174420157690726
0.1842576336416301 -0.005099199763939398
0.19039955476301776 -0.004986655721994394
0.19654147588440543 -0.0048399778690772595
0.2026833970057931 -0.004662907907604325
0.20882531812718078 -0.004459634684442701
0.21496723924856845 -0.004234686912792648
0.22110916036995612 -0.003992826498524251
0.2272510814913438 -0.003738945271975289
0.23339300261273144 -0.003477967512751175
0.2395349237341191 -0.0032147602116038986
0.24567684485550678 -0.002954052560788752
0.25181876597689445 -0.002700365720640526
0.2579606870982821 -0.0024579534907091583
0.2641026082196698 -0.0022307541306436215
0.27024452934105747 -0.0020223532378268894
0.27638645046244514 -0.0018359573011005345
0.2825283715838328 -0.0016743773154260448
0.2886702927052205 -0.001540021661105067
0.29481221382660816 -0.0014348973211671771
0.30095413494799583 -0.0013606184279645866
0.3070960560693835 -0.0013184210898493653
0.3132379771907712 -0.0013091834451584145
0.31937989831215885 -0.0013334499172326232
0.3255218194335465 -0.0013914586943524127
0.33166374055493414 -0.001483171525930898
0.3378056616763218 -0.0016083050050876597
0.3439475827977095 -0.0017663625923909838
0.35008950391909716 -0.001956666721326171
0.35623142504048483 -0.002178390408881147
0.3623733461618725 -0.002430587871273839
0.3685152672832602 -0.0027122237128006875
0.37465718840464785 -0.003022200313358603
0.3807991095260355 -0.003359383086426496
0.3869410306474232 -0.003722623313939028
0.39308295176881086 -0.004110778287962044
0.39922487289019853 -0.004522728502423569
0.4053667940115862 -0.004957391642975862
0.4115087151329739 -0.005413733121495647
0.41765063625436155 -0.005890772896375994
0.4237925573757492 -0.006387588313643001
0.4299344784971369 -0.006903312700411588
0.43607639961852457 -0.0074371294449153205
0.44221832073991224 -0.007988261310119519
0.4483602418612999 -0.008555954754629481
0.4545021629826876 -0.009139459079032436
0.4606440841040752 -0.009738000281515688
0.4667860052254629 -0.010350749596703247
0.47292792634685055 -0.010976786808617838
0.4790698474682382 -0.011615058574089208
0.4852117685896259 -0.012264332167242839
0.49135368971101356 -0.012923145257981052
0.49749561083240124 -0.013589752565050205
0.5036375319537889 -0.014262070472974175
0.5097794530751766 -0.014937620965422053
0.5159213741965643 -0.015613476496960732
0.5220632953179519 -0.016286207690005973
0.5282052164393396 -0.016951835991508294
0.5343471375607273 -0.017605793640105064
0.5404890586821149 -0.01824289346336542
0.5466309798035026 -0.018857311129733902
0.5527729009248903 -0.019442582504079067
0.558914822046278 -0.019991618683309707
0.5650567431676656 -0.020496741104939292
0.5711986642890533 -0.02094973881509785
0.577340585410441 -0.02134194954549294
0.5834825065318286 -0.02166436567832769
0.5896244276532163 -0.021907765477261695
0.595766348774604 -0.022062869141008093
0.6019082698959917 -0.02212051831134507
0.6080501910173793 -0.02207187666409506
0.614192112138767 -0.021908648162436643
0.6203340332601547 -0.021623308496168798
0.6264759543815424 -0.021209344213530358
0.63261787550293 -0.020661493123486828
0.6387597966243177 -0.01997597875788777
0.6449017177457054 -0.019150731086221496
0.651043638867093 -0.018185585319512775
0.6571855599884806 -0.017082450566930266
0.6633274811098683 -0.01584544035265612
0.669469402231256 -0.014480957583516823
0.6756113233526436 -0.012997727487552797
0.6817532444740313 -0.011406773311766009
0.687895165595419 -0.009721331148108353
0.6940370867168066 -0.007956702107209038
0.7001790078381943 -0.006130042119450559
0.706320928959582 -0.004260091837858199
0.7124628500809697 -0.0023668513597565597
0.7186047712023573 -0.0004712066787295938
0.724746692323745 0.0014054831743472481
0.7308886134451327 0.0032418275408426724
0.7370305345665203 0.005016861869977166
0.743172455687908 0.006710508509411441
0.7493143768092957 0.008304026714166215
0.7554562979306834 0.00978043799548017
0.761598219052071 0.011124913432234713
0.7677401401734587 0.012325110604636744
0.7738820612948464 0.013371449350132597
0.780023982416234 0.014257317527185407
0.7861659035376217 0.01497920032326695
0.7923078246590094 0.01553672926029634
0.7984497457803971 0.01593264982133855
0.8045916669017847 0.01617270942647264
0.8107335880231724 0.016265470201758093
0.8168755091445601 0.016222053496550745
0.8230174302659478 0.016055825305473215
0.8291593513873354 0.01578203355297509
0.8353012725087231 0.015417409532247526
0.8414431936301108 0.014979746611780918
0.8475851147514984 0.014487469613101232
0.8537270358728861 0.013959208028931212
0.8598689569942738 0.013413385523365429
0.8660108781156615 0.012867836987622191
0.8721527992370491 0.012339462887656256
0.8782947203584368 0.011843928818075788
0.8844366414798245 0.011395416163611451
0.8905785626012122 0.01100642766131511
0.8967204837225998 0.01068764954837343
0.9028624048439875 0.010447869960073575
0.9090043259653752 0.010293951387754359
0.9151462470867628 0.010230853381647817
0.9212881682081504 0.010261700336803426
0.9274300893295381 0.010387888163451098
0.9335720104509257 0.01060922293099297
0.9397139315723134 0.01092408418607679
0.9458558526937011 0.011329605564227326
0.9519977738150888 0.011821865513428622
0.9581396949364764 0.012396081389424584
0.9642816160578641 0.013046800822202349
0.9704235371792518 0.01376808504319539
0.9765654583006395 0.01455367975419195
0.9827073794220271 0.015397170064188139
0.9888493005434148 0.01629211697544014
0.9949912216648025 0.017232173825878418
1.0011331427861903 0.018211181959320057
1.0072750639075778 0.01922324567204529
1.0134169850289656 0.020262787156029603
1.0195589061503532 0.02132458271425291
1.025700827271741 0.0224037819574176
1.0318427483931285 0.023495912005262375
1.0379846695145163 0.02459686891549015
1.0441265906359039 0.025702898658970585
1.0502685117572914 0.02681056996392834
1.0564104328786792 0.027916741278591343
1.0625523540000668 0.029018523966333528
1.0686942751214545 0.03011324366472007
1.074836196242842 0.031198401524323446
1.0809781173642299 0.03227163680771882
1.0871200384856174 0.03333069208501413
1.0932619596070052 0.03437338201906574
1.0994038807283928 0.035397566498612185
1.1055458018497806 0.036401128656399204
1.1116877229711681 0.03738195810555942
1.117829644092556 0.038337939542969365
1.1239715652139435 0.03926694670349682
1.1301134863353313 0.04016684150326484
1.1362554074567188 0.04103547808169675
1.1423973285781066 0.04187071133898125
1.1485392496994942 0.04267040946521152
1.154681170820882 0.0434324698672812
1.1608230919422695 0.04415483781735175
1.1669650130636573 0.044835527070474585
1.1731069341850449 0.04547264162752588
1.1792488553064326 0.04606439775256649
1.1853907764278202 0.046609145291568385
1.191532697549208 0.047105387283672966
1.1976746186705955 0.04755179680933727
1.2038165397919833 0.04794722998552902
1.209958460913371 0.04829073400119704
1.2161003820347587 0.04858154909212893
1.2222423031561462 0.04881910338929408
1.228384224277534 0.04900299964563348
1.2345261453989216 0.04913299295994874
1.2406680665203094 0.04920895877980393
1.246809987641697 0.04923085068425915
1.2529519087630847 0.049198647726689006
1.2590938298844723 0.0491122914610109
1.26523575100586 0.048971613182085476
1.2713776721272476 0.0487762523805636
1.2775195932486354 0.04852556793813497
1.283661514370023 0.04821854416090976
1.2898034354914107 0.04785369435186869
1.2959453566127983 0.04742896523839974
1.302087277734186 0.04694164617342094
1.3082291988555736 0.04638828758925461
1.3143711199769612 0.04576463366885454
1.320513041098349 0.045065574572459056
1.3266549622197366 0.04428512378046816
1.3327968833411243 0.04341642614615683
1.338938804462512 0.04245180205722066
1.3450807255838997 0.04138283264960376
1.3512226467052872 0.040200490273693906
1.357364567826675 0.038895317364256644
1.3635064889480626 0.03745765550595592
1.3696484100694504 0.03587792482510758
1.375790331190838 0.034146951901284195
1.3819322523122257 0.03225634222362933
1.3880741734336133 0.030198890879283548
1.394216094555001 0.02796902273685218
1.4003580156763886 0.025563250975207258
1.4064999367977764 0.022980640520395328
1.412641857919164 0.020223260914696038
1.4187837790405518 0.01729661148072167
1.4249257001619393 0.01421000048736265
1.431067621283327 0.010976859492342509
1.4372095424047147 0.007614974230871042
1.4433514635261024 0.0041466144200359165
1.44949338464749 0.000598546701392238
1.4556353057688778 -0.0029980823408886944
1.4617772268902653 -0.006608002605241765
1.4679191480116531 -0.010192221566567471
1.4740610691330407 -0.013708570345211682
1.4802029902544285 -0.017112389682195455
1.486344911375816 -0.020357345126972334
1.4924868324972038 -0.023396355107281958
1.4986287536185914 -0.026182610159761133
1.5047706747399792 -0.02867065671993536
1.5109125958613667 -0.030817514759420222
1.5170545169827545 -0.032583795453610655
1.523196438104142 -0.0339347831659601
1.5293383592255299 -0.03484144549723781
1.5354802803469174 -0.0352813360618439
1.5416222014683052 -0.03523935704214071
1.5477641225896928 -0.03470835238703416
1.5539060437110805 -0.0336895076411459
1.560047964832468 -0.03219253862555815
1.5661898859538559 -0.0302356582895838
1.5723318070752434 -0.02784531871626939
1.578473728196631 -0.025055733160239617
1.5846156493180188 -0.021908190777221805
1.5907575704394064 -0.018450184025236308
1.5968994915607941 -0.01473437525451422
1.6030414126821817 -0.010817434471953047
1.6091833338035695 -0.006758784435327966
1.615325254924957 -0.0026192919369959077
1.6214671760463448 0.0015400547157865215
1.6276090971677324 0.005659442442122051
1.6337510182891202 0.009681466706414288
1.6398929394105077 0.013552267091286473
1.6460348605318955 0.01722253531185611
1.652176781653283 0.020648371320672355
1.6583187027746709 0.023791969291222837
1.6644606238960584 0.026622121790741773
1.6706025450174462 0.029114537065365886
1.6767444661388338 0.03125197078072729
1.6828863872602216 0.03302417953358819
1.6890283083816091 0.03442770875758357
1.695170229502997 0.03546553211702058
1.7013121506243845 0.036146562996635496
1.7074540717457722 0.036485061184946495
1.7135959928671598 0.03649995929903321
1.7197379139885476 0.03621413394195918
1.7258798351099351 0.0356536460953617
1.732021756231323 0.03484697393789868
1.7381636773527105 0.03382425927962876
1.7443055984740983 0.032616586263555604
1.7504475195954858 0.03125530806619116
1.7565894407168736 0.0297714341855218
1.7627313618382612 0.02819508768505892
1.768873282959649 0.026555038600014007
1.7750152040810365 0.024878316720329453
1.7811571252024243 0.023189904237655327
1.7872990463238119 0.02151250634842044
1.7934409674451997 0.019866395888608303
1.7995828885665872 0.018269326461290793
1.805724809687975 0.016736507308940593
1.8118667308093626 0.015280632365380279
1.8180086519307503 0.013911955469278176
1.824150573052138 0.01263840359415277
1.8302924941735257 0.011465720103486092
1.8364344152949132 0.01039763042435349
1.8425763364163008 0.009436023098356956
1.8487182575376886 0.008581139865243505
1.8548601786590762 0.007831769216201268
1.861002099780464 0.00718543867885289
1.8671440209018515 0.006638601928356378
1.8732859420232393 0.00618681762879369
1.8794278631446268 0.005824917672394464
1.8855697842660146 0.005547163183348471
1.8917117053874022 0.005347387275847571
1.89785362650879 0.0052191240954155265
1.9039955476301775 0.00515572412568038
1.9101374687515653 0.0051504561102185785
1.9162793898729529 0.005196596224440452
1.9224213109943407 0.005287505341259329
1.9285632321157282 0.005416695373473867
1.934705153237116 0.0055778857532369375
1.9408470743585036 0.005765051132901491
1.9469889954798913 0.0059724613701559424
1.953130916601279 0.006194714801645304
1.9592728377226667 0.006426765720727941
1.9654147588440543 0.006663946863581229
1.971556679965442 0.006901987579887302
1.9776986010868296 0.007137028225554468
1.9838405222082174 0.0073656311705867965
1.989982443329605 0.007584788670074154
1.9961243644509927 0.007791927704757874
2.0022662855723805 0.00798491176388946
2.008408206693768 0.008162039421129261
2.0145501278151556 0.008322039447905312
2.020692048936543 0.008464062121779853
2.026833970057931 0.008587666323693233
2.0329758911793188 0.008692801981105868
2.0391178123007063 0.008779787407484323
2.045259733422094 0.008849281115402367
2.051401654543482 0.008902247743391559
2.0575435756648695 0.008939917837514149
2.063685496786257 0.008963741368442791
2.0698274179076446 0.008975335043410294
2.0759693390290326 0.008976423688067062
2.08211126015042 0.008968776222656632
2.0882531812718077 0.008954137034653285
2.0943951023931953 0.008934153848651604
2.100537023514583 0.008910303504217737
2.106678944635971 0.008883817361792055
2.1128208657573584 0.00885560835173471
2.118962786878746 0.008826201946656245
2.1251047080001335 0.008795673555416467
2.1312466291215215 0.008763594991078661
2.137388550242909 0.00872899273724358
2.1435304713642966 0.008690320711143734
2.149672392485684 0.008645450083275542
2.155814313607072 0.008591678450940362
2.1619562347284598 0.008525760269848956
2.1680981558498473 0.008443959922206661
2.174240076971235 0.008342128145944181
2.180381998092623 0.008215801779433887
2.1865239192140105 0.008060325907934839
2.192665840335398 0.00787099655836941
2.1988077614567856 0.007643221111142455
2.2049496825781736 0.007372692621106388
2.211091603699561 0.007055573308923986
2.2172335248209487 0.006688681646626747
2.2233754459423363 0.006269676765730504
2.2295173670637243 0.005797233409935981
2.235659288185112 0.0052712003800186044
2.2418012093064994 0.004692735411738377
2.247943130427887 0.004064409714445094
2.254085051549275 0.00339027599231478
2.2602269726706625 0.0026758946715189575
2.26636889379205 0.0019283142494001635
2.2725108149134376 0.0011560031343179373
2.2786527360348257 0.0003687320101714712
2.284794657156213 -0.00042259242350327575
2.2909365782776008 -0.0012061395895613708
2.2970784993989883 -0.001969408410905531
2.3032204205203763 -0.0026995154867937637
2.309362341641764 -0.0033835100009314365
2.3155042627631515 -0.0040087059277352155
2.321646183884539 -0.00456302106908012
2.327788105005927 -0.005035311812542168
2.3339300261273146 -0.005415692296519754
2.340071947248702 -0.0056958269203949445
2.3462138683700897 -0.005869185849811769
2.3523557894914777 -0.005931254316300735
2.3584977106128653 -0.005879688053019353
2.364639631734253 -0.005714409080487366
2.3707815528556404 -0.00543763817724898
2.376923473977028 -0.005053862647136035
2.383065395098416 -0.00456974032627389
2.3892073162198035 -0.003993943055869099
2.395349237341191 -0.0033369449809961043
2.4014911584625787 -0.0026107629293109333
2.4076330795839667 -0.001828657698211251
2.4137750007053542 -0.0010048062727423589
2.419916921826742 -0.0001539557675923012
2.4260588429481293 0.0007089297857243715
2.4322007640695174 0.0015690187997546546
2.438342685190905 0.0024119471677996793
2.4444846063122925 0.003224129417913535
2.45062652743368 0.003993037662126889
2.456768448555068 0.004707441509106139
2.4629103696764556 0.005357603775905984
2.469052290797843 0.005935428598772733
2.4751942119192307 0.00643456032450466
2.4813361330406187 0.006850433287720968
2.4874780541620063 0.007180274178637134
2.493619975283394 0.007423060124461139
2.4997618964047814 0.0075794368018525455
2.5059038175261694 0.007651601838293592
2.512045738647557 0.007643159430939222
2.5181876597689445 0.007558952510195067
2.524329580890332 0.007404878911805554
2.53047150201172 0.007187697916017277
2.5366134231331077 0.006914833194246136
2.5427553442544952 0.006594177707582437
2.548897265375883 0.006233905466163424
2.555039186497271 0.005842294324187472
2.5611811076186584 0.005427563191844976
2.567323028740046 0.004997726230067446
2.5734649498614335 0.004560465790351604
2.5796068709828215 0.004123025098782806
2.585748792104209 0.0036921209840624224
2.5918907132255966 0.003273876331353022
2.598032634346984 0.002873771418857536
2.604174555468372 0.0024966128685630505
2.6103164765897597 0.002146518617910849
2.6164583977111473 0.0018269170924741283
2.622600318832535 0.0015405586247568136
2.6287422399539224 0.0012895371120641241
2.6348841610753104 0.001075319926311484
2.641026082196698 0.0008987841688459486
2.6471680033180855 0.0007602574916853527
2.653309924439473 0.0006595618710618588
2.659451845560861 0.0005960589084776425
2.6655937666822487 0.0005686954383389065
2.6717356878036362 0.0005760484305776885
2.677877608925024 0.0006163683838274896
2.684019530046412 0.0006876206034478706
2.6901614511677994 0.0007875239441506874
2.696303372289187 0.0009135867656368641
2.7024452934105745 0.0010631399991569532
2.7085872145319625 0.0012333673519389474
2.71472913565335 0.0014213327845105559
2.7208710567747376 0.0016240054832925804
2.727012977896125 0.0018382826181776446
2.733154899017513 0.0020610102232232553
2.7392968201389007 0.002289002569393402
2.7454387412602883 0.0025190604129148786
2.751580662381676 0.002747988502737134
2.757722583503064 0.002972612717235879
2.7638645046244514 0.003189797175043841
2.770006425745839 0.0033964616290074363
2.7761483468672266 0.0035895994069446314
2.7822902679886146 0.0037662961092423046
2.788432189110002 0.0039237492124611925
2.7945741102313897 0.004059288661099699
2.8007160313527772 0.004170398457631427
2.8068579524741653 0.004254739185101355
2.812999873595553 0.004310171318300576
2.8191417947169404 0.004334779100382513
2.825283715838328 0.004326894683480599
2.831425636959716 0.004285122156417259
2.8375675580811035 0.004208361012155465
2.843709479202491 0.004095828544650438
2.8498514003238786 0.0039470806117853224
2.8559933214452666 0.0037620301608044518
2.862135242566654 0.0035409628877838832
2.8682771636880418 0.003284549395801308
2.8744190848094293 0.0029938532299517446
2.8805610059308173 0.002670334203190463
2.886702927052205 0.0023158464866120995
2.8928448481735924 0.0019326310219327904
2.89898676929498 0.0015233019224966103
2.9051286904163676 0.0010908266609370176
2.9112706115377556 0.0006384999944177844
2.917412532659143 0.00016991174868848701
2.9235544537805307 -0.00031109123467111126
2.9296963749019183 -0.0008004484933389233
2.9358382960233063 -0.0012939339970422029
2.941980217144694 -0.0017872079910131468
2.9481221382660814 -0.0022758715967631264
2.954264059387469 -0.00275552299523327
2.960405980508857 -0.003221813908908921
2.9665479016302445 -0.0036705050319093017
2.972689822751632 -0.004097519037001772
2.9788317438730196 -0.0044989898209200525
2.9849736649944076 -0.004871306737159109
2.991115586115795 -0.005211152708942747
2.9972575072371828 -0.005515535311878508
3.0033994283585703 -0.00578181016052741
3.0095413494799583 -0.006007696217356165
3.015683270601346 -0.006191282955148022
3.0218251917227335 -0.006331029631349232
3.027967112844121 -0.006425757259579253
3.034109033965509 -0.0064746341730610064
3.0402509550868966 -0.006477156350190452
3.046392876208284 -0.006433123897722147
3.0525347973296717 -0.006342615247661815
3.0586767184510597 -0.006205960708180312
3.0648186395724473 -0.0060237170085217645
3.070960560693835 -0.005796644389108495
3.0771024818152224 -0.005525687611794178
3.0832444029366104 -0.005211962007485833
3.089386324057998 -0.004856745350117708
3.0955282451793855 -0.0044614759627739
3.101670166300773 -0.004027757043042658
3.107812087422161 -0.0035573667627440573
3.1139540085435486 -0.0030522732759422143
3.120095929664936 -0.002514653382837946
3.1262378507863238 -0.0019469132687397203
3.1323797719077118 -0.0013517094872110983
3.1385216930290993 -0.0007319682011330525
3.144663614150487 -9.090064622335433e-05
3.1508055352718745 0.0005679871558778227
3.156947456393262 0.0012408922341695726
3.16308937751465 0.001923721575892975
3.1692312986360376 0.002612109257530264
3.175373219757425 0.0033014445094611557
3.1815151408788127 0.003986910931732924
3.1876570620002007 0.004663536560100134
3.1937989831215883 0.005326253964302284
3.199940904242976 0.005969969070914903
3.2060828253643634 0.006589636965802035
3.2122247464857514 0.00718034256791562
3.218366667607139 0.007737383794406971
3.2245085887285265 0.008256354669099386
3.230650509849914 0.00873322576903468
3.236792430971302 0.009164419457919275
3.2429343520926897 0.009546877516060391
3.249076273214077 0.009878119033813745
3.2552181943354648 0.010156286775270251
3.261360115456853 0.010380180623065673
3.2675020365782403 0.01054927716368453
3.273643957699628 0.010663734944207344
3.2797858788210155 0.010724385404940067
3.2859277999424035 0.01073270994772745
3.292069721063791 0.010690804019040203
3.2982116421851786 0.010601329455028
3.304353563306566 0.010467456640916237
3.310495484427954 0.010292798271343533
3.3166374055493417 0.010081336657209184
3.3227793266707293 0.009837346607679001
3.328921247792117 0.009565315925874169
3.335063168913505 0.009269865499008705
3.3412050900348924 0.008955670846250331
3.34734701115628 0.008627386819975397
3.3534889322776675 0.008289576949085413
3.3596308533990555 0.007946648677840795
3.365772774520443 0.0076027955013615225
3.3719146956418307 0.007261946740088341
3.3780566167632182 0.006927725439675216
3.3841985378846062 0.006603414638311557
3.390340459005994 0.00629193201721262
3.3964823801273814 0.005995812747266173
3.402624301248769 0.005717200169309429
3.4087662223701565 0.005457843799444797
3.4149081434915445 0.005219104035011683
3.421050064612932 0.005001962850917122
3.4271919857343196 0.004807039718569996
3.433333906855707 0.004634611948431072
3.439475827977095 0.0044846386493567324
3.4456177490984827 0.004356787510264198
3.4517596702198703 0.004250463638768543
3.457901591341258 0.004164839733898694
3.464043512462646 0.004098886922467831
3.4701854335840334 0.004051405648061525
3.476327354705421 0.0040210560651421975
3.4824692758268085 0.004006387456058334
3.4886111969481965 0.004005866253816224
3.494753118069584 0.004017902316777461
3.5008950391909717 0.004040873161872874
3.5070369603123592 0.004073145919768629
3.5131788814337472 0.004113096828357847
3.519320802555135 0.004159128129993603
3.5254627236765224 0.004209682283328751
3.53160464479791 0.004263253443021522
3.537746565919298 0.004318396200617366
3.5438884870406855 0.004373731618455958
3.550030408162073 0.004427950626358654
3.5561723292834606 0.004479814888992974
3.5623142504048486 0.00452815529097475
3.568456171526236 0.004571868227597384
3.5745980926476237 0.004609909932002995
3.5807400137690113 0.004641289114790815
3.5868819348903993 0.004665058239322006
3.593023856011787 0.004680303804772584
3.5991657771331744 0.004686136058329194
3.605307698254562 0.004681678606385187
3.61144961937595 0.0046660584402823495
3.6175915404973376 0.004638396932707364
3.623733461618725 0.004597802393522654
3.6298753827401127 0.004543364795463566
3.6360173038615007 0.00447415328738194
3.6421592249828882 0.0043892171020436365
3.648301146104276 0.004287590433411917
3.6544430672256634 0.00416830180161863
3.6605849883470514 0.004030388339648093
3.666726909468439 0.0038729153220496276
3.6728688305898265 0.0036950011116386565
3.679010751711214 0.0034958475252602687
3.6851526728326016 0.00327477541586847
3.6912945939539896 0.003031265038705495
3.697436515075377 0.0027650005193844713
3.7035784361967647 0.002475917478255705
3.7097203573181523 0.0021642525975662606
3.7158622784395403 0.001830593656400785
3.722004199560928 0.0014759283155694194
3.7281461206823154 0.001101689724008481
3.734288041803703 0.0007097968540585037
3.740429962925091 0.0003026873693699247
3.7465718840464786 -0.00011665920039463522
3.752713805167866 -0.0005447101475688066
3.7588557262892537 -0.0009773821550541502
3.7649976474106417 -0.001410059510207472
3.7711395685320293 -0.0018376293722485552
3.777281489653417 -0.0022545350441857863
3.7834234107748044 -0.0026548476504604317
3.7895653318961924 -0.0030323559927274506
3.79570725301758 -0.0033806736675177744
3.8018491741389675 -0.00369336180518626
3.807991095260355 -0.0039640650581779305
3.814133016381743 -0.004186657760242075
3.8202749375031306 -0.004355396530784471
3.826416858624518 -0.004465075044434931
3.8325587797459058 -0.004511176258035148
3.8387007008672938 -0.004490017115182273
3.8448426219886813 -0.004398880656523583
3.850984543110069 -0.0042361305695404645
3.8571264642314564 -0.004001303523496219
3.8632683853528444 -0.0036951751529297155
3.869410306474232 -0.003319796265795731
3.8755522275956196 -0.0028784967391285604
3.881694148717007 -0.0023758555953311273
3.887836069838395 -0.001817636886738292
3.8939779909597827 -0.0012106922090124822
3.9001199120811703 -0.0005628318645792657
3.906261833202558 0.00011733214705644
3.912403754323946 0.0008205670768038655
3.9185456754453334 0.0015372191634134343
3.924687596566721 0.002257426288957122
3.9308295176881085 0.0029713371792375563
3.936971438809496 0.0036693305213266808
3.943113359930884 0.004342227374393161
3.9492552810522716 0.004981490512204536
3.955397202173659 0.005579404843416226
3.9615391232950468 0.006129233784549183
3.9676810444164348 0.006625347375710878
3.9738229655378223 0.00706331898762932
3.97996488665921 0.007439988621555912
3.9861068077805974 0.00775349199895301
3.9922487289019855 0.00800325582311476
3.998390650023373 0.008189960719796227
4.004532571144761 0.00831547438319815
4.010674492266149 0.008382758328878638
4.016816413387536 0.008395752356547909
4.022958334508924 0.00835924133313326
4.029100255630311 0.008278709210032847
4.035242176751699 0.008160185288214456
4.041384097873086 0.008010087650266633
4.047526018994474 0.007835068407450024
4.053667940115862 0.007641864986771236
4.05980986123725 0.007437161137668573
4.0659517823586375 0.007227460702744746
4.072093703480025 0.007018976506026535
4.078235624601413 0.006817535998840305
4.0843775457228 0.0066285045987801204
4.090519466844188 0.0064567269891587205
4.096661387965575 0.006306486038046168
4.102803309086964 0.006181478465664771
4.108945230208351 0.00608480594922899
4.115087151329739 0.006018980012571282
4.1212290724511265 0.005985938806213481
4.127370993572514 0.005987073739451537
4.133512914693902 0.006023263873122166
4.139654835815289 0.006094916010513668
4.145796756936677 0.006202008522623908
4.151938678058065 0.006344137099524995
4.158080599179453 0.006520560818256785
4.16422252030084 0.006730247145871862
4.170364441422228 0.006971914741170203
4.176506362543615 0.007244073168695879
4.182648283665003 0.007545058883681345
4.1887902047863905 0.007873067078551338
4.194932125907778 0.008226179193923249
4.201074047029166 0.008602386085181038
4.207215968150554 0.008999606996792506
4.213357889271942 0.009415704629264516
4.219499810393329 0.00984849668798687
4.225641731514717 0.010295764380266649
4.231783652636104 0.0107552583784803
4.237925573757492 0.011224702795898597
4.2440674948788795 0.011701797730127514
4.250209416000267 0.012184220920126582
4.2563513371216555 0.012669629039232449
4.262493258243043 0.013155659111153519
4.268635179364431 0.013639930490850868
4.274777100485818 0.014120047799564371
4.280919021607206 0.014593605144599738
4.287060942728593 0.015058191891098603
4.293202863849981 0.015511400185778693
4.299344784971368 0.015950834362175093
4.305486706092757 0.01637412228365086
4.311628627214144 0.016778928604665982
4.317770548335532 0.017162969852766396
4.3239124694569195 0.01752403115381659
4.330054390578307 0.01785998434167548
4.336196311699695 0.0181688071115938
4.342338232821082 0.01844860279525494
4.34848015394247 0.018697620256184787
4.354622075063858 0.01891427332931486
4.360763996185246 0.019097159160417803
4.366905917306633 0.019245074743101012
4.373047838428021 0.019357030906692916
4.3791897595494085 0.019432262981773352
4.385331680670796 0.019470237365671456
4.391473601792184 0.019470653232522853
4.397615522913571 0.019433438685911138
4.40375744403496 0.019358740740856216
4.409899365156347 0.019246908649455694
4.416041286277735 0.019098470253356235
4.422183207399122 0.018914101257594768
4.42832512852051 0.01869458757364691
4.434467049641897 0.018440781172087427
4.440608970763285 0.018153550212017117
4.4467508918846725 0.017833724567555654
4.452892813006061 0.017482038240588367
4.4590347341274486 0.01709907052002776
4.465176655248836 0.016685188104760853
4.471318576370224 0.0162404907313713
4.477460497491611 0.015764763117859678
4.483602418612999 0.01525743622891395
4.489744339734386 0.01471756096452012
4.495886260855774 0.01414379735046035
4.5020281819771615 0.013534422147370091
4.50817010309855 0.01288735747905967
4.5143120242199375 0.012200222600496574
4.520453945341325 0.0114704102776185
4.526595866462713 0.01069518843944174
4.5327377875841 0.00987182680127646
4.538879708705488 0.008997747069605887
4.545021629826875 0.008070694157730804
4.551163550948263 0.0070889246097563165
4.557305472069651 0.0060514072008007146
4.563447393191039 0.004958029512454406
4.569589314312426 0.0038098032383335097
4.575731235433814 0.002609060120754492
4.5818731565552016 0.0013596298202156064
4.588015077676589 6.699073323841505e-05
4.594156998797977 -0.0012616151494275563
4.600298919919364 -0.002617111777055426
4.606440841040753 -0.0039885705051670925
4.61258276216214 -0.0053632497221015344
4.618724683283528 -0.006726697157215666
4.624866604404915 -0.008062917333498816
4.631008525526303 -0.009354604284111898
4.6371504466476905 -0.010583437111381114
4.643292367769078 -0.011730433332358518
4.649434288890466 -0.012776352344203417
4.655576210011854 -0.013702138879456156
4.661718131133242 -0.014489394130557422
4.667860052254629 -0.015120860423256513
4.674001973376017 -0.015580904015164983
4.680143894497404 -0.01585597987418646
4.686285815618792 -0.015935062211895806
4.692427736740179 -0.015810025139209538
4.698569657861567 -0.015475959073132053
4.7047115789829554 -0.014931410417449918
4.710853500104343 -0.014178534497685436
4.716995421225731 -0.013223154652347096
4.723137342347118 -0.012074723644513893
4.729279263468506 -0.010746187017509902
4.735421184589893 -0.009253751522293333
4.741563105711281 -0.007616565135900634
4.747705026832668 -0.0058563183192199934
4.753846947954056 -0.0039967788916291545
4.759988869075444 -0.0020632751136530143
4.766130790196832 -8.214317760276717e-05
4.7722727113182195 0.0019198437480189804
4.778414632439607 0.003916047516582346
4.784556553560995 0.005880521061149226
4.790698474682382 0.007788532588569271
4.79684039580377 0.009617043614255978
4.802982316925157 0.011345128645211984
4.809124238046546 0.012954326786105034
4.815266159167933 0.014428918252081566
4.821408080289321 0.015756121595841367
4.8275500014107084 0.016926210271023628
4.833691922532096 0.017932549843467267
4.839833843653484 0.018771559624519662
4.845975764774871 0.01944260465224914
4.852117685896259 0.019947825723792948
4.858259607017647 0.02029191654382324
4.864401528139035 0.020481857981072212
4.870543449260422 0.02052661991889954
4.87668537038181 0.0204368412678163
4.882827291503197 0.020224498414495754
4.888969212624585 0.01990257176247074
4.8951111337459725 0.01948471913261502
4.90125305486736 0.018984963699870783
4.9073949759887485 0.018417402911226604
4.913536897110136 0.01779594352163482
4.919678818231524 0.017134066557878705
4.925820739352911 0.01644462472725232
4.931962660474299 0.015739673572057026
4.938104581595686 0.015030336567096892
4.944246502717074 0.014326703390965138
4.9503884238384614 0.013637759789204304
4.95653034495985 0.012971346796102096
4.9626722660812375 0.012334146592062107
4.968814187202625 0.01173169193883177
4.974956108324013 0.011168395943896329
4.9810980294454 0.010647598842738016
4.987239950566788 0.010171628535552375
4.993381871688175 0.009741871754179078
4.999523792809563 0.009358852945894594
5.00566571393095 0.009022318224331655
5.011807635052339 0.008731322036379156
5.017949556173726 0.008484314511466428
5.024091477295114 0.008279227782216179
5.0302333984165015 0.008113559881382307
5.036375319537889 0.007984455119888227
5.042517240659277 0.007888780127489604
5.048659161780664 0.007823194986018139
5.054801082902052 0.007784219102101635
5.06094300402344 0.007768291650101387
5.067084925144828 0.00777182656652388
5.073226846266215 0.007791262195216549
5.079368767387603 0.00782310576997114
5.0855106885089905 0.007863972980100097
5.091652609630378 0.00791062289793354
5.097794530751766 0.007959988558113005
5.103936451873153 0.008009203470304522
5.110078372994542 0.008055624322861839
5.116220294115929 0.008096850098392734
5.122362215237317 0.008130737776435434
5.128504136358704 0.00815541474679683
5.134646057480092 0.008169288002733336
5.140787978601479 0.008171050129185115
5.146929899722867 0.008159682050749848
5.1530718208442545 0.00813445245995984
5.159213741965643 0.008094913811562573
5.1653556630870305 0.008040894745620678
5.171497584208418 0.00797248879388063
5.177639505329806 0.00789003923229637
5.183781426451193 0.007794119969781876
5.189923347572581 0.007685512410706
5.196065268693968 0.0075651782972671194
5.202207189815356 0.007434228627925814
5.208349110936744 0.007293888858923617
5.214491032058132 0.007145460725995292
5.2206329531795195 0.006990281170021029
5.226774874300907 0.006829679009710891
5.232916795422295 0.006664930171380625
5.239058716543682 0.006497212454145881
5.24520063766507 0.006327560970945342
5.251342558786457 0.006156825553193351
5.257484479907845 0.005985631530256079
5.263626401029233 0.005814345384562625
5.269768322150621 0.005643046829155236
5.275910243272008 0.0054715088474237865
5.282052164393396 0.005299187166211457
5.2881940855147835 0.005125220496560374
5.294336006636171 0.004948442666440529
5.300477927757559 0.0047674074850484706
5.306619848878946 0.004580426820228114
5.312761770000335 0.0043856219446385646
5.318903691121722 0.004180987721993765
5.32504561224311 0.003964468675797743
5.331187533364497 0.0037340454274053924
5.337329454485885 0.0034878294296263822
5.3434713756072725 0.003224163381250062
5.34961329672866 0.002941724213792859
5.355755217850048 0.0026396251224699986
5.361897138971436 0.002317512796516429
5.368039060092824 0.001975655815259773
5.374180981214211 0.001615020137975196
5.380322902335599 0.0012373277445756308
5.386464823456986 0.0008450947910280032
5.392606744578374 0.00044164613056245155
5.398748665699761 3.110371297552867e-05
5.404890586821149 -0.00038165280596346585
5.411032507942537 -0.0007910539596809576
5.417174429063925 -0.0011909365318943884
5.4233163501853126 -0.0015746663328300727
5.4294582713067 -0.0019352851158786354
5.435600192428088 -0.0022656779752743455
5.441742113549475 -0.002558756571938582
5.447884034670863 -0.0028076526830789366
5.45402595579225 -0.0030059159077441317
5.460167876913639 -0.0031477089244581363
5.466309798035026 -0.003227993517880988
5.472451719156414 -0.0032427006871634956
5.4785936402778015 -0.0031888785242609723
5.484735561399189 -0.003064812197201812
5.490877482520577 -0.002870111268773885
5.497019403641964 -0.00260576069011191
5.503161324763352 -0.0022741330849137295
5.509303245884739 -0.0018789613283208802
5.515445167006128 -0.001425271863731666
5.521587088127515 -0.000919280627086619
5.527729009248903 -0.0003682547982346603
5.53387093037029 0.00021965518638965054
5.540012851491678 0.0008356078985208531
5.5461547726130656 0.001470281201950783
5.552296693734453 0.002114093760773789
5.558438614855841 0.0027574307187178274
5.564580535977229 0.0033908665194806557
5.570722457098617 0.004005378133079787
5.576864378220004 0.004592542497924978
5.583006299341392 0.005144712749487544
5.589148220462779 0.0056551687422568735
5.595290141584167 0.006118238434212826
5.6014320627055545 0.006529387841031935
5.607573983826942 0.006885278428859446
5.6137159049483305 0.0071837919499892905
5.619857826069718 0.007424023789927725
5.625999747191106 0.007606246848207877
5.632141668312493 0.007731848787969304
5.638283589433881 0.007803246138495671
5.644425510555268 0.007823779207537672
5.650567431676656 0.007797592052252104
5.656709352798043 0.007729501873248905
5.662851273919432 0.007624862147211715
5.668993195040819 0.007489423617577631
5.675135116162207 0.007329196942162828
5.681277037283595 0.007150320376782897
5.687418958404982 0.006958935381726204
5.69356087952637 0.0067610725003492255
5.699702800647757 0.006562549301826499
5.705844721769145 0.006368881626704395
5.711986642890533 0.006185208844821665
5.718128564011921 0.006016233347216954
5.724270485133308 0.005866174059802391
5.730412406254696 0.005738733395856202
5.7365543273760835 0.005637076761992831
5.742696248497471 0.00556382349993512
5.748838169618859 0.0055210479828182455
5.754980090740246 0.005510289486041016
5.761122011861635 0.005532569413009174
5.767263932983022 0.005588414468231229
5.77340585410441 0.0056778844259925
5.779547775225797 0.0058006032337122575
5.785689696347185 0.005955792306578313
5.7918316174685724 0.006142305006016456
5.79797353858996 0.006358661441495621
5.804115459711348 0.0066030828864246174
5.810257380832735 0.0068735252487351845
5.816399301954124 0.007167711180431554
5.822541223075511 0.007483160544164326
5.828683144196899 0.007817219075939477
5.834825065318286 0.00816708518943271
5.840966986439674 0.008529834957837589
5.847108907561061 0.008902445383153086
5.853250828682449 0.009281816120265789
5.8593927498038365 0.009664789864466127
5.865534670925225 0.01004817163683663
5.8716765920466125 0.010428747213171552
5.877818513168 0.010803300939805765
5.883960434289388 0.011168633165127131
5.890102355410775 0.011521577489893443
5.896244276532163 0.011859018004098132
5.90238619765355 0.012177906634429749
5.908528118774938 0.012475280675819527
5.914670039896326 0.01274828052473699
5.920811961017714 0.012994167572460372
5.9269538821391015 0.013210342155344201
5.933095803260489 0.01339436139811308
5.939237724381877 0.01354395672759101
5.945379645503264 0.01365705078034793
5.951521566624652 0.013731773380984719
5.957663487746039 0.013766476230763042
5.963805408867428 0.013759745921639739
5.969947329988815 0.013710414881064108
5.976089251110203 0.013617569860560483
5.98223117223159 0.013480557608264191
5.988373093352978 0.0132989874138767
5.9945150144743655 0.013072730284982341
6.000656935595753 0.012801914606549532
6.006798856717141 0.012486918249950638
6.012940777838529 0.012128357232049063
6.019082698959917 0.011727071175600822
6.025224620081304 0.011284105984799274
6.031366541202692 0.010800694318240277
6.037508462324079 0.010278234608524109
6.043650383445467 0.00971826953452762
6.0497923045668545 0.00912246498947709
6.055934225688242 0.00849259069507925
6.06207614680963 0.007830503678681332
6.068218067931018 0.007138135846639538
6.074359989052406 0.006417486843676375
6.080501910173793 0.0056706232775763496
6.086643831295181 0.004899685206076111
6.092785752416568 0.00410690052630891
6.098927673537956 0.0032946075784404667
6.105069594659343 0.0024652858801840127
6.111211515780731 0.0016215944582570459
6.117353436902119 0.0007664167517431607
6.123495358023507 -9.708944957090267e-05
6.1296372791448945 -0.0009654390778231996
6.135779200266282 -0.0018347663958592955
6.14192112138767 -0.002700774087894749
6.148063042509057 -0.0035586881099684406
6.154204963630445 -0.004403221793270205
6.160346884751832 -0.005228552765681144
6.166488805873221 -0.006028316164919011
6.172630726994608 -0.006795617345666069
6.178772648115996 -0.00752306682613203
6.1849145692373835 -0.008202839579139778
6.191056490358771 -0.008826759961665424
6.197198411480159 -0.009386412617927812
6.203340332601546 -0.009873278617887105
6.209482253722934 -0.010278894947835846
6.215624174844322 -0.010595034302656226
6.22176609596571 -0.010813900995586259
6.227908017087097 -0.010928337758853296
6.234049938208485 -0.010932037314594868
6.240191859329872 -0.010819751903545819
6.24633378045126 -0.010587493515321218
6.2524757015726475 -0.010232717404896442
6.258617622694035 -0.009754481628437213
6.2647595438154235 -0.00915357579662389
6.270901464936811 -0.008432613017872266
6.277043386058199 -0.007596080064154718
