time TPR_both_C_open_8_rho23_imag
43.982297150257104 -0.00870549814404216
43.988439071378494 -0.007737525788139506
43.99458099249988 -0.006651173482494178
44.00072291362127 -0.005457573782574399
44.00686483474266 -0.0041698012537221135
44.01300675586404 -0.002802640008760538
44.01914867698543 -0.001372304100373687
44.025290598106814 0.00010388109819904542
44.031432519228204 0.0016078270495836074
44.037574440349594 0.0031210493131871636
44.04371636147098 0.004625042938367011
44.04985828259237 0.006101654911229585
44.05600020371376 0.007533442896845263
44.06214212483514 0.008904010239432696
44.06828404595653 0.010198308259849256
44.07442596707792 0.011402898263184812
44.080567888199305 0.012506167268943108
44.086709809320695 0.013498493224805307
44.092851730442085 0.014372357282163652
44.09899365156347 0.015122402518944023
44.10513557268486 0.015745440219616193
44.11127749380624 0.01624040639923981
44.11741941492763 0.016608272634733825
44.12356133604902 0.016851916402188454
44.129703257170405 0.016975956987616097
44.135845178291795 0.016986563627903566
44.141987099413186 0.01689124284987733
44.14812902053457 0.01669861202138772
44.15427094165596 0.016418165932420542
44.16041286277735 0.016060042817667673
44.16655478389873 0.015634795651663105
44.17269670502012 0.015153173833785834
44.178838626141506 0.014625919574404221
44.184980547262896 0.014063582435492519
44.191122468384286 0.013476354606818607
44.19726438950567 0.012873928645718676
44.20340631062706 0.012265378603037719
44.20954823174845 0.011659064722751135
44.21569015286983 0.011062561254973388
44.22183207399122 0.010482606372588132
44.22797399511261 0.009925072736195058
44.234115916233996 0.009394956911203968
44.24025783735539 0.008896385601293206
44.24639975847678 0.008432636517260322
44.25254167959816 0.008006171640175894
44.25868360071955 0.007618680651608737
44.26482552184093 0.007271132379417611
44.27096744296232 0.00696383223278331
44.277109364083714 0.0066964837626010965
44.2832512852051 0.00646825267156372
44.28939320632649 0.006277831801771918
44.29553512744788 0.006123505837292059
44.30167704856926 0.006003214666915641
44.30781896969065 0.005914614552063722
44.31396089081204 0.005855136431341944
44.320102811933424 0.005822040863042607
44.326244733054814 0.005812469257472019
44.3323866541762 0.0058234911810049785
44.33852857529759 0.005852147622804322
44.34467049641898 0.0058954902035129216
44.35081241754036 0.005950616373897457
44.35695433866175 0.006014700701804607
44.36309625978314 0.006085022379672761
44.369238180904524 0.006158989104254805
44.375380102025915 0.006234157487328722
44.381522023147305 0.006308250153291157
44.38766394426869 0.006379169668957678
44.39380586539008 0.006445009434928505
44.39994778651147 0.006504061648793794
44.40608970763285 0.006554822430441907
44.41223162875424 0.006595994180893532
44.418373549875625 0.006626485230408261
44.424515470997015 0.006645406820939353
44.430657392118405 0.0066520674640031625
44.43679931323979 0.0066459647191455355
44.44294123436118 0.0066267744516002956
44.44908315548257 0.006594337651322932
44.45522507660395 0.00654864492983572
44.46136699772534 0.0064898188562864355
44.46750891884673 0.006418094349351059
44.473650839968116 0.006333797406080473
44.479792761089506 0.006237322520862876
44.485934682210896 0.006129109225063146
44.49207660333228 0.006009618257653772
44.49821852445367 0.005879307955669633
44.50436044557505 0.0057386115264077605
44.51050236669644 0.005587915926257333
44.51664428781783 0.005427543118827266
44.522786208939216 0.0052577345124088255
44.528928130060606 0.0050786393785950895
44.535070051182 0.004890308025243504
44.54121197230338 0.00469269043372168
44.54735389342477 0.00448564096931538
44.55349581454616 0.004268929632915155
44.55963773566754 0.004042260141404858
44.56577965678893 0.003805294905262571
44.57192157791032 0.0035576867186435275
44.57806349903171 0.0032991166958635794
44.5842054201531 0.003029337687314228
44.59034734127448 0.0027482220982697264
44.59648926239587 0.00245581272866139
44.60263118351726 0.002152374965203988
44.608773104638644 0.0018384484048474452
44.614915025760034 0.0015148957863611878
44.621056946881424 0.0011829469704744864
44.62719886800281 0.000844235652593804
44.6333407891242 0.0005008265276130054
44.63948271024559 0.00015523076243427543
44.64562463136697 -0.00018959212682905077
44.65176655248836 -0.0005302475495351309
44.657908473609744 -0.0008629353775104362
44.664050394731134 -0.0011834963199582507
44.670192315852525 -0.0014874751048567587
44.67633423697391 -0.001770199777827168
44.6824761580953 -0.002026875747333809
44.68861807921669 -0.0022526925278428403
44.69476000033807 -0.0024429404916724243
44.70090192145946 -0.0025931343676628416
44.70704384258085 -0.002699139751194454
44.713185763702235 -0.002757298543228705
44.719327684823625 -0.0027645490390293126
44.72546960594501 -0.002718536356916916
44.7316115270664 -0.002617709043274099
44.73775344818779 -0.002461398013219094
44.74389536930917 -0.002249874479311559
44.75003729043056 -0.001984384167146725
44.75617921155195 -0.001667155892426791
44.762321132673335 -0.0013013834477762173
44.768463053794726 -0.0008911806824092414
44.774604974916116 -0.0004415106133213204
44.7807468960375 4.1909659011449484e-05
44.78688881715889 0.0005527255856666216
44.79303073828028 0.0010840799394962544
44.79917265940166 0.0016287616687258597
44.80531458052305 0.002179364307282868
44.811456501644436 0.002728449120715377
44.817598422765826 0.003268708062468133
44.823740343887216 0.003793121702389804
44.8298822650086 0.004295107559436753
44.83602418612999 0.0047686547069657505
44.84216610725138 0.005208441097906115
44.84830802837276 0.005609930748822899
44.85444994949415 0.00596944869276366
44.86059187061554 0.006284232425060952
44.86673379173693 0.006552459387974805
44.87287571285832 0.006773250834865927
44.8790176339797 0.006946653151424166
44.88515955510109 0.0070735983638693005
44.89130147622248 0.007155846111130509
44.897443397343864 0.007195909785187505
44.903585318465254 0.007196969842873165
44.909727239586644 0.007162777461717789
44.91586916070803 0.007097551755977293
44.92201108182942 0.00700587369612189
44.92815300295081 0.006892579699306157
44.93429492407219 0.006762657596406409
44.94043684519358 0.006621147351862083
44.94657876631497 0.006473048535507824
44.952720687436354 0.006323236140455729
44.958862608557745 0.006176385926498682
44.96500452967913 0.006036910061325741
44.97114645080052 0.005908903446609487
44.97728837192191 0.005796100764574696
44.98343029304329 0.005701843971933914
44.98957221416468 0.005629059708085045
44.99571413528607 0.005580245876435085
45.001856056407455 0.005557466502319117
45.007997977528845 0.005562353866676433
45.014139898650235 0.005596116858075945
45.02028181977162 0.005659554472102903
45.02642374089301 0.005753073410788246
45.03256566201439 0.005876708789392159
45.03870758313578 0.006030147036940175
45.04484950425717 0.0062127501740156885
45.050991425378555 0.0064235807604124204
45.057133346499946 0.006661426920780996
45.063275267621336 0.006924826973527684
45.06941718874272 0.007212093302822794
45.07555910986411 0.007521335222268602
45.0817010309855 0.00785048067896401
45.08784295210688 0.008197296736464587
45.09398487322827 0.008559408853142228
45.10012679434966 0.008934319037948628
45.106268715471046 0.009319423018251824
45.112410636592436 0.009712026594229824
45.11855255771382 0.010109361381570854
45.12469447883521 0.010508600159407478
45.1308363999566 0.010906872044039402
45.13697832107798 0.011301277701801808
45.14312024219937 0.011688904797046987
45.14926216332076 0.012066843844403796
45.15540408444215 0.0124322045990311
45.16154600556354 0.012782133075276855
45.16768792668493 0.013113829233921858
45.17382984780631 0.013424565322038293
45.1799717689277 0.013711704788563778
45.18611369004908 0.013972721634377986
45.192255611170474 0.014205219989577392
45.198397532291864 0.01440695364460769
45.20453945341325 0.014575845198179114
45.21068137453464 0.01471000442586115
45.21682329565603 0.01480774542174431
45.22296521677741 0.014867602024574381
45.2291071378988 0.014888341012485418
45.23524905902019 0.014868972540187429
45.241390980141574 0.014808757302436654
45.247532901262964 0.014707209940823638
45.253674822384355 0.014564098269995182
45.25981674350574 0.014379437986356037
45.26595866462713 0.0141534826381665
45.27210058574851 0.013886708780781047
45.2782425068699 0.01357979641319807
45.28438442799129 0.01323360498915275
45.290526349112675 0.01284914551304379
45.296668270234065 0.01242754946145279
45.302810191355455 0.011970035506485257
45.30895211247684 0.011477875247373611
45.31509403359823 0.010952359369853663
45.32123595471962 0.010394765835609242
45.327377875841 0.009806331842598425
45.33351979696239 0.009188231377156094
45.339661718083775 0.008541560186810277
45.345803639205165 0.007867329926546093
45.351945560326556 0.007166473060946041
45.35808748144794 0.006439859833677031
45.36422940256933 0.005688328241860274
45.37037132369072 0.004912727478700048
45.3765132448121 0.004113974741837743
45.38265516593349 0.0032931246618891218
45.38879708705488 0.002451449906435795
45.394939008176266 0.001590530786326726
45.401080929297656 0.0007123509658455888
45.407222850419046 -0.0001806043072718708
45.41336477154043 -0.0010852516424322309
45.41950669266182 -0.0019978192948504666
45.4256486137832 -0.0029137683083102564
45.43179053490459 -0.0038277301528794284
45.43793245602598 -0.004733465910389431
45.444074377147366 -0.005623851729053585
45.45021629826876 -0.006490894683870135
45.45635821939015 -0.007325782344041974
45.46250014051153 -0.008118968278671432
45.46864206163292 -0.008860294457497897
45.47478398275431 -0.009539150068089572
45.48092590387569 -0.010144664730557857
45.487067824997084 -0.010665932511464665
45.49320974611847 -0.011092261593294867
45.49935166723986 -0.011413443021328719
45.50549358836125 -0.011620030701987348
45.51163550948263 -0.011703623837037498
45.51777743060402 -0.011657142308313563
45.52391935172541 -0.011475085226724855
45.530061272846794 -0.011153762959500728
45.536203193968184 -0.010691493463961721
45.542345115089574 -0.010088754677154917
45.54848703621096 -0.009348286010058568
45.55462895733235 -0.008475133624323623
45.56077087845374 -0.007476636062544551
45.56691279957512 -0.006362348879119128
45.57305472069651 -0.00514390908674712
45.579196641817894 -0.00383484239701535
45.585338562939285 -0.00245031829546678
45.591480484060675 -0.0010068598600580791
45.59762240518206 0.0004779831749766179
45.60376432630345 0.0019859883581498615
45.60990624742484 0.0034986308549324234
45.61604816854622 0.004997459137595294
45.62219008966761 0.0064644649928497005
45.628332010789 0.00788243723317939
45.634473931910385 0.009235289312325262
45.640615853031775 0.010508352202401556
45.64675777415316 0.011688625327095721
45.65289969527455 0.012764979989723403
45.65904161639594 0.013728311508128612
45.66518353751732 0.01457163809033516
45.67132545863871 0.015290146278041962
45.6774673797601 0.015881184478204382
45.683609300881486 0.01634420763423134
45.689751222002876 0.016680677407741522
45.695893143124266 0.01689392331258427
45.70203506424565 0.016988971042221034
45.70817698536704 0.01697234475078018
45.71431890648843 0.016851850291307056
45.72046082760981 0.016636346397715714
45.7266027487312 0.01633551054519333
45.732744669852586 0.015959605770165187
45.738886590973976 0.015519254113374478
45.74502851209537 0.015025221608918298
45.75117043321675 0.014488218919358403
45.75731235433814 0.013918720852142304
45.76345427545953 0.013326807122158193
45.76959619658091 0.012722025881626351
45.7757381177023 0.012113280748781253
45.781880038823694 0.011508741352198685
45.78802195994508 0.010915776783577597
45.79416388106647 0.010340910827974913
45.80030580218786 0.00978979742122886
45.80644772330924 0.00926721446921999
45.81258964443063 0.00877707394836547
45.818731565552014 0.008322446083780244
45.824873486673404 0.007905595361005584
45.831015407794794 0.007528026157690093
45.83715732891618 0.007190535870859184
45.84329925003757 0.0068932735510302085
45.84944117115896 0.006635802224358014
45.85558309228034 0.006417163276966995
45.86172501340173 0.006235941481462866
45.86786693452312 0.0060903294554404555
45.874008855644504 0.005978190548146497
45.880150776765895 0.00589711934827646
45.88629269788728 0.005844499188545305
45.89243461900867 0.005817556187846046
45.89857654013006 0.005813409517337065
45.90471846125144 0.005829117701588453
45.91086038237283 0.005861720869724675
45.91700230349422 0.005908278954838512
45.923144224615605 0.005965905903900908
45.929286145736995 0.006031800006469245
45.935428066858385 0.006103270480563121
45.94156998797977 0.006177760470207983
45.94771190910116 0.006252866613550879
45.95385383022255 0.006326355335430571
45.95999575134393 0.00639617600615099
45.96613767246532 0.0064604710912512684
45.972279593586705 0.00651758339754611
45.978421514708096 0.0065660605008011
45.984563435829486 0.006604656422173938
45.99070535695087 0.006632330605965365
45.99684727807226 0.00664824424206552
46.00298919919365 0.006651753974379711
46.00913112031503 0.00664240304285724
46.01527304143642 0.006619909922635436
46.02141496255781 0.006584154550035312
46.027556883679196 0.006535162262090901
46.033698804800586 0.006473085623889174
46.03984072592198 0.006398184375655038
46.04598264704336 0.006310803798064566
46.05212456816475 0.0062113518679111634
46.05826648928613 0.006100275654532312
46.06440841040752 0.00597803748721107
46.07055033152891 0.005845091501341505
46.0766922526503 0.005701861242162095
46.08283417377169 0.005548719064514044
46.08897609489308 0.005385968110253264
46.09511801601446 0.005213827666394927
46.10125993713585 0.005032422701682771
46.107401858257234 0.004841778342347139
46.113543779378624 0.004641819975370739
46.119685700500014 0.0044323795567119415
46.1258276216214 0.004213208551140876
46.13196954274279 0.003983997739852993
46.13811146386418 0.0037444039040762833
46.14425338498556 0.0034940831319446833
46.15039530610695 0.003232730208779073
46.15653722722834 0.002960123246758117
46.162679148349724 0.0026761724001578206
46.168821069471115 0.002380971210214916
46.174962990592505 0.002074848844058987
46.18110491171389 0.0017584212508137752
46.18724683283528 0.0014326390708273413
46.19338875395667 0.00109883001634351
46.19953067507805 0.0007587334074921883
46.20567259619944 0.0004145246074510881
46.211814517320825 6.882726278641074e-05
46.217956438442215 -0.0002752884771754899
46.224098359563605 -0.0006143232159906139
46.23024028068499 -0.0009443820252360261
46.23638220180638 -0.0012612250489955938
46.24252412292777 -0.0015603348056631183
46.24866604404915 -0.001836999328712484
46.25480796517054 -0.0020864096043244308
46.26094988629193 -0.002303769092614517
46.267091807413316 -0.0024844124924072535
46.273233728534706 -0.002623930358854884
46.27937564965609 -0.002718295738839761
46.28551757077748 -0.0027639886777568244
46.29165949189887 -0.002758114294625541
46.29780141302025 -0.0026985101356394436
46.30394333414164 -0.002583838706693974
46.31008525526303 -0.002413661452120068
46.316227176384416 -0.0021884909800333383
46.322369097505806 -0.0019098190160844965
46.3285110186272 -0.0015801183707940059
46.33465293974858 -0.0012028180982462718
46.34079486086997 -0.0007822519678296179
46.34693678199136 -0.000323581324906573
46.35307870311274 0.00016730566122854511
46.35922062423413 0.0006839155137736987
46.36536254535552 0.001219288140823394
46.37150446647691 0.001766148517218553
46.3776463875983 0.0023170667381119895
46.38378830871968 0.002864621579050661
46.38993022984107 0.003401562641360033
46.39607215096246 0.003920966295588259
46.402214072083844 0.004416380949306538
46.408355993205234 0.004881957640098572
46.414497914326624 0.0053125625646428185
46.42063983544801 0.005703868869574249
46.4267817565694 0.00605242581493569
46.43292367769078 0.0063557042405041515
46.43906559881217 0.006612118083381905
46.44520751993356 0.00682102247830697
46.451349441054944 0.006982689690140499
46.457491362176334 0.007098264755771747
46.463633283297725 0.007169703230912992
46.46977520441911 0.007199693832927537
46.4759171255405 0.0071915690374182275
46.48205904666189 0.007149206823552109
46.48820096778327 0.007076926776497983
46.49434288890466 0.0069793836553535705
46.50048481002605 0.006861461335972002
46.506626731147435 0.006728169757494185
46.512768652268825 0.006584547158257712
46.51891057339021 0.006435569500868487
46.5250524945116 0.006286068577040742
46.53119441563299 0.006140659868574929
46.53733633675437 0.006003680837889276
46.54347825787576 0.005879139943735026
46.54962017899715 0.005770676336234124
46.555762100118535 0.005681529888386433
46.561904021239926 0.005614520973995299
46.568045942361316 0.00557203920711712
46.5741878634827 0.005556040215741089
46.58032978460409 0.005568049430408497
46.58647170572547 0.005609171823148187
46.59261362684686 0.00568010652840578
46.59875554796825 0.00578116530965312
46.604897469089636 0.005912293896727912
46.611039390211026 0.0060730953031283615
46.617181311332416 0.00626285433314625
46.6233232324538 0.006480562599922732
46.62946515357519 0.006724943491867146
46.63560707469658 0.006994476641726964
46.64174899581796 0.007287421566008036
46.64789091693935 0.007601840249226587
46.65403283806074 0.007935618545207659
46.66017475918213 0.00828648635457108
46.66631668030352 0.008652036612477267
46.6724586014249 0.009029743183009711
46.67860052254629 0.009416977806017565
46.68474244366768 0.00981102627887406
46.69088436478906 0.010209104079816725
46.697026285910454 0.010608371651751906
46.703168207031844 0.011005949566272693
46.70931012815323 0.011398933777825053
46.71545204927462 0.011784411158143503
46.72159397039601 0.01215947547203689
46.72773589151739 0.012521243918117781
46.73387781263878 0.012866874312942256
46.740019733760164 0.013193582945212074
46.746161654881554 0.013498663069238536
46.752303576002944 0.013779503944942937
46.75844549712433 0.014033610266766552
46.76458741824572 0.014258621757581042
46.77072933936711 0.014452332638024317
46.77687126048849 0.014612710618882863
46.78301318160988 0.014737915006722533
46.78915510273127 0.014826313463798807
46.795297023852655 0.014876496925420778
46.801438944974045 0.014887292154605094
46.807580866095435 0.014857771408347143
46.81372278721682 0.014787258705350546
46.81986470833821 0.014675332224505724
46.82600662945959 0.01452182242929359
46.83214855058098 0.014326805607395935
46.83829047170237 0.014090592637945092
46.844432392823755 0.01381371295077007
46.850574313945145 0.013496893820909912
46.856716235066536 0.013141035344243884
46.86285815618792 0.012747181661184766
46.86900007730931 0.012316489227964031
46.8751419984307 0.011850193170221082
46.88128391955208 0.011349572980707191
46.88742584067347 0.010815919029687338
46.893567761794856 0.010250501529668988
46.899709682916246 0.00965454372131789
46.905851604037636 0.009029201110727178
46.91199352515902 0.008375548576257715
46.91813544628041 0.007694577064247933
46.9242773674018 0.00698720139788925
46.93041928852318 0.006254280426892764
46.93656120964457 0.005496650346110202
46.94270313076596 0.004715171513145062
46.948845051887346 0.003910788508185533
46.95498697300874 0.0030846025200333893
46.96112889413013 0.002237954433058929
46.96727081525151 0.001372516258953112
46.9734127363729 0.0004903878382099402
46.97955465749428 -0.0004058049332801472
46.98569657861567 -0.0013128146775013157
46.991838499737064 -0.002226684683357686
46.99798042085845 -0.0031426736906573064
47.00412234197984 -0.004055198449737423
47.01026426310123 -0.004957799050085732
47.01640618422261 -0.005843131617017668
47.022548105344 -0.006702992327313043
47.02869002646539 -0.0075283757986021275
47.034831947586774 -0.00830956978283195
47.040973868708164 -0.009036286774836921
47.04711578982955 -0.00969783167975498
47.05325771095094 -0.010283303126414362
47.05939963207233 -0.01078182443586604
47.06554155319371 -0.01118279872941722
47.0716834743151 -0.011476181265636175
47.07782539543649 -0.011652760906183383
47.083967316557874 -0.011704441695263051
47.090109237679265 -0.01162451495598887
47.096251158800655 -0.011407912104019851
47.10239307992204 -0.01105142858211076
47.10853500104343 -0.010553909936754537
47.11467692216482 -0.009916392077187378
47.1208188432862 -0.009142189144153054
47.12696076440759 -0.008236924117858008
47.133102685528975 -0.0072084992413791165
47.139244606650365 -0.006067005443686222
47.145386527771755 -0.00482457212241756
47.15152844889314 -0.0034951607935860573
47.15767037001453 -0.002094308137268245
47.16381229113592 -0.000638825775211741
47.1699542122573 0.0008535343707179686
47.17609613337869 0.002364439135093557
47.18223805450008 0.0038753468243294593
47.188379975621466 0.005367882511256716
47.194521896742856 0.006824204938300858
47.20066381786424 0.008227354583779121
47.20680573898563 0.009561573351150212
47.21294766010702 0.010812587574397469
47.2190895812284 0.011967847528622294
47.22523150234979 0.013016718318990234
47.23137342347118 0.013950618814026688
47.237515344592566 0.01476310711107876
47.243657265713956 0.015449912796296893
47.24979918683535 0.016008917919548112
47.25594110795673 0.016440090087177364
47.26208302907812 0.01674537233568944
47.26822495019951 0.016928535453926388
47.27436687132089 0.016994999150955013
47.28050879244228 0.016951628916222556
47.28665071356367 0.01680651559480128
47.29279263468506 0.016568744622117694
47.29893455580645 0.016248161557025884
47.30507647692783 0.01585514005373801
47.31121839804922 0.015400357760928738
47.31736031917061 0.014894584871262977
47.323502240291994 0.014348489207703185
47.329644161413384 0.013772460863400775
47.335786082534774 0.01317645854542755
47.34192800365616 0.012569878940128905
47.34806992477755 0.011961449645154953
47.35421184589893 0.011359145520051362
47.36035376702032 0.010770127707611937
47.36649568814171 0.010200704080316822
47.372637609263094 0.009656309473156738
47.378779530384485 0.009141503774570878
47.384921451505875 0.008659985755851168
47.39106337262726 0.008214620418009152
47.39720529374865 0.0078074776134415816
47.40334721487004 0.007439879746067436
47.40948913599142 0.0071124564556118725
47.41563105711281 0.006825204337016111
47.4217729782342 0.006577549922658663
47.427914899355585 0.006368414352167233
47.434056820476975 0.0061962783622129865
47.44019874159836 0.006059246438275525
47.44634066271975 0.005955109174840421
47.45248258384114 0.005881403084151228
47.45862450496252 0.005835467272194095
47.46476642608391 0.005814496561010175
47.4709083472053 0.0058155907768422796
47.477050268326686 0.005835800043156069
47.483192189448076 0.005872166016193462
47.489334110569466 0.005921759079084835
47.49547603169085 0.005981711569872187
47.50161795281224 0.006049247160685806
47.50775987393362 0.006121706531697409
47.51390179505501 0.006196569496462833
47.5200437161764 0.006271473737094236
47.526185637297786 0.006344230300690436
47.532327558419176 0.006412835994895639
47.53846947954057 0.006475482802654382
47.54461140066195 0.00653056441641488
47.55075332178334 0.006576679972348449
47.55689524290473 0.006612635047655931
47.56303716402611 0.00663743997063918
47.5691790851475 0.006650305485678252
47.575321006268894 0.00665063581514298
47.58146292739028 0.006638019168902967
47.58760484851167 0.006612215770513055
47.59374676963306 0.006573143498036109
47.59988869075444 0.006520861277099362
47.60603061187583 0.006455550413967639
47.612172532997214 0.006377494116430639
47.618314454118604 0.006287055518817521
47.624456375239994 0.006184654602509288
47.63059829636138 0.006070744482301968
47.63674021748277 0.005945787608597233
47.64288213860416 0.00581023251175907
47.64902405972554 0.005664491783614844
47.65516598084693 0.00550892204710003
47.661307901968314 0.0053438067032784255
47.667449823089704 0.005169342260179085
47.673591744211095 0.004985629035037523
47.67973366533248 0.004792666976057949
47.68587558645387 0.004590357267985851
47.69201750757526 0.004378510265008027
47.69815942869664 0.004156860133682981
47.70430134981803 0.003925086388455954
47.71044327093942 0.0036828422656067245
47.716585192060805 0.003429789613256989
47.722727113182195 0.003165639682727018
47.728869034303585 0.002890198899812013
47.73501095542497 0.002603418385348452
47.74115287654636 0.0023054456965077
47.74729479766775 0.0019966769887125716
47.75343671878913 0.0016778075687953228
47.75957863991052 0.001349878638860095
47.765720561031905 0.0010143179322643122
47.771862482153296 0.0006729719313710248
47.778004403274686 0.0003281274416674937
47.78414632439607 -1.7479514721172182e-05
47.79028824551746 -0.0003606692288497982
47.79643016663885 -0.0006978396035045768
47.80257208776023 -0.0010250040736821742
47.80871400888162 -0.0013378464288708084
47.814855930003006 -0.0016317921816996483
47.820997851124396 -0.0019020954541686568
47.827139772245786 -0.0021439396691585637
47.83328169336717 -0.0023525496718515442
47.83942361448856 -0.0025233122949895985
47.84556553560995 -0.0026519018550991004
47.85170745673133 -0.002734406653367019
47.85784937785272 -0.0027674522803909913
47.86399129897411 -0.002748317408691553
47.8701332200955 -0.0026750378139749394
47.87627514121689 -0.00254649460106583
47.88241706233828 -0.0023624830199975144
47.88855898345966 -0.0021237588300152114
47.89470090458105 -0.001832059883867034
47.90084282570244 -0.0014901014337595582
47.906984746823824 -0.0011015445694844486
47.913126667945214 -0.0006709381496283385
47.9192685890666 -0.0002036355369748395
47.92541051018799 0.0002943116427205832
47.93155243130938 0.0008162796735713434
47.93769435243076 0.0013552151016704907
47.94383627355215 0.0019037889556800785
47.94997819467354 0.002454558138619591
47.956120115794924 0.0030001290936014775
47.962262036916314 0.003533318838240114
47.9684039580377 0.004047308642635486
47.97454587915909 0.004535785981657373
47.98068780028048 0.004993070903298314
47.98682972140186 0.00541422359417721
47.99297164252325 0.005795130658957176
47.99911356364464 0.0061325684275511496
48.005255484766025 0.006424242426419818
48.011397405887415 0.006668802962646814
48.017539327008805 0.006865837538921638
48.02368124813019 0.007015841515151236
48.02982316925158 0.007120169034388407
48.03596509037297 0.007180966719322139
48.04210701149435 0.007201093009335058
48.04824893261574 0.007184026242171245
48.05439085373713 0.007133764689820549
48.060532774858515 0.007054721742123808
48.066674695979906 0.006951619305376103
48.07281661710129 0.0068293822621155915
48.07895853822268 0.006693036540213821
48.08510045934407 0.006547612983701539
48.09124238046545 0.0063980588242664475
48.09738430158684 0.006249158140267331
48.10352622270823 0.006105462277250842
48.109668143829616 0.005971230806096892
48.115810064951006 0.005850383225276802
48.12195198607239 0.00574646128268692
48.12809390719378 0.005662601507592844
48.13423582831517 0.005601517308969101
48.14037774943655 0.0055654898148725035
48.14651967055794 0.005556366497948797
48.15266159167933 0.005575566552251591
48.158803512800716 0.0056240919521444695
48.16494543392211 0.00570254312985881
48.1710873550435 0.005811138248239433
48.17722927616488 0.005949735112885198
48.18337119728627 0.00611785485676998
48.18951311840766 0.006314706634259046
48.19565503952904 0.006539212674406378
48.201796960650434 0.006790033160306387
48.207938881771824 0.007065590517598703
48.21408080289321 0.0073640928072502354
48.2202227240146 0.007683556022457989
48.22636464513598 0.008021825184685756
48.23250656625737 0.008376594217869212
48.23864848737876 0.008745424651631537
48.244790408500144 0.009125763263464284
48.250932329621534 0.009514958816037868
48.257074250742924 0.00991027807930293
48.26321617186431 0.010308921348202995
48.2693580929857 0.010708037676137767
48.27550001410708 0.011104740042444782
48.28164193522847 0.011496120659792917
48.28778385634986 0.011879266605177578
48.293925777471244 0.012251275926997401
48.300067698592635 0.012609274341196816
48.306209619714025 0.01295043258257684
48.31235154083541 0.013271984424055845
48.3184934619568 0.013571245317955345
48.32463538307819 0.01384563155058528
48.33077730419957 0.014092679735986864
48.33691922532096 0.014310066408368488
48.34306114644235 0.014495627407594264
48.349203067563735 0.014647376690381153
48.355344988685125 0.014763524144225182
48.361486909806516 0.014842491934437325
48.3676288309279 0.014882928880139947
48.37377075204929 0.014883722335884508
48.37991267317067 0.014844007055003315
48.38605459429206 0.014763170532050899
48.39219651541345 0.01464085436753055
48.398338436534836 0.014476951270919549
48.404480357656226 0.014271597419321888
48.410622278777616 0.014025160019511465
48.416764199899 0.013738220080021186
48.42290612102039 0.013411550585145086
48.42904804214177 0.0130460904704819
48.43518996326316 0.012642915024352438
48.44133188438455 0.012203203573557031
48.447473805505936 0.011728205546175772
48.453615726627326 0.011219206227323955
48.45975764774872 0.01067749372341378
48.4658995688701 0.010104328812899686
48.47204148999149 0.009500919472537355
48.47818341111288 0.00886840191388471
48.48432533223426 0.00820782993209375
48.490467253355654 0.007520174246834488
48.496609174477044 0.006806333295137739
48.50275109559843 0.006067156613487557
48.50889301671982 0.005303481521757872
48.51503493784121 0.004516183300116331
48.52117685896259 0.0037062384433328936
48.52731878008398 0.0028747999028302306
48.533460701205364 0.0020232825092893394
48.539602622326754 0.001153456037420462
48.545744543448144 0.000267542664288859
48.55188646456953 -0.0006316850784613229
48.55802838569092 -0.0015408103098684095
48.56417030681231 -0.0024556866262670945
48.57031222793369 -0.0033713668489107193
48.57645414905508 -0.004282050818805593
48.582596070176464 -0.00518105715716204
48.588737991297855 -0.006060823452284196
48.594879912419245 -0.00691293862248509
48.60102183354063 -0.007728210249048428
48.60716375466202 -0.008496768496386706
48.61330567578341 -0.009208206875367792
48.61944759690479 -0.009851758610264244
48.62558951802618 -0.010416505801125214
48.63173143914757 -0.010891617001576512
48.637873360268955 -0.01126660733249707
48.644015281390345 -0.011531613901553946
48.650157202511735 -0.011677678171430663
48.65629912363312 -0.011697026082873095
48.66244104475451 -0.011583336248226175
48.6685829658759 -0.01133198642788993
48.67472488699728 -0.010940268809025546
48.68086680811867 -0.010407565325777106
48.68700872924006 -0.009735475375309395
48.693150650361446 -0.008927889755517684
48.699292571482836 -0.00799100642067068
48.70543449260422 -0.006933285646629267
48.71157641372561 -0.005765344331180216
48.717718334847 -0.004499791332906263
48.72386025596838 -0.0031510078766298975
48.73000217708977 -0.001734879029665319
48.736144098211156 -0.0002684839933890383
48.742286019332546 0.0012302456164862041
48.74842794045394 0.0027428892696402087
48.75456986157532 0.004250911923132064
48.76071178269671 0.005736038233004553
48.7668537038181 0.007180615698295301
48.77299562493948 0.008567956484424193
48.77913754606087 0.009882648665749
48.785279467182264 0.011110828932606698
48.79142138830365 0.012240410358345655
48.79756330942504 0.013261260540645666
48.80370523054643 0.014165327238934548
48.80984715166781 0.014946710446632495
48.8159890727892 0.015601681588510238
48.82213099391059 0.016128652152711392
48.828272915031974 0.016528095497776635
48.834414836153364 0.016802426773825024
48.840556757274754 0.016955846834090682
48.84669867839614 0.016994156672566072
48.85284059951753 0.016924549303433185
48.85898252063891 0.016755386108440757
48.8651244417603 0.016495964540284357
48.87126636288169 0.01615628371287958
48.877408284003074 0.01574681386883219
48.883550205124465 0.015278275030117005
48.889692126245855 0.014761429351152378
48.89583404736724 0.014206890844836112
48.90197596848863 0.013624955280127844
48.90811788961001 0.013025452189023312
48.9142598107314 0.012417620101041584
48.92040173185279 0.01181000536888979
48.926543652974175 0.011210384278077759
48.932685574095565 0.010625707558473287
48.938827495216955 0.010062065944015902
48.94496941633834 0.009524675059945155
48.95111133745973 0.009017877652496249
48.95725325858112 0.00854516100801096
48.9633951797025 0.00810918732801242
48.96953710082389 0.007711834823265067
48.97567902194528 0.0073542473512616365
48.981820943066666 0.007036890535555089
48.987962864188056 0.006759612459594951
48.994104785309446 0.00652170721052257
49.00024670643083 0.006321979748978635
49.00638862755222 0.006158810789830358
49.0125305486736 0.0060302205876512326
49.01867246979499 0.005933930723035343
49.02481439091638 0.005867423176061937
49.030956312037766 0.005827996147485022
49.037098233159156 0.005812816243771759
49.04324015428055 0.00581896677735088
49.04938207540193 0.0058434920477116155
49.05552399652332 0.005883437562462877
49.0616659176447 0.0059358862309383
49.06780783876609 0.005997990617736886
49.07394975988748 0.006067001381408915
49.08009168100887 0.006140292046330357
49.08623360213026 0.006215380265789423
49.09237552325165 0.006289945733712449
49.09851744437303 0.006361844893591152
49.10465936549442 0.006429122578340759
49.11080128661581 0.006490020696305674
49.116943207737194 0.006542984058649626
49.123085128858584 0.006586663424041536
49.129227049979974 0.006619915819903114
49.13536897110136 0.006641802187398367
49.14151089222275 0.006651582391525578
49.14765281334414 0.006648707639633141
49.15379473446552 0.006632810362676732
49.15993665558691 0.006603691634516067
49.166078576708294 0.006561306236112649
49.172220497829684 0.006505745513801385
49.178362418951075 0.006437218233542266
49.18450434007246 0.006356029695347398
49.19064626119385 0.006262559442437814
49.19678818231524 0.006157237975995748
49.20293010343662 0.006040522965853189
49.20907202455801 0.0059128755266552166
49.215213945679395 0.005774737203905446
49.221355866800785 0.0056265083802589195
49.227497787922175 0.0054685288644927285
49.23363970904356 0.005301061458549246
49.23978163016495 0.0051242793066993645
49.24592355128634 0.004938257810266
49.25206547240772 0.004742971837099609
49.25820739352911 0.004538298863623968
49.2643493146505 0.004324028556525102
49.270491235771885 0.00409987913036546
49.276633156893276 0.0038655206077711853
49.282775078014666 0.003620604863691332
49.28891699913605 0.003364802060191318
49.29505892025744 0.003097842781309149
49.30120084137883 0.0028195648689687187
49.30734276250021 0.002529963653209389
49.3134846836216 0.002229243977196962
49.319626604742986 0.001917872155003946
49.325768525864376 0.0015966257839328706
49.331910446985766 0.0012666391789260736
49.33805236810715 0.0009294421189863138
49.34419428922854 0.000586989607095015
49.35033621034993 0.0002416804554578056
49.35647813147131 -0.00010363727723632837
49.3626200525927 -0.00044567564937620274
49.368761973714086 -0.0007807322316127999
49.37490389483548 -0.0011047322504759724
49.38104581595687 -0.0014132876064249238
49.38718773707825 -0.0017017722450949912
49.39332965819964 -0.001965412681869764
49.39947157932103 -0.00219939179855669
49.40561350044241 -0.0023989633779603757
49.411755421563804 -0.0025595742495146062
49.417897342685194 -0.002676990418034971
49.42403926380658 -0.0027474231667398517
49.43018118492797 -0.0027676508893634587
49.43632310604936 -0.0027351323330066808
49.44246502717074 -0.0026481070347498556
49.44860694829213 -0.0025056790142836873
49.45474886941352 -0.0023078802365162606
49.460890790534904 -0.0020557109681916272
49.467032711656294 -0.0017511548986634841
49.47317463277768 -0.001397167747425891
49.47931655389907 -0.0009976390042297561
49.48545847502046 -0.0005573274019155427
49.49160039614184 -8.177166564910921e-05
49.49774231726323 0.0004228210265890712
49.50388423838462 0.0009497056380087923
49.510026159506005 0.0014917450145561758
49.516168080627395 0.0020415663497464678
49.52231000174878 0.0025917236076533233
49.52845192287017 0.0031348609867939887
49.53459384399156 0.003663872547380344
49.54073576511294 0.004172053350001408
49.54687768623433 0.0046532378506217095
49.55301960735572 0.005101921842643929
49.559161528477105 0.0055133649033303695
49.565303449598495 0.005883671056271316
49.571445370719886 0.006209846168415519
49.57758729184127 0.006489831423344465
49.58372921296266 0.006722513017069827
49.58987113408405 0.006907708976642375
49.59601305520543 0.007046134677551634
49.60215497632682 0.007139349210931923
49.60829689744821 0.007189685209761108
49.614438818569596 0.0072001650747814325
49.620580739690986 0.007174406742444376
49.62672266081237 0.007116522211488904
49.63286458193376 0.0070310119998843274
49.63900650305515 0.006922658552373089
49.64514842417653 0.006796421376760966
49.65129034529792 0.006657336372776572
49.65743226641931 0.00651042145033766
49.663574187540696 0.006360590134154816
49.66971610866209 0.0062125744377190826
49.67585802978347 0.006070857879225547
49.68199995090486 0.005939619120047605
49.68814187202625 0.005822686345526726
49.69428379314763 0.005723502187761718
49.700425714269024 0.005645098717498599
49.706567635390414 0.005590081811044219
49.7127095565118 0.005560624029637879
49.71885147763319 0.005558465031885388
49.72499339875458 0.005584918471754889
49.73113531987596 0.005640884310813
49.73727724099735 0.005726865488309819
49.74341916211874 0.005842987940219911
49.749561083240124 0.005989023031929015
49.755703004361514 0.006164411562444417
49.761844925482905 0.006368288604643472
49.76798684660429 0.006599508560489158
49.77412876772568 0.006856669927279989
49.78027068884706 0.007138139386570455
49.78641260996845 0.007442074937853705
49.79255453108984 0.0077664479016057615
49.798696452211225 0.00810906370881265
49.804838373332615 0.008467581475132251
49.810980294454005 0.008839532426517908
49.81712221557539 0.009222337299017364
49.82326413669678 0.00961332287846708
49.82940605781816 0.01000973787616963
49.83554797893955 0.010408768354794212
49.84168990006094 0.0108075529251885
49.847831821182325 0.011203197930243608
49.853973742303715 0.011592792817036896
49.860115663425105 0.01197342587396042
49.86625758454649 0.012342200476183287
49.87239950566788 0.012696251941370477
49.87854142678927 0.013032765048992808
49.88468334791065 0.013348992221792644
49.89082526903204 0.013642272308111363
49.89696719015343 0.013910049840179298
49.903109111274816 0.014149894577657337
49.909251032396206 0.014359521079479201
49.915392953517596 0.014536807982503822
49.92153487463898 0.014679816605047495
49.92767679576037 0.014786808439695511
49.93381871688175 0.014856261055878733
49.93996063800314 0.01488688190170442
49.94610255912453 0.014877619479685493
49.952244480245916 0.01482767137563977
49.95838640136731 0.014736488647158675
49.9645283224887 0.01460377613044527
49.97067024361008 0.014429488304148717
49.97681216473147 0.01421382045740616
49.98295408585285 0.01395719504696508
49.98909600697424 0.013660243293997011
49.995237928095634 0.01332378226247955
50.00137984921702 0.012948787873628555
50.00752177033841 0.012536364538690939
50.0136636914598 0.012087712327522555
50.01980561258118 0.011604092822957214
50.02594753370257 0.01108679502951723
50.03208945482396 0.010537102896660214
50.038231375945344 0.009956266167674277
50.044373297066734 0.009345476361335047
50.050515218188124 0.008705849720705424
50.05665713930951 0.008038418909349202
50.0627990604309 0.007344135089208667
50.06894098155229 0.006623881769000728
50.07508290267367 0.005878501463748379
50.08122482379506 0.005108835756398085
50.087366744916444 0.0043157788083769515
50.093508666037835 0.0035003437404878364
50.099650587159225 0.002663740618103147
50.10579250828061 0.0018074640506701037
50.111934429402 0.0009333876861756542
50.11807635052339 4.386218209999454e-05
50.12421827164477 -0.0008581873956203587
50.13036019276616 -0.0017691693147033137
50.136502113887545 -0.002684743000457895
50.142644035008935 -0.00359975206858505
50.148785956130325 -0.004508177663845539
50.15492787725171 -0.005403116932392258
50.1610697983731 -0.006276790934420881
50.16721171949449 -0.0071205855300829485
50.17335364061587 -0.00792512775800007
50.17949556173726 -0.008680398998775285
50.18563748285865 -0.009375884815970256
50.191779403980036 -0.010000759847089325
50.197921325101426 -0.01054410454083767
50.204063246222816 -0.010995148975985728
50.2102051673442 -0.011343537527717388
50.21634708846559 -0.01157960684594702
50.22248900958698 -0.011694668549626102
50.22863093070836 -0.011681287286210686
50.23477285182975 -0.01153354440863032
50.240914772951136 -0.011247277519990254
50.247056694072526 -0.010820286546947874
50.25319861519392 -0.010252497823898376
50.2593405363153 -0.009546078878695954
