time TPR_both_C_open_1_rho22
0.0 0.0
0.00614192112138767 3.743504422891707e-05
0.01228384224277534 0.00014805252277428862
0.01842576336416301 0.0003281576309126751
0.02456768448555068 0.000572597320219615
0.030709605606938348 0.0008749063221786142
0.03685152672832602 0.0012274848183065087
0.042993447849713685 0.0016218019383984405
0.04913536897110136 0.002048618561261961
0.05527729009248903 0.0024982224394653847
0.061419211213876695 0.002960668482251197
0.06756113233526437 0.003426017107850095
0.07370305345665204 0.0038845639053288433
0.07984497457803971 0.004327054403589348
0.08598689569942737 0.004744878498970593
0.09212881682081504 0.0051302400038137795
0.09827073794220272 0.005476297802260362
0.10441265906359039 0.0057772761899583915
0.11055458018497806 0.006028543084674929
0.11669650130636572 0.006226655880603323
0.12283842242775339 0.006369375740046693
0.12898034354914106 0.00645565203746387
0.13512226467052874 0.006485579464755623
0.1412641857919164 0.006460330952924593
0.14740610691330408 0.006382070051535059
0.15354802803469175 0.006253846729164247
0.15968994915607942 0.006079480717965402
0.16583187027746707 0.005863436532675952
0.17197379139885474 0.005610694163396977
0.17811571252024241 0.0053266191908996514
0.1842576336416301 0.005016835724612714
0.19039955476301776 0.004687105139941376
0.19654147588440543 0.004343213116678303
0.2026833970057931 0.003990866976812953
0.20882531812718078 0.003635604809239462
0.21496723924856845 0.0032827173695889043
0.22110916036995612 0.002937183271707603
0.2272510814913438 0.00260361755605142
0.23339300261273144 0.002286233339071756
0.2395349237341191 0.0019888159229102063
0.24567684485550678 0.0017147084797379073
0.25181876597689445 0.001466808220483433
0.2579606870982821 0.0012475718117518839
0.2641026082196698 0.0010590287137920294
0.27024452934105747 0.0009028010712955379
0.27638645046244514 0.0007801287914672628
0.2825283715838328 0.0006918984834392466
0.2886702927052205 0.000638675002737347
0.29481221382660816 0.0006207344372692097
0.30095413494799583 0.0006380974806698237
0.3070960560693835 0.000690562258868517
0.3132379771907712 0.0007777358011957334
0.31937989831215885 0.0008990634738010281
0.3255218194335465 0.0010538558170235881
0.33166374055493414 0.0012413123469067154
0.3378056616763218 0.001460541992351267
0.3439475827977095 0.001710579942280029
0.35008950391909716 0.0019904007711195634
0.35623142504048483 0.002298927795950357
0.3623733461618725 0.0026350386953464667
0.3685152672832602 0.0029975674890954547
0.37465718840464785 0.0033853030407816594
0.3807991095260355 0.0037969843029002953
0.3869410306474232 0.00423129257806335
0.39308295176881086 0.004686841121231737
0.39922487289019853 0.005162162457900556
0.4053667940115862 0.00565569384270329
0.4115087151329739 0.00616576133263121
0.41765063625436155 0.006690562999284997
0.4237925573757492 0.007228151855184446
0.4299344784971369 0.007776419119611327
0.43607639961852457 0.008333078498723216
0.44221832073991224 0.008895652201226595
0.4483602418612999 0.009461459452706707
0.4545021629826876 0.010027608306262483
0.4606440841040752 0.010590991571417706
0.4667860052254629 0.011148287694014818
0.47292792634685055 0.011695967413283688
0.4790698474682382 0.012230306994670837
0.4852117685896259 0.012747408784439428
0.49135368971101356 0.013243229750782841
0.49749561083240124 0.013713618562873323
0.5036375319537889 0.01415436161113386
0.5097794530751766 0.01456123818717831
0.5159213741965643 0.014930084819547773
0.5220632953179519 0.01525686850221874
0.5282052164393396 0.015537768259170892
0.5343471375607273 0.015769264164266578
0.5404890586821149 0.01594823258756235
0.5466309798035026 0.016072046075370872
0.5527729009248903 0.016138675902538254
0.558914822046278 0.01614679497422213
0.5650567431676656 0.016095878415568015
0.5711986642890533 0.01598629888725227
0.577340585410441 0.015819413420112623
0.5834825065318286 0.015597638390674727
0.5896244276532163 0.015324509178625836
0.595766348774604 0.015004721073302729
0.6019082698959917 0.014644148143015553
0.6080501910173793 0.014249837059342909
0.614192112138767 0.013829973285103318
0.6203340332601547 0.013393817591193275
0.6264759543815424 0.012951611559722923
0.63261787550293 0.012514451548309019
0.6387597966243177 0.01209413151569427
0.6449017177457054 0.011702956117984201
0.651043638867093 0.011353526547231995
0.6571855599884806 0.01105850266364816
0.6633274811098683 0.01083034602854386
0.669469402231256 0.010681049433269954
0.6756113233526436 0.010621859394585006
0.6817532444740313 0.01066299880448822
0.687895165595419 0.010813397440951738
0.6940370867168066 0.01108043832877676
0.7001790078381943 0.011469727958026496
0.706320928959582 0.011984898101660467
0.7124628500809697 0.012627446415744167
0.7186047712023573 0.01339662215890523
0.724746692323745 0.014289362249494638
0.7308886134451327 0.015300281519092063
0.7370305345665203 0.016421719461732306
0.743172455687908 0.01764384407255596
0.7493143768092957 0.018954811579356707
0.7554562979306834 0.020340979063778977
0.761598219052071 0.021787165216941864
0.7677401401734587 0.023276952848082382
0.7738820612948464 0.024793025331859512
0.780023982416234 0.026317528000712423
0.7861659035376217 0.02783244461356651
0.7923078246590094 0.029319978499055224
0.7984497457803971 0.030762927803512377
0.8045916669017847 0.032145044478720936
0.8107335880231724 0.033451367213004686
0.8168755091445601 0.034668519417188064
0.8230174302659478 0.035784964585206455
0.8291593513873354 0.03679121280623064
0.8353012725087231 0.03767997384973863
0.8414431936301108 0.03844625400894628
0.8475851147514984 0.03908739569994682
0.8537270358728861 0.03960306060245012
0.8598689569942738 0.03999515882523294
0.8660108781156615 0.040267728123872755
0.8721527992370491 0.04042676853768028
0.8782947203584368 0.04048003890570722
0.8844366414798245 0.04043682253947258
0.8905785626012122 0.04030766985691648
0.8967204837225998 0.040104126015407464
0.9028624048439875 0.039838451531116106
0.9090043259653752 0.039523343558538995
0.9151462470867628 0.039171664957596275
0.9212881682081504 0.03879618753401758
0.9274300893295381 0.03840935494420168
0.9335720104509257 0.03802306975362931
0.9397139315723134 0.037648508073936604
0.9458558526937011 0.03729596412202482
0.9519977738150888 0.03697472598579612
0.9581396949364764 0.036692982881115256
0.9642816160578641 0.03645776327332649
0.9704235371792518 0.03627490243742439
0.9765654583006395 0.03614903736021834
0.9827073794220271 0.03608362635515523
0.9888493005434148 0.03608099036905045
0.9949912216648025 0.0361423727072004
1.0011331427861903 0.03626801378161522
1.0072750639075778 0.03645723748479552
1.0134169850289656 0.036708545893947474
1.0195589061503532 0.03701971920113847
1.025700827271741 0.037387918025947
1.0318427483931285 0.03780978558077668
1.0379846695145163 0.038281547507873784
1.0441265906359039 0.03879910757507486
1.0502685117572914 0.039358137789917896
1.0564104328786792 0.03995416185643602
1.0625523540000668 0.04058263124530905
1.0686942751214545 0.041238993467855034
1.074836196242842 0.04191875243151852
1.0809781173642299 0.04261752100496794
1.0871200384856174 0.04333106613236074
1.0932619596070052 0.04405534700803113
1.0994038807283928 0.04478654695533713
1.1055458018497806 0.045521099748209316
1.1116877229711681 0.04625571117334262
1.117829644092556 0.04698737665771484
1.1239715652139435 0.047713395783211904
1.1301134863353313 0.048431384480675285
1.1362554074567188 0.04913928564267295
1.1423973285781066 0.04983537882056269
1.1485392496994942 0.050518289579551144
1.154681170820882 0.051186998977763846
1.1608230919422695 0.051840853513876774
1.1669650130636573 0.05247957575443992
1.1731069341850449 0.053103275708315474
1.1792488553064326 0.053712462863264
1.1853907764278202 0.05430805864029981
1.191532697549208 0.05489140885683692
1.1976746186705955 0.05546429562200272
1.2038165397919833 0.0560289479193942
1.209958460913371 0.05658804996714194
1.2161003820347587 0.05714474628626163
1.2222423031561462 0.05770264226050527
1.228384224277534 0.058265798839690935
1.2345261453989216 0.05883871993004004
1.2406680665203094 0.05942633093643096
1.246809987641697 0.06003394688042982
1.2529519087630847 0.06066722852275844
1.2590938298844723 0.06133212497806387
1.26523575100586 0.062034801431987585
1.2713776721272476 0.06278155076367267
1.2775195932486354 0.06357868814814213
1.283661514370023 0.06443242806809621
1.2898034354914107 0.06534874360717276
1.2959453566127983 0.0663332084274087
1.302087277734186 0.06739082244994171
1.3082291988555736 0.06852582295326937
1.3143711199769612 0.06974148356641063
1.320513041098349 0.0710399044488177
1.3266549622197366 0.07242179779326323
1.3327968833411243 0.07388627363519358
1.338938804462512 0.07543063177003173
1.3450807255838997 0.07705016633181544
1.3512226467052872 0.07873799023177577
1.357364567826675 0.08048488715086173
1.3635064889480626 0.08227919908174236
1.3696484100694504 0.08410675748044154
1.375790331190838 0.08595086587575747
1.3819322523122257 0.08779234126203808
1.3880741734336133 0.08960962074216186
1.394216094555001 0.0913789386781223
1.4003580156763886 0.09307457804523661
1.4064999367977764 0.09466919778698996
1.412641857919164 0.09613423576222505
1.4187837790405518 0.09744038441407762
1.4249257001619393 0.09855813363799558
1.431067621283327 0.0994583725686649
1.4372095424047147 0.10011303924205958
1.4433514635261024 0.10049580443049318
1.44949338464749 0.10058277351473249
1.4556353057688778 0.10035318817006511
1.4617772268902653 0.09979010802192294
1.4679191480116531 0.09888105138134924
1.4740610691330407 0.09761857379579642
1.4802029902544285 0.09600076351925482
1.486344911375816 0.09403163416296256
1.4924868324972038 0.0917213967473833
1.4986287536185914 0.0890865961159461
1.5047706747399792 0.08615010013254566
1.5109125958613667 0.0829409341727494
1.5170545169827545 0.07949395800353255
1.523196438104142 0.07584938706871105
1.5293383592255299 0.07205216527391409
1.5354802803469174 0.06815120139695818
1.5416222014683052 0.06419848603119473
1.5477641225896928 0.06024811029838599
1.5539060437110805 0.05635521125490115
1.560047964832468 0.052574871794679984
1.5661898859538559 0.04896100479068772
1.5723318070752434 0.04556525211903628
1.578473728196631 0.04243592902686029
1.5846156493180188 0.0396170430344576
1.5907575704394064 0.037147414250440915
1.5968994915607941 0.03505992071818403
1.6030414126821817 0.03338088833678115
1.6091833338035695 0.032129640179010356
1.615325254924957 0.03131821485762228
1.6214671760463448 0.030951258181308294
1.6276090971677324 0.031026086910473885
1.6337510182891202 0.03153291818326797
1.6398929394105077 0.032455253332226715
1.6460348605318955 0.033770400525665344
1.652176781653283 0.03545011708874092
1.6583187027746709 0.037461349593474066
1.6644606238960584 0.039767047921629474
1.6706025450174462 0.04232702852492395
1.6767444661388338 0.04509886201941374
1.6828863872602216 0.048038761004186116
1.6890283083816091 0.051102445505708124
1.695170229502997 0.054245965609475234
1.7013121506243845 0.0574264635220415
1.7074540717457722 0.06060286036951281
1.7135959928671598 0.06373645633922072
1.7197379139885476 0.06679143616821423
1.7258798351099351 0.06973527534279672
1.732021756231323 0.0725390455788565
1.7381636773527105 0.07517762110228711
1.7443055984740983 0.07762978986195261
1.7504475195954858 0.07987827602590307
1.7565894407168736 0.08190968189840299
1.7627313618382612 0.08371435873547087
1.768873282959649 0.08528621683402077
1.7750152040810365 0.08662248574513635
1.7811571252024243 0.08772343555009453
1.7872990463238119 0.08859206988363938
1.7934409674451997 0.08923380084508588
1.7995828885665872 0.08965611516054237
1.805724809687975 0.0898682400064395
1.8118667308093626 0.08988081583174501
1.8180086519307503 0.08970558237627944
1.824150573052138 0.08935508292278087
1.8302924941735257 0.08884239068181025
1.8364344152949132 0.08818086012523624
1.8425763364163008 0.08738390508259472
1.8487182575376886 0.08646480451461613
1.8548601786590762 0.08543653609239735
1.861002099780464 0.08431163704566211
1.8671440209018515 0.08310209120052445
1.8732859420232393 0.08181924070286872
1.8794278631446268 0.08047372061101637
1.8855697842660146 0.07907541433119515
1.8917117053874022 0.07763342775002785
1.89785362650879 0.07615607987727664
1.9039955476301775 0.07465090783643083
1.9101374687515653 0.07312468411752186
1.9162793898729529 0.07158344412343658
1.9224213109943407 0.07003252218649146
1.9285632321157282 0.06847659439572265
1.934705153237116 0.06691972674807525
1.9408470743585036 0.06536542731056726
1.9469889954798913 0.06381670124899233
1.953130916601279 0.06227610773650763
1.9592728377226667 0.06074581789841941
1.9654147588440543 0.059227673074620346
1.971556679965442 0.05772324278644241
1.9776986010868296 0.05623388187905793
1.9838405222082174 0.05476078637368362
1.989982443329605 0.05330504760612638
1.9961243644509927 0.05186770425070581
2.0022662855723805 0.050449791832926895
2.008408206693768 0.04905238932261831
2.0145501278151556 0.04767666237425118
2.020692048936543 0.04632390274592346
2.026833970057931 0.044995563386581824
2.0329758911793188 0.04369328863639769
2.0391178123007063 0.042418938942116374
2.045259733422094 0.0411746094522588
2.051401654543482 0.03996264183110003
2.0575435756648695 0.03878562862033453
2.063685496786257 0.037646409488217805
2.0698274179076446 0.03654805874254668
2.0759693390290326 0.03549386355055852
2.08211126015042 0.03448729240957974
2.0882531812718077 0.03353195355011862
2.0943951023931953 0.03263154313008952
2.100537023514583 0.03178978329565126
2.106678944635971 0.03101035043982148
2.1128208657573584 0.030296794281824302
2.118962786878746 0.029652448713235354
2.1251047080001335 0.029080335704409356
2.1312466291215215 0.028583063927166114
2.137388550242909 0.028162724115807985
2.1435304713642966 0.02782078354472096
2.149672392485684 0.02755798233176519
2.155814313607072 0.02737423456572352
2.1619562347284598 0.027268537485786552
2.1680981558498473 0.027238892093847708
2.174240076971235 0.027282238639416125
2.180381998092623 0.027394410367001593
2.1865239192140105 0.02757010874424175
2.192665840335398 0.02780290308673135
2.1988077614567856 0.028085257057859192
2.2049496825781736 0.028408583949633043
2.211091603699561 0.028763331950098697
2.2172335248209487 0.029139099787527763
2.2233754459423363 0.029524782230567946
2.2295173670637243 0.02990874394285927
2.235659288185112 0.03027901917185227
2.2418012093064994 0.030623533731236666
2.247943130427887 0.03093034475463952
2.254085051549275 0.031187892797248644
2.2602269726706625 0.03138526008410709
2.26636889379205 0.031512428089492894
2.2725108149134376 0.03156052721754721
2.2786527360348257 0.031522071170568926
2.284794657156213 0.03139116866057297
2.2909365782776008 0.031163705454559907
2.2970784993989883 0.030837490346292375
2.3032204205203763 0.030412359507356945
2.309362341641764 0.02989023476617544
2.3155042627631515 0.02927513266224779
2.321646183884539 0.028573122580715246
2.327788105005927 0.027792233837077802
2.3339300261273146 0.026942313194817352
2.340071947248702 0.026034835897114864
2.3462138683700897 0.02508267481417422
2.3523557894914777 0.024099833688315295
2.3584977106128653 0.023101151643488048
2.364639631734253 0.022101987065571718
2.3707815528556404 0.021117889616429974
2.376923473977028 0.02016426949205413
2.383065395098416 0.01925607306055799
2.3892073162198035 0.01840747372062978
2.395349237341191 0.01763158622048968
2.4014911584625787 0.016940211799606402
2.4076330795839667 0.0163436203999675
2.4137750007053542 0.01585037488946385
2.419916921826742 0.015467200802592472
2.4260588429481293 0.015198903592812476
2.4322007640695174 0.015048333867138683
2.438342685190905 0.015016399595712195
2.4444846063122925 0.01510212291142809
2.45062652743368 0.015302737884696719
2.456768448555068 0.01561382461487831
2.4629103696764556 0.01602947415170617
2.469052290797843 0.016542478165251874
2.4751942119192307 0.01714453692899204
2.4813361330406187 0.017826479064176125
2.4874780541620063 0.018578486602284686
2.493619975283394 0.019390319234975105
2.4997618964047814 0.020251532109952466
2.5059038175261694 0.021151682164236345
2.512045738647557 0.02208051872789133
2.5181876597689445 0.02302815494488012
2.524329580890332 0.023985217407293476
2.53047150201172 0.0249429722509246
2.5366134231331077 0.02589342678346794
2.5427553442544952 0.02682940648534794
2.548897265375883 0.02774460791612762
2.555039186497271 0.028633628660745074
2.5611811076186584 0.029491975949001503
2.567323028740046 0.030316055973479167
2.5734649498614335 0.031103146214866477
2.5796068709828215 0.03185135326315061
2.585748792104209 0.03255955870542603
2.5918907132255966 0.033227355645995243
2.598032634346984 0.03385497834378212
2.604174555468372 0.034443227308796814
2.6103164765897597 0.03499339200693241
2.6164583977111473 0.035507173094056814
2.622600318832535 0.03598660584886882
2.6287422399539224 0.03643398621094494
2.6348841610753104 0.03685180056610054
2.641026082196698 0.03724266016437578
2.6471680033180855 0.037609240813757897
2.653309924439473 0.03795422827065207
2.659451845560861 0.03828026955002591
2.6655937666822487 0.038589930206530086
2.6717356878036362 0.038885657493892264
2.677877608925024 0.03916974919352419
2.684019530046412 0.039444327813677384
2.6901614511677994 0.03971131979600401
2.696303372289187 0.03997243932485296
2.7024452934105745 0.04022917631350953
2.7085872145319625 0.04048278813810164
2.71472913565335 0.04073429470118432
2.7208710567747376 0.04098447643022953
2.727012977896125 0.041233874848638774
2.733154899017513 0.04148279539586761
2.7392968201389007 0.041731312216408814
2.7454387412602883 0.04197927468255235
2.751580662381676 0.04222631546108732
2.757722583503064 0.042471859977729384
2.7638645046244514 0.04271513717356925
2.770006425745839 0.04295519148397989
2.7761483468672266 0.04319089600113184
2.7822902679886146 0.043420966805672326
2.788432189110002 0.04364397847053007
2.7945741102313897 0.04385838074968639
2.8007160313527772 0.044062516466748074
2.8068579524741653 0.044254640612081154
2.812999873595553 0.04443294064310802
2.8191417947169404 0.04459555796031864
2.825283715838328 0.04474061050198683
2.831425636959716 0.044866216364132
2.8375675580811035 0.044970518309780556
2.843709479202491 0.045051708984175994
2.8498514003238786 0.04510805660164694
2.8559933214452666 0.04513793081702398
2.862135242566654 0.045139828441723144
2.8682771636880418 0.04511239861405185
2.8744190848094293 0.04505446698732073
2.8805610059308173 0.04496505846049386
2.886702927052205 0.04484341794699943
2.8928448481735924 0.04468902866056344
2.89898676929498 0.04450162739501718
2.9051286904163676 0.04428121629022067
2.9112706115377556 0.0440280706104194
2.917412532659143 0.043742742115867886
2.9235544537805307 0.04342605768410753
2.9296963749019183 0.04307911293377235
2.9358382960233063 0.04270326072019408
2.941980217144694 0.04230009450635768
2.9481221382660814 0.041871426761830935
2.954264059387469 0.041419262702000754
2.960405980508857 0.04094576984512178
2.9665479016302445 0.04045324402924118
2.972689822751632 0.03994407268819855
2.9788317438730196 0.03942069632831361
2.9849736649944076 0.03888556926758002
2.991115586115795 0.03834112078985478
2.9972575072371828 0.03778971792089583
3.0033994283585703 0.037233631045338174
3.0095413494799583 0.036675003549356815
3.015683270601346 0.03611582659012973
3.0218251917227335 0.03555791995963502
3.027967112844121 0.03500291982845089
3.034109033965509 0.034452273929181966
3.0402509550868966 0.03390724447548174
3.046392876208284 0.03336891882030155
3.0525347973296717 0.03283822754697306
3.0586767184510597 0.03231596937171284
3.0648186395724473 0.031802841929956666
3.070960560693835 0.03129947723593273
3.0771024818152224 0.030806480359201624
3.0832444029366104 0.030324469666696177
3.089386324057998 0.029854116845543118
3.0955282451793855 0.029396184859678234
3.101670166300773 0.028951562007997828
3.107812087422161 0.02852129034605822
3.1139540085435486 0.028106586905907005
3.120095929664936 0.02770885639441118
3.1262378507863238 0.0273296943606127
3.1323797719077118 0.026970880184979385
3.1385216930290993 0.02663435964287246
3.144663614150487 0.026322217213941637
3.1508055352718745 0.02603663873003603
3.156947456393262 0.025779865357803657
3.16308937751465 0.025554140280303693
3.1692312986360376 0.025361649758111466
3.175373219757425 0.02520446050043172
3.1815151408788127 0.02508445544967822
3.1876570620002007 0.025003270171552874
3.1937989831215883 0.024962232043615425
3.199940904242976 0.02496230434955877
3.2060828253643634 0.025004037218787762
3.2122247464857514 0.025087527110003636
3.218366667607139 0.025212386235029107
3.2245085887285265 0.02537772296923997
3.230650509849914 0.025582133913541756
3.236792430971302 0.025823707876520312
3.2429343520926897 0.026100041650857195
3.249076273214077 0.026408267081161934
3.2552181943354648 0.026745088575313818
3.261360115456853 0.027106829910359783
3.2675020365782403 0.02748948893652466
3.273643957699628 0.027888798595617527
3.2797858788210155 0.028300292546731692
3.2859277999424035 0.0287193736333525
3.292069721063791 0.02914138342976359
3.2982116421851786 0.029561671166489115
3.304353563306566 0.02997566044789851
3.310495484427954 0.03037891233193911
3.3166374055493417 0.030767183533096935
3.3227793266707293 0.031136478725410144
3.328921247792117 0.031483096152895185
3.335063168913505 0.031803665990677084
3.3412050900348924 0.03209518113275797
3.34734701115628 0.03235502030405285
3.3534889322776675 0.0325809635986416
3.3596308533990555 0.03277120072806669
3.365772774520443 0.032924332419288625
3.3719146956418307 0.03303936552932583
3.3780566167632182 0.0331157025416822
3.3841985378846062 0.033153126178608085
3.390340459005994 0.033151779904258
3.3964823801273814 0.03311214510893171
3.402624301248769 0.033035015756468826
3.4087662223701565 0.03292147124859692
3.4149081434915445 0.032772848214942835
3.421050064612932 0.032590711878922644
3.4271919857343196 0.03237682758118354
3.433333906855707 0.03213313296686098
3.439475827977095 0.031861711263547636
3.4456177490984827 0.031564765996132324
3.4517596702198703 0.03124459740476836
3.457901591341258 0.030903580755005034
3.464043512462646 0.030544146656011576
3.4701854335840334 0.030168763434930846
3.476327354705421 0.029779921553481362
3.4824692758268085 0.029380119997456468
3.4886111969481965 0.028971854520981805
3.494753118069584 0.02855760758533207
3.5008950391909717 0.028139839796677134
3.5070369603123592 0.027720982618137185
3.5131788814337472 0.027303432108738798
3.519320802555135 0.026889543425031547
3.5254627236765224 0.026481625810026464
3.53160464479791 0.02608193778858174
3.537746565919298 0.025692682288287694
3.5438884870406855 0.025316001410273275
3.550030408162073 0.02495397058523746
3.5561723292834606 0.024608591866548644
3.5623142504048486 0.02428178613466924
3.568456171526236 0.023975384015714977
3.5745980926476237 0.023691115351929148
3.5807400137690113 0.023430597103506097
3.5868819348903993 0.02319531960973782
3.593023856011787 0.022986631192976018
3.5991657771331744 0.022805721151330022
3.605307698254562 0.02265360125506971
3.61144961937595 0.022531085936807683
3.6175915404973376 0.022438771445802346
3.623733461618725 0.022377014320878852
3.6298753827401127 0.022345909622814786
3.6360173038615007 0.022345269453441327
3.6421592249828882 0.022374602372570714
3.648301146104276 0.022433094402133275
3.6544430672256634 0.02251959237613993
3.6605849883470514 0.022632590451482654
3.666726909468439 0.022770220634104794
3.6728688305898265 0.022930248193559304
3.679010751711214 0.023110072832319178
3.6851526728326016 0.023306736440547246
3.6912945939539896 0.023516938198975355
3.697436515075377 0.023737057689394464
3.7035784361967647 0.023963186532284787
3.7097203573181523 0.024191168893793618
3.7158622784395403 0.024416650990514974
3.722004199560928 0.02463513947289863
3.7281461206823154 0.02484206829097448
3.734288041803703 0.02503287334565953
3.740429962925091 0.025203073913347113
3.7465718840464786 0.02534835951068233
3.752713805167866 0.025464680551921214
3.7588557262892537 0.02554834085585274
3.7649976474106417 0.02559608979658997
3.7711395685320293 0.025605211676591765
3.777281489653417 0.025573609744750363
3.7834234107748044 0.025499882199979444
3.7895653318961924 0.02538338752246208
3.79570725301758 0.02522429656913535
3.8018491741389675 0.025023629062545388
3.807991095260355 0.02478327239463532
3.814133016381743 0.02450598105687237
3.8202749375031306 0.024195355488440224
3.826416858624518 0.02385579969350519
3.8325587797459058 0.02349245760086558
3.8387007008672938 0.023111128804630145
3.8448426219886813 0.02271816500956192
3.850984543110069 0.022320349183460084
3.8571264642314564 0.021924760064076034
3.8632683853528444 0.021538625251989966
3.869410306474232 0.021169166617135166
3.8755522275956196 0.020823442131226336
3.881694148717007 0.020508188490956574
3.887836069838395 0.02022966900212673
3.8939779909597827 0.01999353114339939
3.9001199120811703 0.01980467801724421
3.906261833202558 0.019667157528933603
3.912403754323946 0.01958407262319628
3.9185456754453334 0.019557515269997838
3.924687596566721 0.01958852614945435
3.9308295176881085 0.01967708116952672
3.936971438809496 0.01982210509087594
3.943113359930884 0.020021511665110382
3.9492552810522716 0.020272268850066312
3.955397202173659 0.0205704868819255
3.9615391232950468 0.020911526289256577
3.9676810444164348 0.021290122354575978
3.9738229655378223 0.021700522085427987
3.97996488665921 0.022136629463618576
3.9861068077805974 0.022592154605581526
3.9922487289019855 0.023060762489353327
3.998390650023373 0.02353621707790357
4.004532571144761 0.024012516981947358
4.010674492266149 0.024484019239759725
4.016816413387536 0.024945548324482023
4.022958334508924 0.025392488095437444
4.029100255630311 0.02582085506180875
4.035242176751699 0.02622735199706125
4.041384097873086 0.026609401604038747
4.047526018994474 0.026965160559142626
4.053667940115862 0.027293514837935243
4.05980986123725 0.02759405772624257
4.0659517823586375 0.027867052337073612
4.072093703480025 0.028113380775734723
4.078235624601413 0.028334482319309275
4.0843775457228 0.02853228310249325
4.090519466844188 0.02870911983388458
4.096661387965575 0.028867660012872606
4.102803309086964 0.029010820987635775
4.108945230208351 0.02914169000178287
4.115087151329739 0.02926344713444665
4.1212290724511265 0.02937929276024118
4.127370993572514 0.029492380855343683
4.133512914693902 0.029605759167231918
4.139654835815289 0.029722316960256075
4.145796756936677 0.029844740757631504
4.151938678058065 0.02997547823117576
4.158080599179453 0.030116710149815127
4.16422252030084 0.0302703300912344
4.170364441422228 0.03043793145084201
4.176506362543615 0.03062080114954147
4.182648283665003 0.030819919346181314
4.1887902047863905 0.031035964400252403
4.194932125907778 0.031269322302637674
4.201074047029166 0.03152009979345399
4.207215968150554 0.031788140412205436
4.213357889271942 0.03207304277226204
4.219499810393329 0.03237418041468342
4.225641731514717 0.032690722671318534
4.231783652636104 0.033021656049863214
4.237925573757492 0.03336580574041188
4.2440674948788795 0.03372185693067018
4.250209416000267 0.03408837570250724
4.2563513371216555 0.03446382936347468
4.262493258243043 0.03484660614129046
4.268635179364431 0.03523503423546897
4.274777100485818 0.035627400277028216
4.280919021607206 0.03602196729358389
4.287060942728593 0.03641699231248201
4.293202863849981 0.03681074375847252
4.299344784971368 0.03720151881450744
4.305486706092757 0.03758766091442435
4.311628627214144 0.03796757752452762
4.317770548335532 0.03833975834749477
4.3239124694569195 0.0387027940468089
4.330054390578307 0.03905539554336747
4.336196311699695 0.039396413878509506
4.342338232821082 0.039724860570091294
4.34848015394247 0.04003992831131229
4.354622075063858 0.04034101177692711
4.360763996185246 0.04062772820979835
4.366905917306633 0.04089993736438202
4.373047838428021 0.041157760285080565
4.3791897595494085 0.041401596299341925
4.385331680670796 0.04163213751135252
4.391473601792184 0.04185037999612892
4.397615522913571 0.04205763082023776
4.40375744403496 0.04225550995920724
4.409899365156347 0.042445946148239294
4.416041286277735 0.04263116569762371
4.422183207399122 0.04281367333285998
4.42832512852051 0.04299622418728312
4.434467049641897 0.04318178618685288
4.440608970763285 0.043373492226788136
4.4467508918846725 0.043574581750824834
4.452892813006061 0.043788331607421654
4.4590347341274486 0.044017976372674454
4.465176655248836 0.044266618694177244
4.471318576370224 0.04453713061810797
4.477460497491611 0.044832047305069005
4.483602418612999 0.04515345500728564
4.489744339734386 0.04550287565620434
4.495886260855774 0.04588115087794221
4.5020281819771615 0.04628832869438899
4.50817010309855 0.04672355655789361
4.5143120242199375 0.047184984683794826
4.520453945341325 0.047669683863481874
4.526595866462713 0.04817358203768118
4.5327377875841 0.04869142386357094
4.538879708705488 0.04921675730162564
4.545021629826875 0.049741950864867296
4.551163550948263 0.05025824460648285
4.557305472069651 0.05075583717079314
4.563447393191039 0.05122401030480853
4.569589314312426 0.051651291139545114
4.575731235433814 0.05202565132770237
4.5818731565552016 0.0523347408022385
4.588015077676589 0.05256615254242833
4.594156998797977 0.052707713351157315
4.600298919919364 0.05274779431617369
4.606440841040753 0.05267563340890069
4.61258276216214 0.05248166162808214
4.618724683283528 0.052157823280650786
4.624866604404915 0.05169788046204408
4.631008525526303 0.05109769159747542
4.6371504466476905 0.05035545406761715
4.643292367769078 0.04947190148588521
4.649434288890466 0.04845044712304014
4.655576210011854 0.04729726627375747
4.661718131133242 0.04602131199699739
4.667860052254629 0.044634260587997035
4.674001973376017 0.04315038528936739
4.680143894497404 0.04158635904369625
4.686285815618792 0.039960989441890575
4.692427736740179 0.03829489133595538
4.698569657861567 0.03661010476627847
4.7047115789829554 0.0349296678093186
4.710853500104343 0.033277155597387725
4.716995421225731 0.0316761980258001
4.723137342347118 0.03014998948795683
4.729279263468506 0.028720804328927027
4.735421184589893 0.027409531566785043
4.741563105711281 0.026235241804237485
4.747705026832668 0.02521479816832507
4.753846947954056 0.024362521620657007
4.759988869075444 0.02368991913967785
4.766130790196832 0.023205481168895953
4.7722727113182195 0.022914552439791395
4.778414632439607 0.022819277909654875
4.784556553560995 0.022918623197994998
4.790698474682382 0.02320846665164046
4.79684039580377 0.023681758101457062
4.802982316925157 0.024328737564249248
4.809124238046546 0.025137205649004866
4.815266159167933 0.026092836287857298
4.821408080289321 0.02717952165229928
4.8275500014107084 0.02837973874021416
4.833691922532096 0.029674927118593656
4.839833843653484 0.031045867654903997
4.845975764774871 0.0324730527288557
4.852117685896259 0.0339370393378583
4.858259607017647 0.035418777638851
4.864401528139035 0.03689990874784277
4.870543449260422 0.03836302698690168
4.87668537038181 0.03979190316895763
4.882827291503197 0.04117166689037444
4.888969212624585 0.042488947112768384
4.8951111337459725 0.04373197151958294
4.90125305486736 0.0448906261985644
4.9073949759887485 0.04595647810648608
4.913536897110136 0.0469227635039989
4.919678818231524 0.04778434610138462
4.925820739352911 0.04853764903276512
4.931962660474299 0.049180564985881754
4.938104581595686 0.049712348870986224
4.944246502717074 0.050133497333649614
4.9503884238384614 0.050445619222965594
4.95653034495985 0.050651300840650545
4.9626722660812375 0.05075396944015271
4.968814187202625 0.050757758039639375
4.974956108324013 0.05066737417875704
4.9810980294454 0.05048797480445772
4.987239950566788 0.05022504903162747
4.993381871688175 0.04988431010276117
4.999523792809563 0.04947159747778408
5.00566571393095 0.04899278962792758
5.011807635052339 0.048453727791400725
5.017949556173726 0.0478601506762498
5.024091477295114 0.047217639868049145
5.0302333984165015 0.04653157551602469
5.036375319537889 0.04580710172862626
5.042517240659277 0.045049101005155155
5.048659161780664 0.0442621769598101
5.054801082902052 0.0434506445539726
5.06094300402344 0.04261852703702981
5.067084925144828 0.04176955880083475
5.073226846266215 0.040907193373482
5.079368767387603 0.04003461581016038
5.0855106885089905 0.03915475877853179
5.091652609630378 0.03827032167990863
5.097794530751766 0.037383792192468
5.103936451873153 0.03649746966634926
5.110078372994542 0.03561348984073181
5.116220294115929 0.034733850388373656
5.122362215237317 0.03386043682257933
5.128504136358704 0.03299504832458819
5.134646057480092 0.032139423065803814
5.140787978601479 0.03129526260940769
5.146929899722867 0.03046425498040319
5.1530718208442545 0.029648095993070583
5.159213741965643 0.02884850842158444
5.1653556630870305 0.028067258594867386
5.171497584208418 0.027306169992629584
5.177639505329806 0.02656713341821095
5.183781426451193 0.02585211332773194
5.189923347572581 0.02516314990671957
5.196065268693968 0.024502356507406335
5.202207189815356 0.02387191209485047
5.208349110936744 0.023274048400290757
5.214491032058132 0.02271103154784068
5.2206329531795195 0.022185138007444004
5.226774874300907 0.021698624834091303
5.232916795422295 0.021253694281058406
5.239058716543682 0.02085245302293682
5.24520063766507 0.020496866391048682
5.251342558786457 0.020188708206926774
5.257484479907845 0.01992950699514388
5.263626401029233 0.019720489559900405
5.269768322150621 0.019562523114190194
5.275910243272008 0.019456057348660977
5.282052164393396 0.019401068011040204
5.2881940855147835 0.019397003726974435
5.294336006636171 0.019442737919587377
5.300477927757559 0.01953652776812081
5.306619848878946 0.01967598217611719
5.312761770000335 0.01985804068797944
5.318903691121722 0.02007896519200192
5.32504561224311 0.02033434607261179
5.331187533364497 0.020619124221544764
5.337329454485885 0.020927629986887537
5.3434713756072725 0.021253639733581273
5.34961329672866 0.021590450215951164
5.355755217850048 0.02193097043273005
5.361897138971436 0.022267830062219215
5.368039060092824 0.022593502977491513
5.374180981214211 0.02290044373971735
5.380322902335599 0.023181234384949678
5.386464823456986 0.023428738280677288
5.392606744578374 0.02363625735821087
5.398748665699761 0.02379768864982788
5.404890586821149 0.023907675797907965
5.411032507942537 0.0239617510761413
5.417174429063925 0.023956463484957707
5.4233163501853126 0.023889488663792688
5.4294582713067 0.02375971670453645
5.435600192428088 0.023567314449463136
5.441742113549475 0.023313759501927506
5.447884034670863 0.023001843950939294
5.45402595579225 0.022635646686653032
5.460167876913639 0.02222047413246397
5.466309798035026 0.02176277020596228
5.472451719156414 0.021269997307719158
5.4785936402778015 0.02075049108479226
5.484735561399189 0.020213292586603027
5.490877482520577 0.019667962188599904
5.497019403641964 0.019124380272290038
5.503161324763352 0.018592540093065903
5.509303245884739 0.018082338521203008
5.515445167006128 0.017603370396002006
5.521587088127515 0.017164732086471488
5.527729009248903 0.016774839511089632
5.53387093037029 0.016441265349274037
5.540012851491678 0.01617059950098887
5.5461547726130656 0.015968336047526725
5.552296693734453 0.01583878906986428
5.558438614855841 0.015785038728179844
5.564580535977229 0.015808908035512586
5.570722457098617 0.015910969807971524
5.576864378220004 0.016090582378913264
5.583006299341392 0.016345951856796347
5.589148220462779 0.01667421801253534
5.595290141584167 0.01707156032254733
5.6014320627055545 0.017533320282002867
5.607573983826942 0.01805413584578725
5.6137159049483305 0.0186280837522265
5.619857826069718 0.019248825530230444
5.625999747191106 0.0199097531720092
5.632141668312493 0.02060413075411498
5.638283589433881 0.021325228688890037
5.644425510555268 0.022066447763765498
5.650567431676656 0.02282143065343383
5.656709352798043 0.0235841591459265
5.662851273919432 0.024349035885371777
5.668993195040819 0.025110949980970704
5.675135116162207 0.025865326345483552
5.681277037283595 0.026608159092428748
5.687418958404982 0.02733602972791192
5.69356087952637 0.0280461112127604
5.699702800647757 0.028736159239176388
5.705844721769145 0.029404492262444088
5.711986642890533 0.030049961954242643
5.718128564011921 0.03067191580419593
5.724270485133308 0.031270153596757076
5.730412406254696 0.031844879439136345
5.7365543273760835 0.03239665092140795
5.742696248497471 0.032926326861276195
5.748838169618859 0.03343501493234221
5.754980090740246 0.03392402030481317
5.761122011861635 0.034394796249488775
5.767263932983022 0.034848897476702514
5.77340585410441 0.03528793680780292
5.779547775225797 0.0357135456127246
5.785689696347185 0.03612733829706987
5.7918316174685724 0.03653088098863824
5.79797353858996 0.03692566445820473
5.804115459711348 0.037313081213326556
5.810257380832735 0.037694406627006884
5.816399301954124 0.03807078390444284
5.822541223075511 0.038443212649570534
5.828683144196899 0.038812540767019274
5.834825065318286 0.03917945942244455
5.840966986439674 0.039544500782890415
5.847108907561061 0.03990803826662562
5.853250828682449 0.04027028904659239
5.8593927498038365 0.040631318571057874
5.865534670925225 0.040991046887237016
5.8716765920466125 0.041349256576688774
5.877818513168 0.04170560213348334
5.883960434289388 0.04205962063600509
5.890102355410775 0.04241074357951862
5.896244276532163 0.04275830974822884
5.90238619765355 0.04310157901168871
5.908528118774938 0.043439746930463936
5.914670039896326 0.04377196004961366
5.920811961017714 0.04409733174570529
5.9269538821391015 0.04441495847393306
5.933095803260489 0.044723936236913425
5.939237724381877 0.045023377066640516
5.945379645503264 0.04531242527695496
5.951521566624652 0.045590273207077286
5.957663487746039 0.04585617613895898
5.963805408867428 0.0461094660343956
5.969947329988815 0.046349563704293446
5.976089251110203 0.04657598899470839
5.98223117223159 0.046788368555000445
5.988373093352978 0.046986440745522086
5.9945150144743655 0.047170057248560875
6.000656935595753 0.047339180969588064
6.006798856717141 0.04749387985879687
6.012940777838529 0.04763431634764026
6.019082698959917 0.04776073218323211
6.025224620081304 0.047873428555948755
6.031366541202692 0.047972741552324484
6.037508462324079 0.048059013125229644
6.043650383445467 0.04813255795394593
6.0497923045668545 0.04819362676431766
6.055934225688242 0.048242366888402985
6.06207614680963 0.048278781057248435
6.068218067931018 0.048302685631426055
6.074359989052406 0.04831366967241172
6.080501910173793 0.048311056433342464
6.086643831295181 0.04829386898910181
6.092785752416568 0.04826080182175909
6.098927673537956 0.04821020021715057
6.105069594659343 0.048140049301773104
6.111211515780731 0.04804797444766105
6.117353436902119 0.04793125459026403
6.123495358023507 0.047786849737147974
6.1296372791448945 0.04761144359368326
6.135779200266282 0.047401501799794396
6.14192112138767 0.04715334576763611
6.148063042509057 0.04686324154646619
6.154204963630445 0.046527502535072
6.160346884751832 0.04614260423493358
6.166488805873221 0.04570530861331971
6.172630726994608 0.045212795051682284
6.178772648115996 0.04466279431943069
6.1849145692373835 0.04405372156493406
6.191056490358771 0.04338480398159441
6.197198411480159 0.042656198611387496
6.203340332601546 0.041869095711368626
6.209482253722934 0.04102580324453673
6.215624174844322 0.04012980837246169
6.22176609596571 0.039185812322695676
6.227908017087097 0.03819973567033067
6.234049938208485 0.03717869189277824
6.240191859329872 0.03613092800446167
6.24633378045126 0.03506573212085421
6.2524757015726475 0.03399330890037849
6.258617622694035 0.032924624924955806
6.2647595438154235 0.03187122715994421
6.270901464936811 0.030845038636141252
6.277043386058199 0.029858136376868127
