time TPR_both_A_open_1_rho33
0.0 0.0
0.00614192112138767 6.962299118085142e-08
0.01228384224277534 5.574923669466523e-07
0.01842576336416301 1.881789215042071e-06
0.02456768448555068 4.457653335214486e-06
0.030709605606938348 8.693868309202793e-06
0.03685152672832602 1.49895262012103e-05
0.042993447849713685 2.3730707832792357e-05
0.04913536897110136 3.528721532774119e-05
0.05527729009248903 5.000939388178858e-05
0.061419211213876695 6.822507946625976e-05
0.06756113233526437 9.023670842040075e-05
0.07370305345665204 0.00011631862362894501
0.07984497457803971 0.00014671461023321185
0.08598689569942737 0.00018163569160762713
0.09212881682081504 0.00022125821367890622
0.09827073794220272 0.00026572224260940335
0.10441265906359039 0.00031513029745300445
0.11055458018497806 0.00036954643567078455
0.11669650130636572 0.0004289957054185432
0.12283842242775339 0.0004934639743470307
0.12898034354914106 0.000562898140348559
0.13512226467052874 0.0006372067253026496
0.1412641857919164 0.0007162608484807262
0.14740610691330408 0.0007998955719272997
0.15354802803469175 0.0008879116059026451
0.15968994915607942 0.0009800773584070345
0.16583187027746707 0.001076131308963103
0.17197379139885474 0.0011757846832605144
0.17811571252024241 0.0012787244020104629
0.1842576336416301 0.0013846162744558742
0.19039955476301776 0.0014931084044696463
0.19654147588440543 0.0016038347750748343
0.2026833970057931 0.0017164189755577116
0.20882531812718078 0.0018304780341309216
0.21496723924856845 0.0019456263183466624
0.22110916036995612 0.002061479465159694
0.2272510814913438 0.0021776583026913384
0.23339300261273144 0.00229379272633694
0.2395349237341191 0.002409525492873206
0.24567684485550678 0.0025245158976360147
0.25181876597689445 0.0026384433016263986
0.2579606870982821 0.002751010477531076
0.2641026082196698 0.0028619467460789592
0.27024452934105747 0.002971010876858309
0.27638645046244514 0.0030779937306498546
0.2825283715838328 0.0031827206234466606
0.2886702927052205 0.003285053395587738
0.29481221382660816 0.0033848921727847613
0.30095413494799583 0.0034821768092248573
0.3070960560693835 0.003576888006342924
0.3132379771907712 0.0036690481042309085
0.31937989831215885 0.0037587215459469977
0.3255218194335465 0.0038460150181649417
0.33166374055493414 0.0039310772746253345
0.3378056616763218 0.0040140986516822505
0.3439475827977095 0.0040953102878491104
0.35008950391909716 0.004174983061609709
0.35623142504048483 0.004253426263850775
0.3623733461618725 0.004330986023072296
0.3685152672832602 0.004408043503026873
0.37465718840464785 0.0044850128936199255
0.3807991095260355 0.004562339216764046
0.3869410306474232 0.004640495969423396
0.39308295176881086 0.004719982626312841
0.39922487289019853 0.0048013220246416865
0.4053667940115862 0.004885057652927818
0.4115087151329739 0.004971750865274091
0.41765063625436155 0.005061978041618049
0.4237925573757492 0.005156327713365503
0.4299344784971369 0.005255397672528531
0.43607639961852457 0.005359792081042136
0.44221832073991224 0.005470118595366439
0.4483602418612999 0.0055869855198299135
0.4545021629826876 0.005710999000471529
0.4606440841040752 0.005842760269434073
0.4667860052254629 0.0059828629482847305
0.47292792634685055 0.006131890417028947
0.4790698474682382 0.006290413254073895
0.4852117685896259 0.006458986751020598
0.49135368971101356 0.006638148504947484
0.49749561083240124 0.006828416089817503
0.5036375319537889 0.007030284807816507
0.5097794530751766 0.007244225520827543
0.5159213741965643 0.007470682561874559
0.5220632953179519 0.007710071726234429
0.5282052164393396 0.00796277834201728
0.5343471375607273 0.008229155420345424
0.5404890586821149 0.008509521885808554
0.5466309798035026 0.008804160888619862
0.5527729009248903 0.009113318200821658
0.558914822046278 0.009437200699963021
0.5650567431676656 0.009775974944864188
0.5711986642890533 0.010129765849358568
0.577340585410441 0.010498655461225343
0.5834825065318286 0.010882681854854257
0.5896244276532163 0.011281838147478443
0.595766348774604 0.011696071650029737
0.6019082698959917 0.012125283164773208
0.6080501910173793 0.012569326442824002
0.614192112138767 0.01302800781540308
0.6203340332601547 0.013501086013214245
0.6264759543815424 0.013988272188592882
0.63261787550293 0.014489230155060305
0.6387597966243177 0.015003576858595519
0.6449017177457054 0.015530883094292331
0.651043638867093 0.016070674481094182
0.6571855599884806 0.01662243270598763
0.6633274811098683 0.017185597047390398
0.669469402231256 0.017759566185499915
0.6756113233526436 0.01834370030508799
0.6817532444740313 0.018937323493658013
0.687895165595419 0.01953972643504916
0.6940370867168066 0.02015016939551029
0.7001790078381943 0.02076788549601172
0.706320928959582 0.021392084261157605
0.7124628500809697 0.022021955431551193
0.7186047712023573 0.022656673022898737
0.724746692323745 0.023295399611566604
0.7308886134451327 0.023937290822783782
0.7370305345665203 0.024581499994262516
0.743172455687908 0.025227182984747652
0.7493143768092957 0.02587350309395442
0.7554562979306834 0.026519636057566773
0.761598219052071 0.027164775078494657
0.7677401401734587 0.0278081358534752
0.7738820612948464 0.02844896155239357
0.780023982416234 0.029086527706432747
0.7861659035376217 0.02972014696037152
0.7923078246590094 0.030349173644064743
0.7984497457803971 0.0309730081183809
0.8045916669017847 0.03159110085165476
0.8107335880231724 0.03220295618404488
0.8168755091445601 0.0328081357390682
0.8230174302659478 0.03340626144400904
0.8291593513873354 0.033997018123854236
0.8353012725087231 0.0345801556368657
0.8414431936301108 0.03515549052383801
0.8475851147514984 0.03572290714746329
0.8537270358728861 0.0362823583029941
0.8598689569942738 0.03683386528650697
0.8660108781156615 0.0373775174124657
0.8721527992370491 0.037913470977903485
0.8782947203584368 0.038441947676316944
0.8844366414798245 0.03896323247022345
0.8905785626012122 0.039477670937200116
0.8967204837225998 0.039985666110022335
0.9028624048439875 0.04048767483717549
0.9090043259653752 0.040984203695447426
0.9151462470867628 0.041475804491446784
0.9212881682081504 0.041963069393660894
0.9274300893295381 0.04244662574099699
0.9335720104509257 0.04292713057757939
0.9397139315723134 0.04340526496684443
0.9458558526937011 0.04388172814063427
0.9519977738150888 0.04435723154099816
0.9581396949364764 0.04483249281373167
0.9642816160578641 0.04530822981329677
0.9704235371792518 0.0457851546786559
0.9765654583006395 0.046263968038717025
0.9827073794220271 0.04674535340453314
0.9888493005434148 0.04722997180314639
0.9949912216648025 0.04771845670504347
1.0011331427861903 0.048211409293634364
1.0072750639075778 0.0487093941210299
1.0134169850289656 0.049212935189732285
1.0195589061503532 0.04972251249473316
1.025700827271741 0.05023855905500785
1.0318427483931285 0.05076145845758058
1.0379846695145163 0.05129154293129664
1.0441265906359039 0.05182909196125853
1.0502685117572914 0.05237433144865203
1.0564104328786792 0.05292743341449078
1.0625523540000668 0.05348851623973146
1.0686942751214545 0.05405764542833736
1.074836196242842 0.05463483487427536
1.0809781173642299 0.0552200486081931
1.0871200384856174 0.05581320299470551
1.0932619596070052 0.056414169346881315
1.0994038807283928 0.057022776920711206
1.1055458018497806 0.05763881624910075
1.1116877229711681 0.05826204277229343
1.117829644092556 0.058892180719614017
1.1239715652139435 0.05952892719604034
1.1301134863353313 0.06017195642636304
1.1362554074567188 0.060820924109569074
1.1423973285781066 0.061475471836566806
1.1485392496994942 0.06213523152543072
1.154681170820882 0.0627998298299471
1.1608230919422695 0.06346889247934429
1.1669650130636573 0.06414204850964468
1.1731069341850449 0.06481893435002303
1.1792488553064326 0.06549919773084155
1.1853907764278202 0.06618250138359037
1.191532697549208 0.06686852650673182
1.1976746186705955 0.0675569759753603
1.2038165397919833 0.06824757727658347
1.209958460913371 0.06894008515654054
1.2161003820347587 0.06963428396893696
1.2222423031561462 0.07032998971883567
1.228384224277534 0.07102705179914537
1.2345261453989216 0.07172535442073959
1.2406680665203094 0.07242481774037852
1.246809987641697 0.07312539869355206
1.2529519087630847 0.07382709154198354
1.2590938298844723 0.07452992814780239
1.26523575100586 0.07523397798829208
1.2713776721272476 0.07593934792663344
1.2775195932486354 0.07664618175518653
1.283661514370023 0.07735465952858878
1.2898034354914107 0.07806499670429869
1.2959453566127983 0.07877744310819781
1.302087277734186 0.07949228174249794
1.3082291988555736 0.08020982745251076
1.3143711199769612 0.08093042546785355
1.320513041098349 0.08165444983242219
1.3266549622197366 0.08238230173600017
1.3327968833411243 0.08311440775873132
1.338938804462512 0.08385121803791024
1.3450807255838997 0.08459320436468452
1.3512226467052872 0.08534085821636389
1.357364567826675 0.08609468872814387
1.3635064889480626 0.08685522060622244
1.3696484100694504 0.08762299198256487
1.375790331190838 0.08839855221000009
1.3819322523122257 0.08918245959495492
1.3880741734336133 0.08997527906398844
1.394216094555001 0.09077757975941349
1.4003580156763886 0.09158993255871646
1.4064999367977764 0.09241290751223481
1.412641857919164 0.09324707119364162
1.4187837790405518 0.09409298395823332
1.4249257001619393 0.09495119710482175
1.431067621283327 0.09582224993819675
1.4372095424047147 0.09670666673063741
1.4433514635261024 0.09760495358279594
1.44949338464749 0.09851759518642973
1.4556353057688778 0.09944505149388463
1.4617772268902653 0.10038775430189893
1.4679191480116531 0.10134610376015414
1.4740610691330407 0.10232046481799911
1.4802029902544285 0.10331116362586065
1.486344911375816 0.1043184839109674
1.4924868324972038 0.10534266335009287
1.4986287536185914 0.1063838899650034
1.5047706747399792 0.10744229856911255
1.5109125958613667 0.10851796729643137
1.5170545169827545 0.10961091424620113
1.523196438104142 0.11072109427854339
1.5293383592255299 0.11184839599800477
1.5354802803469174 0.11299263896296453
1.5416222014683052 0.1141535711594669
1.5477641225896928 0.11533086677810218
1.5539060437110805 0.11652412433206859
1.560047964832468 0.11773286515347721
1.5661898859538559 0.11895653230331468
1.5723318070752434 0.12019448992825031
1.578473728196631 0.12144602309468192
1.5846156493180188 0.12271033812708011
1.5907575704394064 0.12398656347384758
1.5968994915607941 0.125273751119599
1.6030414126821817 0.1265708785580425
1.6091833338035695 0.12787685133456023
1.615325254924957 0.1291905061622117
1.6214671760463448 0.13051061460928995
1.6276090971677324 0.13183588735082047
1.6337510182891202 0.1331649789705868
1.6398929394105077 0.13449649329447455
1.6460348605318955 0.13582898923022363
1.652176781653283 0.13716098708315083
1.6583187027746709 0.13849097531212248
1.6644606238960584 0.13981741768509398
1.6706025450174462 0.14113876078895574
1.6767444661388338 0.1424534418442952
1.6828863872602216 0.14375989677205162
1.6890283083816091 0.1450565684559564
1.695170229502997 0.14634191514214595
1.7013121506243845 0.1476144189154414
1.7074540717457722 0.14887259419052545
1.7135959928671598 0.15011499615562074
1.7197379139885476 0.15134022910629033
1.7258798351099351 0.15254695460762713
1.732021756231323 0.15373389942436325
1.7381636773527105 0.15489986316028442
1.7443055984740983 0.1560437255507512
1.7504475195954858 0.15716445335506618
1.7565894407168736 0.15826110679884714
1.7627313618382612 0.15933284552041424
1.768873282959649 0.16037893397943284
1.7750152040810365 0.16139874629060916
1.7811571252024243 0.16239177045006228
1.7872990463238119 0.16335761192703488
1.7934409674451997 0.16429599659879476
1.7995828885665872 0.16520677301186737
1.805724809687975 0.16608991395806547
1.8118667308093626 0.16694551735909324
1.8180086519307503 0.16777380645874587
1.824150573052138 0.16857512932685081
1.8302924941735257 0.16934995768406164
1.8364344152949132 0.17009888506137028
1.8425763364163008 0.17082262431271678
1.8487182575376886 0.17152200450330765
1.8548601786590762 0.1721979672001762
1.861002099780464 0.17285156219510484
1.8671440209018515 0.1734839426932571
1.8732859420232393 0.1740963600037196
1.8794278631446268 0.1746901577706179
1.8855697842660146 0.1752667657855354
1.8917117053874022 0.17582769342362936
1.89785362650879 0.1763745227470954
1.9039955476301775 0.1769089013204946
1.9101374687515653 0.17743253478292223
1.9162793898729529 0.17794717922208197
1.9224213109943407 0.178454633395047
1.9285632321157282 0.17895673083985286
1.934705153237116 0.17945533192110447
1.9408470743585036 0.17995231585150662
1.9469889954798913 0.18044957272967585
1.953130916601279 0.18094899563278757
1.9592728377226667 0.18145247280058524
1.9654147588440543 0.18196187994506335
1.971556679965442 0.18247907271776403
1.9776986010868296 0.1830058793641344
1.9838405222082174 0.18354409359181292
1.989982443329605 0.18409546767708374
1.9961243644509927 0.18466170583109354
2.0022662855723805 0.18524445784480031
2.008408206693768 0.18584531302905055
2.0145501278151556 0.18646579446369319
2.020692048936543 0.18710735356726302
2.026833970057931 0.18777136499653252
2.0329758911793188 0.18845912188315997
2.0391178123007063 0.1891718314127766
2.045259733422094 0.18991061075017052
2.051401654543482 0.19067648331275383
2.0575435756648695 0.19147037539325057
2.063685496786257 0.19229311313151842
2.0698274179076446 0.19314541983461783
2.0759693390290326 0.19402791364366084
2.08211126015042 0.19494110554560085
2.0882531812718077 0.1958853977279461
2.0943951023931953 0.1968610822743789
2.100537023514583 0.19786834019941532
2.106678944635971 0.19890724082052125
2.1128208657573584 0.19997774146648314
2.118962786878746 0.20107968752128252
2.1251047080001335 0.2022128128032147
2.1312466291215215 0.20337674027948602
2.137388550242909 0.20457098311699085
2.1435304713642966 0.20579494607037455
2.149672392485684 0.20704792720880144
2.155814313607072 0.20832911998303455
2.1619562347284598 0.20963761563447272
2.1680981558498473 0.2109724059476523
2.174240076971235 0.2123323863473846
2.180381998092623 0.21371635934115255
2.1865239192140105 0.21512303830661114
2.192665840335398 0.21655105162302496
2.1988077614567856 0.21799894714422313
2.2049496825781736 0.21946519700916442
2.211091603699561 0.22094820278448368
2.2172335248209487 0.2224463009314523
2.2233754459423363 0.22395776858764327
2.2295173670637243 0.22548082965126845
2.235659288185112 0.2270136611536739
2.2418012093064994 0.2285543999028746
2.247943130427887 0.2301011493783058
2.254085051549275 0.23165198685421073
2.2602269726706625 0.23320497072630028
2.26636889379205 0.23475814801356165
2.2725108149134376 0.23630956200438932
2.2786527360348257 0.2378572600136128
2.284794657156213 0.23939930121454023
2.2909365782776008 0.24093376450786536
2.2970784993989883 0.2424587563872402
2.3032204205203763 0.24397241875953163
2.309362341641764 0.24547293667629647
2.3155042627631515 0.2469585459318572
2.321646183884539 0.24842754048256863
2.327788105005927 0.24987827964146225
2.3339300261273146 0.2513091950024604
2.340071947248702 0.25271879704878253
2.3462138683700897 0.25410568140103607
2.3523557894914777 0.2554685346618006
2.3584977106128653 0.25680613981527467
2.364639631734253 0.2581173811427662
2.3707815528556404 0.25940124861744623
2.376923473977028 0.26065684174485515
2.383065395098416 0.26188337281911295
2.3892073162198035 0.2630801695686305
2.395349237341191 0.2642466771693067
2.4014911584625787 0.2653824596076961
2.4076330795839667 0.26648720038140283
2.4137750007053542 0.2675607025289543
2.419916921826742 0.26860288798658305
2.4260588429481293 0.26961379627464865
2.4322007640695174 0.270593582521807
2.438342685190905 0.27154251484042424
2.4444846063122925 0.2724609710720812
2.45062652743368 0.27334943492726205
2.456768448555068 0.2742084915484022
2.4629103696764556 0.2750388225303407
2.469052290797843 0.2758412004368042
2.4751942119192307 0.2766164828558098
2.4813361330406187 0.27736560604073973
2.4874780541620063 0.2780895781872815
2.493619975283394 0.27878947239938595
2.4997618964047814 0.27946641939983974
2.5059038175261694 0.2801216000429512
2.512045738647557 0.28075623768816776
2.5181876597689445 0.2813715904941787
2.524329580890332 0.28196894369318726
2.53047150201172 0.28254960190455486
2.5366134231331077 0.2831148815459446
2.5427553442544952 0.28366610339841863
2.548897265375883 0.2842045853797057
2.555039186497271 0.2847316355770758
2.5611811076186584 0.2852485455879705
2.567323028740046 0.2857565842127898
2.5734649498614335 0.2862569915400687
2.5796068709828215 0.2867509734597546
2.585748792104209 0.2872396966354646
2.5918907132255966 0.2877242839615374
2.598032634346984 0.2882058105254517
2.604174555468372 0.2886853000908344
2.6103164765897597 0.2891637221108953
2.6164583977111473 0.2896419892767661
2.622600318832535 0.29012095559995693
2.6287422399539224 0.29060141502303793
2.6348841610753104 0.2910841005477671
2.641026082196698 0.2915696838652716
2.6471680033180855 0.2920587754686017
2.653309924439473 0.2925519252240605
2.659451845560861 0.29304962337419954
2.6655937666822487 0.29355230194230275
2.6717356878036362 0.294060336505572
2.677877608925024 0.29457404830210215
2.684019530046412 0.295093706635095
2.6901614511677994 0.2956195315366147
2.696303372289187 0.29615169665252566
2.7024452934105745 0.2966903323100642
2.7085872145319625 0.2972355287297608
2.71472913565335 0.29778733934412227
2.7208710567747376 0.2983457841865751
2.727012977896125 0.2989108533156264
2.733154899017513 0.29948251024098227
2.7392968201389007 0.300060695320424
2.7454387412602883 0.30064532909855113
2.751580662381676 0.3012363155609954
2.757722583503064 0.30183354528036027
2.7638645046244514 0.3024368984328882
2.770006425745839 0.30304624766766747
2.7761483468672266 0.30366146081301126
2.7822902679886146 0.30428240340743723
2.788432189110002 0.30490894104540606
2.7945741102313897 0.30554094153060524
2.8007160313527772 0.3061782768320607
2.8068579524741653 0.3068208248406936
2.812999873595553 0.30746847092609103
2.8191417947169404 0.3081211092952047
2.825283715838328 0.30877864415642026
2.831425636959716 0.3094409906939366
2.8375675580811035 0.3101080758586576
2.843709479202491 0.3107798389828202
2.8498514003238786 0.31145623222637303
2.8559933214452666 0.31213722086367557
2.862135242566654 0.3128227834194279
2.8682771636880418 0.31351291166287093
2.8744190848094293 0.3142076104692381
2.8805610059308173 0.31490689755720763
2.886702927052205 0.3156108031107227
2.8928448481735924 0.31631936929303867
2.89898676929498 0.31703264966024153
2.9051286904163676 0.31775070848079556
2.9112706115377556 0.3184736199669352
2.917412532659143 0.3192014674229551
2.9235544537805307 0.31993434231468926
2.9296963749019183 0.3206723432637371
2.9358382960233063 0.32141557496931583
2.941980217144694 0.3221641470600133
2.9481221382660814 0.3229181728772118
2.954264059387469 0.32367776819156424
2.960405980508857 0.32444304985364936
2.9665479016302445 0.3252141343798269
2.972689822751632 0.3259911364743638
2.9788317438730196 0.32677416748912086
2.9849736649944076 0.32756333382247127
2.991115586115795 0.32835873525968
2.9972575072371828 0.3291604632576881
3.0033994283585703 0.32996859917812105
3.0095413494799583 0.33078321247335857
3.015683270601346 0.3316043588316505
3.0218251917227335 0.3324320782885199
3.027967112844121 0.3332663933130381
3.034109033965509 0.3341073068789625
3.0402509550868966 0.334954800532167
3.046392876208284 0.335808832467238
3.0525347973296717 0.33666933562752555
3.0586767184510597 0.33753621584429166
3.0648186395724473 0.3384093500318642
3.070960560693835 0.33928858445683485
3.0771024818152224 0.34017373310032345
3.0832444029366104 0.3410645761331154
3.089386324057998 0.34196085852405617
3.0955282451793855 0.34286228880241826
3.101670166300773 0.3437685379950232
3.107812087422161 0.34467923875869233
3.1139540085435486 0.34559398472809033
3.120095929664936 0.3465123300982191
3.1262378507863238 0.3474337894597026
3.1323797719077118 0.3483578379035813
3.1385216930290993 0.34928391141062
3.144663614150487 0.35021140753812646
3.1508055352718745 0.3511396864150115
3.156947456393262 0.35206807205330315
3.16308937751465 0.35299585398159905
3.1692312986360376 0.35392228920302304
3.175373219757425 0.3548466044771854
3.1815151408788127 0.3557679989224686
3.1876570620002007 0.3566856469317105
3.1937989831215883 0.3575987013910824
3.199940904242976 0.3585062971886936
3.2060828253643634 0.3594075549962571
3.2122247464857514 0.3603015853040448
3.218366667607139 0.361187492686408
3.2245085887285265 0.36206438027236276
3.230650509849914 0.3629313543931901
3.236792430971302 0.36378752937669667
3.2429343520926897 0.3646320324557729
3.249076273214077 0.3654640087571758
3.2552181943354648 0.36628262633509046
3.261360115456853 0.36708708121299716
3.2675020365782403 0.3678766023966994
3.273643957699628 0.3686504568210634
3.2797858788210155 0.36940795419307904
3.2859277999424035 0.37014845169427335
3.292069721063791 0.3708713585062806
3.2982116421851786 0.3715761401244909
3.304353563306566 0.37226232242613355
3.310495484427954 0.37292949546089665
3.3166374055493417 0.3735773169342051
3.3227793266707293 0.3742055153555547
3.328921247792117 0.37481389282680155
3.335063168913505 0.3754023274480035
3.3412050900348924 0.3759707753212708
3.34734701115628 0.37651927213607744
3.3534889322776675 0.3770479343225799
3.3596308533990555 0.37755695976265236
3.365772774520443 0.37804662805155065
3.3719146956418307 0.37851730030632275
3.3780566167632182 0.3789694185202734
3.3841985378846062 0.37940350446592597
3.390340459005994 0.3798201581519908
3.3964823801273814 0.3802200558428103
3.402624301248769 0.3806039476515985
3.4087662223701565 0.38097265472149655
3.4149081434915445 0.38132706601101357
3.421050064612932 0.3816681347027976
3.4271919857343196 0.3819968742568705
3.433333906855707 0.38231435413145826
3.439475827977095 0.3826216951963335
3.4456177490984827 0.3829200648651696
3.4517596702198703 0.3832106719747652
3.457901591341258 0.38349476144014444
3.464043512462646 0.3837736087154622
3.4701854335840334 0.38404851409134955
3.476327354705421 0.38432079685982645
3.4824692758268085 0.3845917893781849
3.4886111969481965 0.3848628310633188
3.494753118069584 0.38513526234784823
3.5008950391909717 0.3854104186290657
3.5070369603123592 0.3856896242412304
3.5131788814337472 0.3859741864810601
3.519320802555135 0.3862653897154387
3.5254627236765224 0.38656448959937
3.53160464479791 0.3868727074310922
3.537746565919298 0.38719122467002637
3.5438884870406855 0.38752117764188265
3.550030408162073 0.3878636524538098
3.5561723292834606 0.38821968014095226
3.5623142504048486 0.3885902320642006
3.568456171526236 0.38897621557729023
3.5745980926476237 0.38937846997974085
3.5807400137690113 0.38979776277045247
3.5868819348903993 0.3902347862150846
3.593023856011787 0.3906901542386716
3.5991657771331744 0.3911643996532712
3.605307698254562 0.39165797172882116
3.61144961937595 0.3921712341137952
3.6175915404973376 0.39270446311072305
3.623733461618725 0.393257846310165
3.6298753827401127 0.393831481585325
3.6360173038615007 0.39442537644814635
3.6421592249828882 0.3950394477664673
3.648301146104276 0.3956735218406154
3.6544430672256634 0.3963273348366978
3.6605849883470514 0.39700053357278914
3.666726909468439 0.39769267665322916
3.6728688305898265 0.3984032359453191
3.679010751711214 0.39913159839183454
3.6851526728326016 0.399877068151952
3.6912945939539896 0.4006388690624099
3.697436515075377 0.4014161474099823
3.7035784361967647 0.402207975005625
3.7097203573181523 0.4030133525499585
3.7158622784395403 0.40383121327906485
3.722004199560928 0.4046604268788879
3.7281461206823154 0.40549980365584387
3.734288041803703 0.4063480989505467
3.740429962925091 0.40720401778084414
3.7465718840464786 0.40806621969962764
3.752713805167866 0.40893332385212805
3.7588557262892537 0.4098039142166382
3.7649976474106417 0.41067654501180656
3.7711395685320293 0.41154974625283625
3.777281489653417 0.4124220294380933
3.7834234107748044 0.41329189334679284
3.7895653318961924 0.41415782992758904
3.79570725301758 0.4150183302570634
3.8018491741389675 0.4158718905462807
3.807991095260355 0.41671701817279216
3.814133016381743 0.417552237714706
3.8202749375031306 0.41837609696273925
3.826416858624518 0.4191871728855201
3.8325587797459058 0.41998407752284345
3.8387007008672938 0.42076546378110563
3.8448426219886813 0.4215300311047711
3.850984543110069 0.42227653099746926
3.8571264642314564 0.42300377236619574
3.8632683853528444 0.42371062666211146
3.869410306474232 0.4243960327916047
3.8755522275956196 0.42505900177162265
3.881694148717007 0.4256986211037884
3.887836069838395 0.4263140588425142
3.8939779909597827 0.4269045673332023
3.9001199120811703 0.42746948659769773
3.906261833202558 0.42800824734542425
3.912403754323946 0.4285203735900932
3.9185456754453334 0.4290054848535309
3.924687596566721 0.429463297940009
3.9308295176881085 0.42989362826648553
3.936971438809496 0.43029639073636405
3.943113359930884 0.430671600146733
3.9492552810522716 0.4310193711215619
3.955397202173659 0.4313399175659734
3.9615391232950468 0.43163355163947115
3.9676810444164348 0.43190068224886774
3.9738229655378223 0.43214181306459204
3.97996488665921 0.4323575400670498
3.9861068077805974 0.43254854863273434
3.9922487289019855 0.4327156101728124
3.998390650023373 0.432859578339917
4.004532571144761 0.432981384821837
4.010674492266149 0.43308203474367146
4.016816413387536 0.43316260170279464
4.022958334508924 0.43322422246361797
4.029100255630311 0.43326809134161676
4.035242176751699 0.43329545430838484
4.041384097873086 0.43330760285156195
4.047526018994474 0.43330586762532364
4.053667940115862 0.4332916119287138
4.05980986123725 0.4332662250504071
4.0659517823586375 0.4332311155195082
4.072093703480025 0.4331877043026986
4.078235624601413 0.4331374179884353
4.0843775457228 0.433081681998963
4.090519466844188 0.4330219138706371
4.096661387965575 0.4329595166424541
4.102803309086964 0.43289587239176297
4.108945230208351 0.43283233595488596
4.115087151329739 0.4327702288688262
4.1212290724511265 0.43271083356839596
4.127370993572514 0.43265538787098046
4.133512914693902 0.4326050797787832
4.139654835815289 0.4325610426257995
4.145796756936677 0.4325243505939695
4.151938678058065 0.4324960146199939
4.158080599179453 0.43247697871118956
4.16422252030084 0.4324681166855543
4.170364441422228 0.4324702293479251
4.176506362543615 0.4324840421108011
4.182648283665003 0.4325102030650798
4.1887902047863905 0.43254928150266986
4.194932125907778 0.4326017668897212
4.201074047029166 0.4326680682860887
4.207215968150554 0.4327485142036461
4.213357889271942 0.43284335289322146
4.219499810393329 0.43295275304725844
4.225641731514717 0.4330768049028386
4.231783652636104 0.4332155217274509
4.237925573757492 0.4333688416678771
4.2440674948788795 0.43353662994078895
4.250209416000267 0.4337186813421336
4.2563513371216555 0.433914723051119
4.262493258243043 0.4341244177036066
4.268635179364431 0.43434736670896784
4.274777100485818 0.4345831137839596
4.280919021607206 0.4348311486769151
4.287060942728593 0.4350909110555147
4.293202863849981 0.43536179453158985
4.299344784971368 0.4356431507967973
4.305486706092757 0.43593429384357
4.311628627214144 0.43623450424648597
4.317770548335532 0.4365430334800707
4.3239124694569195 0.43685910825005164
4.330054390578307 0.4371819348161847
4.336196311699695 0.4375107032859595
4.342338232821082 0.4378445918597368
4.34848015394247 0.43818277100916075
4.354622075063858 0.43852440757200095
4.360763996185246 0.438868668747898
4.366905917306633 0.43921472598079364
4.373047838428021 0.4395617587151118
4.3791897595494085 0.43990895801399915
4.385331680670796 0.44025553002913337
4.391473601792184 0.4406006993127458
4.397615522913571 0.44094371196357834
4.40375744403496 0.4412838385994988
4.409899365156347 0.44162037715043106
4.416041286277735 0.4419526554661075
4.422183207399122 0.4422800337339373
4.42832512852051 0.44260190670298755
4.434467049641897 0.44291770571071576
4.440608970763285 0.4432269005096668
4.4467508918846725 0.4435290008918638
4.452892813006061 0.44382355810908997
4.4590347341274486 0.44411016608768283
4.465176655248836 0.444388462436854
4.471318576370224 0.44465812924991593
4.477460497491611 0.4449188936981515
4.483602418612999 0.44517052841741356
4.489744339734386 0.4454128516878978
4.495886260855774 0.4456457274079082
4.5020281819771615 0.4458690648628287
4.50817010309855 0.44608281829094876
4.5143120242199375 0.44628698624826424
4.520453945341325 0.4464816107748902
4.526595866462713 0.44666677636630014
4.5327377875841 0.44684260875323045
4.538879708705488 0.44700927349477926
4.545021629826875 0.44716697438997327
4.551163550948263 0.4473159517138822
4.557305472069651 0.4474564802852209
4.563447393191039 0.44758886737328896
4.569589314312426 0.4477134504530556
4.575731235433814 0.44783059481818677
4.5818731565552016 0.44794069106283246
4.588015077676589 0.4480441524440237
4.594156998797977 0.44814141213756664
4.600298919919364 0.44823292040134344
4.606440841040753 0.44831914166092873
4.61258276216214 0.44840055153338276
4.618724683283528 0.44847763380598
4.624866604404915 0.44855087738744925
4.631008525526303 0.4486207732500271
4.6371504466476905 0.4486878113812453
4.643292367769078 0.4487524777648624
4.649434288890466 0.44881525141070233
4.655576210011854 0.448876601453363
4.661718131133242 0.4489369843397883
4.667860052254629 0.44899684112555854
4.674001973376017 0.4490565948994266
4.680143894497404 0.4491166483551169
4.686285815618792 0.4491773815286961
4.692427736740179 0.4492391497189322
4.698569657861567 0.44930228160696867
4.7047115789829554 0.44936707759037386
4.710853500104343 0.4494338083451787
4.716995421225731 0.4495027136279055
4.723137342347118 0.4495740013278283
4.729279263468506 0.44964784677780756
4.735421184589893 0.4497243923300257
4.741563105711281 0.4498037472008376
4.747705026832668 0.44988598758676
4.753846947954056 0.4499711570513842
4.759988869075444 0.45005926718072253
4.766130790196832 0.45015029850222854
4.7722727113182195 0.4502442016604739
4.778414632439607 0.45034089884025935
4.784556553560995 0.45044028542579645
4.790698474682382 0.4505422318825539
4.79684039580377 0.4506465858464295
4.802982316925157 0.45075317440311546
4.809124238046546 0.4508618065388819
4.815266159167933 0.4509722757425353
4.821408080289321 0.4510843627370193
4.8275500014107084 0.4511978383180389
4.833691922532096 0.4513124662762032
4.839833843653484 0.45142800637850994
4.845975764774871 0.4515442173845412
4.852117685896259 0.4516608600724992
4.858259607017647 0.45177770025019326
4.864401528139035 0.4518945117262758
4.870543449260422 0.4520110792174288
4.87668537038181 0.4521272011677971
4.882827291503197 0.45224269245775556
4.888969212624585 0.45235738698006106
4.8951111337459725 0.45247114006257566
4.90125305486736 0.4525838307180295
4.9073949759887485 0.452695363702714
4.913536897110136 0.4528056713675395
4.919678818231524 0.4529147152865388
4.925820739352911 0.45302248764963743
4.931962660474299 0.4531290124083211
4.938104581595686 0.453234346164699
4.944246502717074 0.4533385787963719
4.9503884238384614 0.453441833811447
4.95653034495985 0.4535442684299882
4.9626722660812375 0.4536460733901326
4.968814187202625 0.4537474724790308
4.974956108324013 0.453848721790664
4.9810980294454 0.4539501087144464
4.987239950566788 0.4540519506603281
4.993381871688175 0.45415459352785015
4.999523792809563 0.45425840992828
5.00566571393095 0.45436379717054176
5.011807635052339 0.4544711750231636
5.017949556173726 0.45458098326587126
5.024091477295114 0.4546936790457716
5.0302333984165015 0.4548097340542705
5.036375319537889 0.4549296315419692
5.042517240659277 0.45505386318976443
5.048659161780664 0.4551829258552413
5.054801082902052 0.4553173182141963
5.06094300402344 0.4554575373177502
5.067084925144828 0.45560407508601175
5.073226846266215 0.4557574147596314
5.079368767387603 0.4559180273308336
5.0855106885089905 0.4560863679756478
5.091652609630378 0.4562628725090588
5.097794530751766 0.45644795388468107
5.103936451873153 0.456641998760322
5.110078372994542 0.4568453641504416
5.116220294115929 0.4570583741860443
5.122362215237317 0.457281317001954
5.128504136358704 0.4575144417707305
5.134646057480092 0.45775795590169266
5.140787978601479 0.4580120224226191
5.146929899722867 0.45827675756071123
5.1530718208442545 0.458552228538334
5.159213741965643 0.4588384515978971
5.1653556630870305 0.4591353902690146
5.171497584208418 0.4594429538897944
5.177639505329806 0.45976099639275836
5.183781426451193 0.46008931536449976
5.189923347572581 0.46042765138674324
5.196065268693968 0.4607756876650016
5.202207189815356 0.461133049949524
5.208349110936744 0.46149930675171474
5.214491032058132 0.4618739698576768
5.2206329531795195 0.46225649513900835
5.226774874300907 0.46264628365946037
5.232916795422295 0.4630426830745599
5.239058716543682 0.46344498931981715
5.24520063766507 0.46385244858168134
5.251342558786457 0.46426425954399136
5.257484479907845 0.4646795759012866
5.263626401029233 0.4650975091290139
5.269768322150621 0.4655171314993882
5.275910243272008 0.4659374793304444
5.282052164393396 0.46635755645465765
5.2881940855147835 0.4667763378924218
5.294336006636171 0.46719277371464957
5.300477927757559 0.46760579307781214
5.306619848878946 0.46801430841386443
5.312761770000335 0.4684172197567071
5.318903691121722 0.46881341918612696
5.32504561224311 0.46920179536952467
5.331187533364497 0.4695812381811964
5.337329454485885 0.4699506433784764
5.3434713756072725 0.4703089173136734
5.34961329672866 0.47065498166044906
5.355755217850048 0.47098777813309206
5.361897138971436 0.4713062731770301
5.368039060092824 0.47160946260890263
5.374180981214211 0.4718963761845899
5.380322902335599 0.4721660820737492
5.386464823456986 0.4724176912196577
5.392606744578374 0.47265036156349816
5.398748665699761 0.4728633021126467
5.404890586821149 0.4730557768330356
5.411032507942537 0.47322710834626225
5.417174429063925 0.4733766814128005
5.4233163501853126 0.4735039461834437
5.4294582713067 0.47360842120196056
5.435600192428088 0.4736896961428854
5.441742113549475 0.4737474342693814
5.447884034670863 0.4737813745972134
5.45402595579225 0.47379133375204374
5.460167876913639 0.4737772075085092
5.466309798035026 0.47373897200086257
5.472451719156414 0.47367668459634704
5.4785936402778015 0.47359048442392504
5.484735561399189 0.4734805925524956
5.490877482520577 0.47334731181430073
5.497019403641964 0.47319102627083753
5.503161324763352 0.4730122003202522
5.509303245884739 0.4728113774468904
5.515445167006128 0.4725891786154024
5.521587088127515 0.47234630031355046
5.527729009248903 0.47208351224962847
5.53387093037029 0.47180165471216917
5.540012851491678 0.4715016356013748
5.5461547726130656 0.4711844271434545
5.552296693734453 0.470851062300771
5.558438614855841 0.47050263089238453
5.564580535977229 0.4701402754412162
5.570722457098617 0.46976518676563245
5.576864378220004 0.4693785993347563
5.583006299341392 0.4689817864082369
5.589148220462779 0.4685760549825369
5.595290141584167 0.46816274056702323
5.6014320627055545 0.4677432018142534
5.607573983826942 0.4673188150298332
5.6137159049483305 0.46689096858806484
5.619857826069718 0.46646105728030435
5.625999747191106 0.46603047662349417
5.632141668312493 0.46560061715672046
5.638283589433881 0.46517285875386427
5.644425510555268 0.46474856498046285
5.650567431676656 0.46432907752277225
5.656709352798043 0.4639157107167175
5.662851273919432 0.46350974620394114
5.668993195040819 0.46311242774150607
5.675135116162207 0.4627249561909871
5.681277037283595 0.4623484847116933
5.687418958404982 0.4619841141816138
5.69356087952637 0.461632888868378
5.699702800647757 0.4612957923710757
5.705844721769145 0.460973743852206
5.711986642890533 0.4606675945773276
5.718128564011921 0.4603781247781815
5.724270485133308 0.4601060408531637
5.730412406254696 0.459851972917051
5.7365543273760835 0.45961647270985784
5.742696248497471 0.4594000118726191
5.748838169618859 0.4592029805957959
5.754980090740246 0.4590256866438815
5.761122011861635 0.4588683547576783
5.767263932983022 0.4587311264336263
5.77340585410441 0.45861406007751293
5.779547775225797 0.4585171315278962
5.785689696347185 0.4584402349426381
5.7918316174685724 0.4583831840400964
5.79797353858996 0.4583457136847574
5.804115459711348 0.4583274818054351
5.810257380832735 0.4583280716326156
5.816399301954124 0.45834699424009534
5.822541223075511 0.4583836913747639
5.828683144196899 0.458437538557208
5.834825065318286 0.4585078484347812
5.840966986439674 0.4585938743678857
5.847108907561061 0.4586948142294494
5.853250828682449 0.4588098143969615
5.8593927498038365 0.45893797391594
5.865534670925225 0.4590783488133496
5.8716765920466125 0.4592299565392592
5.877818513168 0.4593917805149245
5.883960434289388 0.4595627747654913
5.890102355410775 0.4597418686156374
5.896244276532163 0.45992797142669517
5.90238619765355 0.46011997735411725
5.908528118774938 0.4603167701045517
5.914670039896326 0.4605172276722822
5.920811961017714 0.460720227035343
5.9269538821391015 0.4609246487922374
5.933095803260489 0.46112938172086454
5.939237724381877 0.4613333272419783
5.945379645503264 0.46153540377026436
5.951521566624652 0.46173455093691745
5.957663487746039 0.4619297336684216
5.963805408867428 0.46211994610708024
5.969947329988815 0.462304215359704
5.976089251110203 0.46248160506173946
5.98223117223159 0.46265121874500087
5.988373093352978 0.46281220299806003
5.9945150144743655 0.46296375040924115
6.000656935595753 0.46310510228306334
6.006798856717141 0.4632355511218733
6.012940777838529 0.46335444286530975
6.019082698959917 0.4634611788811429
6.025224620081304 0.46355521770193825
6.031366541202692 0.4636360765029
6.037508462324079 0.4637033323171667
6.043650383445467 0.4637566229857464
6.0497923045668545 0.4637956478402109
6.055934225688242 0.46382016811720395
6.06207614680963 0.4638300071047688
6.068218067931018 0.46382505002145813
6.074359989052406 0.463805243630169
6.080501910173793 0.4637705955896282
6.086643831295181 0.4637211735474587
6.092785752416568 0.4636571039797719
6.098927673537956 0.4635785707832571
6.105069594659343 0.463485813626776
6.111211515780731 0.46337912607051557
6.117353436902119 0.46325885346179796
6.123495358023507 0.4631253906176943
6.1296372791448945 0.4629791793056297
6.135779200266282 0.46282070553419374
6.14192112138767 0.4626504966673821
6.148063042509057 0.4624691183764761
6.154204963630445 0.4622771714447147
6.160346884751832 0.4620752884408203
6.166488805873221 0.46186413027828654
6.172630726994608 0.46164438267812835
6.178772648115996 0.4614167525535097
6.1849145692373835 0.4611819643352972
6.191056490358771 0.46094075625812997
6.197198411480159 0.46069387662703726
6.203340332601546 0.4604420800849624
6.209482253722934 0.46018612390176244
6.215624174844322 0.4599267643053378
6.22176609596571 0.45966475287549363
6.227908017087097 0.4594008330209468
6.234049938208485 0.4591357365595602
6.240191859329872 0.4588701804214065
6.24633378045126 0.45860486349363966
6.2524757015726475 0.45834046362537706
6.258617622694035 0.45807763480987856
6.2647595438154235 0.45781700456024865
6.270901464936811 0.45755917149369096
6.277043386058199 0.4573047031380201
