time TPR_both_C_open_1_rho23_real
0.0 0.0
0.00614192112138767 2.5908597212816483e-08
0.01228384224277534 4.103174862888369e-07
0.01842576336416301 2.049372559996977e-06
0.02456768448555068 6.369260035207693e-06
0.030709605606938348 1.524118124010738e-05
0.03685152672832602 3.087513801045591e-05
0.042993447849713685 5.569754846879959e-05
0.04913536897110136 9.221834318629479e-05
0.05527729009248903 0.00014289354351298015
0.061419211213876695 0.00020998938718263624
0.06756113233526437 0.000295453846698131
0.07370305345665204 0.0004008009037652744
0.07984497457803971 0.0005270122314892169
0.08598689569942737 0.0006744600391187479
0.09212881682081504 0.0008428538034322303
0.09827073794220272 0.0010312125024223432
0.10441265906359039 0.0012378628378279823
0.11055458018497806 0.0014604628381882422
0.11669650130636572 0.0016960492233077163
0.12283842242775339 0.0019411060267216292
0.12898034354914106 0.0021916512480834823
0.13512226467052874 0.0024433377651517877
0.1412641857919164 0.002691564387218595
0.14740610691330408 0.0029315927798336
0.15354802803469175 0.0031586660262254798
0.15968994915607942 0.003368124797160103
0.16583187027746707 0.0035555174545757106
0.17197379139885474 0.003716700886768505
0.17811571252024241 0.003847929432796523
0.1842576336416301 0.003945929868730665
0.19039955476301776 0.004007961066754019
0.19654147588440543 0.004031857570503599
0.2026833970057931 0.004016056930557446
0.20882531812718078 0.003959611191062595
0.21496723924856845 0.0038621833955570016
0.22110916036995612 0.0037240303755674805
0.2272510814913438 0.0035459733931080574
0.23339300261273144 0.0033293584259969544
0.2395349237341191 0.003076008015351343
0.24567684485550678 0.0027881666435835284
0.25181876597689445 0.0024684415873099893
0.2579606870982821 0.0021197411033347774
0.2641026082196698 0.0017452116689950592
0.27024452934105747 0.001348175822842819
0.27638645046244514 0.0009320719499170181
0.2825283715838328 0.0005003971391059029
0.2886702927052205 5.665401861789307e-05
0.29481221382660816 -0.0003956977416666434
0.30095413494799583 -0.0008532847777609552
0.3070960560693835 -0.0013128579339040634
0.3132379771907712 -0.0017713245907846028
0.31937989831215885 -0.002225775432537996
0.3255218194335465 -0.002673505781275928
0.33166374055493414 -0.003112031717767474
0.3378056616763218 -0.0035391012716377806
0.3439475827977095 -0.003952701005838714
0.35008950391909716 -0.00435105834060045
0.35623142504048483 -0.004732639964513338
0.3623733461618725 -0.005096146668074851
0.3685152672832602 -0.005440504911429327
0.37465718840464785 -0.005764855406677929
0.3807991095260355 -0.00606853895958169
0.3869410306474232 -0.006351079779169906
0.39308295176881086 -0.0066121664299892795
0.39922487289019853 -0.006851630573559216
0.4053667940115862 -0.007069423625838224
0.4115087151329739 -0.007265591448635269
0.41765063625436155 -0.007440247197018964
0.4237925573757492 -0.007593542463548565
0.4299344784971369 -0.0077256368947282664
0.43607639961852457 -0.00783666650604341
0.44221832073991224 -0.007926710989184405
0.4483602418612999 -0.007995760387767737
0.4545021629826876 -0.008043681614362279
0.4606440841040752 -0.008070185389365294
0.4667860052254629 -0.008074794297731171
0.47292792634685055 -0.008056812778238723
0.4790698474682382 -0.008015299976408957
0.4852117685896259 -0.007949046499945132
0.49135368971101356 -0.007856556207427031
0.49749561083240124 -0.007736034229066033
0.5036375319537889 -0.007585382454322461
0.5097794530751766 -0.007402203716713318
0.5159213741965643 -0.007183815853109345
0.5220632953179519 -0.006927276705903578
0.5282052164393396 -0.0066294209655715156
0.5343471375607273 -0.0062869095141022974
0.5404890586821149 -0.005896291624717368
0.5466309798035026 -0.005454080001298859
0.5527729009248903 -0.004956838206536995
0.558914822046278 -0.004401279539297859
0.5650567431676656 -0.0037843758914910372
0.5711986642890533 -0.003103474559279813
0.577340585410441 -0.0023564204232792065
0.5834825065318286 -0.0015416803714176392
0.5896244276532163 -0.0006584663432242738
0.595766348774604 0.0002931470458638382
0.6019082698959917 0.001312114657697326
0.6080501910173793 0.0023963273032573946
0.614192112138767 0.003542537099496461
0.6203340332601547 0.004746306122676584
0.6264759543815424 0.006001982419203982
0.63261787550293 0.007302706880913571
0.6387597966243177 0.008640453735413119
0.6449017177457054 0.010006106454903772
0.651043638867093 0.011389569771126087
0.6571855599884806 0.012779917232872168
0.6633274811098683 0.014165572399252112
0.669469402231256 0.015534520378985795
0.6756113233526436 0.016874545062817072
0.6817532444740313 0.018173486116576862
0.687895165595419 0.019419508671667994
0.6940370867168066 0.020601377730905906
0.7001790078381943 0.021708728658051984
0.706320928959582 0.022732324786960863
0.7124628500809697 0.023664293206240906
0.7186047712023573 0.02449833016735411
0.724746692323745 0.02522986833016519
0.7308886134451327 0.025856199183281258
0.7370305345665203 0.02637654542136816
0.743172455687908 0.02679207977434684
0.7493143768092957 0.027105888694563242
0.7554562979306834 0.02732288133571723
0.761598219052071 0.027449646311061435
0.7677401401734587 0.027494260703900653
0.7738820612948464 0.027466057627827042
0.780023982416234 0.027375360210990848
0.7861659035376217 0.027233191132965306
0.7923078246590094 0.02705096771499412
0.7984497457803971 0.026840193014222764
0.8045916669017847 0.026612153380849837
0.8107335880231724 0.026377632507279557
0.8168755091445601 0.026146651155645
0.8230174302659478 0.02592824054027178
0.8291593513873354 0.025730255828168368
0.8353012725087231 0.02555923448070491
0.8414431936301108 0.02542030227982857
0.8475851147514984 0.02531712795335424
0.8537270358728861 0.025251925426233703
0.8598689569942738 0.02522550096283451
0.8660108781156615 0.02523734090382918
0.8721527992370491 0.025285734401496753
0.8782947203584368 0.025367924564163726
0.8844366414798245 0.025480280761600332
0.8905785626012122 0.025618484527794482
0.8967204837225998 0.025777721517536652
0.9028624048439875 0.025952872304680595
0.9090043259653752 0.0261386954153187
0.9151462470867628 0.0263299968204408
0.9212881682081504 0.026521781114773293
0.9274300893295381 0.026709380722572874
0.9335720104509257 0.02688856063801945
0.9397139315723134 0.027055597371149563
0.9458558526937011 0.02720733187907565
0.9519977738150888 0.027341197273160055
0.9581396949364764 0.027455222971467914
0.9642816160578641 0.027548017687627612
0.9704235371792518 0.027618734197593038
0.9765654583006395 0.02766701919974989
0.9827073794220271 0.027692951785110158
0.9888493005434148 0.027696974074284654
0.9949912216648025 0.027679817473836844
1.0011331427861903 0.027642427778241108
1.0072750639075778 0.02758589201950302
1.0134169850289656 0.027511369570253307
1.0195589061503532 0.02742002956328422
1.025700827271741 0.027312996225102838
1.0318427483931285 0.027191303254783222
1.0379846695145163 0.027055857930759004
1.0441265906359039 0.026907415212237995
1.0502685117572914 0.0267465617299401
1.0564104328786792 0.026573709240483297
1.0625523540000668 0.0263890968541111
1.0686942751214545 0.0261928011376016
1.074836196242842 0.025984753041496764
1.0809781173642299 0.025764760499470636
1.0871200384856174 0.025532535492357584
1.0932619596070052 0.02528772435365342
1.0994038807283928 0.02502994011020301
1.1055458018497806 0.024758795694196138
1.1116877229711681 0.024473936923701558
1.117829644092556 0.02417507422255318
1.1239715652139435 0.023862012131097118
1.1301134863353313 0.0235346757427484
1.1362554074567188 0.023193133284269224
1.1423973285781066 0.02283761413809632
1.1485392496994942 0.02246852168202675
1.154681170820882 0.022086440395324477
1.1608230919422695 0.021692136752078393
1.1669650130636573 0.021286553494539798
1.1731069341850449 0.02087079695406471
1.1792488553064326 0.020446117168584202
1.1853907764278202 0.020013880636993782
1.191532697549208 0.019575535656356398
1.1976746186705955 0.01913257031111316
1.2038165397919833 0.018686463327934777
1.209958460913371 0.01823862817811888
1.2161003820347587 0.017790351003249487
1.2222423031561462 0.017342723159656126
1.228384224277534 0.01689656942194105
1.2345261453989216 0.016452373152584923
1.2406680665203094 0.016010200028412115
1.246809987641697 0.015569622208283711
1.2529519087630847 0.015129645120183409
1.2590938298844723 0.01468863932788722
1.26523575100586 0.0142442801933528
1.2713776721272476 0.01379349826446765
1.2775195932486354 0.013332443470794339
1.283661514370023 0.012856466283296219
1.2898034354914107 0.01236011896819358
1.2959453566127983 0.011837179921177022
1.302087277734186 0.011280703788960449
1.3082291988555736 0.010683099656346636
1.3143711199769612 0.010036238988657312
1.320513041098349 0.009331594267348624
1.3266549622197366 0.008560408343755535
1.3327968833411243 0.007713893473386734
1.338938804462512 0.006783457801539567
1.3450807255838997 0.005760955780710941
1.3512226467052872 0.004638957652026275
1.357364567826675 0.00341103176718263
1.3635064889480626 0.002072032223535636
1.3696484100694504 0.0006183830993901193
1.375790331190838 -0.0009516504195617951
1.3819322523122257 -0.002637714465655895
1.3880741734336133 -0.0044371533107214435
1.394216094555001 -0.0063448414320651245
1.4003580156763886 -0.008353071225488395
1.4064999367977764 -0.010451505833839058
1.412641857919164 -0.012627205119423479
1.4187837790405518 -0.014864730867670959
1.4249257001619393 -0.017146334899452532
1.431067621283327 -0.019452230950067744
1.4372095424047147 -0.02176094803183239
1.4433514635261024 -0.024049759648631007
1.44949338464749 -0.026295179812033984
1.4556353057688778 -0.028473513474810842
1.4617772268902653 -0.03056144591508181
1.4679191480116531 -0.03253665294181118
1.4740610691330407 -0.03437841171207777
1.4802029902544285 -0.03606819059828805
1.486344911375816 -0.037590196038728124
1.4924868324972038 -0.038931854731868366
1.4986287536185914 -0.04008421093517428
1.5047706747399792 -0.04104222099610798
1.5109125958613667 -0.04180493051863183
1.5170545169827545 -0.04237552364382062
1.523196438104142 -0.04276123864122568
1.5293383592255299 -0.04297314916994103
1.5354802803469174 -0.043025815944177516
1.5416222014683052 -0.04293681887629326
1.5477641225896928 -0.042726184812387616
1.5539060437110805 -0.04241573047090327
1.560047964832468 -0.042028343914326874
1.5661898859538559 -0.04158723063466908
1.5723318070752434 -0.04111515196883838
1.578473728196631 -0.040633683990469405
1.5846156493180188 -0.04016252422242803
1.5907575704394064 -0.03971887151529106
1.5968994915607941 -0.03931690133989352
1.6030414126821817 -0.038967354701269545
1.6091833338035695 -0.038677254099025234
1.615325254924957 -0.038449754672881184
1.6214671760463448 -0.03828413314093504
1.6276090971677324 -0.03817591162799863
1.6337510182891202 -0.038117108249862974
1.6398929394105077 -0.03809660160206038
1.6460348605318955 -0.03810059229975017
1.652176781653283 -0.03811314158577311
1.6583187027746709 -0.038116764872937074
1.6644606238960584 -0.0380930569662962
1.6706025450174462 -0.0380233256194988
1.6767444661388338 -0.03788921096314021
1.6828863872602216 -0.03767327010436656
1.6890283083816091 -0.037359508700764696
1.695170229502997 -0.0369338443957698
1.7013121506243845 -0.03638449048881019
1.7074540717457722 -0.03570225191677193
1.7135959928671598 -0.03488072936401108
1.7197379139885476 -0.03391643092937553
1.7258798351099351 -0.03280879411464889
1.732021756231323 -0.031560123840071216
1.7381636773527105 -0.03017545464967142
1.7443055984740983 -0.028662347184140145
1.7504475195954858 -0.0270306303450841
1.7565894407168736 -0.02529210135405359
1.7627313618382612 -0.02346019615073246
1.768873282959649 -0.021549642326471916
1.7750152040810365 -0.019576106117587238
1.7811571252024243 -0.017555843964269246
1.7872990463238119 -0.015505367858251972
1.7934409674451997 -0.01344113223935463
1.7995828885665872 -0.011379248638465055
1.805724809687975 -0.00933523267678212
1.8118667308093626 -0.007323786483430571
1.8180086519307503 -0.005358618140324251
1.824150573052138 -0.003452298447026506
1.8302924941735257 -0.0016161541500244148
1.8364344152949132 0.00013980418055757103
1.8425763364163008 0.0018069222096653618
1.8487182575376886 0.003377912985407117
1.8548601786590762 0.00484684271525501
1.861002099780464 0.006209094922023738
1.8671440209018515 0.0074613167913297005
1.8732859420232393 0.008601351451104935
1.8794278631446268 0.009628159744570623
1.8855697842660146 0.010541734794145328
1.8917117053874022 0.011343012327500606
1.89785362650879 0.012033779369174704
1.9039955476301775 0.012616583510431522
1.9101374687515653 0.013094644572505882
1.9162793898729529 0.013471770087443978
1.9224213109943407 0.013752275647204116
1.9285632321157282 0.01394091082377672
1.934705153237116 0.014042791046757137
1.9408470743585036 0.014063335543986755
1.9469889954798913 0.014008211207794167
1.953130916601279 0.013883282044880048
1.9592728377226667 0.013694563701809832
1.9654147588440543 0.013448182429472062
1.971556679965442 0.013150337757298085
1.9776986010868296 0.012807268089816632
1.9838405222082174 0.012425218412413586
1.989982443329605 0.012010409298164253
1.9961243644509927 0.011569006441538812
2.0022662855723805 0.011107090005962477
2.008408206693768 0.010630623158985542
2.0145501278151556 0.010145419279498918
2.020692048936543 0.009657107454192447
2.026833970057931 0.00917109603320655
2.0329758911793188 0.008692534185178
2.0391178123007063 0.008226271576582997
2.045259733422094 0.0077768164957089615
2.051401654543482 0.007348292943213516
2.0575435756648695 0.006944397413655436
2.063685496786257 0.006568356289294446
2.0698274179076446 0.006222884951662453
2.0759693390290326 0.00591014987992509
2.08211126015042 0.005631735139288629
2.0882531812718077 0.00538861475871642
2.0943951023931953 0.005181132546047966
2.100537023514583 0.00500899088172183
2.106678944635971 0.0048712499620649705
2.1128208657573584 0.004766338823357665
2.118962786878746 0.004692079264488688
2.1251047080001335 0.0046457234974742224
2.1312466291215215 0.004624005993079791
2.137388550242909 0.00462320955854042
2.1435304713642966 0.00463924519516665
2.149672392485684 0.004667744748843368
2.155814313607072 0.004704164803567938
2.1619562347284598 0.004743899698559834
2.1680981558498473 0.004782400997712496
2.174240076971235 0.004815300233320683
2.180381998092623 0.004838531312538851
2.1865239192140105 0.004848448643377841
2.192665840335398 0.0048419368341910225
2.1988077614567856 0.004816507770338109
2.2049496825781736 0.004770380992977377
2.211091603699561 0.0047025436101598836
2.2172335248209487 0.004612786464056549
2.2233754459423363 0.004501713955599887
2.2295173670637243 0.004370725774554468
2.235659288185112 0.004221969774422834
2.2418012093064994 0.004058266333249836
2.247943130427887 0.0038830057101056793
2.254085051549275 0.0037000210923871647
2.2602269726706625 0.00351344117563154
2.26636889379205 0.0033275271674978986
2.2725108149134376 0.003146500003872271
2.2786527360348257 0.0029743642546227202
2.284794657156213 0.0028147356335771834
2.2909365782776008 0.002670679176381724
2.2970784993989883 0.0025445649885973178
2.3032204205203763 0.0024379479873336
2.309362341641764 0.0023514772718069873
2.3155042627631515 0.0022848396869519765
2.321646183884539 0.0022367408310212593
2.327788105005927 0.0022049252586204297
2.3339300261273146 0.002186236012076769
2.340071947248702 0.0021767119518629093
2.3462138683700897 0.0021717197305652046
2.3523557894914777 0.0021661157439562626
2.3584977106128653 0.002154432071754605
2.364639631734253 0.002131079355325583
2.3707815528556404 0.002090558802849667
2.376923473977028 0.002027675101532995
2.383065395098416 0.0019377419705515605
2.3892073162198035 0.0018167724079877672
2.395349237341191 0.0016616463516192035
2.4014911584625787 0.00147024945107049
2.4076330795839667 0.0012415778862536245
2.4137750007053542 0.0009758056007366613
2.419916921826742 0.0006743118768359264
2.4260588429481293 0.00033966878573473325
2.4322007640695174 -2.4410375239126784e-05
2.438342685190905 -0.0004131590667443516
2.4444846063122925 -0.000820878005716189
2.45062652743368 -0.0012410831712086423
2.456768448555068 -0.001666675467981094
2.4629103696764556 -0.0020901256359898744
2.469052290797843 -0.0025036677229282782
2.4751942119192307 -0.0028994944520485187
2.4813361330406187 -0.003269948100265781
2.4874780541620063 -0.0036077010219379363
2.493619975283394 -0.00390592067248966
2.4997618964047814 -0.004158414857506879
2.5059038175261694 -0.004359753907795664
2.512045738647557 -0.004505367509156563
2.5181876597689445 -0.004591614949115003
2.524329580890332 -0.004615828537535706
2.53047150201172 -0.004576330875839409
2.5366134231331077 -0.004472427459577208
2.5427553442544952 -0.0043043767785647105
2.548897265375883 -0.0040733406130721355
2.555039186497271 -0.0037813176072131753
2.5611811076186584 -0.0034310634326294755
2.567323028740046 -0.0030260009443082085
2.5734649498614335 -0.0025701236887394102
2.5796068709828215 -0.0020678959695423966
2.585748792104209 -0.0015241524268424544
2.5918907132255966 -0.0009439997652048211
2.598032634346984 -0.0003327228922586597
2.604174555468372 0.00030430267304769305
2.6103164765897597 0.0009616906782323812
2.6164583977111473 0.0016341152659395135
2.622600318832535 0.002316372707790764
2.6287422399539224 0.0030034334562160877
2.6348841610753104 0.0036904845460982412
2.641026082196698 0.004372962652126043
2.6471680033180855 0.005046578333877976
2.653309924439473 0.005707332178218153
2.659451845560861 0.006351523678896179
2.6655937666822487 0.0069757537791732
2.6717356878036362 0.007576922048879403
2.677877608925024 0.008152219477356755
2.684019530046412 0.008699117843503829
2.6901614511677994 0.0092153565790029
2.696303372289187 0.00969892797604592
2.7024452934105745 0.010148061511450843
2.7085872145319625 0.010561207969489388
2.71472913565335 0.010937023950007693
2.7208710567747376 0.011274357249901936
2.727012977896125 0.011572233507507084
2.733154899017513 0.01182984440319325
2.7392968201389007 0.012046537617144356
2.7454387412602883 0.012221808658164237
2.751580662381676 0.012355294596284773
2.757722583503064 0.012446769657509175
2.7638645046244514 0.012496142571566624
2.770006425745839 0.012503455503299803
2.7761483468672266 0.012468884345404632
2.7822902679886146 0.012392740104832723
2.788432189110002 0.012275471077432442
2.7945741102313897 0.012117665475593491
2.8007160313527772 0.011920054152111044
2.8068579524741653 0.011683513050623724
2.812999873595553 0.011409065009304975
2.8191417947169404 0.011097880550540628
2.825283715838328 0.010751277305646095
2.831425636959716 0.010370717750742673
2.8375675580811035 0.009957804968073507
2.843709479202491 0.009514276196438562
2.8498514003238786 0.009041993994923298
2.8559933214452666 0.008542934915178836
2.862135242566654 0.00801917565823642
2.8682771636880418 0.007472876780757563
2.8744190848094293 0.006906264110739407
2.8805610059308173 0.006321608131452959
2.886702927052205 0.005721201691671938
2.8928448481735924 0.0051073364964230586
2.89898676929498 0.004482278921495632
2.9051286904163676 0.003848245772427064
2.9112706115377556 0.0032073806701319687
2.917412532659143 0.002561731786335503
2.9235544537805307 0.0019132316683824818
2.9296963749019183 0.0012636798812695567
2.9358382960233063 0.0006147291521784696
2.941980217144694 -3.2124372220697244e-05
2.9481221382660814 -0.0006755462531086908
2.954264059387469 -0.00131436390792726
2.960405980508857 -0.0019475615835872224
2.9665479016302445 -0.0025742701489500073
2.972689822751632 -0.003193751908678142
2.9788317438730196 -0.0038053808568592053
2.9849736649944076 -0.0044086190042777
2.991115586115795 -0.005002989617344199
2.9972575072371828 -0.005588048388505486
3.0033994283585703 -0.006163353706553282
3.0095413494799583 -0.006728437300437027
3.015683270601346 -0.007282776583162641
3.0218251917227335 -0.007825770016342179
3.027967112844121 -0.00835671674678312
3.034109033965509 -0.008874801633101604
3.0402509550868966 -0.009379086585079665
3.046392876208284 -0.009868508887312574
3.0525347973296717 -0.010341886881082113
3.0586767184510597 -0.010797933047041275
3.0648186395724473 -0.011235274181608764
3.070960560693835 -0.011652478009316646
3.0771024818152224 -0.012048085240158156
3.0832444029366104 -0.012420645783683272
3.089386324057998 -0.01276875758753372
3.0955282451793855 -0.013091106392447878
3.101670166300773 -0.013386504600438052
3.107812087422161 -0.013653927445711199
3.1139540085435486 -0.01389254474212077
3.120095929664936 -0.014101746654579505
3.1262378507863238 -0.014281162197889894
3.1323797719077118 -0.014430669492979836
3.1385216930290993 -0.014550397191448572
3.144663614150487 -0.014640716895160267
3.1508055352718745 -0.014702226826663481
3.156947456393262 -0.014735727425796777
3.16308937751465 -0.014742189935687046
3.1692312986360376 -0.014722719376902536
3.175373219757425 -0.014678513574176936
3.1815151408788127 -0.014610820082244576
3.1876570620002007 -0.014520892947042126
3.1937989831215883 -0.014409951232180253
3.199940904242976 -0.014279141139859173
3.2060828253643634 -0.014129503367124542
3.2122247464857514 -0.013961947073984035
3.218366667607139 -0.013777231514702185
3.2245085887285265 -0.013575956015654792
3.230650509849914 -0.013358558592225341
3.236792430971302 -0.01312532310362159
3.2429343520926897 -0.012876394467747057
3.249076273214077 -0.012611801116191104
3.2552181943354648 -0.012331483577143518
3.261360115456853 -0.01203532784337797
3.2675020365782403 -0.011723202021346829
3.273643957699628 -0.011394994669842179
3.2797858788210155 -0.01105065322259456
3.2859277999424035 -0.01069022094491527
3.292069721063791 -0.010313870993137077
3.2982116421851786 -0.00992193631768147
3.304353563306566 -0.009514934364701409
3.310495484427954 -0.00909358577492166
3.3166374055493417 -0.008658826538647264
3.3227793266707293 -0.008211813330384923
3.328921247792117 -0.007753922003500976
3.335063168913505 -0.007286739464633063
3.3412050900348924 -0.006812049360779743
3.34734701115628 -0.0063318121927357215
3.3534889322776675 -0.005848140612551853
3.3596308533990555 -0.00536327076779869
3.365772774520443 -0.004879530621362652
3.3719146956418307 -0.004399306203799411
3.3780566167632182 -0.003925006748845897
3.3841985378846062 -0.0034590296256178004
3.390340459005994 -0.003003725918149848
3.3964823801273814 -0.002561367419598236
3.402624301248769 -0.0021341157101013087
3.4087662223701565 -0.0017239938793631752
3.4149081434915445 -0.0013328613425234656
3.421050064612932 -0.0009623920853329283
3.4271919857343196 -0.0006140565659568338
3.433333906855707 -0.00028910739904691664
3.439475827977095 1.1431144519868674e-05
3.4456177490984827 0.0002867698699645905
3.4517596702198703 0.0005363577397592223
3.457901591341258 0.0007598814769985042
3.464043512462646 0.0009572619088151869
3.4701854335840334 0.00112864730061287
3.476327354705421 0.0012744039544260511
3.4824692758268085 0.0013951043581840095
3.4886111969481965 0.001491513178577086
3.494753118069584 0.001564571390217087
3.5008950391909717 0.0016153788294741474
3.5070369603123592 0.0016451754543294875
3.5131788814337472 0.0016553215832552889
3.519320802555135 0.0016472773777991751
3.5254627236765224 0.0016225818262775816
3.53160464479791 0.001582831480591848
3.537746565919298 0.0015296591952224982
3.5438884870406855 0.001464713117192663
3.550030408162073 0.0013896361781802556
3.5561723292834606 0.0013060463446562369
3.5623142504048486 0.0012155178882853955
3.568456171526236 0.001119563945910165
3.5745980926476237 0.00101962064503872
3.5807400137690113 0.0009170330754298341
3.5868819348903993 0.000813043388463392
3.593023856011787 0.0007087813017216282
3.5991657771331744 0.0006052572747210308
3.605307698254562 0.000503358601178649
3.61144961937595 0.00040384863182328255
3.6175915404973376 0.00030736929804344164
3.623733461618725 0.00021444704940475615
3.6298753827401127 0.00012550224653805743
3.6360173038615007 4.086196495196552e-05
3.6421592249828882 -3.922393446759461e-05
3.648301146104276 -0.00011456372474960653
3.6544430672256634 -0.0001850021007812775
3.6605849883470514 -0.000250396344002386
3.666726909468439 -0.0003105910037807022
3.6728688305898265 -0.0003653918645963465
3.679010751711214 -0.0004145400886458543
3.6851526728326016 -0.0004576875284661414
3.6912945939539896 -0.0004943742864278326
3.697436515075377 -0.0005240096500463631
3.7035784361967647 -0.0005458575467995442
3.7097203573181523 -0.0005590276329371528
3.7158622784395403 -0.0005624730521235456
3.722004199560928 -0.0005549957677336411
3.7281461206823154 -0.0005352601853266031
3.734288041803703 -0.0005018155398143271
3.740429962925091 -0.00045312722850710966
3.7465718840464786 -0.0003876169330043281
3.752713805167866 -0.0003037109994190811
3.7588557262892537 -0.0001998961503952006
3.7649976474106417 -7.478119933953502e-05
3.7711395685320293 7.283695483808484e-05
3.777281489653417 0.00024390513581335561
3.7834234107748044 0.0004390458948111466
3.7895653318961924 0.0006584923460782424
3.79570725301758 0.0009020286161135088
3.8018491741389675 0.0011689387332542392
3.807991095260355 0.0014579667087573534
3.814133016381743 0.0017672903585373174
3.8202749375031306 0.00209451108427906
3.826416858624518 0.0024366613782073553
3.8325587797459058 0.0027902312485995123
3.8387007008672938 0.003151214101140519
3.8448426219886813 0.0035151718786831047
3.850984543110069 0.0038773184885541774
3.8571264642314564 0.004232619766067033
3.8632683853528444 0.004575907471738648
3.869410306474232 0.004902004134945206
3.8755522275956196 0.005205854974113033
3.881694148717007 0.00548266267536568
3.887836069838395 0.005728020524783513
3.8939779909597827 0.005938039283903467
3.9001199120811703 0.006109463285097433
3.906261833202558 0.006239771504859621
3.912403754323946 0.006327259840787298
3.9185456754453334 0.006371101454450936
3.924687596566721 0.006371382820795269
3.9308295176881085 0.006329114010961591
3.936971438809496 0.006246212689425742
3.943113359930884 0.006125462284397586
3.9492552810522716 0.005970445747545125
3.955397202173659 0.005785457211503663
3.9615391232950468 0.0055753946411053615
3.9676810444164348 0.005345637222355796
3.9738229655378223 0.005101911714964494
3.97996488665921 0.004850152291628163
3.9861068077805974 0.00459635849181064
3.9922487289019855 0.0043464558308060255
3.998390650023373 0.004106163337166581
4.004532571144761 0.003880871862358446
4.010674492266149 0.003675536442111608
4.016816413387536 0.003494585321052422
4.022958334508924 0.0033418475159591723
4.029100255630311 0.003220500024830578
4.035242176751699 0.003133035024730904
4.041384097873086 0.0030812466744066674
4.047526018994474 0.0030662364772242466
4.053667940115862 0.0030884355900127466
4.05980986123725 0.003147642001720308
4.0659517823586375 0.0032430701636296743
4.072093703480025 0.0033734104348517096
4.078235624601413 0.0035368956112770324
4.0843775457228 0.0037313718258755635
4.090519466844188 0.003954371231252162
4.096661387965575 0.004203184086139904
4.102803309086964 0.00447492814803029
4.108945230208351 0.004766613605106302
4.115087151329739 0.005075202142587846
4.1212290724511265 0.005397659112864951
4.127370993572514 0.005730998148366096
4.133512914693902 0.006072317906257003
4.139654835815289 0.006418830952770659
4.145796756936677 0.006767885073164931
4.151938678058065 0.007116977524917879
4.158080599179453 0.007463762933607167
4.16422252030084 0.0078060556624074216
4.170364441422228 0.008141827568979328
4.176506362543615 0.008469202101264756
4.182648283665003 0.008786445681296287
4.1887902047863905 0.009091957289469044
4.194932125907778 0.009384257097215593
4.201074047029166 0.009661974910200988
4.207215968150554 0.009923839083337905
4.213357889271942 0.010168666458962273
4.219499810393329 0.010395353765588488
4.225641731514717 0.01060287080117005
4.231783652636104 0.010790255615250034
4.237925573757492 0.010956611801462714
4.2440674948788795 0.011101107917378897
4.250209416000267 0.011222978963766471
4.2563513371216555 0.01132152978041741
4.262493258243043 0.011396140150711801
4.268635179364431 0.011446271351603384
4.274777100485818 0.011471473839033504
4.280919021607206 0.01147139572009957
4.287060942728593 0.011445791631822005
4.293202863849981 0.011394531621371957
4.299344784971368 0.011317609603644786
4.305486706092757 0.011215150958857932
4.311628627214144 0.011087418825498064
4.317770548335532 0.010934818642858673
4.3239124694569195 0.010757900503361192
4.330054390578307 0.010557358888915604
4.336196311699695 0.01033402938911678
4.342338232821082 0.010088882033654507
4.34848015394247 0.009823010918628083
4.354622075063858 0.00953761986819247
4.360763996185246 0.009234003950686576
4.366905917306633 0.008913526763383976
4.373047838428021 0.008577593513098947
4.3791897595494085 0.00822762005127031
4.385331680670796 0.00786499817123441
4.391473601792184 0.007491057640590231
4.397615522913571 0.007107025620121741
4.40375744403496 0.0067139843086645385
4.409899365156347 0.006312827845211535
4.416041286277735 0.00590421968867024
4.422183207399122 0.005488551873885495
4.42832512852051 0.005065907700446274
4.434467049641897 0.004636029538025207
4.440608970763285 0.004198293517470068
4.4467508918846725 0.0037516929092466446
4.452892813006061 0.0032948319590779167
4.4590347341274486 0.002825931844624251
4.465176655248836 0.0023428502283448804
4.471318576370224 0.0018431156042506339
4.477460497491611 0.0013239772672861186
4.483602418612999 0.0007824712747430188
4.489744339734386 0.0002155022252150525
4.495886260855774 -0.0003800599368504872
4.5020281819771615 -0.0010072695574945697
4.50817010309855 -0.0016689835265919718
4.5143120242199375 -0.002367731041729258
4.520453945341325 -0.0031055784694519217
4.526595866462713 -0.003883993524392358
4.5327377875841 -0.004703713523109485
4.538879708705488 -0.005564622870258473
4.545021629826875 -0.0064656451634191965
4.551163550948263 -0.007404655326896681
4.557305472069651 -0.008378416977700106
4.563447393191039 -0.009382549770957807
4.569589314312426 -0.010411530760228431
4.575731235433814 -0.011458732846013172
4.5818731565552016 -0.012516502192466023
4.588015077676589 -0.01357627510126437
4.594156998797977 -0.014628733290199612
4.600298919919364 -0.015663994892363035
4.606440841040753 -0.016671836840538815
4.61258276216214 -0.01764194270889138
4.618724683283528 -0.018564168632411036
4.624866604404915 -0.0194288186954914
4.631008525526303 -0.020226920250816755
4.6371504466476905 -0.0209504890647127
4.643292367769078 -0.021592774036861693
4.649434288890466 -0.022148471543719
4.655576210011854 -0.022613900217161587
4.661718131133242 -0.022987128180113146
4.667860052254629 -0.023268046381899915
4.674001973376017 -0.023458383647090193
4.680143894497404 -0.023561661290489186
4.686285815618792 -0.023583087558301557
4.692427736740179 -0.023529394619325267
4.698569657861567 -0.023408623232090413
4.7047115789829554 -0.023229862435976592
4.710853500104343 -0.023002953545349678
4.716995421225731 -0.022738169267898043
4.723137342347118 -0.02244587984307536
4.729279263468506 -0.022136218649189694
4.735421184589893 -0.021818759730660643
4.741563105711281 -0.021502219151440356
4.747705026832668 -0.02119419101625104
4.753846947954056 -0.020900927474467812
4.759988869075444 -0.020627170111652902
4.766130790196832 -0.02037603793871241
4.7722727113182195 -0.020148974818637033
4.778414632439607 -0.01994575674204093
4.784556553560995 -0.019764556990839028
4.790698474682382 -0.019602065023035232
4.79684039580377 -0.019453652966684828
4.802982316925157 -0.01931358200622522
4.809124238046546 -0.019175239737301668
4.815266159167933 -0.019031398791850195
4.821408080289321 -0.018874486704995794
4.8275500014107084 -0.01869685709810071
4.833691922532096 -0.01849105275632817
4.839833843653484 -0.018250052035192674
4.845975764774871 -0.017967491176022914
4.852117685896259 -0.017637856473136596
4.858259607017647 -0.01725664173920386
4.864401528139035 -0.01682046808284859
4.870543449260422 -0.01632716457080794
4.87668537038181 -0.0157758098298636
4.882827291503197 -0.015166735995019293
4.888969212624585 -0.014501497585429577
4.8951111337459725 -0.013782808856495219
4.90125305486736 -0.013014453916344882
4.9073949759887485 -0.012201174401042009
4.913536897110136 -0.011348539779999079
4.919678818231524 -0.010462805425665564
4.925820739352911 -0.009550763451800656
4.931962660474299 -0.00861959103052413
4.938104581595686 -0.0076767004714765885
4.944246502717074 -0.006729594820110588
4.9503884238384614 -0.005785732139531053
4.95653034495985 -0.004852401012900054
4.9626722660812375 -0.0039366091698218
4.968814187202625 -0.0030449865251563997
4.974956108324013 -0.0021837033428551396
4.9810980294454 -0.0013584037165495443
4.987239950566788 -0.0005741541040381263
4.993381871688175 0.00016459372858175248
4.999523792809563 0.0008540263026426746
5.00566571393095 0.0014909797415978492
5.011807635052339 0.002072940141042139
5.017949556173726 0.0025980344209195626
5.024091477295114 0.003065013117634396
5.0302333984165015 0.0034732265532036546
5.036375319537889 0.003822595755265891
5.042517240659277 0.004113579404478133
5.048659161780664 0.004347137963090085
5.054801082902052 0.004524695998240287
5.06094300402344 0.004648103562992806
5.067084925144828 0.00471959734369336
5.073226846266215 0.004741762129333014
5.079368767387603 0.004717493011826786
5.0855106885089905 0.004649958589136478
5.091652609630378 0.004542565318897953
5.097794530751766 0.004398923060849155
5.103936451873153 0.004222811753487424
5.110078372994542 0.0040181490950907724
5.116220294115929 0.003788959042171982
5.122362215237317 0.0035393408999023026
5.128504136358704 0.0032734387590626557
5.134646057480092 0.002995411032420136
5.140787978601479 0.0027093998596294435
5.146929899722867 0.002419500183132434
5.1530718208442545 0.0021297283471411665
5.159213741965643 0.00184399013642901
5.1653556630870305 0.0015660482497878304
5.171497584208418 0.001299489292732676
5.177639505329806 0.0010476904730274688
5.183781426451193 0.0008137862880751771
5.189923347572581 0.0006006356018862482
5.196065268693968 0.0004107896174227562
5.202207189815356 0.00024646135334341216
5.208349110936744 0.00010949732784180055
5.214491032058132 1.3522313305530211e-06
5.2206329531795195 -7.693257107703438e-05
5.226774874300907 -0.00012474583227785416
5.232916795422295 -0.0001419176322394712
5.239058716543682 -0.00012872415557610247
5.24520063766507 -8.588525951484197e-05
5.251342558786457 -1.4554165310497223e-05
5.257484479907845 8.370123980577099e-05
5.263626401029233 0.0002069258065388786
5.269768322150621 0.0003528133130307307
5.275910243272008 0.000518751247418372
5.282052164393396 0.0007018736899709682
5.2881940855147835 0.0008991214809560865
5.294336006636171 0.0011073085321198534
5.300477927757559 0.0013231928170339238
5.306619848878946 0.0015435502736896665
5.312761770000335 0.0017652495877556289
5.318903691121722 0.0019853256133170083
5.32504561224311 0.002201049045612665
5.331187533364497 0.0024099899017419987
5.337329454485885 0.0026100724025528072
5.3434713756072725 0.0027996189905605665
5.34961329672866 0.0029773814691037327
5.355755217850048 0.0031425576062731565
5.361897138971436 0.003294792007135188
5.368039060092824 0.0034341606072002683
5.374180981214211 0.0035611387609566793
5.380322902335599 0.003676553568167781
5.386464823456986 0.003781521769459033
5.392606744578374 0.0038773752199407624
5.398748665699761 0.00396557658162611
5.404890586821149 0.004047628428295188
5.411032507942537 0.004124979397882819
5.417174429063925 0.004198931328612686
5.4233163501853126 0.004270551452572187
5.4294582713067 0.004340593677955223
5.435600192428088 0.004409432761049372
5.441742113549475 0.004477014752943873
5.447884034670863 0.00454282651554026
5.45402595579225 0.004605886358190903
5.460167876913639 0.004664756980634141
5.466309798035026 0.004717580957994216
5.472451719156414 0.004762138013455699
5.4785936402778015 0.004795922341326759
5.484735561399189 0.004816237316048252
5.490877482520577 0.004820304097986404
5.497019403641964 0.004805379966816953
5.503161324763352 0.004768881713299519
5.509303245884739 0.004708509126580765
5.515445167006128 0.004622363542613942
5.521587088127515 0.004509056574095491
5.527729009248903 0.004367804516001329
5.53387093037029 0.004198504494569642
5.540012851491678 0.00400178917248332
5.5461547726130656 0.0037790577016841484
5.552296693734453 0.0035324815841118297
5.558438614855841 0.003264985112417381
5.564580535977229 0.0029802010690581295
5.570722457098617 0.002682403316504138
5.576864378220004 0.002376418771076924
5.583006299341392 0.002067521981990155
5.589148220462779 0.0017613161072302398
5.595290141584167 0.0014636044698881601
5.6014320627055545 0.0011802570830015415
5.607573983826942 0.0009170765481178419
5.6137159049483305 0.000679667571959247
5.619857826069718 0.00047331402409829315
5.625999747191106 0.0003028670003668562
5.632141668312493 0.00017264679062800806
5.638283589433881 8.636100737004293e-05
5.644425510555268 4.7040446324652066e-05
5.650567431676656 5.699355432711901e-05
5.656709352798043 0.0001177797030763954
5.662851273919432 0.00023020083693469612
5.668993195040819 0.0003943105005150756
5.675135116162207 0.0006094387744382474
5.681277037283595 0.0008742312667014968
5.687418958404982 0.0011867000285170103
5.69356087952637 0.0015442840880087198
5.699702800647757 0.0019439172189432878
5.705844721769145 0.0023821005769551437
5.711986642890533 0.0028549779316884988
5.718128564011921 0.00335841138693113
5.724270485133308 0.0038880556978781395
5.730412406254696 0.004439429550409884
5.7365543273760835 0.005007982447248998
5.742696248497471 0.005589156136541986
5.748838169618859 0.006178439807644368
5.754980090740246 0.006771418556268521
5.761122011861635 0.007363814878216355
5.767263932983022 0.007951523181224917
5.77340585410441 0.008530637503552362
5.779547775225797 0.009097472793245858
5.785689696347185 0.009648580232656696
5.7918316174685724 0.010180757189238325
5.79797353858996 0.01069105243768712
5.804115459711348 0.011176767332672045
5.810257380832735 0.011635453618991553
5.816399301954124 0.012064908550628367
5.822541223075511 0.012463167955654633
5.828683144196899 0.01282849783407608
5.834825065318286 0.013159385014153377
5.840966986439674 0.013454527322905491
5.847108907561061 0.013712823651472592
5.853250828682449 0.013933364218522702
5.8593927498038365 0.014115421257294217
5.865534670925225 0.01425844027619077
5.8716765920466125 0.01436203197078406
5.877818513168 0.014425964798053463
5.883960434289388 0.014450158162894973
5.890102355410775 0.014434676113375266
5.896244276532163 0.014379721395774578
5.90238619765355 0.014285629683935567
5.908528118774938 0.014152863770531984
5.914670039896326 0.013982007491251716
5.920811961017714 0.01377375914716144
5.9269538821391015 0.013528924196218959
5.933095803260489 0.013248407002462112
5.939237724381877 0.0129332014611084
5.945379645503264 0.012584380359728331
5.951521566624652 0.012203083389599594
5.957663487746039 0.011790503786748932
5.963805408867428 0.011347873658046907
5.969947329988815 0.010876448132528407
5.976089251110203 0.010377488569783138
5.98223117223159 0.009852245153088907
5.988373093352978 0.009301939291585817
5.9945150144743655 0.008727746349226975
6.000656935595753 0.008130779303914567
6.006798856717141 0.007512074013084151
6.012940777838529 0.0068725768166450285
6.019082698959917 0.006213135239102979
6.025224620081304 0.005534492554493536
6.031366541202692 0.0048372869454897
6.037508462324079 0.004122055917539531
6.043650383445467 0.003389246517121295
6.0497923045668545 0.0026392317486816216
6.055934225688242 0.0018723333879482372
6.06207614680963 0.0010888511526955206
6.068218067931018 0.0002890979207618795
6.074359989052406 -0.0005265596131465003
6.080501910173793 -0.0013576557652771053
6.086643831295181 -0.0022035774175257934
6.092785752416568 -0.0030635138490233316
6.098927673537956 -0.003936406674702476
6.105069594659343 -0.004820901955686777
6.111211515780731 -0.005715306718021477
6.117353436902119 -0.006617552207976982
6.123495358023507 -0.0075251662089506665
6.1296372791448945 -0.008435256635008066
6.135779200266282 -0.009344508391656379
6.14192112138767 -0.010249195153022403
6.148063042509057 -0.011145207249680029
6.154204963630445 -0.012028096302914732
6.160346884751832 -0.012893136595899057
6.166488805873221 -0.013735402463252831
6.172630726994608 -0.014549860236799616
6.178772648115996 -0.015331472540811322
6.1849145692373835 -0.01607531202175085
6.191056490358771 -0.016776680964008313
6.197198411480159 -0.017431232722234145
6.203340332601546 -0.018035090527501213
6.209482253722934 -0.018584959028342594
6.215624174844322 -0.019078223930998867
6.22176609596571 -0.01951303531903312
6.227908017087097 -0.019888370663276856
6.234049938208485 -0.02020407416985858
6.240191859329872 -0.020460869936231595
6.24633378045126 -0.02066034736101936
6.2524757015726475 -0.020804918341732162
6.258617622694035 -0.020897746945779387
6.2647595438154235 -0.020942653400237602
6.270901464936811 -0.020943995357759117
6.277043386058199 -0.020906530403929376
