time TPR_both_B_open_144_rho11
904.7786842338604 0.5025512467408982
904.7848261549818 0.5025512093831596
904.7909680761032 0.5025510808708612
904.7971099972245 0.5025508668629716
904.803251918346 0.5025505736900864
904.8093938394674 0.5025502083069335
904.8155357605888 0.5025497782393992
904.8216776817102 0.5025492915264071
904.8278196028315 0.5025487566570077
904.8339615239529 0.5025481825030716
904.8401034450743 0.5025475782480116
904.8462453661957 0.5025469533119789
904.852387287317 0.50254631727401
904.8585292084384 0.5025456797916193
904.8646711295598 0.5025450505183483
904.8708130506812 0.5025444390198058
904.8769549718027 0.5025438546887374
904.883096892924 0.5025433066596785
904.8892388140454 0.5025428037237485
904.8953807351668 0.5025423542441457
904.9015226562882 0.5025419660729086
904.9076645774096 0.5025416464694946
904.9138064985309 0.5025414020217335
904.9199484196523 0.5025412385696911
904.9260903407737 0.5025411611329756
904.9322322618951 0.5025411738419934
904.9383741830165 0.5025412798736502
904.9445161041378 0.502541481391964
904.9506580252593 0.5025417794940368
904.9567999463807 0.5025421741618012
904.9629418675021 0.5025426642199265
904.9690837886234 0.5025432473002404
904.9752257097448 0.5025439198129815
904.9813676308662 0.5025446769251688
904.9875095519876 0.5025455125463242
904.993651473109 0.5025464193217551
904.9997933942303 0.5025473886335551
905.0059353153517 0.5025484106094377
905.0120772364731 0.5025494741394787
905.0182191575946 0.5025505669007931
905.024361078716 0.5025516753901269
905.0305029998373 0.5025527849643053
905.0366449209587 0.5025538798884234
905.0427868420801 0.5025549433916282
905.0489287632015 0.5025559577302925
905.0550706843229 0.5025569042583368
905.0612126054442 0.5025577635044151
905.0673545265656 0.5025585152556361
905.073496447687 0.5025591386474524
905.0796383688084 0.5025596122593126
905.0857802899299 0.5025599142156333
905.0919222110512 0.5025600222916154
905.0980641321726 0.5025599140233958
905.104206053294 0.5025595668219971
905.1103479744154 0.5025589580905121
905.1164898955367 0.5025580653439352
905.1226318166581 0.5025568663310325
905.1287737377795 0.5025553391576264
905.1349156589009 0.5025534624106541
905.1410575800223 0.5025512152823517
905.1471995011436 0.5025485776939059
905.153341422265 0.5025455304179143
905.1594833433865 0.502542055198992
905.1656252645079 0.5025381348718693
905.1717671856293 0.5025337534763306
905.1779091067506 0.5025288963683551
905.184051027872 0.5025235503268348
905.1901929489934 0.5025177036552644
905.1963348701148 0.5025113462778139
905.2024767912362 0.5025044698292268
905.2086187123575 0.5024970677380061
905.2147606334789 0.5024891353023873
905.2209025546003 0.5024806697586262
905.2270444757218 0.5024716703411695
905.233186396843 0.5024621383343104
905.2393283179645 0.5024520771149761
905.2454702390859 0.5024414921863344
905.2516121602073 0.5024303912019521
905.2577540813287 0.5024187839802852
905.26389600245 0.5024066825093267
905.2700379235714 0.5023941009412882
905.2761798446928 0.5023810555772407
905.2823217658142 0.502367564841689
905.2884636869356 0.5023536492471082
905.2946056080569 0.5023393313485173
905.3007475291784 0.5023246356882168
905.3068894502998 0.5023095887308705
905.3130313714212 0.5022942187891537
905.3191732925426 0.5022785559402471
905.3253152136639 0.5022626319334949
905.3314571347853 0.5022464800895964
905.3375990559067 0.5022301351917405
905.3437409770281 0.5022136333691387
905.3498828981494 0.5021970119734467
905.3560248192708 0.5021803094486054
905.3621667403922 0.5021635651946667
905.3683086615137 0.5021468194261999
905.3744505826351 0.5021301130259035
905.3805925037564 0.5021134873940769
905.3867344248778 0.5020969842946215
905.3928763459992 0.5020806456982702
905.3990182671206 0.5020645136237506
905.405160188242 0.5020486299776077
905.4113021093633 0.5020330363934128
905.4174440304847 0.5020177740711002
905.4235859516061 0.5020028836171649
905.4297278727275 0.5019884048864612
905.435869793849 0.501974376826329
905.4420117149702 0.501960837323771
905.4481536360917 0.5019478230563883
905.4542955572131 0.5019353693477666
905.4604374783345 0.501923510027982
905.4665793994558 0.501912277299879
905.4727213205772 0.5019017016117401
905.4788632416986 0.5018918115369405
905.48500516282 0.501882633661146
905.4911470839414 0.5018741924775836
905.4972890050627 0.5018665102908648
905.5034309261841 0.5018596071298145
905.5095728473055 0.5018535006697042
905.515714768427 0.5018482061642531
905.5218566895484 0.5018437363877052
905.5279986106697 0.5018401015872519
905.5341405317911 0.5018373094460116
905.5402824529125 0.5018353650567341
905.5464243740339 0.501834270906342
905.5525662951553 0.5018340268713724
905.5587082162766 0.5018346302243277
905.564850137398 0.5018360756508942
905.5709920585194 0.501838355277934
905.5771339796408 0.5018414587121051
905.5832759007621 0.5018453730889134
905.5894178218836 0.501850083131951
905.595559743005 0.5018555712220252
905.6017016641264 0.5018618174758399
905.6078435852478 0.5018687998338408
905.6139855063691 0.5018764941567949
905.6201274274905 0.5018848743306363
905.6262693486119 0.5018939123790673
905.6324112697333 0.5019035785833693
905.6385531908547 0.5019138416088484
905.644695111976 0.5019246686373047
905.6508370330974 0.5019360255048904
905.6569789542189 0.5019478768447001
905.6631208753403 0.5019601862334089
905.6692627964617 0.5019729163412666
905.675404717583 0.5019860290847338
905.6815466387044 0.5019994857810437
905.6876885598258 0.50201324730396
905.6938304809472 0.5020272742400046
905.6999724020686 0.5020415270444262
905.7061143231899 0.5020559661961885
905.7122562443113 0.5020705523512636
905.7183981654327 0.5020852464935273
905.7245400865542 0.502100010082572
905.7306820076755 0.5021148051977681
905.7368239287969 0.5021295946779308
905.7429658499183 0.5021443422559705
905.7491077710397 0.5021590126879371
905.7552496921611 0.5021735718759003
905.7613916132824 0.5021879869841366
905.7675335344038 0.5022022265481391
905.7736754555252 0.5022162605759959
905.7798173766466 0.502230060641733
905.785959297768 0.5022435999702506
905.7921012188893 0.5022568535135383
905.7982431400108 0.5022697980178884
905.8043850611322 0.5022824120818823
905.8105269822536 0.5022946762049705
905.816668903375 0.5023065728265136
905.8228108244963 0.502318086355204
905.8289527456177 0.5023292031888336
905.8350946667391 0.5023399117244274
905.8412365878605 0.5023502023588038
905.8473785089818 0.5023600674796799
905.8535204301032 0.5023695014474783
905.8596623512246 0.5023785005680447
905.865804272346 0.5023870630565269
905.8719461934675 0.5023951889927116
905.8780881145888 0.5024028802681516
905.8842300357102 0.5024101405254634
905.8903719568316 0.5024169750902049
905.896513877953 0.5024233908957819
905.9026557990744 0.5024293964018625
905.9087977201957 0.5024350015068092
905.9149396413171 0.5024402174546643
905.9210815624385 0.5024450567372474
905.9272234835599 0.5024495329919458
905.9333654046814 0.502453660895794
905.9395073258027 0.5024574560564539
905.9456492469241 0.5024609349007181
905.9517911680455 0.5024641145611646
905.9579330891669 0.5024670127615951
905.9640750102882 0.5024696477018926
905.9702169314096 0.5024720379429262
905.976358852531 0.5024742022921281
905.9825007736524 0.5024761596903585
905.9886426947738 0.5024779291006557
905.9947846158951 0.5024795293994607
906.0009265370165 0.5024809792708806
906.007068458138 0.5024822971045327
906.0132103792594 0.5024835008974889
906.0193523003808 0.5024846081608128
906.0254942215021 0.5024856358311436
906.0316361426235 0.5024866001877625
906.0377780637449 0.502487516775525
906.0439199848663 0.5024884003340203
906.0500619059877 0.5024892647332729
906.056203827109 0.5024901229162593
906.0623457482304 0.5024909868484786
906.0684876693518 0.5024918674747649
906.0746295904733 0.502492774683492
906.0807715115945 0.5024937172782699
906.086913432716 0.5024947029571979
906.0930553538374 0.502495738299681
906.0991972749588 0.5024968287607849
906.1053391960802 0.5024979786730525
906.1114811172015 0.5024991912556603
906.1176230383229 0.5025004686307605
906.1237649594443 0.5025018118467965
906.1299068805657 0.5025032209085579
906.1360488016871 0.5025046948136864
906.1421907228084 0.5025062315953177
906.1483326439298 0.5025078283705037
906.1544745650513 0.502509481394032
906.1606164861727 0.5025111861172232
906.1667584072941 0.5025129372512659
906.1729003284154 0.5025147288346175
906.1790422495368 0.5025165543039845
906.1851841706582 0.5025184065683699
906.1913260917796 0.5025202780856642
906.1974680129009 0.5025221609412431
906.2036099340223 0.5025240469280239
906.2097518551437 0.5025259276274284
906.2158937762651 0.5025277944906977
906.2220356973866 0.5025296389200028
906.2281776185079 0.502531452348801
906.2343195396293 0.5025332263208971
906.2404614607507 0.5025349525676717
906.2466033818721 0.5025366230829642
906.2527453029935 0.5025382301951041
906.2588872241148 0.5025397666356115
906.2650291452362 0.5025412256041067
906.2711710663576 0.5025426008289963
906.277312987479 0.50254388662353
906.2834549086004 0.5025450779368557
906.2895968297217 0.5025461703997275
906.2957387508432 0.502547160364564
906.3018806719646 0.5025480449395836
906.308022593086 0.502548822016786
906.3141645142074 0.5025494902935882
906.3203064353287 0.5025500492879623
906.3264483564501 0.5025504993469659
906.3325902775715 0.5025508416485971
906.3387321986929 0.5025510781969497
906.3448741198142 0.5025512118106851
906.3510160409356 0.502551246104884
906.357157962057 0.5025511854663777
906.3632998831785 0.5025510350227056
906.3694418042999 0.5025508006048851
906.3755837254212 0.5025504887042165
906.3817256465426 0.5025501064233899
906.387867567664 0.5025496614221938
906.3940094887854 0.5025491618581597
906.4001514099068 0.5025486163225151
906.4062933310281 0.5025480337718446
906.4124352521495 0.5025474234558852
906.4185771732709 0.5025467948419167
906.4247190943923 0.5025461575362218
906.4308610155138 0.5025455212031191
906.437002936635 0.5025448954820859
906.4431448577565 0.5025442899035027
906.4492867788779 0.502543713803568
906.4554286999993 0.5025431762389332
906.4615706211206 0.5025426859016199
906.467712542242 0.5025422510347786
906.4738544633634 0.5025418793498522
906.4799963844848 0.5025415779456971
906.4861383056062 0.5025413532302145
906.4922802267275 0.5025412108450252
906.4984221478489 0.5025411555937163
906.5045640689704 0.5025411913741628
906.5107059900918 0.5025413211154143
906.5168479112132 0.502541546719606
906.5229898323345 0.5025418690093377
906.5291317534559 0.5025422876809233
906.5352736745773 0.5025428012638957
906.5414155956987 0.5025434070871068
906.5475575168201 0.5025441012517353
906.5536994379414 0.5025448786114719
906.5598413590628 0.5025457327601159
906.5659832801842 0.5025466560267733
906.5721252013057 0.5025476394788062
906.578267122427 0.5025486729326396
906.5844090435484 0.5025497449724862
906.5905509646698 0.5025508429770047
906.5966928857912 0.5025519531538646
906.6028348069126 0.5025530605821412
906.6089767280339 0.5025541492624209
906.6151186491553 0.5025552021744508
906.6212605702767 0.5025562013421249
906.6274024913981 0.5025571279055497
906.6335444125195 0.502557962199897
906.6396863336408 0.5025586838407019
906.6458282547623 0.5025592718152331
906.6519701758837 0.5025597045795177
906.6581120970051 0.5025599601605699
906.6642540181265 0.5025600162633406
906.6703959392478 0.5025598503818687
906.6765378603692 0.5025594399140952
906.6826797814906 0.5025587622797641
906.688821702612 0.5025577950408214
906.6949636237333 0.5025565160236982
906.7011055448547 0.5025549034428491
906.7072474659761 0.5025529360249033
906.7133893870975 0.5025505931327775
906.719531308219 0.5025478548890923
906.7256732293403 0.5025447022982289
906.7318151504617 0.5025411173663723
906.7379570715831 0.5025370832188784
906.7440989927045 0.502532584214323
906.7502409138259 0.5025276060545951
906.7563828349472 0.5025221358904134
906.7625247560686 0.5025161624216663
906.76866667719 0.5025096759919927
906.7748085983114 0.5025026686770504
906.7809505194328 0.5024951343659458
906.7870924405541 0.5024870688353271
906.7932343616756 0.5024784698156832
906.799376282797 0.5024693370494202
906.8055182039184 0.5024596723403321
906.8116601250397 0.5024494795941201
906.8178020461611 0.5024387648496612
906.8239439672825 0.5024275363007679
906.8300858884039 0.5024158043082321
906.8362278095253 0.5024035814019915
906.8423697306466 0.5023908822733051
906.848511651768 0.502377723756879
906.8546535728894 0.5023641248029261
906.8607954940109 0.502350106439203
906.8669374151323 0.5023356917231099
906.8730793362536 0.5023209056839972
906.879221257375 0.5023057752558643
906.8853631784964 0.5022903292006926
906.8915050996178 0.5022745980226979
906.8976470207392 0.5022586138738356
906.9037889418605 0.5022424104509388
906.9099308629819 0.5022260228849069
906.9160727841033 0.5022094876224142
906.9222147052247 0.502192842300635
906.9283566263462 0.5021761256155263
906.9344985474675 0.5021593771842415
906.9406404685889 0.5021426374022793
906.9467823897103 0.5021259472959974
906.9529243108317 0.5021093483711532
906.959066231953 0.5020928824581464
906.9652081530744 0.502076591554664
906.9713500741958 0.5020605176664411
906.9774919953172 0.5020447026468606
906.9836339164386 0.5020291880361261
906.9897758375599 0.5020140149007433
906.9959177586813 0.50199922367405
907.0020596798028 0.5019848539985279
907.0082016009242 0.5019709445706251
907.0143435220456 0.5019575329888063
907.0204854431669 0.5019446556055379
907.0266273642883 0.5019323473838907
907.0327692854097 0.5019206417594305
907.0389112065311 0.5019095705080356
907.0450531276525 0.5018991636202587
907.0511950487738 0.501889449182816
907.0573369698952 0.5018804532677564
907.0634788910166 0.501872199829825
907.069620812138 0.5018647106124982
907.0757627332594 0.5018580050631274
907.0819046543808 0.5018521002575828
907.0880465755022 0.5018470108347447
907.0941884966236 0.5018427489411459
907.100330417745 0.5018393241860133
907.1064723388663 0.5018367436069172
907.1126142599877 0.5018350116461746
907.1187561811091 0.501834130138113
907.1248981022305 0.5018340983072398
907.1310400233519 0.5018349127773165
907.1371819444732 0.501836567591281
907.1433238655947 0.501839054241913
907.1494657867161 0.5018423617130814
907.1556077078375 0.5018464765313685
907.1617496289589 0.5018513828278102
907.1678915500802 0.5018570624094468
907.1740334712016 0.5018634948403335
907.180175392323 0.5018706575316106
907.1863173134444 0.5018785258401963
907.1924592345657 0.5018870731756191
907.1986011556871 0.5018962711144743
907.2047430768085 0.5019060895219499
907.21088499793 0.5019164966798348
907.2170269190514 0.5019274594203968
907.2231688401727 0.5019389432654864
907.2293107612941 0.5019509125702024
907.2354526824155 0.5019633306704367
907.2415946035369 0.5019761600335945
907.2477365246583 0.5019893624117803
907.2538784457796 0.502002898996727
907.260020366901 0.5020167305757391
907.2661622880224 0.502030817687924
907.2723042091438 0.5020451207799834
907.2784461302653 0.5020596003608435
907.2845880513865 0.5020742171544148
907.290729972508 0.5020889322497799
907.2968718936294 0.5021037072481308
907.3030138147508 0.5021185044057912
907.3091557358721 0.5021332867726853
907.3152976569935 0.5021480183256418
907.3214395781149 0.5021626640959485
907.3275814992363 0.5021771902906063
907.3337234203577 0.502191564406767
907.339865341479 0.5022057553388752
907.3460072626004 0.502219733478075
907.3521491837218 0.5022334708034835
907.3582911048433 0.5022469409649754
907.3644330259647 0.5022601193571713
907.370574947086 0.5022729831843641
907.3767168682074 0.502285511516169
907.3828587893288 0.5022976853337282
907.3890007104502 0.5023094875663542
907.3951426315716 0.5023209031185373
907.4012845526929 0.5023319188873034
907.4074264738143 0.5023425237699445
907.4135683949357 0.5023527086622038
907.4197103160571 0.5023624664470394
907.4258522371784 0.5023717919741368
907.4319941582999 0.5023806820303928
907.4381360794213 0.5023891353016284
907.4442780005427 0.502397152325841
907.4504199216641 0.5024047354383374
907.4565618427854 0.5024118887091361
907.4627037639068 0.5024186178730585
907.4688456850282 0.5024249302529674
907.4749876061496 0.5024308346766359
907.481129527271 0.5024363413877672
907.4872714483923 0.5024414619517044
907.4934133695137 0.5024462091563964
907.4995552906352 0.5024505969092037
907.5056972117566 0.5024546401301456
907.511839132878 0.5024583546422029
907.5179810539993 0.5024617570592987
907.5241229751207 0.5024648646725904
907.5302648962421 0.5024676953357037
907.5364068173635 0.5024702673495425
907.5425487384849 0.5024725993473039
907.5486906596062 0.5024747101803203
907.5548325807276 0.5024766188053389
907.560974501849 0.5024783441738373
907.5671164229705 0.5024799051239555
907.5732583440918 0.5024813202756033
907.5794002652132 0.5024826079292835
907.5855421863346 0.5024837859691387
907.591684107456 0.502484871770708
907.5978260285774 0.5024858821138437
907.6039679496987 0.5024868331012086
907.6101098708201 0.502487740082732
907.6162517919415 0.5024886175863787
907.6223937130629 0.5024894792555284
907.6285356341843 0.5024903377932359
907.6346775553056 0.5024912049135969
907.640819476427 0.5024920913003947
907.6469613975485 0.5024930065731716
907.6531033186699 0.5024939592608096
907.6592452397913 0.5024949567826748
907.6653871609126 0.5024960054373239
907.671529082034 0.5024971103987328
907.6776710031554 0.5024982757199604
907.6838129242768 0.5024995043441196
907.6899548453981 0.5025007981224814
907.6960967665195 0.5025021578395015
907.7022386876409 0.5025035832445149
907.7083806087624 0.5025050730898071
907.7145225298838 0.5025066251747354
907.7206644510051 0.5025082363955391
907.7268063721265 0.5025099028004414
907.7329482932479 0.5025116196496254
907.7390902143693 0.50251338147963
907.7452321354907 0.5025151821716918
907.751374056612 0.5025170150235413
907.7575159777334 0.5025188728241352
907.7636578988548 0.5025207479308006
907.7697998199762 0.5025226323482486
907.7759417410977 0.5025245178089087
907.782083662219 0.5025263958540336
907.7882255833404 0.5025282579150121
907.7943675044618 0.5025300953943452
907.8005094255832 0.5025318997457277
907.8066513467045 0.5025336625527009
907.8127932678259 0.5025353756053429
907.8189351889473 0.5025370309744847
907.8250771100687 0.502538621082953
907.8312190311901 0.5025401387733658
907.8373609523114 0.5025415773720244
907.8435028734328 0.50254293074848
907.8496447945543 0.5025441933703738
907.8557867156757 0.5025453603531859
907.8619286367971 0.5025464275045577
907.8680705579184 0.5025473913628944
907.8742124790398 0.5025482492299812
907.8803544001612 0.5025489991973952
907.8864963212826 0.5025496401665294
907.892638242404 0.5025501718620871
907.8987801635253 0.502550594838949
907.9049220846467 0.5025509104823527
907.9110640057681 0.5025511210013743
907.9172059268896 0.5025512294157385
907.9233478480108 0.5025512395360275
907.9294897691323 0.5025511559374053
907.9356316902537 0.5025509839270078
907.9417736113751 0.5025507295052
907.9479155324965 0.5025503993209296
907.9540574536178 0.5025500006214547
907.9601993747392 0.5025495411967535
907.9663412958606 0.5025490293189611
907.972483216982 0.5025484736772091
907.9786251381034 0.5025478833082803
907.9847670592247 0.5025472675235082
907.9909089803461 0.5025466358323903
907.9970509014676 0.5025459978633923
908.003192822589 0.502545363282455
908.0093347437104 0.5025447417097221
908.0154766648317 0.5025441426350258
908.0216185859531 0.5025435753326791
908.0277605070745 0.5025430487761295
908.0339024281959 0.5025425715530328
908.0400443493172 0.5025421517813117
908.0461862704386 0.5025417970267556
908.05232819156 0.5025415142227199
908.0584701126814 0.5025413095924662
908.0646120338029 0.5025411885746832
908.0707539549242 0.502541155752705
908.0768958760456 0.5025412147879282
908.083037797167 0.5025413683579136
908.0891797182884 0.5025416180996233
908.0953216394098 0.5025419645582299
908.1014635605311 0.5025424071418971
908.1076054816525 0.5025429440829006
908.1137474027739 0.5025435724054287
908.1198893238953 0.5025442879003601
908.1260312450167 0.5025450851072812
908.132173166138 0.502545957303968
908.1383150872595 0.5025468965035085
908.1444570083809 0.502547893459209
908.1505989295023 0.5025489376773763
908.1567408506237 0.5025500174380256
908.162882771745 0.5025511198235204
908.1690246928664 0.5025522307551038
908.1751666139878 0.5025533350372339
908.1813085351092 0.5025544164095918
908.1874504562305 0.5025554576065884
908.1935923773519 0.5025564404241439
908.1997342984733 0.5025573457934813
908.2058762195948 0.5025581538616225
908.2120181407162 0.502558844078242
908.2181600618375 0.5025593952884909
908.2243019829589 0.5025597858313664
908.2304439040803 0.5025599936431673
908.2365858252017 0.5025599963655435
908.2427277463231 0.5025597714576155
908.2488696674444 0.5025592963116139
908.2550115885658 0.5025585483714616
908.2611535096872 0.5025575052537024
908.2672954308086 0.5025561448701562
908.27343735193 0.5025544455516728
908.2795792730514 0.5025523861723338
908.2857211941728 0.5025499462734531
908.2918631152942 0.5025471061867162
908.2980050364156 0.5025438471557949
908.3041469575369 0.5025401514557822
908.3102888786583 0.5025360025097909
908.3164307997797 0.5025313850020721
908.3225727209011 0.5025262849870219
908.3287146420225 0.5025206899934601
908.3348565631438 0.502514589123583
908.3409984842652 0.5025079731460173
908.3471404053867 0.5025008345824274
908.3532823265081 0.5024931677871556
908.3594242476295 0.502484969019409
908.3655661687508 0.5024762365075409
908.3717080898722 0.5024669705050104
908.3778500109936 0.5024571733376465
908.383991932115 0.50244684944188
908.3901338532364 0.5024360053936581
908.3962757743577 0.5024246499277921
908.4024176954791 0.5024127939475462
908.4085596166005 0.5024004505243136
908.414701537722 0.5023876348872841
908.4208434588433 0.5023743644030524
908.4269853799647 0.5023606585451662
908.4331273010861 0.5023465388536688
908.4392692222075 0.5023320288847356
908.4454111433289 0.502317154150559
908.4515530644502 0.502301942049681
908.4576949855716 0.5022864217880281
908.463836906693 0.5022706242909435
908.4699788278144 0.5022545821065632
908.4761207489358 0.5022383293009255
908.4822626700571 0.5022219013452452
908.4884045911786 0.502205334995827
908.4945465123 0.5021886681671284
908.5006884334214 0.5021719397985204
908.5068303545428 0.5021551897153271
908.5129722756641 0.5021384584847549
908.5191141967855 0.5021217872673518
908.5252561179069 0.5021052176646572
908.5313980390283 0.5020887915637304
908.5375399601496 0.5020725509792571
908.543681881271 0.5020565378939511
908.5498238023924 0.5020407940979785
908.5559657235139 0.5020253610281383
908.5621076446353 0.5020102796075377
908.5682495657566 0.5019955900864981
908.574391486878 0.5019813318854263
908.5805334079994 0.5019675434403783
908.5866753291208 0.5019542620520271
908.5928172502422 0.5019415237387381
908.5989591713635 0.5019293630944329
908.6051010924849 0.5019178131519021
908.6112430136063 0.5019069052522027
908.6173849347277 0.5018966689207479
908.6235268558491 0.5018871317506659
908.6296687769704 0.501878319293971
908.6358106980919 0.5018702549610515
908.6419526192133 0.5018629599289436
908.6480945403347 0.5018564530588139
908.6542364614561 0.5018507508230348
908.6603783825774 0.5018458672421875
908.6665203036988 0.5018418138322818
908.6726622248202 0.5018385995624334
908.6788041459416 0.5018362308231884
908.6849460670629 0.5018347114056351
908.6910879881843 0.5018340424913914
908.6972299093057 0.5018342226535026
908.7033718304272 0.5018352478682347
908.7095137515486 0.5018371115376951
908.7156556726699 0.5018398045231592
908.7217975937913 0.5018433151889354
908.7279395149127 0.501847629456542
908.7340814360341 0.5018527308689326
908.7402233571555 0.5018586006644457
908.7463652782768 0.5018652178601191
908.7525071993982 0.5018725593439587
908.7586491205196 0.501880599975713
908.764791041641 0.5018893126956614
908.7709329627625 0.5018986686408906
908.7770748838838 0.5019086372684983
908.7832168050052 0.5019191864851271
908.7893587261266 0.5019302827822096
908.795500647248 0.5019418913762766
908.8016425683693 0.5019539763536568
908.8077844894907 0.5019665008188818
908.8139264106121 0.50197942704609
908.8200683317335 0.5019927166327168
908.8262102528549 0.502006330654744
908.8323521739762 0.5020202298227856
908.8384940950976 0.5020343746382749
908.844636016219 0.5020487255490342
908.8507779373405 0.5020632431035035
908.8569198584619 0.502077888102921
908.8630617795832 0.5020926217507637
908.8692037007046 0.5021074057987649
908.875345621826 0.5021222026888585
908.8814875429474 0.5021369756904126
908.8876294640688 0.502151689032149
908.8937713851901 0.5021663080281743
908.8999133063115 0.5021807991975752
908.906055227433 0.5021951303770769
908.9121971485544 0.502209270826291
908.9183390696757 0.5022231913251236
908.9244809907971 0.5022368642629584
908.9306229119185 0.5022502637192704
908.9367648330399 0.50226336553537
908.9429067541613 0.50227614737703
908.9490486752826 0.5022885887877871
908.955190596404 0.5023006712327667
908.9613325175254 0.5023123781329198
908.9674744386468 0.5023236948896208
908.9736163597682 0.5023346088996116
908.9797582808895 0.5023451095603374
908.985900202011 0.5023551882657634
908.9920421231324 0.5023648383928063
908.9981840442538 0.5023740552785692
909.0043259653752 0.502382836188605
909.0104678864965 0.5023911802764852
909.0166098076179 0.5023990885349866
909.0227517287393 0.5024065637392554
909.0288936498607 0.5024136103823402
909.035035570982 0.5024202346035268
909.0411774921034 0.5024264441099363
909.0473194132248 0.5024322480918829
909.0534613343463 0.5024376571325146
909.0596032554677 0.5024426831122831
909.065745176589 0.5024473391088137
909.0718870977104 0.5024516392927652
909.0780290188318 0.5024555988202829
909.0841709399532 0.5024592337226614
909.0903128610746 0.5024625607938451
909.0964547821959 0.5024655974763946
909.1025967033173 0.5024683617465572
909.1087386244387 0.5024708719990681
909.1148805455601 0.5024731469323149
909.1210224666816 0.5024752054344817
909.1271643878028 0.5024770664712823
909.1333063089243 0.5024787489758771
909.1394482300457 0.5024802717415457
909.1455901511671 0.5024816533176756
909.1517320722884 0.5024829119095926
909.1578739934098 0.5024840652827424
909.1640159145312 0.5024851306716952
909.1701578356526 0.5024861246944209
909.176299756774 0.5024870632722396
909.1824416778953 0.5024879615558274
909.1885835990167 0.5024888338576087
909.1947255201381 0.5024896935908335
909.2008674412596 0.502490553215595
909.207009362381 0.5024914241919997
909.2131512835023 0.5024923169406598
909.2192932046237 0.5024932408106336
909.2254351257451 0.5024942040548971
909.2315770468665 0.5024952138133779
909.2377189679879 0.5024962761035491
909.2438608891092 0.5024973958185257
909.2500028102306 0.5024985767325703
909.256144731352 0.5024998215138633
909.2622866524734 0.5025011317443611
909.2684285735947 0.5025025079465134
909.2745704947162 0.5025039496165817
909.2807124158376 0.5025054552642546
909.286854336959 0.5025070224582268
909.2929962580804 0.5025086478773697
909.2991381792017 0.5025103273670934
909.3052801003231 0.5025120560004709
909.3114220214445 0.5025138281436646
909.3175639425659 0.5025156375251805
909.3237058636873 0.502517477308446
909.3298477848086 0.502519340167196
909.33598970593 0.5025212183631352
909.3421316270515 0.5025231038253334
909.3482735481729 0.5025249882308047
909.3544154692943 0.5025268630857165
909.3605573904156 0.5025287198066699
909.366699311537 0.5025305498015031
909.3728412326584 0.502532344549067
909.3789831537798 0.5025340956774349
909.3851250749012 0.5025357950400234
909.3912669960225 0.5025374347891102
909.3974089171439 0.5025390074462588
909.4035508382653 0.5025405059691798
909.4096927593868 0.5025419238145807
909.415834680508 0.5025432549965869
909.4219766016295 0.5025444941403417
909.4281185227509 0.5025456365304287
909.4342604438723 0.5025466781537913
909.4404023649937 0.5025476157368602
909.446544286115 0.5025484467766392
909.4526862072364 0.5025491695655352
909.4588281283578 0.5025497832097608
909.4649700494792 0.5025502876411807
909.4711119706006 0.5025506836225091
909.477253891722 0.5025509727458157
909.4833958128434 0.502551157424335
909.4895377339648 0.5025512408776164
909.4956796550862 0.5025512271101014
909.5018215762076 0.502551120883247
909.5079634973289 0.5025509276813637
909.5141054184503 0.5025506536713719
909.5202473395717 0.5025503056567233
909.5263892606931 0.502549891025768
909.5325311818144 0.5025494176948871
909.5386731029358 0.5025488940467442
909.5448150240572 0.502548328864039
909.5509569451787 0.5025477312591815
909.5570988663001 0.5025471106003259
909.5632407874214 0.5025464764342339
909.5693827085428 0.5025458384064591
909.5755246296642 0.5025452061793572
909.5816665507856 0.5025445893484536
909.587808471907 0.5025439973577039
909.5939503930283 0.5025434394141991
909.6000923141497 0.5025429244028716
909.6062342352711 0.5025424608017626
909.6123761563925 0.5025420565984138
909.618518077514 0.5025417192079407
909.6246599986353 0.5025414553933403
909.6308019197567 0.5025412711885778
909.6369438408781 0.5025411718249835
909.6430857619995 0.5025411616614741
909.6492276831208 0.5025412441190976
909.6553696042422 0.502541421620376
909.6615115253636 0.5025416955338964
909.667653446485 0.5025420661245773
909.6737953676064 0.5025425325099996
909.6799372887277 0.5025430926231685
909.6860792098491 0.5025437431820308
909.6922211309706 0.5025444796660395
909.698363052092 0.5025452963000199
909.7045049732134 0.502546186045543
909.7106468943347 0.5025471405999855
909.7167888154561 0.5025481504033965
909.7229307365775 0.5025492046532584
909.7290726576989 0.5025502913271792
909.7352145788203 0.5025513972135114
909.7413564999416 0.502552507949843
909.747498421063 0.5025536080692659
909.7536403421844 0.5025546810542769
909.7597822633059 0.5025557093981249
909.7659241844271 0.5025566746733705
909.7720661055486 0.5025575576073854
909.77820802667 0.5025583381644719
909.7843499477914 0.5025589956342481
909.7904918689128 0.5025595087258972
909.7966337900341 0.5025598556678551
909.8027757111555 0.5025600143124608
909.8089176322769 0.5025599622450735
909.8150595533983 0.5025596768971251
909.8212014745197 0.5025591356625505
909.827343395641 0.5025583160170125
909.8334853167624 0.5025571956393214
909.8396272378839 0.5025557525344243
909.8457691590053 0.5025539651573318
909.8519110801267 0.5025518125373305
909.858053001248 0.502549274401832
909.8641949223694 0.5025463312991902
909.8703368434908 0.5025429647198353
909.8764787646122 0.5025391572150592
909.8826206857336 0.5025348925128039
909.8887626068549 0.5025301556298123
909.8949045279763 0.5025249329795083
909.9010464490977 0.5025192124749993
909.9071883702192 0.5025129836266085
909.9133302913405 0.5025062376333659
909.9194722124619 0.5024989674679221
909.9256141335833 0.5024911679543695
909.9317560547047 0.5024828358384937
909.9378979758261 0.5024739698500116
909.9440398969474 0.5024645707563912
909.9501818180688 0.5024546414078868
909.9563237391902 0.5024441867734675
909.9624656603116 0.5024332139673607
909.968607581433 0.5024217322659773
909.9747495025543 0.5024097531150332
909.9808914236758 0.5023972901267318
909.9870333447972 0.5023843590669195
909.9931752659186 0.5023709778321757
909.99931718704 0.5023571664168539
910.0054591081613 0.5023429468701359
910.0116010292827 0.5023283432432141
910.0177429504041 0.5023133815267666
910.0238848715255 0.5022980895789425
910.0300267926468 0.5022824970441131
910.0361687137682 0.5022666352627081
910.0423106348896 0.5022505371724864
910.0484525560111 0.502234237201644
910.0545944771325 0.5022177711542029
910.0607363982538 0.5022011760881621
910.0668783193752 0.502184490186932
910.0730202404966 0.5021677526246098
910.079162161618 0.5021510034256822
910.0853040827394 0.502134283319777
910.0914460038607 0.5021176335921066
910.0975879249821 0.5021010959302723
910.1037298461035 0.5020847122681217
910.109871767225 0.5020685246273601
910.1160136883464 0.5020525749576403
910.1221556094677 0.5020369049758571
910.1282975305891 0.5020215560053811
910.1344394517105 0.5020065688159739
910.1405813728319 0.5019919834651163
910.1467232939532 0.5019778391414849
910.1528652150746 0.5019641740113004
910.159007136196 0.5019510250682576
910.1651490573174 0.5019384279877347
910.1712909784388 0.5019264169859576
910.1774328995601 0.5019150246847767
910.1835748206815 0.50190428198268
910.189716741803 0.5018942179326484
910.1958586629244 0.5018848596274181
910.2020005840458 0.5018762320926844
910.2081425051671 0.5018683581887442
910.2142844262885 0.5018612585210338
910.2204263474099 0.5018549513599755
910.2265682685313 0.5018494525705058
910.2327101896527 0.5018447755516062
910.238852110774 0.501840931186118
910.2449940318954 0.5018379278010648
910.2511359530168 0.5018357711386628
910.2572778741383 0.5018344643381457
910.2634197952596 0.5018340079284778
910.269561716381 0.5018343998319796
910.2757036375024 0.5018356353788362
910.2818455586238 0.5018377073324081
910.2879874797452 0.5018406059252096
910.2941294008665 0.501844318905375
910.3002713219879 0.501848831593375
910.3064132431093 0.5018541269487043
910.3125551642307 0.5018601856462085
910.3186970853521 0.5018669861616774
910.3248390064734 0.501874504866283
910.3309809275949 0.5018827161294063
910.3371228487163 0.5018915924293469
910.3432647698377 0.5019011044713867
910.3494066909591 0.5019112213126319
910.3555486120804 0.5019219104930344
910.3616905332018 0.5019331381719643
910.3678324543232 0.50194486926968
910.3739743754446 0.5019570676130187
910.3801162965659 0.5019696960846178
910.3862582176873 0.5019827167749586
910.3924001388087 0.5019960911365132
910.3985420599302 0.5020097801392722
910.4046839810516 0.5020237444269233
910.4108259021729 0.502037944472953
910.4169678232943 0.5020523407359468
910.4231097444157 0.5020668938133726
910.4292516655371 0.5020815645931408
910.4353935866585 0.5020963144022511
910.4415355077798 0.5021111051518532
910.4476774289012 0.5021258994780713
910.4538193500226 0.5021406608779646
910.459961271144 0.5021553538400284
910.4661031922655 0.5021699439686642
910.4722451133867 0.5021843981020889
910.4783870345082 0.5021986844231814
910.4845289556296 0.5022127725628094
910.490670876751 0.5022266336952168
910.4968127978724 0.5022402406250941
910.5029547189937 0.5022535678660013
910.5090966401151 0.5022665917098543
910.5152385612365 0.5022792902872374
910.5213804823579 0.502291643618349
910.5275224034792 0.5023036336544368
910.5336643246006 0.5023152443096289
910.539806245722 0.5023264614831169
910.5459481668435 0.5023372730716916
910.5520900879649 0.50234766897269
910.5582320090862 0.5023576410774493
910.5643739302076 0.5023671832554222
910.570515851329 0.5023762913291434
910.5766577724504 0.5023849630402943
910.5827996935718 0.5023931980071434
910.5889416146931 0.5024009976736933
910.5950835358145 0.5024083652508982
910.6012254569359 0.502415305650356
910.6073673780573 0.5024218254109134
910.6135092991788 0.5024279326186578
910.6196512203 0.5024336368207941
910.6257931414215 0.5024389489339418
910.6319350625429 0.5024438811473999
910.6380769836643 0.5024484468219588
910.6442189047856 0.5024526603848509
910.650360825907 0.5024565372214481
910.6565027470284 0.5024600935643249
910.6626446681498 0.5024633463803162
910.6687865892712 0.5024663132562003
910.6749285103925 0.5024690122836427
910.681070431514 0.5024714619440299
910.6872123526354 0.5024736809938204
910.6933542737568 0.502475688351031
910.6994961948782 0.5024775029834595
910.7056381159995 0.5024791437992375
910.7117800371209 0.5024806295402817
910.7179219582423 0.5024819786791935
910.7240638793637 0.5024832093201311
910.7302058004851 0.502484339104154
910.7363477216064 0.5024853851195041
910.7424896427278 0.5024863638172629
910.7486315638492 0.5024872909327825
910.7547734849707 0.5024881814132584
910.760915406092 0.5024890493517654
910.7670573272134 0.5024899079280497
910.7731992483348 0.5024907693563145
910.7793411694562 0.5024916448402078
910.7854830905776 0.5024925445351657
910.7916250116989 0.5024934775182306
910.7977669328203 0.5024944517654113
910.8039088539417 0.5024954741366092
910.8100507750631 0.5024965503680955
910.8161926961845 0.5024976850724693
910.8223346173058 0.5024988817459952
910.8284765384273 0.5025001427831643
910.8346184595487 0.5025014694982888
910.8407603806701 0.5025028621538968
910.8469023017915 0.5025043199956535
910.8530442229128 0.5025058412935013
910.8591861440342 0.5025074233886718
910.8653280651556 0.5025090627461941
910.871469986277 0.5025107550124877
910.8776119073983 0.5025124950776061
910.8837538285197 0.5025142771416667
910.8898957496411 0.5025160947849832
910.8960376707626 0.5025179410413945
910.902179591884 0.5025198084742701
910.9083215130053 0.502521689254657
910.9144634341267 0.5025235752410228
910.9206053552481 0.5025254580600441
910.9267472763695 0.5025273291878861
910.9328891974909 0.5025291800314151
910.9390311186122 0.5025310020087952
910.9451730397336 0.5025327866289234
910.951314960855 0.5025345255691659
910.9574568819764 0.5025362107508746
910.9635988030979 0.5025378344121776
910.9697407242192 0.5025393891775564
910.9758826453406 0.5025408681237443
910.982024566462 0.5025422648415084
910.9881664875834 0.5025435734929
910.9943084087047 0.5025447888635923
911.0004503298261 0.5025459064099567
911.0065922509475 0.5025469223005595
911.0127341720689 0.5025478334518017
911.0188760931903 0.5025486375574578
911.0250180143116 0.5025493331119155
911.031159935433 0.5025499194269482
911.0373018565544 0.5025503966419061
911.0434437776759 0.5025507657272443
911.0495856987973 0.502551028481353
911.0557276199186 0.5025511875206949
