time TPR_both_C_open_1_rho13_real
0.0 0.0
0.00614192112138767 -0.00018812961011873395
0.01228384224277534 -0.000749623635943128
0.01842576336416301 -0.0016780340325216177
0.02456768448555068 -0.002964176792745659
0.030709605606938348 -0.004596248597922123
0.03685152672832602 -0.006559973812976532
0.042993447849713685 -0.00883877910984188
0.04913536897110136 -0.011413992550407375
0.05527729009248903 -0.014265063592867666
0.061419211213876695 -0.017369800209695824
0.06756113233526437 -0.02070461912570057
0.07370305345665204 -0.024244805101327878
0.07984497457803971 -0.027964775196958322
0.08598689569942737 -0.03183834405297197
0.09212881682081504 -0.03583898639984795
0.09827073794220272 -0.03994009326257017
0.10441265906359039 -0.04411521863268321
0.11055458018497806 -0.048338313737120414
0.11669650130636572 -0.05258394642267032
0.12283842242775339 -0.05682750358605192
0.12898034354914106 -0.06104537500000543
0.13512226467052874 -0.06521511730450442
0.1412641857919164 -0.0693155973393253
0.14740610691330408 -0.07332711438138526
0.15354802803469175 -0.07723150121064211
0.15968994915607942 -0.08101220425667886
0.16583187027746707 -0.08465434337065611
0.17197379139885474 -0.08814475202181499
0.17811571252024241 -0.09147199893316428
0.1842576336416301 -0.09462639234750514
0.19039955476301776 -0.09759996825359041
0.19654147588440543 -0.10038646400476657
0.2026833970057931 -0.10298127883124591
0.20882531812718078 -0.10538142278492335
0.21496723924856845 -0.1075854556653441
0.22110916036995612 -0.10959341746011066
0.2272510814913438 -0.11140675179576646
0.23339300261273144 -0.11302822383902464
0.2395349237341191 -0.11446183401601677
0.24567684485550678 -0.11571272883176334
0.25181876597689445 -0.11678710997588201
0.2579606870982821 -0.11769214279604781
0.2641026082196698 -0.11843586511010455
0.27024452934105747 -0.11902709721304078
0.27638645046244514 -0.11947535381814962
0.2825283715838328 -0.1197907585543027
0.2886702927052205 -0.1199839615249405
0.29481221382660816 -0.12006606032053377
0.30095413494799583 -0.120048524766176
0.3070960560693835 -0.11994312558077279
0.3132379771907712 -0.11976186702501176
0.31937989831215885 -0.1195169235228103
0.3255218194335465 -0.11922058015600898
0.33166374055493414 -0.11888517685534325
0.3378056616763218 -0.1185230560427037
0.3439475827977095 -0.11814651342079228
0.35008950391909716 -0.11776775155679832
0.35623142504048483 -0.11739883586685139
0.3623733461618725 -0.11705165257786634
0.3685152672832602 -0.11673786822299957
0.37465718840464785 -0.11646889021623316
0.3807991095260355 -0.11625582805047288
0.3869410306474232 -0.11610945467180302
0.39308295176881086 -0.11604016759995299
0.39922487289019853 -0.11605794939130634
0.4053667940115862 -0.11617232707559118
0.4115087151329739 -0.11639233024035467
0.41765063625436155 -0.11672644748801665
0.4237925573757492 -0.11718258104825144
0.4299344784971369 -0.11776799939314045
0.43607639961852457 -0.11848928777339975
0.44221832073991224 -0.11935229667038381
0.4483602418612999 -0.12036208823980538
0.4545021629826876 -0.12152288090842896
0.4606440841040752 -0.12283799237355808
0.4667860052254629 -0.12430978134603046
0.47292792634685055 -0.1259395884696723
0.4790698474682382 -0.12772767694266782
0.4852117685896259 -0.12967317345792106
0.49135368971101356 -0.13177401016898296
0.49749561083240124 -0.13402686847417528
0.5036375319537889 -0.136427125492763
0.5097794530751766 -0.13896880418194468
0.5159213741965643 -0.14164452811050043
0.5220632953179519 -0.1444454819625637
0.5282052164393396 -0.14736137889150175
0.5343471375607273 -0.15038043587760327
0.5404890586821149 -0.15348935826244017
0.5466309798035026 -0.15667333463564498
0.5527729009248903 -0.15991604323468378
0.558914822046278 -0.16319967098329466
0.5650567431676656 -0.16650494623797268
0.5711986642890533 -0.16981118623269442
0.577340585410441 -0.1730963601086474
0.5834825065318286 -0.17633716828695994
0.5896244276532163 -0.1795091387875406
0.595766348774604 -0.18258674091575128
0.6019082698959917 -0.18554351653089327
0.6080501910173793 -0.1883522288771098
0.614192112138767 -0.19098502869973202
0.6203340332601547 -0.1934136370905581
0.6264759543815424 -0.19560954420715282
0.63261787550293 -0.1975442226980365
0.6387597966243177 -0.19918935434260468
0.6449017177457054 -0.20051706808775796
0.651043638867093 -0.20150018733940878
0.6571855599884806 -0.20211248405396967
0.6633274811098683 -0.20232893688097997
0.669469402231256 -0.20212599034201165
0.6756113233526436 -0.20148181180192998
0.6817532444740313 -0.20037654280537998
0.687895165595419 -0.19879254122249126
0.6940370867168066 -0.19671461058090361
0.7001790078381943 -0.1941302129627847
0.706320928959582 -0.19102966192050272
0.7124628500809697 -0.187406292016108
0.7186047712023573 -0.1832566018187565
0.724746692323745 -0.17858036749931072
0.7308886134451327 -0.17338072453881428
0.7370305345665203 -0.16766421551114014
0.743172455687908 -0.16144080240132094
0.7493143768092957 -0.15472384246922175
0.7554562979306834 -0.14753002725084358
0.761598219052071 -0.13987928489279003
0.7677401401734587 -0.13179464662450127
0.7738820612948464 -0.12330207877259913
0.780023982416234 -0.11443028229708806
0.7861659035376217 -0.10521046236594969
0.7923078246590094 -0.0956760709698154
0.7984497457803971 -0.08586252600057116
0.8045916669017847 -0.07580691056769019
0.8107335880231724 -0.06554765659691288
0.8168755091445601 -0.05512421694323454
0.8230174302659478 -0.044576730352239934
0.8291593513873354 -0.03394568362137277
0.8353012725087231 -0.023271575248838678
0.8414431936301108 -0.012594584717694821
0.8475851147514984 -0.0019542513532376177
0.8537270358728861 0.008610833578585388
0.8598689569942738 0.019063318185988862
0.8660108781156615 0.02936736169725141
0.8721527992370491 0.03948888405065469
0.8782947203584368 0.049395791157927395
0.8844366414798245 0.059058174099000924
0.8905785626012122 0.06844848093709056
0.8967204837225998 0.07754166026907647
0.9028624048439875 0.08631527603970666
0.9090043259653752 0.09474959354311834
0.9151462470867628 0.10282763690642538
0.9212881682081504 0.11053521869347822
0.9274300893295381 0.11786094257911138
0.9335720104509257 0.12479618032283547
0.9397139315723134 0.1313350245143344
0.9458558526937011 0.13747421877027632
0.9519977738150888 0.14321306723241153
0.9581396949364764 0.14855332535077412
0.9642816160578641 0.15349907403355642
0.9704235371792518 0.15805657930780284
0.9765654583006395 0.16223413966377487
0.9827073794220271 0.16604192325231235
0.9888493005434148 0.1694917970707273
0.9949912216648025 0.17259715021099856
1.0011331427861903 0.17537271315685432
1.0072750639075778 0.1778343750065759
1.0134169850289656 0.17999900036909325
1.0195589061503532 0.18188424753544025
1.025700827271741 0.183508389369305
1.0318427483931285 0.1848901381927534
1.0379846695145163 0.18604847576975847
1.0441265906359039 0.18700248931444724
1.0502685117572914 0.18777121427638768
1.0564104328786792 0.18837348448504124
1.0625523540000668 0.1888277900727422
1.0686942751214545 0.18915214344300438
1.074836196242842 0.18936395341106627
1.0809781173642299 0.18947990751848043
1.0871200384856174 0.18951586241498797
1.0932619596070052 0.18948674211025499
1.0994038807283928 0.18940644382627744
1.1055458018497806 0.18928775112897334
1.1116877229711681 0.18914225398492857
1.117829644092556 0.1889802753763153
1.1239715652139435 0.1888108041132417
1.1301134863353313 0.18864143350746823
1.1362554074567188 0.18847830561355117
1.1423973285781066 0.18832606080179135
1.1485392496994942 0.18818779250041562
1.154681170820882 0.18806500703054363
1.1608230919422695 0.1879575885548546
1.1669650130636573 0.1878637692674684
1.1731069341850449 0.18778010506625464
1.1792488553064326 0.18770145706727132
1.1853907764278202 0.1876209794418941
1.191532697549208 0.1875301141778341
1.1976746186705955 0.18741859348294704
1.2038165397919833 0.1872744506626325
1.209958460913371 0.18708404040471055
1.2161003820347587 0.1868320694967708
1.2222423031561462 0.18650163907685147
1.228384224277534 0.18607429957549307
1.2345261453989216 0.1855301195422419
1.2406680665203094 0.18484776955898455
1.246809987641697 0.18400462242252363
1.2529519087630847 0.18297687072605343
1.2590938298844723 0.1817396628803179
1.26523575100586 0.18026725848713285
1.2713776721272476 0.17853320380791024
1.2775195932486354 0.17651052785563404
1.283661514370023 0.17417195937888758
1.2898034354914107 0.1714901647003532
1.2959453566127983 0.1684380060200826
1.302087277734186 0.16498881939737856
1.3082291988555736 0.16111671118737192
1.3143711199769612 0.15679687123395147
1.320513041098349 0.15200590061597563
1.3266549622197366 0.1467221512168954
1.3327968833411243 0.1409260738491822
1.338938804462512 0.13460057112633342
1.3450807255838997 0.12773135075058725
1.3512226467052872 0.12030727438932862
1.357364567826675 0.11232069686437861
1.3635064889480626 0.10376778999377231
1.3696484100694504 0.09464884512355559
1.375790331190838 0.0849685481857467
1.3819322523122257 0.07473622103526036
1.3880741734336133 0.06396602286901523
1.394216094555001 0.05267710572796144
1.4003580156763886 0.040893718437422094
1.4064999367977764 0.028645253858953435
1.412641857919164 0.01596623500909162
1.4187837790405518 0.0028962364427066014
1.4249257001619393 -0.01052026170878198
1.431067621283327 -0.02423408852737867
1.4372095424047147 -0.03819166617090042
1.4433514635261024 -0.05233536172871659
1.44949338464749 -0.06660390461675138
1.4556353057688778 -0.08093286566770663
1.4617772268902653 -0.09525519270732524
1.4679191480116531 -0.10950179610838706
1.4740610691330407 -0.12360217662208503
1.4802029902544285 -0.13748508674066023
1.486344911375816 -0.1510792159813034
1.4924868324972038 -0.16431388982970388
1.4986287536185914 -0.17711977166588583
1.5047706747399792 -0.18942955683078913
1.5109125958613667 -0.20117864808632138
1.5170545169827545 -0.21230580207194336
1.523196438104142 -0.22275373695563472
1.5293383592255299 -0.23246969229590625
1.5354802803469174 -0.24140593314611325
1.5416222014683052 -0.24952019160786665
1.5477641225896928 -0.2567760403371338
1.5539060437110805 -0.2631431938819693
1.560047964832468 -0.26859773514101504
1.5661898859538559 -0.2731222656342815
1.5723318070752434 -0.2767059796324843
1.578473728196631 -0.27934466346315384
1.5846156493180188 -0.28104062247153333
1.5907575704394064 -0.2818025391394508
1.5968994915607941 -0.28164526674073215
1.6030414126821817 -0.28058956362953463
1.6091833338035695 -0.2786617738174396
1.615325254924957 -0.27589345990171776
1.6214671760463448 -0.27232099467149734
1.6276090971677324 -0.26798511785518303
1.6337510182891202 -0.26293046449845864
1.6398929394105077 -0.25720507139575943
1.6460348605318955 -0.25085986785726816
1.652176781653283 -0.243948156895016
1.6583187027746709 -0.2365250926701357
1.6644606238960584 -0.2286471597705186
1.6706025450174462 -0.22037165959279492
1.6767444661388338 -0.21175620879030543
1.6828863872602216 -0.20285825442236882
1.6890283083816091 -0.1937346101000624
1.695170229502997 -0.18444101706861615
1.7013121506243845 -0.1750317337939827
1.7074540717457722 -0.16555915722854098
1.7135959928671598 -0.15607347851594908
1.7197379139885476 -0.1466223754566449
1.7258798351099351 -0.13725074359360562
1.732021756231323 -0.1280004672947443
1.7381636773527105 -0.11891023170762828
1.7443055984740983 -0.11001537594984208
1.7504475195954858 -0.10134778738169364
1.7565894407168736 -0.09293583629584176
1.7627313618382612 -0.0848043498604311
1.768873282959649 -0.0769746236785055
1.7750152040810365 -0.06946446888673369
1.7811571252024243 -0.062288292320138876
1.7872990463238119 -0.05545720692478869
1.7934409674451997 -0.04897916931406941
1.7995828885665872 -0.042859141141274135
1.805724809687975 -0.03709927080491166
1.8118667308093626 -0.031699091914513304
1.8180086519307503 -0.026655734922932252
1.824150573052138 -0.02196414837347972
1.8302924941735257 -0.017617326312341797
1.8364344152949132 -0.013606538572767684
1.8425763364163008 -0.009921560840587396
1.8487182575376886 -0.006550901652970373
1.8548601786590762 -0.003482023755755965
1.861002099780464 -0.0007015575407789994
1.8671440209018515 0.0018044954048992076
1.8732859420232393 0.004050570288974163
1.8794278631446268 0.006051359978089343
1.8855697842660146 0.007821649762530795
1.8917117053874022 0.009376166752158153
1.89785362650879 0.010729444356651048
1.9039955476301775 0.011895702047189047
1.9101374687515653 0.01288874036524083
1.9162793898729529 0.013721850939092967
1.9224213109943407 0.014407741091119508
1.9285632321157282 0.014958472468800846
1.934705153237116 0.015385413009684412
1.9408470743585036 0.015699201453781904
1.9469889954798913 0.015909723544794658
1.953130916601279 0.016026099012138074
1.9592728377226667 0.01605667839683154
1.9654147588440543 0.01600904877356932
1.971556679965442 0.015890047426253353
1.9776986010868296 0.015705782552477707
1.9838405222082174 0.01546166010149291
1.989982443329605 0.015162415887716803
1.9961243644509927 0.014812152165720146
2.0022662855723805 0.01441437790078184
2.008408206693768 0.013972052019774958
2.0145501278151556 0.01348762897870588
2.020692048936543 0.012963106034316673
2.026833970057931 0.012400071656633965
2.0329758911793188 0.011799754566299203
2.0391178123007063 0.011163072924273177
2.045259733422094 0.010490683241620842
2.051401654543482 0.009783028613330197
2.0575435756648695 0.009040385912477251
2.063685496786257 0.008262911609702536
2.0698274179076446 0.0074506859082685215
2.0759693390290326 0.006603754907448504
2.08211126015042 0.005722170527309795
2.0882531812718077 0.004806027946870759
2.0943951023931953 0.003855500325975342
2.100537023514583 0.0028708705999314905
2.106678944635971 0.0018525601558829368
2.1128208657573584 0.0008011542218698266
2.118962786878746 -0.00028257617567338625
2.1251047080001335 -0.0013976558020329295
2.1312466291215215 -0.0025428904359704493
2.137388550242909 -0.0037168557711248986
2.1435304713642966 -0.004917890005146188
2.149672392485684 -0.0061440900812152754
2.155814313607072 -0.007393311500374819
2.1619562347284598 -0.008663171575085423
2.1680981558498473 -0.009951055945948214
2.174240076971235 -0.01125412813616331
2.180381998092623 -0.012569341873789474
2.1865239192140105 -0.013893455872112083
2.192665840335398 -0.015223050725316451
2.1988077614567856 -0.01655454755201233
2.2049496825781736 -0.0178842280045728
2.211091603699561 -0.019208255259017967
2.2172335248209487 -0.020522695609140783
2.2233754459423363 -0.021823540310048885
2.2295173670637243 -0.023106727349989663
2.235659288185112 -0.024368162874280144
2.2418012093064994 -0.025603742039765953
2.247943130427887 -0.026809369140234608
2.254085051549275 -0.027980976909807283
2.2602269726706625 -0.02911454497928469
2.26636889379205 -0.030206117526206465
2.2725108149134376 -0.031251820219374976
2.2786527360348257 -0.03224787660929023
2.284794657156213 -0.03319062415415949
2.2909365782776008 -0.03407653009424455
2.2970784993989883 -0.03490220739337747
2.3032204205203763 -0.035664430954486216
2.309362341641764 -0.03636015428588828
2.3155042627631515 -0.03698652674793962
2.321646183884539 -0.037540911447405775
2.327788105005927 -0.03802090377263628
2.3339300261273146 -0.03842435048006458
2.340071947248702 -0.0387493691561241
2.3462138683700897 -0.038994367793128294
2.3523557894914777 -0.03915806413786367
2.3584977106128653 -0.039239504402249284
2.364639631734253 -0.0392380808706132
2.3707815528556404 -0.039153547901394185
2.376923473977028 -0.038986035804934004
2.383065395098416 -0.038736062084941396
2.3892073162198035 -0.0384045395594808
2.395349237341191 -0.037992780927090186
2.4014911584625787 -0.03750249941287761
2.4076330795839667 -0.036935805215214376
2.4137750007053542 -0.03629519757216837
2.419916921826742 -0.03558355237377197
2.4260588429481293 -0.03480410535695076
2.4322007640695174 -0.03396043102976416
2.438342685190905 -0.03305641757605303
2.4444846063122925 -0.03209623808662134
2.45062652743368 -0.03108431854531406
2.456768448555068 -0.03002530306518349
2.4629103696764556 -0.028924016919638876
2.469052290797843 -0.02778542794522551
2.4751942119192307 -0.026614606906548332
2.4813361330406187 -0.02541668741071442
2.4874780541620063 -0.024196825940095177
2.493619975283394 -0.022960162540324288
2.4997618964047814 -0.021711782657766732
2.5059038175261694 -0.020456680569943722
2.512045738647557 -0.019199724796360538
2.5181876597689445 -0.01794562581853788
2.524329580890332 -0.016698906379245593
2.53047150201172 -0.01546387457410158
2.5366134231331077 -0.014244599895555656
2.5427553442544952 -0.013044892341115789
2.548897265375883 -0.011868284655341023
2.555039186497271 -0.010718017739042124
2.5611811076186584 -0.009597029229339107
2.567323028740046 -0.008507945230436648
2.5734649498614335 -0.007453075156649074
2.5796068709828215 -0.006434409635603666
2.585748792104209 -0.005453621409826174
2.5918907132255966 -0.004512069168167773
2.598032634346984 -0.003610804233876724
2.604174555468372 -0.00275058003271584
2.6103164765897597 -0.0019318642616300208
2.6164583977111473 -0.0011548536754433037
2.622600318832535 -0.00041949140539819713
2.6287422399539224 0.00027451328134304754
2.6348841610753104 0.0009276628781075342
2.641026082196698 0.001540647295358748
2.6471680033180855 0.0021143173909064874
2.653309924439473 0.002649656497558938
2.659451845560861 0.0031477500841667065
2.6655937666822487 0.0036097536995346566
2.6717356878036362 0.004036859363573337
2.677877608925024 0.004430260586248441
2.684019530046412 0.004791116212278176
2.6901614511677994 0.00512051330805786
2.696303372289187 0.005419429326885534
2.7024452934105745 0.00568869380916377
2.7085872145319625 0.005928949895781288
2.71472913565335 0.006140615955252634
2.7208710567747376 0.006323847648291556
2.727012977896125 0.006478500777161732
2.733154899017513 0.006604095291164186
2.7392968201389007 0.006699780843714479
2.7454387412602883 0.006764304320266365
2.751580662381676 0.0067959797794162865
2.757722583503064 0.0067926612713294756
2.7638645046244514 0.006751719017537713
2.770006425745839 0.006670019453437552
2.7761483468672266 0.006543909648653577
2.7822902679886146 0.006369206629914461
2.788432189110002 0.0061411921352584565
2.7945741102313897 0.0058546133262054895
2.8007160313527772 0.005503689974956963
2.8068579524741653 0.005082128625634958
2.812999873595553 0.00458314420101367
2.8191417947169404 0.003999489488124994
2.825283715838328 0.003323492886633839
2.831425636959716 0.0025471047421847717
2.8375675580811035 0.0016619525123984273
2.843709479202491 0.0006594049254125013
2.8498514003238786 -0.00046935481036710025
2.8559933214452666 -0.001733246801232354
2.862135242566654 -0.003141203451337968
2.8682771636880418 -0.004702069957325559
2.8744190848094293 -0.006424496788554747
2.8805610059308173 -0.008316824787584606
2.886702927052205 -0.010386963693735747
2.8928448481735924 -0.012642265066117991
2.89898676929498 -0.015089390758688606
2.9051286904163676 -0.017734178275576648
2.9112706115377556 -0.020581504506555753
2.917412532659143 -0.023635149506324216
2.9235544537805307 -0.026897662133024074
2.9296963749019183 -0.030370229496846767
2.9358382960233063 -0.0340525522841386
2.941980217144694 -0.037942728111594555
2.9481221382660814 -0.04203714512443578
2.954264059387469 -0.04633038807760867
2.960405980508857 -0.05081515912604069
2.9665479016302445 -0.05548221549531646
2.972689822751632 -0.06032032610487542
2.9788317438730196 -0.06531624906981795
2.9849736649944076 -0.07045473181336982
2.991115586115795 -0.07571853527977904
2.9972575072371828 -0.08108848344784143
3.0033994283585703 -0.0865435390105923
3.0095413494799583 -0.09206090571051374
3.015683270601346 -0.09761615740684866
3.0218251917227335 -0.10318339350860953
3.027967112844121 -0.10873541994131138
3.034109033965509 -0.11424395433624819
3.0402509550868966 -0.11967985364828775
3.046392876208284 -0.12501336193255483
3.0525347973296717 -0.13021437555351914
3.0586767184510597 -0.13525272267370295
3.0648186395724473 -0.1400984534852606
3.070960560693835 -0.14472213731741093
3.0771024818152224 -0.14909516248668914
3.0832444029366104 -0.15319003456458424
3.089386324057998 -0.1569806686261445
3.0955282451793855 -0.1604426710194513
3.101670166300773 -0.16355360626319101
3.107812087422161 -0.1662932448391703
3.1139540085435486 -0.1686437878972852
3.120095929664936 -0.17059006522829806
3.1262378507863238 -0.17211970327842346
3.1323797719077118 -0.17322326047036898
3.1385216930290993 -0.17389432764718868
3.144663614150487 -0.17412959205530723
3.1508055352718745 -0.17392886391717532
3.156947456393262 -0.17329506529705027
3.16308937751465 -0.17223418161972617
3.1692312986360376 -0.17075517684605138
3.175373219757425 -0.16886987392569217
3.1815151408788127 -0.16659280272274957
3.1876570620002007 -0.16394101813086276
3.1937989831215883 -0.16093389155046858
3.199940904242976 -0.15759287928312765
3.2060828253643634 -0.15394127169973776
3.2122247464857514 -0.15000392725685083
3.218366667607139 -0.14580699556641064
3.2245085887285265 -0.14137763376954732
3.230650509849914 -0.13674372042730631
3.236792430971302 -0.13193357102501077
3.2429343520926897 -0.126975658998722
3.249076273214077 -0.12189834593974781
3.2552181943354648 -0.11672962432521497
3.261360115456853 -0.1114968757690014
3.2675020365782403 -0.10622664739788407
3.273643957699628 -0.1009444485428144
3.2797858788210155 -0.09567456950484828
3.2859277999424035 -0.09043992371912042
3.292069721063791 -0.08526191420743356
3.2982116421851786 -0.08016032478884805
3.304353563306566 -0.07515323611549903
3.310495484427954 -0.07025696622414433
3.3166374055493417 -0.06548603494799042
3.3227793266707293 -0.060853151222415205
3.328921247792117 -0.05636922204547296
3.335063168913505 -0.05204338162165036
3.3412050900348924 -0.047883039026354796
3.34734701115628 -0.043893942579234985
3.3534889322776675 -0.04008025900598058
3.3596308533990555 -0.03644466539927979
3.365772774520443 -0.03298845195802174
3.3719146956418307 -0.029711633486943043
3.3780566167632182 -0.026613067673606147
3.3841985378846062 -0.023690578222381176
3.390340459005994 -0.020941081012253115
3.3964823801273814 -0.01836071155291512
3.402624301248769 -0.01594495213780212
3.4087662223701565 -0.013688757229567628
3.4149081434915445 -0.011586675759219641
3.421050064612932 -0.009632969171101846
3.4271919857343196 -0.00782172419876876
3.433333906855707 -0.006146959508484018
3.439475827977095 -0.004602725494829518
3.4456177490984827 -0.0031831966543694966
3.4517596702198703 -0.0018827560964679217
3.457901591341258 -0.0006960718735997199
3.464043512462646 0.00038183507439630034
3.4701854335840334 0.001355531467543117
3.476327354705421 0.0022291207421713615
3.4824692758268085 0.0030062005592350416
3.4886111969481965 0.00368982864446195
3.494753118069584 0.004282496789559643
3.5008950391909717 0.004786112804181246
3.5070369603123592 0.0052019901791354375
3.5131788814337472 0.005530845201298379
3.519320802555135 0.005772801248603726
3.5254627236765224 0.005927399988004255
3.53160464479791 0.005993619198996369
3.537746565919298 0.005969896948731066
3.5438884870406855 0.005854161850449651
3.550030408162073 0.00564386914356316
3.5561723292834606 0.00533604233977966
3.5623142504048486 0.0049273201840017156
3.568456171526236 0.0044140086801019995
3.5745980926476237 0.003792137929110439
3.5807400137690113 0.0030575235199320197
3.5868819348903993 0.0022058321997582646
3.593023856011787 0.0012326515323157832
3.5991657771331744 0.00013356322669695996
3.605307698254562 -0.0010957802123694235
3.61144961937595 -0.002459575900213402
3.6175915404973376 -0.0039617884856012284
3.623733461618725 -0.005606066043313962
3.6298753827401127 -0.007395654481971533
3.6360173038615007 -0.009333311061412466
3.6421592249828882 -0.01142121767477048
3.648301146104276 -0.013660894612427036
3.6544430672256634 -0.016053115586750273
3.6605849883470514 -0.018597824856307243
3.666726909468439 -0.021294057344310932
3.6728688305898265 -0.02413986269661685
3.679010751711214 -0.0271322342677672
3.6851526728326016 -0.03026704405754651
3.6912945939539896 -0.0335389846434615
3.697436515075377 -0.03694151916477107
3.7035784361967647 -0.04046684040957399
3.7097203573181523 -0.04410584003657565
3.7158622784395403 -0.04784808892625854
3.722004199560928 -0.05168182960125903
3.7281461206823154 -0.05559398158204664
3.734288041803703 -0.0595701604510379
3.740429962925091 -0.06359471128588728
3.7465718840464786 -0.06765075699104951
3.752713805167866 -0.0717202619063129
3.7588557262892537 -0.07578411090274914
3.7649976474106417 -0.07982220399167708
3.7711395685320293 -0.08381356627246864
3.777281489653417 -0.08773647283241598
3.7834234107748044 -0.09156858798893489
3.7895653318961924 -0.09528711803403225
3.79570725301758 -0.09886897640657198
3.8018491741389675 -0.10229095998320056
3.807991095260355 -0.10552993494799669
3.814133016381743 -0.10856303047849303
3.8202749375031306 -0.11136783827647069
3.826416858624518 -0.11392261578085613
3.8325587797459058 -0.11620649073226541
3.8387007008672938 -0.11819966461934209
3.8448426219886813 -0.11988361243096947
3.850984543110069 -0.12124127607032639
3.8571264642314564 -0.12225724876073449
3.8632683853528444 -0.1229179477927671
3.869410306474232 -0.12321177302975755
3.8755522275956196 -0.12312924870622877
3.881694148717007 -0.1226631462212642
3.887836069838395 -0.12180858584555049
3.8939779909597827 -0.1205631155244662
3.9001199120811703 -0.11892676526648704
3.906261833202558 -0.11690207595125733
3.912403754323946 -0.11449410176856605
3.9185456754453334 -0.1117103859006381
3.924687596566721 -0.10856090947710066
3.9308295176881085 -0.10505801425549825
3.936971438809496 -0.10121629990064675
3.943113359930884 -0.09705249714366435
3.9492552810522716 -0.09258531848662262
3.955397202173659 -0.08783528847238262
3.9615391232950468 -0.0828245558531274
3.9676810444164348 -0.07757669025828301
3.9738229655378223 -0.07211646617721852
3.97996488665921 -0.06646963723011864
3.9861068077805974 -0.0606627037991829
3.9922487289019855 -0.054722677130941366
3.998390650023373 -0.04867684299979632
4.004532571144761 -0.04255252794527532
4.010674492266149 -0.03637687096474557
4.016816413387536 -0.030176603364556725
4.022958334508924 -0.02397783925186237
4.029100255630311 -0.017805878893578604
4.035242176751699 -0.01168502688546761
4.041384097873086 -0.005638426770809251
4.047526018994474 0.00031208656781854657
4.053667940115862 0.006146115741089174
4.05980986123725 0.011844810226242243
4.0659517823586375 0.017390955908254044
4.072093703480025 0.02276904471258837
4.078235624601413 0.02796532453101674
4.0843775457228 0.032967829896873475
4.090519466844188 0.037766394094975786
4.096661387965575 0.04235264359202017
4.102803309086964 0.04671997584412148
4.108945230208351 0.05086352167861467
4.115087151329739 0.054780093557319415
4.1212290724511265 0.05846812110881111
4.127370993572514 0.061927575369035086
4.133512914693902 0.06515988319446181
4.139654835815289 0.06816783331190476
4.145796756936677 0.07095547544638499
4.151938678058065 0.07352801392551091
4.158080599179453 0.07589169709838034
4.16422252030084 0.07805370383171187
4.170364441422228 0.0800220282585141
4.176506362543615 0.08180536385781942
4.182648283665003 0.08341298784049923
4.1887902047863905 0.08485464670849585
4.194932125907778 0.08614044374537957
4.201074047029166 0.08728072908723931
4.207215968150554 0.08828599291663596
4.213357889271942 0.08916676222059065
4.219499810393329 0.08993350145803534
4.225641731514717 0.0905965173942968
4.231783652636104 0.09116586828126577
4.237925573757492 0.09165127749294212
4.2440674948788795 0.09206205166784119
4.250209416000267 0.09240700336286163
4.2563513371216555 0.0926943781880031
4.262493258243043 0.0929317863679189
4.268635179364431 0.09312613866461973
4.274777100485818 0.09328358659545787
4.280919021607206 0.09340946689135296
4.287060942728593 0.09350825016146327
4.293202863849981 0.09358349376136478
4.299344784971368 0.09363779890134313
4.305486706092757 0.0936727720785468
4.311628627214144 0.09368899097028068
4.317770548335532 0.09368597498429798
4.3239124694569195 0.09366216072411974
4.330054390578307 0.0936148826916022
4.336196311699695 0.0935403596135179
4.342338232821082 0.09343368684204517
4.34848015394247 0.09328883533891534
4.354622075063858 0.09309865780761638
4.360763996185246 0.09285490258548619
4.366905917306633 0.09254823594569164
4.373047838428021 0.09216827348588988
4.3791897595494085 0.09170362129368273
4.385331680670796 0.09114192757671659
4.391473601792184 0.09046994542538216
4.397615522913571 0.08967360733656349
4.40375744403496 0.08873811206593
4.409899365156347 0.0876480242922021
4.416041286277735 0.08638738746824343
4.422183207399122 0.08493985009965563
4.42832512852051 0.08328880553108119
4.434467049641897 0.08141754513345799
4.440608970763285 0.07930942457238137
4.4467508918846725 0.07694804259955253
4.452892813006061 0.07431743154781835
4.4590347341274486 0.07140225842817163
4.465176655248836 0.06818803522783604
4.471318576370224 0.06466133669673593
4.477460497491611 0.060810023590793585
4.483602418612999 0.056623469021169555
4.489744339734386 0.05209278524632411
4.495886260855774 0.047211047947106684
4.5020281819771615 0.04197351475324801
4.50817010309855 0.03637783455253227
4.5143120242199375 0.03042424392184491
4.520453945341325 0.024115746882607578
4.526595866462713 0.01745827411195346
4.5327377875841 0.010460817744867741
4.538879708705488 0.0031355379898414994
4.545021629826875 -0.004502162041715995
4.551163550948263 -0.012433596619047015
4.557305472069651 -0.02063679574446033
4.563447393191039 -0.029086544061966126
4.569589314312426 -0.03775446224676961
4.575731235433814 -0.04660913214999976
4.5818731565552016 -0.0556162662454109
4.588015077676589 -0.06473892113337891
4.594156998797977 -0.07393775401912922
4.600298919919364 -0.0831713202164831
4.606440841040753 -0.09239640885756123
4.61258276216214 -0.10156841313660933
4.618724683283528 -0.11064173060708068
4.624866604404915 -0.11957018831000783
4.631008525526303 -0.1283074868622199
4.6371504466476905 -0.13680765709688883
4.643292367769078 -0.14502552244507674
4.649434288890466 -0.1529171599905121
4.655576210011854 -0.16044035303135107
4.661718131133242 -0.16755502804774508
4.667860052254629 -0.17422366920281182
4.674001973376017 -0.18041170389180725
4.680143894497404 -0.18608785338930636
4.686285815618792 -0.19122444331151434
4.692427736740179 -0.19579766939066867
4.698569657861567 -0.19978781492765615
4.7047115789829554 -0.20317941722181285
4.710853500104343 -0.20596138124641317
4.716995421225731 -0.2081270398173583
4.723137342347118 -0.20967416046468423
4.729279263468506 -0.21060490013724997
4.735421184589893 -0.21092570972858424
4.741563105711281 -0.21064719118807176
4.747705026832668 -0.2097839106620494
4.753846947954056 -0.20835417168374898
4.759988869075444 -0.2063797528933473
4.766130790196832 -0.20388561511768363
4.7722727113182195 -0.20089958287516466
4.778414632439607 -0.19745200549983924
4.784556553560995 -0.19357540310702445
4.790698474682382 -0.18930410256051183
4.79684039580377 -0.18467386845886757
4.802982316925157 -0.17972153394686294
4.809124238046546 -0.17448463588889845
4.815266159167933 -0.16900105862529197
4.821408080289321 -0.16330869017962646
4.8275500014107084 -0.15744509440514778
4.833691922532096 -0.15144720215856022
4.839833843653484 -0.1453510241774499
4.845975764774871 -0.13919138791893554
4.852117685896259 -0.13300170019705593
4.858259607017647 -0.12681373703919596
4.864401528139035 -0.1206574617713203
4.870543449260422 -0.11456087194137704
4.87668537038181 -0.10854987530316558
4.882827291503197 -0.10264819471238645
4.888969212624585 -0.09687730143558813
4.8951111337459725 -0.09125637604439828
4.90125305486736 -0.08580229576481901
4.9073949759887485 -0.0805296468774232
4.913536897110136 -0.07545076052175645
4.919678818231524 -0.07057577004956536
4.925820739352911 -0.06591268789863626
4.931962660474299 -0.061467499823519865
4.938104581595686 -0.05724427422206151
4.944246502717074 -0.053245284237595135
4.9503884238384614 -0.04947114029528171
4.95653034495985 -0.04592093074602469
4.9626722660812375 -0.04259236834060111
4.968814187202625 -0.03948194033736913
4.974956108324013 -0.036585060155835784
4.9810980294454 -0.03389621862171177
4.987239950566788 -0.031409133002713314
4.993381871688175 -0.029116892203953106
4.999523792809563 -0.027012096672872327
5.00566571393095 -0.025086991751930184
5.011807635052339 -0.023333593408484763
5.017949556173726 -0.021743805461540176
5.024091477295114 -0.02030952761073392
5.0302333984165015 -0.019022753750964173
5.036375319537889 -0.01787566022375122
5.042517240659277 -0.01686068381165017
5.048659161780664 -0.015970589423155587
5.054801082902052 -0.015198527541447852
5.06094300402344 -0.014538081620400949
5.067084925144828 -0.013983305705331423
5.073226846266215 -0.0135287526342536
5.079368767387603 -0.013169493238523464
5.0855106885089905 -0.012901127010594973
5.091652609630378 -0.012719784742338683
5.097794530751766 -0.012622123661317208
5.103936451873153 -0.012605315606055188
5.110078372994542 -0.012667028786240474
5.116220294115929 -0.012805403671544261
5.122362215237317 -0.0130190235449334
5.128504136358704 -0.013306880244513958
5.134646057480092 -0.013668335603537753
5.140787978601479 -0.014103079082582202
5.146929899722867 -0.01461108207228344
5.1530718208442545 -0.015192549330425832
5.159213741965643 -0.01584786800455434
5.1653556630870305 -0.016577554681285016
5.171497584208418 -0.017382200896651927
5.177639505329806 -0.0182624175384643
5.183781426451193 -0.019218778571856682
5.189923347572581 -0.02025176452291359
5.196065268693968 -0.021361706162140715
5.202207189815356 -0.02254872883915569
5.208349110936744 -0.02381269793161601
5.214491032058132 -0.0251531658842581
5.2206329531795195 -0.02656932132700957
5.226774874300907 -0.028059940773358407
5.232916795422295 -0.02962334341032042
5.239058716543682 -0.03125734949819513
5.24520063766507 -0.032959242900569743
5.251342558786457 -0.0347257382614817
5.257484479907845 -0.03655295333611613
5.263626401029233 -0.03843638696285009
5.269768322150621 -0.04037090313698962
5.275910243272008 -0.04235072160952193
5.282052164393396 -0.04436941538723304
5.2881940855147835 -0.04641991545352302
5.294336006636171 -0.04849452296241654
5.300477927757559 -0.050584929082184885
5.306619848878946 -0.05268224258057785
5.312761770000335 -0.05477702515215294
5.318903691121722 -0.056859334391128835
5.32504561224311 -0.05891877421238619
5.331187533364497 -0.06094455242069633
5.337329454485885 -0.06292554502611898
5.3434713756072725 -0.06485036680396562
5.34961329672866 -0.06670744750293893
5.355755217850048 -0.06848511301707787
5.361897138971436 -0.07017167075781362
5.368039060092824 -0.07175549839335245
5.374180981214211 -0.07322513506500765
5.380322902335599 -0.07456937414488625
5.386464823456986 -0.0757773565670053
5.392606744578374 -0.07683866374458805
5.398748665699761 -0.0777434090797403
5.404890586821149 -0.07848232707739738
5.411032507942537 -0.07904685909258809
5.417174429063925 -0.07942923476775234
5.4233163501853126 -0.07962254825406874
5.4294582713067 -0.0796208283565122
5.435600192428088 -0.07941910179576993
5.441742113549475 -0.07901344884046488
5.447884034670863 -0.07840105062982876
5.45402595579225 -0.07758022757972019
5.460167876913639 -0.0765504683435867
5.466309798035026 -0.07531244888469439
5.472451719156414 -0.07386804130686521
5.4785936402778015 -0.07222031218827837
5.484735561399189 -0.07037351026672806
5.490877482520577 -0.06833304343504353
5.497019403641964 -0.06610544512183612
5.503161324763352 -0.06369833025465027
5.509303245884739 -0.06112034112883581
5.515445167006128 -0.0583810836344345
5.521587088127515 -0.05549105442302027
5.527729009248903 -0.052461559724251094
5.53387093037029 -0.04930462664502518
5.540012851491678 -0.04603290789946
5.5461547726130656 -0.04265958102220049
5.552296693734453 -0.03919824320760108
5.558438614855841 -0.035662802990105116
5.564580535977229 -0.03206737003401398
5.570722457098617 -0.028426144331649895
5.576864378220004 -0.024753306116160067
5.583006299341392 -0.021062907778115834
5.589148220462779 -0.017368769033630868
5.595290141584167 -0.01368437652679604
5.6014320627055545 -0.010022788962408068
5.607573983826942 -0.006396548758594741
5.6137159049483305 -0.0028176010859688456
5.619857826069718 0.0007027789761668138
5.625999747191106 0.004154050581492197
5.632141668312493 0.007526462121946497
5.638283589433881 0.010811096814479493
5.644425510555268 0.013999908736755268
5.650567431676656 0.017085749322761582
5.656709352798043 0.020062384463418376
5.662851273919432 0.022924502479373977
5.668993195040819 0.025667713341074497
5.675135116162207 0.028288539603335012
5.681277037283595 0.030784399597069398
5.687418958404982 0.03315358347918308
5.69356087952637 0.035395222783061175
5.699702800647757 0.037509254137249
5.705844721769145 0.03949637782988111
5.711986642890533 0.04135801189255927
5.718128564011921 0.04309624236134389
5.724270485133308 0.044713770346107275
5.730412406254696 0.04621385650458447
5.7365543273760835 0.04760026347595374
5.742696248497471 0.048877196782541994
5.748838169618859 0.050049244659053936
5.754980090740246 0.051121317218209804
5.761122011861635 0.05209858531133793
5.767263932983022 0.05298641939362582
5.77340585410441 0.053790328657536024
5.779547775225797 0.05451590065531369
5.785689696347185 0.05516874159335242
5.7918316174685724 0.05575441744809222
5.79797353858996 0.05627839602559399
5.804115459711348 0.056745990065336434
5.810257380832735 0.057162301473358414
5.816399301954124 0.057532166760763066
5.822541223075511 0.057860103760851406
5.828683144196899 0.05815025970171268
5.834825065318286 0.058406360720848476
5.840966986439674 0.05863166292412357
5.847108907561061 0.058828905112749394
5.853250828682449 0.05900026332874046
5.8593927498038365 0.059147307400898345
5.865534670925225 0.05927095970933973
5.8716765920466125 0.059371456426273464
5.877818513168 0.05944831153342464
5.883960434289388 0.05950028396139453
5.890102355410775 0.059525348242395686
5.896244276532163 0.059520669114198586
5.90238619765355 0.05948258055861961
5.908528118774938 0.05940656980123112
5.914670039896326 0.059287266838831544
5.920811961017714 0.059118440096132395
5.9269538821391015 0.05889299884156753
5.933095803260489 0.05860300301251522
5.939237724381877 0.05823968111088081
5.945379645503264 0.05779345682925588
5.951521566624652 0.057253985054064656
5.957663487746039 0.05661019786360146
5.963805408867428 0.05585036109409696
5.969947329988815 0.054962141984497205
5.976089251110203 0.05393268832924087
5.98223117223159 0.05274871946695918
5.988373093352978 0.05139662931095741
5.9945150144743655 0.04986260148419539
6.000656935595753 0.04813273645729865
6.006798856717141 0.04619319040341998
6.012940777838529 0.04403032527959581
6.019082698959917 0.041630869422264453
6.025224620081304 0.038982087707148734
6.031366541202692 0.036071960073765404
6.037508462324079 0.032889366956133884
6.043650383445467 0.029424279898281742
6.0497923045668545 0.025667955371063277
6.055934225688242 0.02161312955148507
6.06207614680963 0.017254211583655248
6.068218067931018 0.012587472618648827
6.074359989052406 0.007611227736416738
6.080501910173793 0.0023260076939982757
6.086643831295181 -0.003265282671604336
6.092785752416568 -0.009157222622983604
6.098927673537956 -0.015341753529396767
6.105069594659343 -0.02180807989065282
6.111211515780731 -0.028542596442322564
6.117353436902119 -0.03552884420901531
6.123495358023507 -0.04274749809941446
6.1296372791448945 -0.050176388287968804
6.135779200266282 -0.05779055720526061
6.14192112138767 -0.06556235346603287
6.148063042509057 -0.07346156350698198
6.154204963630445 -0.08145558109441978
6.160346884751832 -0.08950961420583498
6.166488805873221 -0.09758692810246128
6.172630726994608 -0.1056491227073014
6.178772648115996 -0.11365644170129931
6.1849145692373835 -0.12156811006720107
6.191056490358771 -0.12934269616429564
6.197198411480159 -0.1369384938258167
6.203340332601546 -0.1443139194516996
6.209482253722934 -0.1514279186386508
6.215624174844322 -0.15824037656111292
6.22176609596571 -0.1647125261021561
6.227908017087097 -0.1708073476409679
6.234049938208485 -0.17648995443841708
6.240191859329872 -0.18172795772536354
6.24633378045126 -0.1864918058874681
6.2524757015726475 -0.19075509254893547
6.258617622694035 -0.1944948288761037
6.2647595438154235 -0.19769167603709323
6.270901464936811 -0.20033013445016284
6.277043386058199 -0.20239868721318843
