time TPR_both_B_open_1_rho11
0.0 1.0
0.00614192112138767 0.9999984979300076
0.01228384224277534 0.9999940257630451
0.01842576336416301 0.9999866492114554
0.02456768448555068 0.9999764530330915
0.030709605606938348 0.9999635403078935
0.03685152672832602 0.9999480315788833
0.042993447849713685 0.9999300638645938
0.04913536897110136 0.9999097895508046
0.05527729009248903 0.9998873751702573
0.061419211213876695 0.9998630000797567
0.06756113233526437 0.9998368550447274
0.07370305345665204 0.9998091407418886
0.07984497457803971 0.999780066191225
0.08598689569942737 0.9997498471288668
0.09212881682081504 0.9997187043328478
0.09827073794220272 0.9996868619139766
0.10441265906359039 0.9996545455842465
0.11055458018497806 0.9996219809153066
0.11669650130636572 0.9995893915995314
0.12283842242775339 0.999556997726156
0.12898034354914106 0.9995250140847901
0.13512226467052874 0.9994936485083852
0.1412641857919164 0.9994631002674158
0.14740610691330408 0.9994335585266376
0.15354802803469175 0.9994052008753185
0.15968994915607942 0.9993781919413006
0.16583187027746707 0.9993526820986418
0.17197379139885474 0.9993288062779201
0.17811571252024241 0.9993066828875563
0.1842576336416301 0.9992864128537339
0.19039955476301776 0.999268078785666
0.19654147588440543 0.9992517442720982
0.2026833970057931 0.9992374533140249
0.20882531812718078 0.9992252298976727
0.21496723924856845 0.9992150777108418
0.22110916036995612 0.9992069800047259
0.2272510814913438 0.9992008996023424
0.23339300261273144 0.9991967790537207
0.2395349237341191 0.9991945409370002
0.24567684485550678 0.9991940883036123
0.25181876597689445 0.9991953052647534
0.2579606870982821 0.9991980577154044
0.2641026082196698 0.9992021941912324
0.27024452934105747 0.9992075468528169
0.27638645046244514 0.999213932590788
0.2825283715838328 0.9992211542446512
0.2886702927052205 0.9992290019273079
0.29481221382660816 0.999237254446564
0.30095413494799583 0.9992456808142625
0.3070960560693835 0.9992540418330772
0.3132379771907712 0.9992620917504688
0.31937989831215885 0.9992695799688384
0.3255218194335465 0.999276252800516
0.33166374055493414 0.999281855255898
0.3378056616763218 0.9992861328527947
0.3439475827977095 0.9992888334348817
0.35008950391909716 0.9992897089870482
0.35623142504048483 0.9992885174354198
0.3623733461618725 0.9992850244199006
0.3685152672832602 0.9992790050272108
0.37465718840464785 0.9992702454726253
0.3807991095260355 0.9992585447189052
0.3869410306474232 0.9992437160212924
0.39308295176881086 0.9992255883878769
0.39922487289019853 0.9992040079451645
0.4053667940115862 0.9991788391992507
0.4115087151329739 0.9991499661836577
0.41765063625436155 0.9991172934855947
0.4237925573757492 0.9990807471431642
0.4299344784971369 0.9990402754068513
0.43607639961852457 0.9989958493594926
0.44221832073991224 0.99894746338982
0.4483602418612999 0.9988951355156115
0.4545021629826876 0.9988389075534423
0.4606440841040752 0.9987788451330206
0.4667860052254629 0.9987150375550926
0.47292792634685055 0.998647597492914
0.4790698474682382 0.9985766605383057
0.4852117685896259 0.9985023845943222
0.49135368971101356 0.9984249491175624
0.49749561083240124 0.9983445542141466
0.5036375319537889 0.9982614195943391
0.5097794530751766 0.9981757833917375
0.5159213741965643 0.9980879008538432
0.5220632953179519 0.9979980429116896
0.5282052164393396 0.9979064946370105
0.5343471375607273 0.9978135535961933
0.5404890586821149 0.9977195281109563
0.5466309798035026 0.9976247354363326
0.5527729009248903 0.9975294998671081
0.558914822046278 0.9974341507843684
0.5650567431676656 0.9973390206542306
0.5711986642890533 0.9972444429911925
0.577340585410441 0.997150750298798
0.5834825065318286 0.9970582720005152
0.5896244276532163 0.9969673323738314
0.595766348774604 0.9968782485005944
0.6019082698959917 0.9967913282465822
0.6080501910173793 0.9967068682831407
0.614192112138767 0.9966251521635126
0.6203340332601547 0.9965464484661889
0.6264759543815424 0.9964710090172334
0.63261787550293 0.9963990672030837
0.6387597966243177 0.9963308363848132
0.6449017177457054 0.9962665084242438
0.651043638867093 0.9962062523316442
0.6571855599884806 0.9961502130440355
0.6633274811098683 0.9960985103423471
0.669469402231256 0.9960512379148466
0.6756113233526436 0.9960084625733918
0.6817532444740313 0.9959702236281436
0.687895165595419 0.9959365324254281
0.6940370867168066 0.9959073720524605
0.7001790078381943 0.9958826972116392
0.706320928959582 0.9958624342661001
0.7124628500809697 0.9958464814571882
0.7186047712023573 0.9958347092934663
0.724746692323745 0.995826961109842
0.7308886134451327 0.9958230537943653
0.7370305345665203 0.9958227786792256
0.743172455687908 0.9958259025914821
0.7493143768092957 0.995832169058079
0.7554562979306834 0.9958412996587539
0.761598219052071 0.9958529955195345
0.7677401401734587 0.9958669389386481
0.7738820612948464 0.9958827951358403
0.780023982416234 0.9959002141153283
0.7861659035376217 0.9959188326318881
0.7923078246590094 0.9959382762489195
0.7984497457803971 0.9959581614767298
0.8045916669017847 0.9959780979787481
0.8107335880231724 0.9959976908329204
0.8168755091445601 0.9960165428351457
0.8230174302659478 0.996034256831303
0.8291593513873354 0.9960504380641803
0.8353012725087231 0.9960646965214625
0.8414431936301108 0.996076649270859
0.8475851147514984 0.9960859227684568
0.8537270358728861 0.9960921551264719
0.8598689569942738 0.9960949983267438
0.8660108781156615 0.9960941203665642
0.8721527992370491 0.9960892073237649
0.8782947203584368 0.9960799653283994
0.8844366414798245 0.9960661224288356
0.8905785626012122 0.9960474303406445
0.8967204837225998 0.9960236660672963
0.9028624048439875 0.9959946333823831
0.9090043259653752 0.9959601641638465
0.9151462470867628 0.9959201195715227
0.9212881682081504 0.9958743910601968
0.9274300893295381 0.9958229012212929
0.9335720104509257 0.9957656044473085
0.9397139315723134 0.995702487414122
0.9458558526937011 0.9956335693773558
0.9519977738150888 0.9955589022800654
0.9581396949364764 0.9954785706701265
0.9642816160578641 0.9953926914268136
0.9704235371792518 0.9953014132971962
0.9765654583006395 0.9952049162441065
0.9827073794220271 0.9951034106085588
0.9888493005434148 0.9949971360906185
0.9949912216648025 0.994886360553805
1.0011331427861903 0.9947713786591922
1.0072750639075778 0.9946525103363956
1.0134169850289656 0.9945300990996411
1.0195589061503532 0.9944045102180536
1.025700827271741 0.9942761287502118
1.0318427483931285 0.9941453574538475
1.0379846695145163 0.9940126145823606
1.0441265906359039 0.9938783315805195
1.0502685117572914 0.9937429506923662
1.0564104328786792 0.9936069224949049
1.0625523540000668 0.9934707033716369
1.0686942751214545 0.9933347529404055
1.074836196242842 0.9931995314503298
1.0809781173642299 0.9930654971628325
1.0871200384856174 0.9929331037319085
1.0932619596070052 0.9928027975988238
1.0994038807283928 0.9926750154164014
1.1055458018497806 0.9925501815179084
1.1116877229711681 0.9924287054453516
1.117829644092556 0.9923109795516656
1.1239715652139435 0.9921973766909001
1.1301134863353313 0.9920882480100223
1.1362554074567188 0.9919839208554029
1.1423973285781066 0.9918846968064174
1.1485392496994942 0.9917908498478875
1.154681170820882 0.9917026246923132
1.1608230919422695 0.9916202352620102
1.1669650130636573 0.9915438633403649
1.1731069341850449 0.9914736574004746
1.1792488553064326 0.9914097316184345
1.1853907764278202 0.9913521650775019
1.191532697549208 0.9913010011682826
1.1976746186705955 0.9912562471889839
1.2038165397919833 0.991217874148648
1.209958460913371 0.9911858167751306
1.2161003820347587 0.9911599737284355
1.2222423031561462 0.9911402080188526
1.228384224277534 0.991126347628189
1.2345261453989216 0.9911181863312288
1.2406680665203094 0.9911154847134297
1.246809987641697 0.9911179713797386
1.2529519087630847 0.9911253443483327
1.2590938298844723 0.9911372726220294
1.26523575100586 0.991153397929099
1.2713776721272476 0.9911733366242353
1.2775195932486354 0.9911966817395275
1.283661514370023 0.9912230051743954
1.2898034354914107 0.9912518600126539
1.2959453566127983 0.9912827829541159
1.302087277734186 0.9913152968474725
1.3082291988555736 0.9913489133105762
1.3143711199769612 0.9913831354237221
1.320513041098349 0.9914174604810698
1.3266549622197366 0.9914513827849664
1.3327968833411243 0.9914843964676447
1.338938804462512 0.9915159983245623
1.3450807255838997 0.9915456906435187
1.3512226467052872 0.9915729840136617
1.357364567826675 0.9915974000985388
1.3635064889480626 0.9916184743574945
1.3696484100694504 0.9916357586999386
1.375790331190838 0.9916488240573301
1.3819322523122257 0.9916572628581157
1.3880741734336133 0.991660691391353
1.394216094555001 0.9916587520453094
1.4003580156763886 0.9916511154079785
1.4064999367977764 0.9916374822171754
1.412641857919164 0.9916175851486713
1.4187837790405518 0.9915911904316875
1.4249257001619393 0.9915580992820068
1.431067621283327 0.9915181491439407
1.4372095424047147 0.9914712147334442
1.4433514635261024 0.9914172088757587
1.44949338464749 0.9913560831321017
1.4556353057688778 0.9912878282111011
1.4617772268902653 0.9912124741618697
1.4679191480116531 0.9911300903468548
1.4740610691330407 0.9910407851938327
1.4802029902544285 0.9909447057276852
1.486344911375816 0.9908420368838455
1.4924868324972038 0.9907330006065564
1.4986287536185914 0.9906178547363277
1.5047706747399792 0.9904968916921937
1.5109125958613667 0.9903704369555726
1.5170545169827545 0.9902388473636807
1.523196438104142 0.9901025092215763
1.5293383592255299 0.9899618362429732
1.5354802803469174 0.9898172673309754
1.5416222014683052 0.9896692642108373
1.5477641225896928 0.989518308927733
1.5539060437110805 0.9893649012233291
1.560047964832468 0.9892095558056858
1.5661898859538559 0.9890527995276566
1.5723318070752434 0.9888951684895164
1.578473728196631 0.9887372050820212
1.5846156493180188 0.9885794549864682
1.5907575704394064 0.9884224641486126
1.5968994915607941 0.9882667757434738
1.6030414126821817 0.9881129271481429
1.6091833338035695 0.9879614469396895
1.615325254924957 0.9878128519351433
1.6214671760463448 0.9876676442903138
1.6276090971677324 0.9875263086738919
1.6337510182891202 0.9873893095328735
1.6398929394105077 0.9872570884648397
1.6460348605318955 0.9871300617120365
1.652176781653283 0.9870086177915227
1.6583187027746709 0.9868931152748932
1.6644606238960584 0.9867838807302499
1.6706025450174462 0.9866812068381866
1.6767444661388338 0.9865853506925798
1.6828863872602216 0.986496532295943
1.6890283083816091 0.9864149332580164
1.695170229502997 0.9863406957051266
1.7013121506243845 0.9862739214066768
1.7074540717457722 0.9862146711239155
1.7135959928671598 0.9861629641848948
1.7197379139885476 0.9861187782882734
1.7258798351099351 0.9860820495373459
1.732021756231323 0.9860526727044063
1.7381636773527105 0.9860305017242751
1.7443055984740983 0.9860153504145549
1.7504475195954858 0.9860069934189255
1.7565894407168736 0.9860051673685569
1.7627313618382612 0.9860095722555199
1.768873282959649 0.9860198730109015
1.7750152040810365 0.9860357012792075
1.7811571252024243 0.9860566573795507
1.7872990463238119 0.9860823124430973
1.7934409674451997 0.9861122107152664
1.7995828885665872 0.986145872010274
1.805724809687975 0.9861827943047626
1.8118667308093626 0.9862224564564904
1.8180086519307503 0.9862643210333529
1.824150573052138 0.9863078372373935
1.8302924941735257 0.9863524439079175
1.8364344152949132 0.9863975725873786
1.8425763364163008 0.986442650633329
1.8487182575376886 0.9864871043594586
1.8548601786590762 0.9865303621885513
1.861002099780464 0.9865718578000954
1.8671440209018515 0.9866110332552798
1.8732859420232393 0.9866473420821943
1.8794278631446268 0.9866802523042338
1.8855697842660146 0.9867092493949788
1.8917117053874022 0.986733839143184
1.89785362650879 0.9867535504119609
1.9039955476301775 0.9867679377767783
1.9101374687515653 0.986776584027526
1.9162793898729529 0.9867791025205934
1.9224213109943407 0.9867751393676993
1.9285632321157282 0.9867643754490638
1.934705153237116 0.9867465282394482
1.9408470743585036 0.9867213534365789
1.9469889954798913 0.9866886463825307
1.953130916601279 0.98664824326976
1.9592728377226667 0.9866000221246342
1.9654147588440543 0.9865439035625203
1.971556679965442 0.9864798513097323
1.9776986010868296 0.9864078724889191
1.9838405222082174 0.9863280176657736
1.989982443329605 0.986240380656258
1.9961243644509927 0.9861450980948757
2.0022662855723805 0.9860423487658423
2.008408206693768 0.9859323527003379
2.0145501278151556 0.9858153700443343
2.020692048936543 0.985691699702782
2.026833970057931 0.9855616777672059
2.0329758911793188 0.9854256757349882
2.0391178123007063 0.9852840985298014
2.045259733422094 0.9851373823337929
2.051401654543482 0.984985992243198
2.0575435756648695 0.9848304197600787
2.063685496786257 0.9846711801338282
2.0698274179076446 0.9845088095669559
2.0759693390290326 0.9843438623004537
2.08211126015042 0.9841769075947533
2.0882531812718077 0.9840085266228943
2.0943951023931953 0.9838393092930477
2.100537023514583 0.9836698510179589
2.106678944635971 0.9835007494491985
2.1128208657573584 0.9833326011943322
2.118962786878746 0.9831659985352347
2.1251047080001335 0.9830015261657911
2.1312466291215215 0.9828397579671334
2.137388550242909 0.9826812538383699
2.1435304713642966 0.9825265566004632
2.149672392485684 0.9823761889905196
2.155814313607072 0.9822306507632539
2.1619562347284598 0.9820904159158014
2.1680981558498473 0.98195593005137
2.174240076971235 0.9818276078964507
2.180381998092623 0.9817058309854545
2.1865239192140105 0.9815909455257125
2.192665840335398 0.9814832604547741
2.1988077614567856 0.9813830457008695
2.2049496825781736 0.9812905306562729
2.211091603699561 0.9812059028721254
2.2172335248209487 0.9811293069820459
2.2233754459423363 0.9810608438605949
2.2295173670637243 0.981000570021355
2.235659288185112 0.9809484972580725
2.2418012093064994 0.9809045925309628
2.247943130427887 0.9808687780989351
2.254085051549275 0.9808409318971386
2.2602269726706625 0.98082088815789
2.26636889379205 0.9808084382717058
2.2725108149134376 0.9808033318838509
2.2786527360348257 0.9808052782205292
2.284794657156213 0.9808139476375872
2.2909365782776008 0.9808289733833898
2.2970784993989883 0.9808499535663605
2.3032204205203763 0.9808764533165633
2.309362341641764 0.9809080071296485
2.3155042627631515 0.9809441213804915
2.321646183884539 0.980984276992927
2.327788105005927 0.9810279322511356
2.3339300261273146 0.9810745257374577
2.340071947248702 0.9811234793807256
2.3462138683700897 0.9811742015985906
2.3523557894914777 0.9812260905168046
2.3584977106128653 0.9812785372479871
2.364639631734253 0.9813309292120694
2.3707815528556404 0.9813826534803679
2.376923473977028 0.9814331001250919
2.383065395098416 0.9814816655560389
2.3892073162198035 0.9815277558262829
2.395349237341191 0.9815707898888011
2.4014911584625787 0.981610202786229
2.4076330795839667 0.9816454487562689
2.4137750007053542 0.9816760042357099
2.419916921826742 0.981701370746537
2.4260588429481293 0.9817210776482274
2.4322007640695174 0.9817346847410238
2.438342685190905 0.9817417847057656
2.4444846063122925 0.98174200536672
2.45062652743368 0.9817350117647948
2.456768448555068 0.9817205080295279
2.4629103696764556 0.9816982390393232
2.469052290797843 0.981667991860543
2.4751942119192307 0.9816295969572592
2.4813361330406187 0.9815829291647036
2.4874780541620063 0.981527908420749
2.493619975283394 0.9814645002510624
2.4997618964047814 0.9813927160049248
2.5059038175261694 0.9813126128400802
2.512045738647557 0.9812242934563508
2.5181876597689445 0.981127905579152
2.524329580890332 0.981023641195418
2.53047150201172 0.9809117355458259
2.5366134231331077 0.980792465878564
2.5427553442544952 0.9806661499712189
2.548897265375883 0.9805331444286567
2.555039186497271 0.9803938427660246
2.5611811076186584 0.9802486732872141
2.567323028740046 0.9800980967702732
2.5734649498614335 0.9799426039723482
2.5796068709828215 0.9797827129677545
2.585748792104209 0.9796189663337206
2.5918907132255966 0.9794519281992167
2.598032634346984 0.979282181173052
2.604174555468372 0.9791103231681173
2.6103164765897597 0.9789369641392364
2.6164583977111473 0.9787627227525859
2.622600318832535 0.9785882230050345
2.6287422399539224 0.9784140908120361
2.6348841610753104 0.9782409505829
2.641026082196698 0.9780694218023274
2.6471680033180855 0.9779001156370793
2.653309924439473 0.9777336315864965
2.659451845560861 0.9775705541953497
2.6655937666822487 0.9774114498471489
2.6717356878036362 0.9772568636555901
2.677877608925024 0.9771073164712654
2.684019530046412 0.97696330202012
2.6901614511677994 0.9768252841894027
2.696303372289187 0.9766936944760259
2.7024452934105745 0.9765689296113558
2.7085872145319625 0.9764513493754601
2.71472913565335 0.9763412746127953
2.7208710567747376 0.9762389854601935
2.727012977896125 0.9761447197968351
2.733154899017513 0.9760586719246688
2.7392968201389007 0.9759809914864666
2.7454387412602883 0.9759117826274014
2.751580662381676 0.9758511034046925
2.757722583503064 0.975798965448511
2.7638645046244514 0.9757553338759651
2.770006425745839 0.9757201274586073
2.7761483468672266 0.9756932190425245
2.7822902679886146 0.975674436218711
2.788432189110002 0.97566356224006
2.7945741102313897 0.9756603371799863
2.8007160313527772 0.9756644593263871
2.8068579524741653 0.975675586803381
2.812999873595553 0.9756933394120441
2.8191417947169404 0.9757173006801864
2.825283715838328 0.9757470201100901
2.831425636959716 0.9757820156120708
2.8375675580811035 0.9758217761107318
2.843709479202491 0.9758657643098508
2.8498514003238786 0.9759134196009915
2.8559933214452666 0.9759641611001626
2.862135242566654 0.9760173907961536
2.8682771636880418 0.9760724967935793
2.8744190848094293 0.9761288566331466
2.8805610059308173 0.976185840671239
2.886702927052205 0.9762428155005834
2.8928448481735924 0.9762991473935315
2.89898676929498 0.9763542057493512
2.9051286904163676 0.9764073665268866
2.9112706115377556 0.9764580156440015
2.917412532659143 0.9765055523253807
2.9235544537805307 0.9765493923805175
2.9296963749019183 0.9765889713940646
2.9358382960233063 0.976623747811175
2.941980217144694 0.9766532059009955
2.9481221382660814 0.9766768585821071
2.954264059387469 0.976694250094423
2.960405980508857 0.9767049585028595
2.9665479016302445 0.976708598018975
2.972689822751632 0.9767048211277365
2.9788317438730196 0.9766933205076028
2.9849736649944076 0.9766738307332149
2.991115586115795 0.9766461297511427
2.9972575072371828 0.9766100401203585
3.0033994283585703 0.9765654300103691
3.0095413494799583 0.9765122139512534
3.015683270601346 0.9764503533311946
3.0218251917227335 0.9763798566384722
3.027967112844121 0.9763007794462761
3.034109033965509 0.9762132241401142
3.0402509550868966 0.976117339389002
3.046392876208284 0.9760133193630378
3.0525347973296717 0.9759014027013698
3.0586767184510597 0.975781871235951
3.0648186395724473 0.9756550484778351
3.070960560693835 0.9755212978740987
3.0771024818152224 0.9753810208447515
3.0832444029366104 0.9752346546102424
3.089386324057998 0.9750826698213388
3.0955282451793855 0.9749255680042784
3.101670166300773 0.9747638788351304
3.107812087422161 0.9745981572582761
3.1139540085435486 0.9744289804647994
3.120095929664936 0.9742569447473721
3.1262378507863238 0.9740826622489249
3.1323797719077118 0.9739067576229962
3.1385216930290993 0.9737298646241539
3.144663614150487 0.9735526226472861
3.1508055352718745 0.9733756732348445
3.156947456393262 0.9731996565713097
3.16308937751465 0.9730252079842189
3.1692312986360376 0.9728529544710596
3.175373219757425 0.9726835112711857
3.1815151408788127 0.9725174785016548
3.1876570620002007 0.9723554378755251
3.1937989831215883 0.9721979495206788
3.199940904242976 0.972045548916672
3.2060828253643634 0.9718987439664412
3.2122247464857514 0.9717580122189351
3.218366667607139 0.9716237982578907
3.2245085887285265 0.9714965112710354
3.230650509849914 0.9713765228129863
3.236792430971302 0.9712641647740315
3.2429343520926897 0.9711597275658295
3.249076273214077 0.9710634585338526
3.2552181943354648 0.9709755606051413
3.261360115456853 0.9708961911786345
3.2675020365782403 0.9708254612639953
3.273643957699628 0.9707634348734917
3.2797858788210155 0.9707101286700924
3.2859277999424035 0.9706655118735437
3.292069721063791 0.9706295064247797
3.2982116421851786 0.9706019874076167
3.304353563306566 0.9705827837252831
3.310495484427954 0.9705716790279613
3.3166374055493417 0.9705684128861641
3.3227793266707293 0.970572682203444
3.328921247792117 0.9705841428606521
3.335063168913505 0.9706024115827284
3.3412050900348924 0.9706270680178105
3.34734701115628 0.9706576570173261
3.3534889322776675 0.970693691104663
3.3596308533990555 0.9707346531190111
3.365772774520443 0.9707799990200469
3.3719146956418307 0.9708291608382785
3.3780566167632182 0.9708815497551023
3.3841985378846062 0.9709365592959389
3.390340459005994 0.9709935686192198
3.3964823801273814 0.9710519458834909
3.402624301248769 0.971111051674487
3.4087662223701565 0.9711702424737159
3.4149081434915445 0.9712288741498677
3.421050064612932 0.9712863054542442
3.4271919857343196 0.9713419015013761
3.433333906855707 0.9713950372160727
3.439475827977095 0.9714451007283148
3.4456177490984827 0.9714914966976762
3.4517596702198703 0.9715336495493195
3.457901591341258 0.9715710066040735
3.464043512462646 0.9716030410856498
3.4701854335840334 0.9716292549887009
3.476327354705421 0.9716491817921465
3.4824692758268085 0.9716623890030108
3.4886111969481965 0.9716684805169034
3.494753118069584 0.9716670987822462
3.5008950391909717 0.9716579267563858
3.5070369603123592 0.9716406896428348
3.5131788814337472 0.9716151564000534
3.519320802555135 0.9715811410133995
3.5254627236765224 0.9715385035231447
3.53160464479791 0.9714871508027635
3.537746565919298 0.971427037083049
3.5438884870406855 0.971358164218981
3.550030408162073 0.9712805816976675
3.5561723292834606 0.971194386387088
3.5623142504048486 0.9710997220267806
3.568456171526236 0.9709967784630285
3.5745980926476237 0.9708857906324968
3.5807400137690113 0.9707670372996654
3.5868819348903993 0.9706408395547503
3.593023856011787 0.9705075590801389
3.5991657771331744 0.9703675961946452
3.605307698254562 0.9702213876861279
3.61144961937595 0.9700694044441904
3.6175915404973376 0.9699121489058047
3.623733461618725 0.9697501523277413
3.6298753827401127 0.9695839719006633
3.6360173038615007 0.9694141877206314
3.6421592249828882 0.9692413996345672
3.648301146104276 0.969066223976936
3.6544430672256634 0.9688892902155203
3.6605849883470514 0.9687112375246739
3.666726909468439 0.9685327113048524
3.6728688305898265 0.9683543596675243
3.679010751711214 0.9681768299047615
3.6851526728326016 0.9680007649628989
3.6912945939539896 0.9678267999396261
3.697436515075377 0.9676555586237511
3.7035784361967647 0.9674876500966302
3.7097203573181523 0.9673236654139148
3.7158622784395403 0.9671641743858151
3.722004199560928 0.9670097224735271
3.7281461206823154 0.9668608278188173
3.734288041803703 0.9667179784230148
3.740429962925091 0.9665816294908223
3.7465718840464786 0.9664522009534384
3.752713805167866 0.9663300751844821
3.7588557262892537 0.9662155949211357
3.7649976474106417 0.9661090614017849
3.7711395685320293 0.966010732730229
3.777281489653417 0.9659208224752858
3.7834234107748044 0.9658394985133107
3.7895653318961924 0.9657668821198142
3.79570725301758 0.9657030473149916
3.8018491741389675 0.9656480204665887
3.807991095260355 0.9656017801521175
3.814133016381743 0.9655642572810218
3.8202749375031306 0.9655353354759807
3.826416858624518 0.9655148517111286
3.8325587797459058 0.965502597203581
3.8387007008672938 0.9654983185532875
3.8448426219886813 0.9655017191248955
3.850984543110069 0.9655124606640074
3.8571264642314564 0.9655301651389585
3.8632683853528444 0.9655544167980314
3.869410306474232 0.9655847644308804
3.8755522275956196 0.9656207238218412
3.881694148717007 0.965661780381789
3.887836069838395 0.9657073919442521
3.8939779909597827 0.9657569917106217
3.9001199120811703 0.9658099913285042
3.906261833202558 0.9658657840865612
3.912403754323946 0.9659237482085615
3.9185456754453334 0.9659832502288461
3.924687596566721 0.9660436484309768
3.9308295176881085 0.9661042963310016
3.936971438809496 0.966164546186535
3.943113359930884 0.9662237525127098
3.9492552810522716 0.9662812755860208
3.955397202173659 0.9663364849171414
3.9615391232950468 0.9663887626739508
3.9676810444164348 0.966437507036276
3.9738229655378223 0.9664821354642023
3.97996488665921 0.9665220878622666
3.9861068077805974 0.9665568296223899
3.9922487289019855 0.966585854529048
3.998390650023373 0.9666086875109071
4.004532571144761 0.966624887223961
4.010674492266149 0.9666340484521053
4.016816413387536 0.9666358043120518
4.022958334508924 0.96662982825053
4.029100255630311 0.966615835822835
4.035242176751699 0.9665935862429489
4.041384097873086 0.9665628836966936
4.047526018994474 0.9665235784106464
4.053667940115862 0.9664755674708698
4.05980986123725 0.9664187953868596
4.0659517823586375 0.9663532543975002
4.072093703480025 0.966278984517217
4.078235624601413 0.966196073321935
4.0843775457228 0.9661046554758728
4.090519466844188 0.9660049120016231
4.096661387965575 0.9658970692973808
4.102803309086964 0.9657813979065691
4.108945230208351 0.965658211046482
4.115087151329739 0.9655278629038924
4.1212290724511265 0.9653907467068646
4.127370993572514 0.9652472925832503
4.133512914693902 0.9650979652175321
4.139654835815289 0.9649432613187988
4.145796756936677 0.9647837069136874
4.151938678058065 0.9646198544791014
4.158080599179453 0.9644522799304054
4.16422252030084 0.9642815794816036
4.170364441422228 0.9641083663947176
4.176506362543615 0.9639332676361998
4.182648283665003 0.9637569204587277
4.1887902047863905 0.9635799689271438
4.194932125907778 0.9634030604076036
4.201074047029166 0.9632268420392004
4.207215968150554 0.9630519572074215
4.213357889271942 0.9628790420387721
4.219499810393329 0.9627087219357753
4.225641731514717 0.9625416081713238
4.231783652636104 0.9623782945610114
4.237925573757492 0.9622193542316329
4.2440674948788795 0.962065336503489
4.250209416000267 0.9619167639034923
4.2563513371216555 0.9617741293253281
4.262493258243043 0.9616378933520993
4.268635179364431 0.961508481755973
4.274777100485818 0.9613862831883566
4.280919021607206 0.9612716470730672
4.287060942728593 0.9611648817138331
4.293202863849981 0.9610662526262763
4.299344784971368 0.9609759811032861
4.305486706092757 0.9608942430214061
4.311628627214144 0.9608211678945372
4.317770548335532 0.960756838179901
4.3239124694569195 0.9607012888398364
4.330054390578307 0.9606545071616042
4.336196311699695 0.9606164328359796
4.342338232821082 0.9605869582940112
4.34848015394247 0.960565929299931
4.354622075063858 0.9605531457968259
4.360763996185246 0.9605483630003213
4.366905917306633 0.9605512927342041
4.373047838428021 0.9605616050006197
4.3791897595494085 0.9605789297762285
4.385331680670796 0.9606028590245077
4.391473601792184 0.960632948913239
4.397615522913571 0.960668722225134
4.40375744403496 0.9607096709485318
4.409899365156347 0.9607552590341504
4.416041286277735 0.9608049253030001
4.422183207399122 0.9608580864897672
4.42832512852051 0.9609141404052667
4.434467049641897 0.9609724692009304
4.440608970763285 0.961032442717763
4.4467508918846725 0.9610934219017484
4.452892813006061 0.9611547622673366
4.4590347341274486 0.9612158173903865
4.465176655248836 0.9612759424117759
4.471318576370224 0.9613344975328317
4.477460497491611 0.9613908514837661
4.483602418612999 0.9614443849464405
4.489744339734386 0.9614944939130096
4.495886260855774 0.9615405929623291
4.5020281819771615 0.9615821184364308
4.50817010309855 0.9616185314998928
4.5143120242199375 0.9616493210655344
4.520453945341325 0.9616740065705713
4.526595866462713 0.9616921405881456
4.5327377875841 0.961703311260009
4.538879708705488 0.9617071445370876
4.545021629826875 0.9617033062156671
4.551163550948263 0.9616915037580244
4.557305472069651 0.9616714878874798
4.563447393191039 0.9616430539490517
4.569589314312426 0.9616060430281463
4.575731235433814 0.961560342821024
4.5818731565552016 0.9615058882521171
4.588015077676589 0.9614426618346501
4.594156998797977 0.9613706937724014
4.600298919919364 0.9612900618018622
4.606440841040753 0.9612008907754638
4.61258276216214 0.9611033519879635
4.618724683283528 0.9609976622494932
4.624866604404915 0.9608840827101717
4.631008525526303 0.9607629174425522
4.6371504466476905 0.9606345117895221
4.643292367769078 0.9604992504865728
4.649434288890466 0.9603575555686132
4.655576210011854 0.960209884072705
4.661718131133242 0.9600567255492334
4.667860052254629 0.9598985993951042
4.674001973376017 0.9597360520235522
4.680143894497404 0.9595696538860606
4.686285815618792 0.9593999963627277
4.692427736740179 0.9592276885381454
4.698569657861567 0.9590533538805062
4.7047115789829554 0.9588776268421895
4.710853500104343 0.9587011494005234
4.716995421225731 0.9585245675577455
4.723137342347118 0.9583485278194138
4.729279263468506 0.9581736736706356
4.735421184589893 0.9580006420694839
4.741563105711281 0.9578300599768705
4.747705026832668 0.9576625409419287
4.753846947954056 0.9574986817616377
4.759988869075444 0.9573390592329968
4.766130790196832 0.9571842270155242
4.7722727113182195 0.9570347126212284
4.778414632439607 0.9568910145484759
4.784556553560995 0.9567535995753629
4.790698474682382 0.9566229002272992
4.79684039580377 0.95649931243253
4.802982316925157 0.956383193378266
4.809124238046546 0.9562748595789742
4.815266159167933 0.9561745851671872
4.821408080289321 0.9560826004159647
4.8275500014107084 0.9559990905008446
4.833691922532096 0.9559241945078062
4.839833843653484 0.9558580046924063
4.845975764774871 0.955800565993876
4.852117685896259 0.9557518758065668
4.858259607017647 0.9557118840097344
4.864401528139035 0.9556804932552424
4.870543449260422 0.9556575595113751
4.87668537038181 0.9556428928595624
4.882827291503197 0.9556362585394631
4.888969212624585 0.9556373782365193
4.8951111337459725 0.9556459316048013
4.90125305486736 0.9556615580167058
4.9073949759887485 0.9556838585298706
4.913536897110136 0.9557123980605141
4.919678818231524 0.9557467077513231
4.925820739352911 0.9557862875209825
4.931962660474299 0.9558306087814943
4.938104581595686 0.9558791173085476
4.944246502717074 0.9559312362494055
4.9503884238384614 0.9559863692520575
4.95653034495985 0.9560439036987541
4.9626722660812375 0.9561032140264996
4.968814187202625 0.9561636651166276
4.974956108324013 0.95622461573523
4.9810980294454 0.9562854220059419
4.987239950566788 0.9563454408964288
4.993381871688175 0.9564040336998447
4.999523792809563 0.956460569492565
5.00566571393095 0.9565144285496215
5.011807635052339 0.9565650056994908
5.017949556173726 0.956611713600204
5.024091477295114 0.9566539859191622
5.0302333984165015 0.9566912803995411
5.036375319537889 0.9567230817967702
5.042517240659277 0.9567489046692501
5.048659161780664 0.9567682960082379
5.054801082902052 0.9567808376926812
5.06094300402344 0.9567861487557017
5.067084925144828 0.9567838874504259
5.073226846266215 0.9567737531039262
5.079368767387603 0.9567554877491576
5.0855106885089905 0.9567288775259589
5.091652609630378 0.956693753843421
5.097794530751766 0.9566499942972014
5.103936451873153 0.9565975233366767
5.110078372994542 0.9565363126781762
5.116220294115929 0.9564663814619051
5.122362215237317 0.9563877961515569
5.128504136358704 0.9563006701770074
5.134646057480092 0.9562051633218842
5.140787978601479 0.9561014808591949
5.146929899722867 0.9559898724395783
5.1530718208442545 0.9558706307380989
5.159213741965643 0.9557440898668299
5.1653556630870305 0.9556106235617698
5.171497584208418 0.955470643153872
5.177639505329806 0.9553245953351742
5.183781426451193 0.9551729597321446
5.189923347572581 0.9550162462994336
5.196065268693968 0.9548549925482238
5.202207189815356 0.9546897606242889
5.208349110936744 0.9545211342517134
5.214491032058132 0.954349715558976
5.2206329531795195 0.954176121804756
5.226774874300907 0.954000982021383
5.232916795422295 0.9538249335943129
5.239058716543682 0.9536486187963668
5.24520063766507 0.9534726812957252
5.251342558786457 0.9532977626568109
5.257484479907845 0.9531244988532362
5.263626401029233 0.9529535168119135
5.269768322150621 0.9527854310072548
5.275910243272008 0.9526208401240994
5.282052164393396 0.9524603238076191
5.2881940855147835 0.9523044395179593
5.294336006636171 0.9521537195067847
5.300477927757559 0.9520086679322126
5.306619848878946 0.9518697581278373
5.312761770000335 0.9517374300406882
5.318903691121722 0.9516120878520199
5.32504561224311 0.9514940977938072
5.331187533364497 0.9513837861727362
5.337329454485885 0.9512814376123222
5.3434713756072725 0.9511872935225817
5.34961329672866 0.9511015508054255
5.355755217850048 0.95102436080264
5.361897138971436 0.9509558284919918
5.368039060092824 0.9508960119356271
5.374180981214211 0.9508449219835602
5.380322902335599 0.9508025222336508
5.386464823456986 0.95076872924808
5.392606744578374 0.9507434130249361
5.398748665699761 0.95072639772215
5.404890586821149 0.9507174626296487
5.411032507942537 0.9507163433842724
5.417174429063925 0.9507227334206836
5.4233163501853126 0.9507362856502477
5.4294582713067 0.9507566143586367
5.435600192428088 0.9507832973117484
5.441742113549475 0.9508158780584256
5.447884034670863 0.9508538684174145
5.45402595579225 0.9508967511350283
5.460167876913639 0.9509439826990803
5.466309798035026 0.9509949962938263
5.472451719156414 0.951049204879914
5.4785936402778015 0.9511060043826803
5.484735561399189 0.9511647769715698
5.490877482520577 0.9512248944129666
5.497019403641964 0.9512857214783546
5.503161324763352 0.9513466193894213
5.509303245884739 0.95140694928154
5.515445167006128 0.95146607566696
5.521587088127515 0.9515233698790433
5.527729009248903 0.9515782134789855
5.53387093037029 0.9516300016066548
5.540012851491678 0.9516781462574819
5.5461547726130656 0.9517220794677222
5.552296693734453 0.9517612563908942
5.558438614855841 0.9517951582487756
5.564580535977229 0.9518232951410028
5.570722457098617 0.9518452086980658
5.576864378220004 0.951860474563324
5.583006299341392 0.9518687046905799
5.589148220462779 0.9518695494447236
5.595290141584167 0.9518626994940192
5.6014320627055545 0.9518478874837157
5.607573983826942 0.9518248894818354
5.6137159049483305 0.9517935261892214
5.619857826069718 0.9517536639071924
5.625999747191106 0.9517052152574611
5.632141668312493 0.9516481396503159
5.638283589433881 0.9515824434984276
5.644425510555268 0.9515081801750287
5.650567431676656 0.9514254497166035
5.656709352798043 0.951334398271624
5.662851273919432 0.9512352172982563
5.668993195040819 0.9511281425153378
5.675135116162207 0.9510134526122831
5.681277037283595 0.9508914677249024
5.687418958404982 0.9507625476854088
5.69356087952637 0.9506270900561347
5.699702800647757 0.9504855279576773
5.705844721769145 0.9503383277033307
5.711986642890533 0.9501859862527328
5.718128564011921 0.9500290284986599
5.724270485133308 0.9498680044018286
5.730412406254696 0.9497034859894025
5.7365543273760835 0.9495360642336608
5.742696248497471 0.9493663458279481
5.748838169618859 0.9491949498775881
5.754980090740246 0.9490225045239176
5.761122011861635 0.9488496435199555
5.767263932983022 0.9486770027764897
5.77340585410441 0.9485052168975139
5.779547775225797 0.9483349157239989
5.785689696347185 0.948166720904923
5.7918316174685724 0.9480012425143234
5.79797353858996 0.9478390757328587
5.804115459711348 0.9476807976120037
5.810257380832735 0.9475269639385188
5.816399301954124 0.9473781062162705
5.822541223075511 0.9472347287818116
5.828683144196899 0.9470973060693714
5.834825065318286 0.9469662800400713
5.840966986439674 0.9468420577892543
5.847108907561061 0.9467250093448244
5.853250828682449 0.9466154656684264
5.8593927498038365 0.9465137168701706
5.865534670925225 0.9464200106464239
5.8716765920466125 0.9463345509489569
5.877818513168 0.9462574968924665
5.883960434289388 0.9461889619061837
5.890102355410775 0.9461290131339428
5.896244276532163 0.9460776710857349
5.90238619765355 0.9460349095424024
5.908528118774938 0.9460006557137595
5.914670039896326 0.9459747906490578
5.920811961017714 0.9459571498973552
5.9269538821391015 0.945947524414008
5.933095803260489 0.9459456617081861
5.939237724381877 0.9459512672250294
5.945379645503264 0.945964005954809
5.951521566624652 0.9459835042602561
5.957663487746039 0.9460093519120633
5.963805408867428 0.946041104321463
5.969947329988815 0.9460782849577501
5.976089251110203 0.9461203879376358
5.98223117223159 0.946166880772424
5.988373093352978 0.9462172072581654
5.9945150144743655 0.9462707904931971
6.000656935595753 0.9463270360068075
6.006798856717141 0.9463853349821809
6.012940777838529 0.9464450675562838
6.019082698959917 0.9465056061789475
6.025224620081304 0.9465663190130922
6.031366541202692 0.9466265733578173
6.037508462324079 0.9466857390759608
6.043650383445467 0.9467431920077023
6.0497923045668545 0.946798317351852
6.055934225688242 0.9468505129966348
6.06207614680963 0.9468991927820342
6.068218067931018 0.9469437896761174
6.074359989052406 0.9469837588482081
6.080501910173793 0.9470185806223088
6.086643831295181 0.947047763294802
6.092785752416568 0.947070845801168
6.098927673537956 0.947087400217251
6.105069594659343 0.9470970340814769
6.111211515780731 0.9470993925253701
6.117353436902119 0.9470941602007339
6.123495358023507 0.9470810629929394
6.1296372791448945 0.947059869510907
6.135779200266282 0.9470303923455607
6.14192112138767 0.946992489089774
6.148063042509057 0.9469460631141136
6.154204963630445 0.9468910640940036
6.160346884751832 0.9468274882852777
6.166488805873221 0.9467553785464559
6.172630726994608 0.946674824107461
6.178772648115996 0.9465859600858768
6.1849145692373835 0.9464889667532316
6.191056490358771 0.9463840685551668
6.197198411480159 0.9462715328907055
6.203340332601546 0.9461516686571672
6.209482253722934 0.9460248245685702
6.215624174844322 0.9458913872566267
6.22176609596571 0.9457517791646366
6.227908017087097 0.9456064562457464
6.234049938208485 0.9454559054781265
6.240191859329872 0.9453006422106488
6.24633378045126 0.9451412073535864
6.2524757015726475 0.9449781644297336
6.258617622694035 0.9448120965021184
6.2647595438154235 0.9446436029951755
6.270901464936811 0.9444732964268395
6.277043386058199 0.944301799069518
