time TPR_both_B_open_1_rho23_imag
0.0 0.0
0.00614192112138767 -9.206628029907685e-10
0.01228384224277534 -7.304604217700993e-09
0.01842576336416301 -2.4409169094628375e-08
0.02456768448555068 -5.719083165567142e-08
0.030709605606938348 -1.1022665596013795e-07
0.03685152672832602 -1.876427874297985e-07
0.042993447849713685 -2.93051190022766e-07
0.04913536897110136 -4.2949569081111807e-07
0.05527729009248903 -5.994082227362227e-07
0.061419211213876695 -8.04575970354162e-07
0.06756113233526437 -1.046119925858354e-06
0.07370305345665204 -1.3244851571832632e-06
0.07984497457803971 -1.6394428802811593e-06
0.08598689569942737 -1.9901042175084812e-06
0.09212881682081504 -2.374945317232928e-06
0.09827073794220272 -2.7918433099710216e-06
0.10441265906359039 -3.23812238713815e-06
0.11055458018497806 -3.7106091131808932e-06
0.11669650130636572 -4.205695923541085e-06
0.12283842242775339 -4.719411622329085e-06
0.12898034354914106 -5.247497577149829e-06
0.13512226467052874 -5.785488216211005e-06
0.1412641857919164 -6.328794366188666e-06
0.14740610691330408 -6.872787929405327e-06
0.15354802803469175 -7.412886386279046e-06
0.15968994915607942 -7.9446356238268e-06
0.16583187027746707 -8.46378963285747e-06
0.17197379139885474 -8.966385684491655e-06
0.17811571252024241 -9.448813689454711e-06
0.1842576336416301 -9.907878559423093e-06
0.19039955476301776 -1.0340854526372774e-05
0.19654147588440543 -1.0745530530826139e-05
0.2026833970057931 -1.1120245960243982e-05
0.20882531812718078 -1.1463916201417653e-05
0.21496723924856845 -1.1776047662226988e-05
0.22110916036995612 -1.205674211503417e-05
0.2272510814913438 -1.2306690412685563e-05
0.23339300261273144 -1.2527155824969986e-05
0.2395349237341191 -1.2719947434849556e-05
0.24567684485550678 -1.2887384216357134e-05
0.25181876597689445 -1.3032250586424857e-05
0.2579606870982821 -1.3157744377976736e-05
0.2641026082196698 -1.3267418318566537e-05
0.27024452934105747 -1.3365116215179485e-05
0.27638645046244514 -1.3454905139422407e-05
0.2825283715838328 -1.3541004976489928e-05
0.2886702927052205 -1.3627716744741947e-05
0.29481221382660816 -1.3719351109648836e-05
0.30095413494799583 -1.382015850592169e-05
0.3070960560693835 -1.3934262244995065e-05
0.3132379771907712 -1.4065595922299869e-05
0.31937989831215885 -1.4217846351057352e-05
0.3255218194335465 -1.439440313819695e-05
0.33166374055493414 -1.459831588543415e-05
0.3378056616763218 -1.4832259846915606e-05
0.3439475827977095 -1.5098510706875949e-05
0.35008950391909716 -1.5398928959488903e-05
0.35623142504048483 -1.573495418182191e-05
0.3623733461618725 -1.610760929300328e-05
0.3685152672832602 -1.6517514692003587e-05
0.37465718840464785 -1.6964911966512e-05
0.3807991095260355 -1.744969666995389e-05
0.3869410306474232 -1.797145947639201e-05
0.39308295176881086 -1.8529534847401334e-05
0.39922487289019853 -1.9123056184343978e-05
0.4053667940115862 -1.975101629688828e-05
0.4115087151329739 -2.0412331896905836e-05
0.41765063625436155 -2.11059107284825e-05
0.4237925573757492 -2.1830719871735914e-05
0.4299344784971369 -2.2585853712049775e-05
0.43607639961852457 -2.3370600048351625e-05
0.44221832073991224 -2.4184502824824764e-05
0.4483602418612999 -2.5027420010096086e-05
0.4545021629826876 -2.589957521610767e-05
0.4606440841040752 -2.6801601744678354e-05
0.4667860052254629 -2.773457787180758e-05
0.47292792634685055 -2.870005232620532e-05
0.4790698474682382 -2.9700059087032457e-05
0.4852117685896259 -3.0737120813675084e-05
0.49135368971101356 -3.181424042445032e-05
0.49749561083240124 -3.293488055802556e-05
0.5036375319537889 -3.4102930877338536e-05
0.5097794530751766 -3.5322663407036836e-05
0.5159213741965643 -3.659867632788204e-05
0.5220632953179519 -3.793582688108228e-05
0.5282052164393396 -3.9339154258024544e-05
0.5343471375607273 -4.081379356234405e-05
0.5404890586821149 -4.236488212779832e-05
0.5466309798035026 -4.399745965332688e-05
0.5527729009248903 -4.5716363772561974e-05
0.558914822046278 -4.7526122805836875e-05
0.5650567431676656 -4.943084754573018e-05
0.5711986642890533 -5.1434124000140846e-05
0.577340585410441 -5.3538909058047454e-05
0.5834825065318286 -5.574743105121684e-05
0.5896244276532163 -5.8061097159491734e-05
0.595766348774604 -6.048040954775785e-05
0.6019082698959917 -6.300489202969608e-05
0.6080501910173793 -6.563302892795573e-05
0.614192112138767 -6.836221764399027e-05
0.6203340332601547 -7.118873626556086e-05
0.6264759543815424 -7.41077273284285e-05
0.63261787550293 -7.711319861408035e-05
0.6387597966243177 -8.019804161095574e-05
0.6449017177457054 -8.33540679964017e-05
0.651043638867093 -8.65720642146612e-05
0.6571855599884806 -8.984186393698498e-05
0.6633274811098683 -9.31524378980422e-05
0.669469402231256 -9.649200031286959e-05
0.6756113233526436 -9.98481307953524e-05
0.6817532444740313 -0.00010320791042733511
0.687895165595419 -0.00010655807037144965
0.6940370867168066 -0.00010988515118495938
0.7001790078381943 -0.00011317567078041174
0.706320928959582 -0.00011641629879539673
0.7124628500809697 -0.00011959403498154391
0.7186047712023573 -0.00012269638910492202
0.724746692323745 -0.000125711559768587
0.7308886134451327 -0.00012862860952496418
0.7370305345665203 -0.00013143763364226378
0.743172455687908 -0.00013412991992583533
0.7493143768092957 -0.00013669809707224926
0.7554562979306834 -0.0001391362691503146
0.761598219052071 -0.00014144013395794082
0.7677401401734587 -0.00014360708319484776
0.7738820612948464 -0.00014563628261617055
0.780023982416234 -0.0001475287305879809
0.7861659035376217 -0.0001492872937491347
0.7923078246590094 -0.00015091671879067996
0.7984497457803971 -0.00015242361968994348
0.8045916669017847 -0.00015381644007664115
0.8107335880231724 -0.00015510539075795345
0.8168755091445601 -0.000156302362783303
0.8230174302659478 -0.00015742081678228573
0.8291593513873354 -0.00015847564965553978
0.8353012725087231 -0.00015948304003301922
0.8414431936301108 -0.00016046027423206148
0.8475851147514984 -0.00016142555474387812
0.8537270358728861 -0.0001623977935470469
0.8598689569942738 -0.00016339639278598067
0.8660108781156615 -0.0001644410155573738
0.8721527992370491 -0.00016555134971495147
0.8782947203584368 -0.00016674686772969084
0.8844366414798245 -0.0001680465857268638
0.8905785626012122 -0.00016946882486121247
0.8967204837225998 -0.00017103097818642313
0.9028624048439875 -0.0001727492861245947
0.9090043259653752 -0.00017463862354608143
0.9151462470867628 -0.00017671230133107135
0.9212881682081504 -0.0001789818851033747
0.9274300893295381 -0.000181457033606598
0.9335720104509257 -0.0001841453589362475
0.9397139315723134 -0.00018705231055198294
0.9458558526937011 -0.00019018108467637335
0.9519977738150888 -0.00019353256034470166
0.9581396949364764 -0.00019710526300959624
0.9642816160578641 -0.00020089535622983202
0.9704235371792518 -0.00020489666159004643
0.9765654583006395 -0.00020910070661301735
0.9827073794220271 -0.00021349680004425071
0.9888493005434148 -0.00021807213351560694
0.9949912216648025 -0.0002228119082361017
1.0011331427861903 -0.0002276994850191931
1.0072750639075778 -0.00023271655564186615
1.0134169850289656 -0.00023784333324632448
1.0195589061503532 -0.00024305875924432964
1.025700827271741 -0.00024834072397092135
1.0318427483931285 -0.0002536662981615506
1.0379846695145163 -0.0002590119721971012
1.0441265906359039 -0.0002643538999767256
1.0502685117572914 -0.0002696681442400731
1.0564104328786792 -0.0002749309201687826
1.0625523540000668 -0.0002801188341518374
1.0686942751214545 -0.0002852091146995292
1.074836196242842 -0.0002901798326347147
1.0809781173642299 -0.00029501010787541933
1.0871200384856174 -0.0002996803003466592
1.0932619596070052 -0.00030417218281805785
1.0994038807283928 -0.00030846909375329887
1.1055458018497806 -0.00031255606857311184
1.1116877229711681 -0.0003164199480703417
1.117829644092556 -0.00032004946306840506
1.1239715652139435 -0.00032343529477753594
1.1301134863353313 -0.00032657011067098473
1.1362554074567188 -0.0003294485760699859
1.1423973285781066 -0.00033206734198613734
1.1485392496994942 -0.0003344250101172153
1.154681170820882 -0.00033652207622199065
1.1608230919422695 -0.00033836085340619663
1.1669650130636573 -0.00033994537713069616
1.1731069341850449 -0.0003412812939998105
1.1792488553064326 -0.0003423757365989361
1.1853907764278202 -0.00034323718682277836
1.191532697549208 -0.0003438753302662163
1.1976746186705955 -0.00034430090433704787
1.2038165397919833 -0.0003445255427924594
1.209958460913371 -0.0003445616193985025
1.2161003820347587 -0.00034442209336438083
1.2222423031561462 -0.000344120359111891
1.228384224277534 -0.00034367010280657317
1.2345261453989216 -0.00034308516790334615
1.2406680665203094 -0.00034237943174859534
1.246809987641697 -0.00034156669503642584
1.2529519087630847 -0.00034066058564319963
1.2590938298844723 -0.00033967447806613067
1.26523575100586 -0.00033862142937362
1.2713776721272476 -0.00033751413224248126
1.2775195932486354 -0.0003363648853158194
1.283661514370023 -0.0003351855807707854
1.2898034354914107 -0.0003339877086435377
1.2959453566127983 -0.00033278237712524846
1.302087277734186 -0.0003315803477235508
1.3082291988555736 -0.0003303920838838583
1.3143711199769612 -0.00032922781138965455
1.320513041098349 -0.0003280975886148998
1.3266549622197366 -0.00032701138448945686
1.3327968833411243 -0.00032597916186367644
1.338938804462512 -0.00032501096382420565
1.3450807255838997 -0.00032411700042225046
1.3512226467052872 -0.00032330773322980337
1.357364567826675 -0.00032259395513989576
1.3635064889480626 -0.00032198686287416303
1.3696484100694504 -0.00032149811975457483
1.375790331190838 -0.00032113990643498953
1.3819322523122257 -0.0003209249574704078
1.3880741734336133 -0.00032086658182487214
1.394216094555001 -0.0003209786656796458
1.4003580156763886 -0.00032127565619774923
1.4064999367977764 -0.0003217725252246727
1.412641857919164 -0.00032248471225315397
1.4187837790405518 -0.00032342804634692023
1.4249257001619393 -0.0003246186470984509
1.431067621283327 -0.0003260728050831191
1.4372095424047147 -0.0003278068426602703
1.4433514635261024 -0.00032983695635462024
1.44949338464749 -0.0003321790424225056
1.4556353057688778 -0.000334848507560846
1.4617772268902653 -0.0003378600670461996
1.4679191480116531 -0.00034122753289139566
1.4740610691330407 -0.0003449635948726323
1.4802029902544285 -0.0003490795975058861
1.486344911375816 -0.00035358531623378505
1.4924868324972038 -0.0003584887362191848
1.4986287536185914 -0.0003637958372266727
1.5047706747399792 -0.0003695103881060063
1.5109125958613667 -0.00037563375437069205
1.5170545169827545 -0.0003821647222900396
1.523196438104142 -0.00038909934278435305
1.5293383592255299 -0.0003964307982315978
1.5354802803469174 -0.00040414929506184895
1.5416222014683052 -0.0004122419847358405
1.5477641225896928 -0.00042069291537949916
1.5539060437110805 -0.0004294830159816888
1.560047964832468 -0.0004385901146623887
1.5661898859538559 -0.0004479889920886362
1.5723318070752434 -0.0004576514706617543
1.578473728196631 -0.0004675465396280288
1.5846156493180188 -0.0004776405157828164
1.5907575704394064 -0.0004878972389519595
1.5968994915607941 -0.0004982783009514205
1.6030414126821817 -0.0005087433062532634
1.6091833338035695 -0.0005192501621304876
1.615325254924957 -0.0005297553956214825
1.6214671760463448 -0.0005402144942535216
1.6276090971677324 -0.0005505822670997633
1.6337510182891202 -0.0005608132224212534
1.6398929394105077 -0.000570861957869398
1.6460348605318955 -0.0005806835589996155
1.652176781653283 -0.000590234001676969
1.6583187027746709 -0.0005994705538423468
1.6644606238960584 -0.0006083521720551571
1.6706025450174462 -0.0006168398882367068
1.6767444661388338 -0.0006248971821076304
1.6828863872602216 -0.0006324903349423478
1.6890283083816091 -0.0006395887604520151
1.695170229502997 -0.0006461653088524438
1.7013121506243845 -0.0006521965404718098
1.7074540717457722 -0.0006576629656007135
1.7135959928671598 -0.0006625492476795888
1.7197379139885476 -0.0006668443673502976
1.7258798351099351 -0.0006705417453640747
1.732021756231323 -0.0006736393228304388
1.7381636773527105 -0.0006761395978044996
1.7443055984740983 -0.0006780496177361973
1.7504475195954858 -0.0006793809278371808
1.7565894407168736 -0.000680149475951924
1.7627313618382612 -0.0006803754750420121
1.768873282959649 -0.0006800832248991236
1.7750152040810365 -0.0006793008951861546
1.7811571252024243 -0.0006780602723606063
1.7872990463238119 -0.0006763964734535977
1.7934409674451997 -0.0006743476300560615
1.7995828885665872 -0.0006719545461957768
1.805724809687975 -0.0006692603340705387
1.8118667308093626 -0.0006663100318303457
1.8180086519307503 -0.0006631502077721474
1.824150573052138 -0.0006598285554224554
1.8302924941735257 -0.0006563934840348078
1.8364344152949132 -0.0006528937090204269
1.8425763364163008 -0.000649377846761992
1.8487182575376886 -0.0006458940181337273
1.8548601786590762 -0.0006424894648682485
1.861002099780464 -0.0006392101826749147
1.8671440209018515 -0.0006361005747296222
1.8732859420232393 -0.000633203128826569
1.8794278631446268 -0.0006305581211136906
1.8855697842660146 -0.0006282033489308815
1.8917117053874022 -0.0006261738948399391
1.89785362650879 -0.0006245019234839271
1.9039955476301775 -0.0006232165124481183
1.9101374687515653 -0.0006223435178218054
1.9162793898729529 -0.0006219054746870799
1.9224213109943407 -0.0006219215322941321
1.9285632321157282 -0.0006224074232295416
1.934705153237116 -0.000623375465450979
1.9408470743585036 -0.0006248345956549367
1.9469889954798913 -0.0006267904320693364
1.953130916601279 -0.0006292453644253499
1.9592728377226667 -0.0006321986685671773
1.9654147588440543 -0.0006356466429087959
1.971556679965442 -0.0006395827637460604
1.9776986010868296 -0.0006439978562834359
1.9838405222082174 -0.0006488802781387052
1.989982443329605 -0.0006542161120469914
1.9961243644509927 -0.0006599893644973048
2.0022662855723805 -0.0006661821670996373
2.008408206693768 -0.000672774977596642
2.0145501278151556 -0.0006797467775985801
2.020692048936543 -0.0006870752643301929
2.026833970057931 -0.0006947370339294126
2.0329758911793188 -0.0007027077541257172
2.0391178123007063 -0.0007109623244451987
2.045259733422094 -0.0007194750224343379
2.051401654543482 -0.0007282196347589441
2.0575435756648695 -0.0007371695724123022
2.063685496786257 -0.0007462979696506824
2.0698274179076446 -0.0007555777666582763
2.0759693390290326 -0.0007649817763207107
2.08211126015042 -0.0007744827358499457
2.0882531812718077 -0.0007840533443473248
2.0943951023931953 -0.0007936662877097862
2.100537023514583 -0.0008032942525712552
2.106678944635971 -0.0008129099312219571
2.1128208657573584 -0.0008224860196584097
2.118962786878746 -0.0008319952110824246
2.1251047080001335 -0.0008414101872855366
2.1312466291215215 -0.0008507036104236842
2.137388550242909 -0.0008598481177042723
2.1435304713642966 -0.0008688163214734153
2.149672392485684 -0.000877580817105471
2.155814313607072 -0.0008861142009611577
2.1619562347284598 -0.0008943891004965455
2.1680981558498473 -0.0009023782183759059
2.174240076971235 -0.0009100543921703595
2.180381998092623 -0.0009173906709158135
2.1865239192140105 -0.0009243604094627735
2.192665840335398 -0.0009309373811828067
2.1988077614567856 -0.000937095909207729
2.2049496825781736 -0.000942811015974431
2.211091603699561 -0.0009480585904373373
2.2172335248209487 -0.0009528155718987268
2.2233754459423363 -0.0009570601490015035
2.2295173670637243 -0.0009607719720364502
2.235659288185112 -0.0009639323763433364
2.2418012093064994 -0.0009665246142390479
2.247943130427887 -0.0009685340925923625
2.254085051549275 -0.0009699486128898978
2.2602269726706625 -0.0009707586104062859
2.26636889379205 -0.0009709573889084014
2.2725108149134376 -0.0009705413471923424
2.2786527360348257 -0.0009695101936759665
2.284794657156213 -0.0009678671452513936
2.2909365782776008 -0.0009656191066424406
2.2970784993989883 -0.000962776826611968
2.3032204205203763 -0.0009593550275232426
2.309362341641764 -0.0009553725049763566
2.3155042627631515 -0.0009508521945133243
2.321646183884539 -0.0009458212027106715
2.327788105005927 -0.000940310800352244
2.3339300261273146 -0.0009343563757929767
2.340071947248702 -0.000927997347081094
2.3462138683700897 -0.0009212770318956739
2.3523557894914777 -0.0009142424748721597
2.3584977106128653 -0.000906944232423208
2.364639631734253 -0.000899436115708878
2.3707815528556404 -0.0008917748929609595
2.376923473977028 -0.0008840199529134399
2.383065395098416 -0.000876232931626925
2.3892073162198035 -0.0008684773055115689
2.395349237341191 -0.0008608179538431768
2.4014911584625787 -0.0008533206945234713
2.4076330795839667 -0.0008460517972512318
2.4137750007053542 -0.000839077478639872
2.419916921826742 -0.0008324633841333522
2.4260588429481293 -0.0008262740618311899
2.4322007640695174 -0.000820572433530501
2.438342685190905 -0.0008154192684251834
2.4444846063122925 -0.0008108726649670435
2.45062652743368 -0.0008069875463893652
2.456768448555068 -0.0008038151753195486
2.4629103696764556 -0.0008014026927644183
2.469052290797843 -0.0007997926865409873
2.4751942119192307 -0.0007990227939491858
2.4813361330406187 -0.0007991253431446011
2.4874780541620063 -0.0008001270372727251
2.493619975283394 -0.000802048684976578
2.4997618964047814 -0.0008049049803925401
2.5059038175261694 -0.0008087043352112175
2.512045738647557 -0.000813448764808149
2.5181876597689445 -0.0008191338298506124
2.524329580890332 -0.0008257486341695633
2.53047150201172 -0.0008332758790579577
2.5366134231331077 -0.0008416919735266547
2.5427553442544952 -0.0008509671994250784
2.548897265375883 -0.0008610659297240574
2.555039186497271 -0.0008719468976707984
2.5611811076186584 -0.0008835635139684652
2.567323028740046 -0.0008958642286126452
2.5734649498614335 -0.0009087929335407596
2.5796068709828215 -0.0009222894018244156
2.585748792104209 -0.0009362897587641115
2.5918907132255966 -0.0009507269799352394
2.598032634346984 -0.000965531410987693
2.604174555468372 -0.0009806313038214203
2.6103164765897597 -0.0009959533636488178
2.6164583977111473 -0.0010114233014128628
2.622600318832535 -0.001026966386057211
2.6287422399539224 -0.0010425079912401195
2.6348841610753104 -0.0010579741312459348
2.641026082196698 -0.0010732919810730814
2.6471680033180855 -0.0010883903759621968
2.653309924439473 -0.001103200285967575
2.659451845560861 -0.0011176552615641323
2.6655937666822487 -0.0011316918467145544
2.6717356878036362 -0.0011452499562905783
2.677877608925024 -0.0011582732152414252
2.684019530046412 -0.001170709257423806
2.6901614511677994 -0.0011825099825440134
2.696303372289187 -0.0011936317702055895
2.7024452934105745 -0.0012040356505981353
2.7085872145319625 -0.0012136874318962804
2.71472913565335 -0.0012225577849552553
2.7208710567747376 -0.0012306222863836687
2.727012977896125 -0.0012378614215383782
2.733154899017513 -0.0012442605494145343
2.7392968201389007 -0.0012498098317904503
2.7454387412602883 -0.001254504129327058
2.751580662381676 -0.0012583428676112716
2.757722583503064 -0.001261329876368378
2.7638645046244514 -0.0012634732052481826
2.770006425745839 -0.0012647849197116126
2.7761483468672266 -0.001265280880608229
2.7822902679886146 -0.0012649805110409602
2.788432189110002 -0.0012639065540635934
2.7945741102313897 -0.001262084824651254
2.8007160313527772 -0.0012595439592272002
2.8068579524741653 -0.0012563151658245048
2.812999873595553 -0.0012524319777130334
2.8191417947169404 -0.0012479300130356086
2.825283715838328 -0.00124284674267806
2.831425636959716 -0.0012372212682520945
2.8375675580811035 -0.0012310941117040248
2.843709479202491 -0.0012245070176831485
2.8498514003238786 -0.0012175027694178477
2.8559933214452666 -0.0012101250184621967
2.862135242566654 -0.0012024181282979077
2.8682771636880418 -0.0011944270314125233
2.8744190848094293 -0.0011861970991312316
2.8805610059308173 -0.0011777740231626403
2.886702927052205 -0.001169203707533763
2.8928448481735924 -0.0011605321693414015
2.89898676929498 -0.0011518054465403406
2.9051286904163676 -0.001143069510826941
2.9112706115377556 -0.0011343701835626664
2.917412532659143 -0.001125753052617855
2.9235544537805307 -0.0011172633880027914
2.9296963749019183 -0.001108946054191197
2.9358382960233063 -0.0011008454171300105
2.941980217144694 -0.0010930052440673932
2.9481221382660814 -0.0010854685945158962
2.954264059387469 -0.0010782777008966334
2.960405980508857 -0.0010714738376791642
2.9665479016302445 -0.0010650971781360659
2.972689822751632 -0.0010591866381655932
2.9788317438730196 -0.0010537797069946329
2.9849736649944076 -0.001048912264951061
2.991115586115795 -0.001044618388883017
2.9972575072371828 -0.001040930146195586
3.0033994283585703 -0.001037877378865912
3.0095413494799583 -0.0010354874791787111
3.015683270601346 -0.0010337851592885506
3.0218251917227335 -0.0010327922170561678
3.027967112844121 -0.0010325273009170802
3.034109033965509 -0.0010330056768155216
3.0402509550868966 -0.0010342390004697702
3.046392876208284 -0.001036235098421099
3.0525347973296717 -0.001038997761453533
3.0586767184510597 -0.001042526554051747
3.0648186395724473 -0.0010468166435869419
3.070960560693835 -0.0010518586528835794
3.0771024818152224 -0.0010576385397223316
3.0832444029366104 -0.0010641375066765715
3.089386324057998 -0.0010713319444620132
3.0955282451793855 -0.0010791934117036085
3.101670166300773 -0.0010876886536932571
3.107812087422161 -0.0010967796623300122
3.1139540085435486 -0.0011064237790057495
3.120095929664936 -0.0011165738417290233
3.1262378507863238 -0.0011271783772741364
3.1323797719077118 -0.0011381818386078787
3.1385216930290993 -0.0011495248872901923
3.144663614150487 -0.0011611447199747914
3.1508055352718745 -0.0011729754375594313
3.156947456393262 -0.0011849484549612353
3.16308937751465 -0.0011969929489284692
3.1692312986360376 -0.0012090363407545575
3.175373219757425 -0.001221004810240994
3.1815151408788127 -0.0012328238367708343
3.1876570620002007 -0.0012444187629109913
3.1937989831215883 -0.001255715375566394
3.199940904242976 -0.0012666404993684358
3.2060828253643634 -0.001277122596699467
3.2122247464857514 -0.0012870923685391281
3.218366667607139 -0.0012964833501708265
3.2245085887285265 -0.0013052324957105853
3.230650509849914 -0.0013132807454176788
3.236792430971302 -0.0013205735698178906
3.2429343520926897 -0.001327061484815719
3.249076273214077 -0.0013327005321902658
3.2552181943354648 -0.0013374527201587404
3.261360115456853 -0.0013412864190483333
3.2675020365782403 -0.0013441767075375263
3.273643957699628 -0.0013461056654068214
3.2797858788210155 -0.0013470626092704902
3.2859277999424035 -0.001347044268338797
3.292069721063791 -0.0013460548978770485
3.2982116421851786 -0.001344106328675999
3.304353563306566 -0.001341217951519498
3.310495484427954 -0.0013374166363212777
3.3166374055493417 -0.0013327365862947755
3.3227793266707293 -0.0013272191282091197
3.328921247792117 -0.0013209124404621264
3.335063168913505 -0.0013138712213588526
3.3412050900348924 -0.001306156300613607
3.34734701115628 -0.0012978341976865016
3.3534889322776675 -0.0012889766311152376
3.3596308533990555 -0.001279659983502136
3.365772774520443 -0.0012699647272593469
3.3719146956418307 -0.0012599748165964628
3.3780566167632182 -0.0012497770515499601
3.3841985378846062 -0.0012394604200995165
3.390340459005994 -0.001229115424589703
3.3964823801273814 -0.0012188333987752638
3.402624301248769 -0.001208705821833606
3.4087662223701565 -0.0011988236356396155
3.4149081434915445 -0.0011892765714769508
3.421050064612932 -0.0011801524921688895
3.4271919857343196 -0.0011715367553539358
3.433333906855707 -0.0011635116033109191
3.439475827977095 -0.0011561555843602027
3.4456177490984827 -0.0011495430104376167
3.4517596702198703 -0.0011437434549621593
3.457901591341258 -0.001138821294604346
3.464043512462646 -0.001134835298016635
3.4701854335840334 -0.0011318382640183693
3.476327354705421 -0.0011298767111430634
3.4824692758268085 -0.0011289906198636733
3.4886111969481965 -0.0011292132282197567
3.494753118069584 -0.001130570880987103
3.5008950391909717 -0.001133082931963122
3.5070369603123592 -0.00113676169839743
3.5131788814337472 -0.0011416124660834927
3.519320802555135 -0.0011476335431502749
3.5254627236765224 -0.0011548163601582846
3.53160464479791 -0.001163145613717193
3.537746565919298 -0.001172599450506597
3.5438884870406855 -0.0011831496883008248
3.550030408162073 -0.0011947620703754995
3.5561723292834606 -0.001207396549509436
3.5623142504048486 -0.0012210075976910597
3.568456171526236 -0.0012355445375936188
3.5745980926476237 -0.0012509518918968608
3.5807400137690113 -0.0012671697466025075
3.5868819348903993 -0.0012841341246138858
3.593023856011787 -0.0013017773660227573
3.5991657771331744 -0.0013200285117643395
3.605307698254562 -0.0013388136875596
3.61144961937595 -0.0013580564853565645
3.6175915404973376 -0.0013776783398034191
3.623733461618725 -0.0013975988976292052
3.6298753827401127 -0.001417736378166065
3.6360173038615007 -0.0014380079236134924
3.6421592249828882 -0.0014583299380128746
3.648301146104276 -0.0014786184142629518
3.6544430672256634 -0.0014987892488569584
3.6605849883470514 -0.0015187585443538296
3.666726909468439 -0.0015384428999029047
3.6728688305898265 -0.0015577596904186065
3.679010751711214 -0.0015766273352436821
3.6851526728326016 -0.0015949655573425747
3.6912945939539896 -0.001612695634226787
3.697436515075377 -0.0016297406419290515
3.7035784361967647 -0.0016460256934108216
3.7097203573181523 -0.0016614781728070294
3.7158622784395403 -0.0016760279668831144
3.722004199560928 -0.0016896076950027236
3.7281461206823154 -0.0017021529387818769
3.734288041803703 -0.0017136024724391918
3.740429962925091 -0.0017238984946452904
3.7465718840464786 -0.001732986862431748
3.752713805167866 -0.0017408173274455856
3.7588557262892537 -0.0017473437745347009
3.7649976474106417 -0.0017525244623285453
3.7711395685320293 -0.0017563222651431258
3.777281489653417 -0.0017587049151965332
3.7834234107748044 -0.0017596452437775446
3.7895653318961924 -0.0017591214196722798
3.79570725301758 -0.0017571171828293234
3.8018491741389675 -0.0017536220709389238
3.807991095260355 -0.0017486316363234011
3.814133016381743 -0.0017421476502899236
3.8202749375031306 -0.0017341782918890974
3.826416858624518 -0.0017247383178585986
3.8325587797459058 -0.0017138492104148834
3.8387007008672938 -0.0017015392994917528
3.8448426219886813 -0.0016878438560152737
3.850984543110069 -0.0016728051528525252
3.8571264642314564 -0.0016564724901781986
3.8632683853528444 -0.0016389021821686827
3.869410306474232 -0.0016201575021574086
3.8755522275956196 -0.0016003085836664994
3.881694148717007 -0.0015794322750658297
3.887836069838395 -0.001557611945998159
3.8939779909597827 -0.001534937244144006
3.9001199120811703 -0.0015115038013774275
3.906261833202558 -0.0014874128888781998
3.912403754323946 -0.0014627710213107644
3.9185456754453334 -0.001437689510748772
3.924687596566721 -0.001412283971608735
3.9308295176881085 -0.0013866737784494687
3.936971438809496 -0.0013609814790875422
3.943113359930884 -0.0013353321660647408
3.9492552810522716 -0.0013098528100733134
3.955397202173659 -0.0012846715594903777
3.9615391232950468 -0.0012599170106863597
3.9676810444164348 -0.001235717454246115
3.9738229655378223 -0.0012122001026682056
3.97996488665921 -0.001189490305481072
3.9861068077805974 -0.0011677107580284859
3.9922487289019855 -0.0011469807104254476
3.998390650023373 -0.001127415183365104
4.004532571144761 -0.0011091241975637496
4.010674492266149 -0.0010922120236618897
4.016816413387536 -0.0010767764593530196
4.022958334508924 -0.0010629081403876173
4.029100255630311 -0.0010506898918982168
4.035242176751699 -0.0010401961262138234
4.041384097873086 -0.001031492292980797
4.047526018994474 -0.001024634386986129
4.053667940115862 -0.0010196685185922497
4.05980986123725 -0.0010166305511454018
4.0659517823586375 -0.0010155458091184323
4.072093703480025 -0.0010164288601004444
4.078235624601413 -0.0010192833730577552
4.0843775457228 -0.001024102054571105
4.090519466844188 -0.001030866664011686
4.096661387965575 -0.0010395481078621926
4.102803309086964 -0.0010501066126278674
4.108945230208351 -0.0010624919750256239
4.115087151329739 -0.0010766438873959696
4.1212290724511265 -0.0010924923355615207
4.127370993572514 -0.0011099580656662223
4.133512914693902 -0.0011289531158791076
4.139654835815289 -0.0011493814082433804
4.145796756936677 -0.0011711393954028802
4.151938678058065 -0.0011941167564499169
4.158080599179453 -0.0012181971357166823
4.16422252030084 -0.0012432589179815657
4.170364441422228 -0.001269176033285391
4.176506362543615 -0.0012958187843536886
4.182648283665003 -0.001323054689501107
4.1887902047863905 -0.001350749333853716
4.194932125907778 -0.001378767221763701
4.201074047029166 -0.00140697262340737
4.207215968150554 -0.0014352304087489557
4.213357889271942 -0.001463406862315893
4.219499810393329 -0.0014913704725617572
4.225641731514717 -0.0015189926899854744
4.231783652636104 -0.0015461486486239456
4.237925573757492 -0.001572717846032978
4.2440674948788795 -0.0015985847774112733
4.250209416000267 -0.0016236395200963812
4.2563513371216555 -0.001647778265261986
4.262493258243043 -0.001670903794264288
4.268635179364431 -0.0016929258977132994
4.274777100485818 -0.0017137617359739919
4.280919021607206 -0.0017333361404245037
4.287060942728593 -0.001751581855405708
4.293202863849981 -0.001768439721381009
4.299344784971368 -0.0017838588003800033
4.305486706092757 -0.001797796445318099
4.311628627214144 -0.0018102183152604462
4.317770548335532 -0.0018210983391274325
4.3239124694569195 -0.0018304186307161448
4.330054390578307 -0.0018381693582342486
4.336196311699695 -0.0018443485718069182
4.342338232821082 -0.0018489619926222922
4.34848015394247 -0.0018520227675255538
4.354622075063858 -0.001853551192956493
4.360763996185246 -0.0018535744121513295
4.366905917306633 -0.0018521260894987445
4.373047838428021 -0.0018492460658553005
4.3791897595494085 -0.0018449799984904072
4.385331680670796 -0.0018393789891500496
4.391473601792184 -0.0018324992035066287
4.397615522913571 -0.0018244014850050442
4.40375744403496 -0.0018151509658285421
4.409899365156347 -0.0018048166773982472
4.416041286277735 -0.0017934711624942514
4.422183207399122 -0.0017811900907504009
4.42832512852051 -0.0017680518789362704
4.434467049641897 -0.001754137317104874
4.440608970763285 -0.0017395292013599622
4.4467508918846725 -0.0017243119736884075
4.452892813006061 -0.0017085713690170375
4.4590347341274486 -0.0016923940693945564
4.465176655248836 -0.0016758673649726321
4.471318576370224 -0.001659078821269929
4.477460497491611 -0.0016421159520520526
4.483602418612999 -0.0016250658970517766
4.489744339734386 -0.0016080151036891599
4.495886260855774 -0.0015910490119312606
4.5020281819771615 -0.0015742517414561324
4.50817010309855 -0.0015577057803549087
4.5143120242199375 -0.0015414916747173734
4.520453945341325 -0.0015256877185981122
4.526595866462713 -0.0015103696440489027
4.5327377875841 -0.0014956103111244815
4.538879708705488 -0.0014814793980187113
4.545021629826875 -0.001468043091761237
4.551163550948263 -0.0014553637801953177
4.557305472069651 -0.0014434997462596075
4.563447393191039 -0.001432504865903849
4.569589314312426 -0.0014224283112741285
4.575731235433814 -0.0014133142611009446
4.5818731565552016 -0.0014052016205061359
4.588015077676589 -0.0013981237527062361
4.594156998797977 -0.0013921082253238182
4.600298919919364 -0.0013871765742189109
4.606440841040753 -0.001383344087914208
4.61258276216214 -0.0013806196158055806
4.618724683283528 -0.0013790054034191661
4.624866604404915 -0.001378496957994408
4.631008525526303 -0.0013790829476361657
4.6371504466476905 -0.0013807451371864899
4.643292367769078 -0.0013834583638167993
4.649434288890466 -0.0013871905551339561
4.655576210011854 -0.0013919027923299046
4.661718131133242 -0.0013975494205859234
4.667860052254629 -0.001404078208571784
4.674001973376017 -0.0014114305584608557
4.680143894497404 -0.001419541767418831
4.686285815618792 -0.001428341341021553
4.692427736740179 -0.0014377533585223131
4.698569657861567 -0.0014476968893276264
4.7047115789829554 -0.0014580864594599834
4.710853500104343 -0.0014688325661940769
4.716995421225731 -0.001479842238457459
4.723137342347118 -0.0014910196399956636
4.729279263468506 -0.0015022667117238705
4.735421184589893 -0.0015134838491304172
4.741563105711281 -0.0015245706100700713
4.747705026832668 -0.001535426447794812
4.753846947954056 -0.0015459514636244525
4.759988869075444 -0.0015560471732657803
4.766130790196832 -0.0015656172804533713
4.7722727113182195 -0.0015745684513136316
4.778414632439607 -0.0015828110826507386
4.784556553560995 -0.0015902600572231817
4.790698474682382 -0.0015968354790255148
4.79684039580377 -0.0016024633816139762
4.802982316925157 -0.0016070764026178182
4.809124238046546 -0.0016106144177606442
4.815266159167933 -0.0016130251279767064
4.821408080289321 -0.0016142645935439959
4.8275500014107084 -0.001614297709565899
4.833691922532096 -0.0016130986176122147
4.839833843653484 -0.001610651048873348
4.845975764774871 -0.001606948594782684
4.852117685896259 -0.001601994901714828
4.858259607017647 -0.0015958037870641409
4.864401528139035 -0.0015883992747409107
4.870543449260422 -0.001579815548882976
4.87668537038181 -0.0015700968253599
4.882827291503197 -0.0015592971414356543
4.888969212624585 -0.0015474800647449812
4.8951111337459725 -0.001534718323518854
4.90125305486736 -0.0015210933607565475
4.9073949759887485 -0.0015066948157768198
4.913536897110136 -0.001491619937279993
4.919678818231524 -0.001475972932708133
4.925820739352911 -0.0014598642592945608
4.931962660474299 -0.0014434098627396138
4.938104581595686 -0.0014267303699308502
4.944246502717074 -0.0014099502425374225
4.9503884238384614 -0.0013931968986457724
4.95653034495985 -0.0013765998098636922
4.9626722660812375 -0.0013602895814997585
4.968814187202625 -0.001344397023523721
4.974956108324013 -0.0013290522200303772
4.9810980294454 -0.001314383604865341
4.987239950566788 -0.0013005170509277372
4.993381871688175 -0.0012875749804448365
4.999523792809563 -0.0012756755032206832
5.00566571393095 -0.0012649315894993419
5.011807635052339 -0.0012554502836588822
5.017949556173726 -0.0012473319644706786
5.024091477295114 -0.0012406696571267833
5.0302333984165015 -0.0012355484016633015
5.036375319537889 -0.0012320446817975722
5.042517240659277 -0.001230225917559618
5.048659161780664 -0.0012301500244420297
5.054801082902052 -0.0012318650411255643
5.06094300402344 -0.0012354088271686568
5.067084925144828 -0.001240808831385963
5.073226846266215 -0.0012480819309919858
5.079368767387603 -0.001257234340958373
5.0855106885089905 -0.001268261592434839
5.091652609630378 -0.0012811485785204314
5.097794530751766 -0.0012958696651500141
5.103936451873153 -0.0013123888643856525
5.110078372994542 -0.0013306600669785408
5.116220294115929 -0.001350627330697784
5.122362215237317 -0.0013722252206106226
5.128504136358704 -0.0013953791972462553
5.134646057480092 -0.00142000604838339
5.140787978601479 -0.0014460143600699064
5.146929899722867 -0.0014733050224107723
5.1530718208442545 -0.0015017717656457623
5.159213741965643 -0.0015313017220790935
5.1653556630870305 -0.0015617760095153381
5.171497584208418 -0.0015930703319959286
5.177639505329806 -0.0016250555938133228
5.183781426451193 -0.0016575985230004313
5.189923347572581 -0.0016905623007451914
5.196065268693968 -0.0017238071934583253
5.202207189815356 -0.0017571911845198542
5.208349110936744 -0.0017905706030404164
5.214491032058132 -0.0018238007472902587
5.2206329531795195 -0.0018567365007655734
5.226774874300907 -0.0018892329391721337
5.232916795422295 -0.001921145926904264
5.239058716543682 -0.001952332701877095
5.24520063766507 -0.001982652447826941
5.251342558786457 -0.0020119668534237436
5.257484479907845 -0.0020401406577370104
5.263626401029233 -0.0020670421817592256
5.269768322150621 -0.002092543845815881
5.275910243272008 -0.0021165226727773647
5.282052164393396 -0.002138860777033992
5.2881940855147835 -0.002159445839201553
5.294336006636171 -0.002178171566491509
5.300477927757559 -0.0021949381386090518
5.306619848878946 -0.0022096526389360324
5.312761770000335 -0.0022222294706172774
5.318903691121722 -0.0022325907570019394
5.32504561224311 -0.002240666725700623
5.331187533364497 -0.0022463960753090124
5.337329454485885 -0.002249726323625099
5.3434713756072725 -0.0022506141359555725
5.34961329672866 -0.002249025631873511
5.355755217850048 -0.0022449366685604894
5.361897138971436 -0.002238333098647735
5.368039060092824 -0.002229211000269285
5.374180981214211 -0.0022175768768612327
5.380322902335599 -0.002203447824090807
5.386464823456986 -0.002186851661182691
5.392606744578374 -0.0021678270238323924
5.398748665699761 -0.002146423415862193
5.404890586821149 -0.0021227012167876935
5.411032507942537 -0.002096731642525406
5.417174429063925 -0.0020685966565863346
5.4233163501853126 -0.0020383888292684078
5.4294582713067 -0.0020062111425825724
5.435600192428088 -0.001972176738922847
5.441742113549475 -0.0019364086118184931
5.447884034670863 -0.0018990392374844639
5.45402595579225 -0.0018602101463114358
5.460167876913639 -0.0018200714339051164
5.466309798035026 -0.0017787812117914818
5.472451719156414 -0.0017365049984446638
5.4785936402778015 -0.001693415051861411
5.484735561399189 -0.001649689645493496
5.490877482520577 -0.0016055122899501582
5.497019403641964 -0.0015610709034889097
5.503161324763352 -0.0015165569349169846
5.509303245884739 -0.0014721644431192537
5.515445167006128 -0.0014280891380034164
5.521587088127515 -0.0013845273882016503
5.527729009248903 -0.0013416752013815751
5.53387093037029 -0.0012997271834909382
5.540012851491678 -0.001258875483682254
5.5461547726130656 -0.0012193087320292837
5.552296693734453 -0.0011812109774503108
5.558438614855841 -0.0011447606334883235
5.564580535977229 -0.0011101294397607069
5.570722457098617 -0.001077481446977109
5.576864378220004 -0.0010469720334307993
5.583006299341392 -0.0010187469607943348
5.589148220462779 -0.0009929414768935732
5.595290141584167 -0.0009696794728953947
5.6014320627055545 -0.000949072702024961
5.607573983826942 -0.0009312200665302833
5.6137159049483305 -0.000916206979138533
5.619857826069718 -0.0009041048047042
5.625999747191106 -0.0008949703871390829
5.632141668312493 -0.0008888456660443194
5.638283589433881 -0.0008857573867420795
5.644425510555268 -0.0008857169066368575
5.650567431676656 -0.0008887201000317088
5.656709352798043 -0.000894747362692079
5.662851273919432 -0.0009037637165982536
5.668993195040819 -0.0009157190144663554
5.675135116162207 -0.0009305482427568943
5.681277037283595 -0.0009481719210387174
5.687418958404982 -0.0009684965947444596
5.69356087952637 -0.0009914154175505092
5.699702800647757 -0.0010168088188491128
5.705844721769145 -0.001044545251061047
5.711986642890533 -0.0010744820108722218
5.718128564011921 -0.0011064661278738868
5.724270485133308 -0.0011403353135503247
5.730412406254696 -0.001175918963095483
5.7365543273760835 -0.0012130392021558033
5.742696248497471 -0.0012515119702940353
5.748838169618859 -0.00129114813275079
5.754980090740246 -0.0013317546119485607
5.761122011861635 -0.0013731355301373658
5.767263932983022 -0.0014150933546214239
5.77340585410441 -0.0014574300371308084
5.779547775225797 -0.0014999481391078761
5.785689696347185 -0.0015424519349620835
5.7918316174685724 -0.0015847484857036333
5.79797353858996 -0.0016266486757909695
5.804115459711348 -0.001667968206513102
5.810257380832735 -0.0017085285397681967
5.816399301954124 -0.001748157786687324
5.822541223075511 -0.0017866915361786483
5.828683144196899 -0.001823973619124577
5.834825065318286 -0.0018598568046435506
5.840966986439674 -0.001894203425521069
5.847108907561061 -0.0019268859306121621
5.853250828682449 -0.0019577873627116098
5.8593927498038365 -0.001986801761070454
5.865534670925225 -0.0020138344883998886
5.8716765920466125 -0.0020388024828390757
5.877818513168 -0.0020616344359650255
5.883960434289388 -0.0020822708984841766
5.890102355410775 -0.002100664315761383
5.896244276532163 -0.002116778995807978
5.90238619765355 -0.0021305910127627004
5.908528118774938 -0.002142088049254635
5.914670039896326 -0.002151269181333988
5.920811961017714 -0.0021581446098934377
5.9269538821391015 -0.0021627353426798804
5.933095803260489 -0.0021650728311143016
5.939237724381877 -0.0021651985661980656
5.945379645503264 -0.0021631636377894246
5.951521566624652 -0.0021590282614878894
5.957663487746039 -0.002152861277270096
5.963805408867428 -0.002144739623883639
5.969947329988815 -0.0021347477928300154
5.976089251110203 -0.002122977265559967
5.98223117223159 -0.002109525937269943
5.988373093352978 -0.0020944975304333633
5.9945150144743655 -0.002078001000930997
6.000656935595753 -0.0020601499393674903
6.006798856717141 -0.002041061969882023
6.012940777838529 -0.00202085814848634
6.019082698959917 -0.001999662362698701
6.025224620081304 -0.0019776007339930316
6.031366541202692 -0.0019548010243536492
6.037508462324079 -0.0019313920480217058
6.043650383445467 -0.0019075030893437655
6.0497923045668545 -0.0018832633274886966
6.055934225688242 -0.0018588012686887635
6.06207614680963 -0.0018342441865859384
6.068218067931018 -0.0018097175712259161
6.074359989052406 -0.0017853445872400547
6.080501910173793 -0.0017612455417887396
6.086643831295181 -0.0017375373629069056
6.092785752416568 -0.0017143330889913498
6.098927673537956 -0.0016917413702970106
6.105069594659343 -0.001669865983461929
6.111211515780731 -0.0016488053602538712
6.117353436902119 -0.0016286521319207983
6.123495358023507 -0.0016094926907273778
6.1296372791448945 -0.0015914067704648717
6.135779200266282 -0.0015744670479263833
6.14192112138767 -0.0015587387675375004
6.148063042509057 -0.0015442793915179894
6.154204963630445 -0.0015311382781173994
6.160346884751832 -0.0015193563906105182
6.166488805873221 -0.0015089660398521648
6.172630726994608 -0.0014999906632696689
6.178772648115996 -0.0014924446432110678
6.1849145692373835 -0.0014863331675634606
6.191056490358771 -0.0014816521355057264
6.197198411480159 -0.001478388111160318
6.203340332601546 -0.0014765183277581462
6.209482253722934 -0.0014760107447276405
6.215624174844322 -0.0014768241598637317
6.22176609596571 -0.0014789083784253981
6.227908017087097 -0.0014822044406531767
6.234049938208485 -0.0014866449087930782
6.240191859329872 -0.0014921542142640755
6.24633378045126 -0.0014986490651168107
6.2524757015726475 -0.0015060389134064632
6.258617622694035 -0.0015142264815484036
6.2647595438154235 -0.001523108346147733
6.270901464936811 -0.0015325755771998925
6.277043386058199 -0.0015425144299566383
