time TPR_both_B_closed_1_rho13_real
0.0 0.0
0.00614192112138767 -7.542354845253965e-07
0.01228384224277534 -3.0142025985471958e-06
0.01842576336416301 -6.7716953354902665e-06
0.02456768448555068 -1.2013077003173315e-05
0.030709605606938348 -1.8719340010320295e-05
0.03685152672832602 -2.686618918551222e-05
0.042993447849713685 -3.642414824907465e-05
0.04913536897110136 -4.735868895373623e-05
0.05527729009248903 -5.9630382308010075e-05
0.061419211213876695 -7.3195071197704e-05
0.06756113233526437 -8.800406362628727e-05
0.07370305345665204 -0.00010400434570452352
0.07984497457803971 -0.00012113881343427494
0.08598689569942737 -0.000139346522251101
0.09212881682081504 -0.00015856295321557768
0.09827073794220272 -0.000178720294674469
0.10441265906359039 -0.00019974773815025225
0.11055458018497806 -0.00022157178716125463
0.11669650130636572 -0.0002441165776249629
0.12283842242775339 -0.0002673042084540451
0.12898034354914106 -0.00029105508091833895
0.13512226467052874 -0.000315288245316554
0.1412641857919164 -0.0003399217534786777
0.14740610691330408 -0.00036487301560403124
0.15354802803469175 -0.0003900591599304899
0.15968994915607942 -0.00041539739372745344
0.16583187027746707 -0.00044080536410858
0.17197379139885474 -0.00046620151716990273
0.17811571252024241 -0.0004915054539745586
0.1842576336416301 -0.0005166382819267486
0.19039955476301776 -0.0005415229601045199
0.19654147588440543 -0.0005660846371532729
0.2026833970057931 -0.0005902509803793211
0.20882531812718078 -0.0006139524947251316
0.21496723924856845 -0.0006371228303548209
0.22110916036995612 -0.0006596990776298135
0.2272510814913438 -0.000681622048310079
0.23339300261273144 -0.0007028365418758004
0.2395349237341191 -0.0007232915959274535
0.24567684485550678 -0.0007429407196888793
0.25181876597689445 -0.0007617421097077696
0.2579606870982821 -0.0007796588469208342
0.2641026082196698 -0.0007966590743265446
0.27024452934105747 -0.0008127161545865332
0.27638645046244514 -0.0008278088069572061
0.2825283715838328 -0.000841921223035696
0.2886702927052205 -0.000855043160888653
0.29481221382660816 -0.0008671700172183075
0.30095413494799583 -0.0008783028773074554
0.3070960560693835 -0.0008884485425732417
0.3132379771907712 -0.00089761953564853
0.31937989831215885 -0.000905834082998958
0.3255218194335465 -0.0009131160751731349
0.33166374055493414 -0.0009194950048725156
0.3378056616763218 -0.0009250058831159082
0.3439475827977095 -0.0009296891338609815
0.35008950391909716 -0.0009335904675311369
0.35623142504048483 -0.0009367607339803155
0.3623733461618725 -0.000939255755510312
0.3685152672832602 -0.0009411361406345693
0.37465718840464785 -0.0009424670793588112
0.3807991095260355 -0.0009433181208218594
0.3869410306474232 -0.0009437629342091428
0.39308295176881086 -0.0009438790539164016
0.39922487289019853 -0.0009437476100015205
0.4053667940115862 -0.0009434530450179646
0.4115087151329739 -0.0009430828183736152
0.41765063625436155 -0.0009427270994036281
0.4237925573757492 -0.0009424784503849992
0.4299344784971369 -0.0009424315007536234
0.43607639961852457 -0.0009426826138115685
0.44221832073991224 -0.0009433295472329705
0.4483602418612999 -0.0009444711086912509
0.4545021629826876 -0.0009462068079382739
0.4606440841040752 -0.0009486365066675869
0.4667860052254629 -0.0009518600674890824
0.47292792634685055 -0.0009559770033314171
0.4790698474682382 -0.0009610861285714602
0.4852117685896259 -0.0009672852131671257
0.49135368971101356 -0.0009746706410414409
0.49749561083240124 -0.0009833370739318755
0.5036375319537889 -0.0009933771218801459
0.5097794530751766 -0.0010048810214942701
0.5159213741965643 -0.0010179363230669576
0.5220632953179519 -0.0010326275875828918
0.5282052164393396 -0.001049036094592515
0.5343471375607273 -0.0010672395618719992
0.5404890586821149 -0.0010873118777286084
0.5466309798035026 -0.0011093228467480918
0.5527729009248903 -0.0011333379497165082
0.558914822046278 -0.001159418118383406
0.5650567431676656 -0.001187619525666983
0.5711986642890533 -0.0012179933918351278
0.577340585410441 -0.0012505858071294393
0.5834825065318286 -0.0012854375712328314
0.5896244276532163 -0.0013225840499154267
0.595766348774604 -0.0013620550491284325
0.6019082698959917 -0.001403874706751843
0.6080501910173793 -0.001448061402139341
0.614192112138767 -0.0014946276835428453
0.6203340332601547 -0.0015435802134400032
0.6264759543815424 -0.0015949197317306136
0.63261787550293 -0.0016486410367126426
0.6387597966243177 -0.0017047329836952368
0.6449017177457054 -0.0017631785010549911
0.651043638867093 -0.001823954623492749
0.6571855599884806 -0.0018870325422014156
0.6633274811098683 -0.0019523776716106637
0.669469402231256 -0.00201994973233202
0.6756113233526436 -0.0020897028498876122
0.6817532444740313 -0.00216158566876786
0.687895165595419 -0.0022355414813275552
0.6940370867168066 -0.002311508370996167
0.7001790078381943 -0.002389419369246707
0.706320928959582 -0.0024692026257382843
0.7124628500809697 -0.002550781591020369
0.7186047712023573 -0.0026340752111620033
0.724746692323745 -0.0027189981336465984
0.7308886134451327 -0.002805460923852726
0.7370305345665203 -0.0028933702914233734
0.743172455687908 -0.002982629325810631
0.7493143768092957 -0.0030731377402697132
0.7554562979306834 -0.0031647921235656547
0.761598219052071 -0.003257486198648047
0.7677401401734587 -0.003351111087543789
0.7738820612948464 -0.0034455555817151013
0.780023982416234 -0.0035407064171300248
0.7861659035376217 -0.0036364485532952608
0.7923078246590094 -0.0037326654555065804
0.7984497457803971 -0.003829239379580064
0.8045916669017847 -0.003926051658338089
0.8107335880231724 -0.004022982989137224
0.8168755091445601 -0.004119913721740885
0.8230174302659478 -0.004216724145857665
0.8291593513873354 -0.004313294777686486
0.8353012725087231 -0.004409506644832005
0.8414431936301108 -0.004505241568977776
0.8475851147514984 -0.004600382445730356
0.8537270358728861 -0.004694813521074521
0.8598689569942738 -0.004788420663907838
0.8660108781156615 -0.0048810916341516675
0.8721527992370491 -0.004972716345964925
0.8782947203584368 -0.005063187125616424
0.8844366414798245 -0.005152398963600834
0.8905785626012122 -0.005240249760612159
0.8967204837225998 -0.005326640567016526
0.9028624048439875 -0.005411475815493138
0.9090043259653752 -0.005494663546537662
0.9151462470867628 -0.005576115626546357
0.9212881682081504 -0.0056557479582212845
0.9274300893295381 -0.005733480683056993
0.9335720104509257 -0.005809238375686956
0.9397139315723134 -0.005882950229883525
0.9458558526937011 -0.0059545502360183215
0.9519977738150888 -0.0060239773498007056
0.9581396949364764 -0.006091175652120243
0.9642816160578641 -0.006156094499825076
0.9704235371792518 -0.006218688667271777
0.9765654583006395 -0.006278918478483933
0.9827073794220271 -0.006336749929756405
0.9888493005434148 -0.006392154802540274
0.9949912216648025 -0.006445110766440167
1.0011331427861903 -0.006495601472151193
1.0072750639075778 -0.006543616634157519
1.0134169850289656 -0.006589152103008927
1.0195589061503532 -0.0066322099269859585
1.025700827271741 -0.006672798402958741
1.0318427483931285 -0.006710932116239704
1.0379846695145163 -0.00674663196922648
1.0441265906359039 -0.006779925198628682
1.0502685117572914 -0.006810845381071187
1.0564104328786792 -0.0068394324268674835
1.0625523540000668 -0.0068657325617595836
1.0686942751214545 -0.00688979829642645
1.074836196242842 -0.006911688383570705
1.0809781173642299 -0.0069314677624039795
1.0871200384856174 -0.006949207490364577
1.0932619596070052 -0.00696498466191712
1.0994038807283928 -0.00697888231430278
1.1055458018497806 -0.006990989320130136
1.1116877229711681 -0.0070014002667209705
1.117829644092556 -0.007010215322151765
1.1239715652139435 -0.007017540087960728
1.1301134863353313 -0.007023485438520978
1.1362554074567188 -0.007028167347113358
1.1423973285781066 -0.007031706698766665
1.1485392496994942 -0.007034229089968623
1.154681170820882 -0.007035864615387523
1.1608230919422695 -0.007036747641781652
1.1669650130636573 -0.007037016569311237
1.1731069341850449 -0.007036813580505365
1.1792488553064326 -0.0070362843771737925
1.1853907764278202 -0.007035577905590708
1.191532697549208 -0.007034846070313952
1.1976746186705955 -0.007034243437038776
1.2038165397919833 -0.007033926924919867
1.209958460913371 -0.007034055488828842
1.2161003820347587 -0.007034789792046717
1.2222423031561462 -0.007036291869921901
1.228384224277534 -0.007038724785054065
1.2345261453989216 -0.007042252274592812
1.2406680665203094 -0.007047038390267484
1.246809987641697 -0.007053247131790817
1.2529519087630847 -0.007061042074304528
1.2590938298844723 -0.007070585990559544
1.26523575100586 -0.00708204046854754
1.2713776721272476 -0.007095565525323844
1.2775195932486354 -0.007111319217784965
1.283661514370023 -0.007129457251186866
1.2898034354914107 -0.007150132586213065
1.2959453566127983 -0.007173495045424547
1.302087277734186 -0.007199690919946702
1.3082291988555736 -0.007228862577271784
1.3143711199769612 -0.0072611480710790596
1.320513041098349 -0.00729668075399861
1.3266549622197366 -0.007335588894268696
1.3327968833411243 -0.007377995297260563
1.338938804462512 -0.0074240169328683445
1.3450807255838997 -0.007473764569785057
1.3512226467052872 -0.0075273424177083855
1.357364567826675 -0.007584847778541481
1.3635064889480626 -0.0076463707076742295
1.3696484100694504 -0.007711993686448703
1.375790331190838 -0.0077817913069284685
1.3819322523122257 -0.007855829970104552
1.3880741734336133 -0.007934167598680599
1.394216094555001 -0.00801685336558567
1.4003580156763886 -0.008103927439364517
1.4064999367977764 -0.008195420747591721
1.412641857919164 -0.00829135475944709
1.4187837790405518 -0.008391741288574797
1.4249257001619393 -0.008496582317327491
1.431067621283327 -0.008605869843468509
1.4372095424047147 -0.008719585750370218
1.4433514635261024 -0.008837701701703938
1.44949338464749 -0.008960179061566874
1.4556353057688778 -0.009086968840933728
1.4617772268902653 -0.009218011671255319
1.4679191480116531 -0.009353237805953492
1.4740610691330407 -0.009492567150481355
1.4802029902544285 -0.009635909321530196
1.486344911375816 -0.009783163735870343
1.4924868324972038 -0.009934219729212478
1.4986287536185914 -0.010088956705369783
1.5047706747399792 -0.010247244315889643
1.5109125958613667 -0.010408942670208027
1.5170545169827545 -0.010573902576259989
1.523196438104142 -0.01074196581135771
1.5293383592255299 -0.010912965423023177
1.5354802803469174 -0.011086726059337644
1.5416222014683052 -0.011263064328244716
1.5477641225896928 -0.011441789185119781
1.5539060437110805 -0.011622702347796022
1.560047964832468 -0.011805598738117604
1.5661898859538559 -0.011990266948974723
1.5723318070752434 -0.012176489735663638
1.578473728196631 -0.012364044530308657
1.5846156493180188 -0.01255270397798289
1.5907575704394064 -0.012742236493071026
1.5968994915607941 -0.012932406834331086
1.6030414126821817 -0.01312297669703356
1.6091833338035695 -0.01331370532048565
1.615325254924957 -0.013504350109186249
1.6214671760463448 -0.013694667265803467
1.6276090971677324 -0.0138844124341215
1.6337510182891202 -0.014073341350066914
1.6398929394105077 -0.014261210498896495
1.6460348605318955 -0.01444777777660877
1.652176781653283 -0.014632803153629576
1.6583187027746709 -0.014816049338817626
1.6644606238960584 -0.01499728244183918
1.6706025450174462 -0.015176272631970397
1.6767444661388338 -0.01535279479140215
1.6828863872602216 -0.01552662916114362
1.6890283083816091 -0.015697561977648072
1.695170229502997 -0.01586538609831567
1.7013121506243845 -0.016029901614064018
1.7074540717457722 -0.01619091644719652
1.7135959928671598 -0.01634824693284119
1.7197379139885476 -0.016501718382277878
1.7258798351099351 -0.01665116562651953
1.732021756231323 -0.01679643353856293
1.7381636773527105 -0.016937377532775764
1.7443055984740983 -0.0170738640399401
1.7504475195954858 -0.017205770956526832
1.7565894407168736 -0.017332988066831666
1.7627313618382612 -0.01745541743666068
1.768873282959649 -0.017572973777312213
1.7750152040810365 -0.017685584778662385
1.7811571252024243 -0.01779319141022381
1.7872990463238119 -0.01789574818911123
1.7934409674451997 -0.017993223413914235
1.7995828885665872 -0.018085599363546367
1.805724809687975 -0.018172872460211553
1.8118667308093626 -0.018255053395703776
1.8180086519307503 -0.01833216722033427
1.824150573052138 -0.018404253393862296
1.8302924941735257 -0.01847136579789154
1.8364344152949132 -0.01853357270928406
1.8425763364163008 -0.018590956734237767
1.8487182575376886 -0.01864361470277185
1.8548601786590762 -0.01869165752346743
1.861002099780464 -0.01873520999841748
1.8671440209018515 -0.018774410598451315
1.8732859420232393 -0.018809411198813783
1.8794278631446268 -0.018840376775597883
1.8855697842660146 -0.01886748506335122
1.8917117053874022 -0.018890926174401117
1.89785362650879 -0.018910902180569792
1.9039955476301775 -0.018927626658079087
1.9101374687515653 -0.01894132419657323
1.9162793898729529 -0.01895222987331717
1.9224213109943407 -0.01896058869375642
1.9285632321157282 -0.01896665499975117
1.934705153237116 -0.018970691846922044
1.9408470743585036 -0.018972970352666176
1.9469889954798913 -0.018973769016519395
1.953130916601279 -0.018973373014652798
1.9592728377226667 -0.018972073470398417
1.9654147588440543 -0.018970166702798816
1.971556679965442 -0.018967953455268197
1.9776986010868296 -0.018965738106537493
1.9838405222082174 -0.018963827866132255
1.989982443329605 -0.018962531956699422
1.9961243644509927 -0.01896216078555694
2.0022662855723805 -0.018963025107888224
2.008408206693768 -0.018965435184041275
2.0145501278151556 -0.018969699933420216
2.020692048936543 -0.01897612608747434
2.026833970057931 -0.018985017344297146
2.0329758911793188 -0.018996673527344944
2.0391178123007063 -0.019011389750772077
2.045259733422094 -0.019029455593857564
2.051401654543482 -0.01905115428696669
2.0575435756648695 -0.019076761911450957
2.063685496786257 -0.019106546615841637
2.0698274179076446 -0.01914076785063625
2.0759693390290326 -0.01917967562391429
2.08211126015042 -0.019223509779949015
2.0882531812718077 -0.01927249930290685
2.0943951023931953 -0.019326861647645313
2.100537023514583 -0.019386802099535003
2.106678944635971 -0.019452513165141995
2.1128208657573584 -0.01952417399551379
2.118962786878746 -0.019601949843716247
2.1251047080001335 -0.019685991558170125
2.1312466291215215 -0.019776435113235142
2.137388550242909 -0.019873401178386825
2.1435304713642966 -0.019976994727227276
2.149672392485684 -0.020087304687465363
2.155814313607072 -0.020204403632895288
2.1619562347284598 -0.020328347518294893
2.1680981558498473 -0.02045917545805623
2.174240076971235 -0.020596909549251724
2.180381998092623 -0.020741554739728656
2.1865239192140105 -0.020893098741713405
2.192665840335398 -0.02105151199129453
2.1988077614567856 -0.021216747654040455
2.2049496825781736 -0.021388741676892798
2.211091603699561 -0.021567412886360916
2.2172335248209487 -0.02175266313292605
2.2233754459423363 -0.02194437748144539
2.2295173670637243 -0.022142424447226937
2.235659288185112 -0.02234665627732542
2.2418012093064994 -0.022556909276487933
2.247943130427887 -0.022773004177055387
2.254085051549275 -0.022994746552002707
2.2602269726706625 -0.02322192727017723
2.26636889379205 -0.023454322992671084
2.2725108149134376 -0.02369169670914023
2.2786527360348257 -0.023933798312760584
2.284794657156213 -0.02418036521239067
2.2909365782776008 -0.024431122980391348
2.2970784993989883 -0.024685786034436934
2.3032204205203763 -0.024944058351538914
2.309362341641764 -0.025205634212394325
2.3155042627631515 -0.02547019897406653
2.321646183884539 -0.02573742986890703
2.327788105005927 -0.026006996827533838
2.3339300261273146 -0.02627856332359593
2.340071947248702 -0.02655178723797408
2.3462138683700897 -0.026826321739998105
2.3523557894914777 -0.027101816183197763
2.3584977106128653 -0.027377917013052002
2.364639631734253 -0.02765426868415718
2.3707815528556404 -0.027930514584201635
2.376923473977028 -0.02820629796211018
2.383065395098416 -0.028481262857709112
2.3892073162198035 -0.02875505503025953
2.395349237341191 -0.02902732288321437
2.4014911584625787 -0.029297718382572877
2.4076330795839667 -0.029565897966233972
2.4137750007053542 -0.02983152344178839
2.419916921826742 -0.03009426287023661
2.4260588429481293 -0.03035379143317634
2.4322007640695174 -0.030609792281068145
2.438342685190905 -0.030861957360260855
2.4444846063122925 -0.03110998821653852
2.45062652743368 -0.031353596773037715
2.456768448555068 -0.0315925060804765
2.4629103696764556 -0.031826451037734745
2.469052290797843 -0.03205517908092755
2.4751942119192307 -0.03227845083922033
2.4813361330406187 -0.03249604075574321
2.4874780541620063 -0.032707737672074334
2.493619975283394 -0.03291334537487555
2.4997618964047814 -0.03311268310337867
2.5059038175261694 -0.03330558601653659
2.512045738647557 -0.03349190561876931
2.5181876597689445 -0.03367151014335102
2.524329580890332 -0.03384428489260006
2.53047150201172 -0.03401013253414828
2.5366134231331077 -0.03416897335268072
2.5427553442544952 -0.03432074545664944
2.548897265375883 -0.03446540493957751
2.555039186497271 -0.03460292599568051
2.5611811076186584 -0.034733300989642515
2.567323028740046 -0.034856540480493345
2.5734649498614335 -0.034972673199641695
2.5796068709828215 -0.035081745983226886
2.585748792104209 -0.03518382365905864
2.5918907132255966 -0.035278988888521254
2.598032634346984 -0.035367341963924694
2.604174555468372 -0.03544900056189083
2.6103164765897597 -0.03552409945346928
2.6164583977111473 -0.03559279017178204
2.622600318832535 -0.035655240638101666
2.6287422399539224 -0.03571163474737237
2.6348841610753104 -0.035762171914286836
2.641026082196698 -0.0358070665811354
2.6471680033180855 -0.03584654768874537
2.653309924439473 -0.03588085811192901
2.659451845560861 -0.03591025406095653
2.6655937666822487 -0.035935004450666205
2.6717356878036362 -0.03595539023891617
2.677877608925024 -0.03597170373617092
2.684019530046412 -0.03598424788810017
2.6901614511677994 -0.035993335533146535
2.696303372289187 -0.035999288637092265
2.7024452934105745 -0.03600243750672191
2.7085872145319625 -0.036003119984738
2.71472913565335 -0.03600168062813859
2.7208710567747376 -0.03599846987230956
2.727012977896125 -0.0359938431831191
2.733154899017513 -0.03598816019932758
2.7392968201389007 -0.03598178386764157
2.7454387412602883 -0.03597507957274641
2.751580662381676 -0.035968414264647225
2.757722583503064 -0.03596215558563347
2.7638645046244514 -0.035956670999156594
2.770006425745839 -0.035952326922875394
2.7761483468672266 -0.03594948786807828
2.7822902679886146 -0.035948515587636835
2.788432189110002 -0.03594976823458177
2.7945741102313897 -0.03595359953331991
2.8007160313527772 -0.03596035796543172
2.8068579524741653 -0.035970385971901955
2.812999873595553 -0.035984019173544164
2.8191417947169404 -0.03600158561128214
2.825283715838328 -0.036023405007850416
2.831425636959716 -0.03604978805237191
2.8375675580811035 -0.036081035709164745
2.843709479202491 -0.03611743855202401
2.8498514003238786 -0.03615927612511773
2.8559933214452666 -0.03620681633153181
2.862135242566654 -0.03626031485039576
2.8682771636880418 -0.036320014583422135
2.8744190848094293 -0.03638614513159718
2.8805610059308173 -0.03645892230266975
2.886702927052205 -0.036538547650000364
2.8928448481735924 -0.036625208043253296
2.89898676929498 -0.036719075271341384
2.9051286904163676 -0.03682030567796651
2.9112706115377556 -0.03692903983003919
2.917412532659143 -0.03704540221920661
2.9235544537805307 -0.03716950099667158
2.9296963749019183 -0.0373014277414434
2.9358382960233063 -0.03744125726212633
2.941980217144694 -0.03758904743232033
2.9481221382660814 -0.0377448390596829
2.954264059387469 -0.037908655788678185
2.960405980508857 -0.03808050403702
2.9665479016302445 -0.038260372965797915
2.972689822751632 -0.03844823448325925
2.9788317438730196 -0.038644043282204006
2.9849736649944076 -0.038847736910933184
2.991115586115795 -0.03905923587767334
2.9972575072371828 -0.03927844378838005
3.0033994283585703 -0.03950524751780025
3.0095413494799583 -0.03973951741364721
3.015683270601346 -0.03998110753371112
3.0218251917227335 -0.04022985591569332
3.027967112844121 -0.04048558487951272
3.034109033965509 -0.040748101361787296
3.0402509550868966 -0.04101719728214393
3.046392876208284 -0.04129264994095412
3.0525347973296717 -0.04157422244803321
3.0586767184510597 -0.041861664181775435
3.0648186395724473 -0.04215471127812851
3.070960560693835 -0.04245308714873792
3.0771024818152224 -0.04275650302751608
3.0832444029366104 -0.04306465854481286
3.089386324057998 -0.04337724232828453
3.0955282451793855 -0.04369393262947805
3.101670166300773 -0.044014397975067815
3.107812087422161 -0.04433829784160302
3.1139540085435486 -0.04466528335254765
3.120095929664936 -0.04499499799632123
3.1262378507863238 -0.04532707836397934
3.1323797719077118 -0.04566115490510782
3.1385216930290993 -0.04599685270044519
3.144663614150487 -0.046333792249694666
3.1508055352718745 -0.04667159027294039
3.156947456393262 -0.04700986052404308
3.16308937751465 -0.04734821461435759
3.1692312986360376 -0.04768626284509075
3.175373219757425 -0.048023615046599695
3.1815151408788127 -0.04835988142292217
3.1876570620002007 -0.0486946733998263
3.1937989831215883 -0.049027604474672554
3.199940904242976 -0.049358291066389996
3.2060828253643634 -0.04968635336388583
3.2122247464857514 -0.05001141617122734
3.218366667607139 -0.05033310974796132
3.2245085887285265 -0.05065107064296402
3.230650509849914 -0.050964942520246054
3.236792430971302 -0.05127437697516896
3.2429343520926897 -0.05157903433956358
3.249076273214077 -0.05187858447427299
3.2552181943354648 -0.05217270754767512
3.261360115456853 -0.05246109479876947
3.2675020365782403 -0.0527434492834402
3.273643957699628 -0.05301948660253174
3.2797858788210155 -0.053288935610393315
3.2859277999424035 -0.053551539102565396
3.292069721063791 -0.053807054481292554
3.2982116421851786 -0.05405525439755487
3.304353563306566 -0.05429592736831319
3.310495484427954 -0.05452887836766205
3.3166374055493417 -0.054753929390579444
3.3227793266707293 -0.05497091998795408
3.328921247792117 -0.05517970777155985
3.335063168913505 -0.05538016888763453
3.3412050900348924 -0.05557219845770532
3.34734701115628 -0.05575571098529073
3.3534889322776675 -0.05593064072709461
3.3596308533990555 -0.05609694202729823
3.365772774520443 -0.05625458961354857
3.3719146956418307 -0.05640357885323882
3.3780566167632182 -0.05654392596867996
3.3841985378846062 -0.056675668209772656
3.390340459005994 -0.05679886398280729
3.3964823801273814 -0.05691359293404717
3.402624301248769 -0.05701995598678803
3.4087662223701565 -0.057118075330635676
3.4149081434915445 -0.057208094361804226
3.421050064612932 -0.057290177573310605
3.4271919857343196 -0.05736451039402639
3.433333906855707 -0.05743129897564761
3.439475827977095 -0.05749076992675476
3.4456177490984827 -0.05754316999326071
3.4517596702198703 -0.05758876568468224
3.457901591341258 -0.05762784284582158
3.464043512462646 -0.057660706173606066
3.4701854335840334 -0.05768767867900815
3.476327354705421 -0.0577091010941503
3.4824692758268085 -0.05772533122489262
3.4886111969481965 -0.057736743249400424
3.494753118069584 -0.05774372696339578
3.5008950391909717 -0.0577466869730091
3.5070369603123592 -0.057746041836361374
3.5131788814337472 -0.057742223155225564
3.519320802555135 -0.05773567461833335
3.5254627236765224 -0.05772685099811041
3.53160464479791 -0.05771621710283743
3.537746565919298 -0.05770424668644478
3.5438884870406855 -0.05769142131835319
3.550030408162073 -0.057678229215970905
3.5561723292834606 -0.05766516404264758
3.5623142504048486 -0.05765272367406549
3.568456171526236 -0.05764140893621869
3.5745980926476237 -0.05763172231828982
3.5807400137690113 -0.05762416666388003
3.5868819348903993 -0.05761924384418202
3.593023856011787 -0.05761745341680559
3.5991657771331744 -0.05761929127407208
3.605307698254562 -0.05762524828468577
3.61144961937595 -0.057635808932768255
3.6175915404973376 -0.057651449958305255
3.623733461618725 -0.057672639003103855
3.6298753827401127 -0.057699833266393025
3.6360173038615007 -0.057733478174220317
3.6421592249828882 -0.05777400606680423
3.648301146104276 -0.057821834907994446
3.6544430672256634 -0.05787736702097136
3.6605849883470514 -0.05794098785428302
3.666726909468439 -0.05801306478227092
3.6728688305898265 -0.058093945943877824
3.679010751711214 -0.05818395912375971
3.6851526728326016 -0.058283410679541924
3.6912945939539896 -0.058392584518965236
3.697436515075377 -0.05851174113056262
3.7035784361967647 -0.05864111667139111
3.7097203573181523 -0.058780922115215684
3.7158622784395403 -0.058931342464404166
3.722004199560928 -0.05909253602864282
3.7281461206823154 -0.059264633773422705
3.734288041803703 -0.059447738741076145
3.740429962925091 -0.05964192554696118
3.7465718840464786 -0.05984723995319976
3.752713805167866 -0.06006369852217221
3.7588557262892537 -0.0602912883517568
3.7649976474106417 -0.0605299668940788
3.7711395685320293 -0.06077966185929767
3.777281489653417 -0.06104027120571662
3.7834234107748044 -0.061311663217241706
3.7895653318961924 -0.061593676668953525
3.79570725301758 -0.06188612108127868
3.8018491741389675 -0.062188777062965564
3.807991095260355 -0.06250139674277694
3.814133016381743 -0.06282370428951334
3.8202749375031306 -0.0631553965196764
3.826416858624518 -0.06349614359177073
3.8325587797459058 -0.0638455897859295
3.8387007008672938 -0.06420335436723171
3.8448426219886813 -0.06456903253076149
3.850984543110069 -0.0649421964261424
3.8571264642314564 -0.06532239625896447
3.8632683853528444 -0.06570916146620971
3.869410306474232 -0.06610200196247656
3.8755522275956196 -0.06650040945350454
3.881694148717007 -0.0669038588132115
3.887836069838395 -0.06731180952017798
3.8939779909597827 -0.06772370714924743
3.9001199120811703 -0.06813898491366129
3.906261833202558 -0.06855706525291419
3.912403754323946 -0.06897736146129882
3.9185456754453334 -0.06939927935191396
3.924687596566721 -0.06982221895073519
3.9308295176881085 -0.0702455762151949
3.936971438809496 -0.07066874477158998
3.943113359930884 -0.0710911176655316
3.9492552810522716 -0.07151208911957191
3.955397202173659 -0.07193105629209047
3.9615391232950468 -0.07234742103149573
3.9676810444164348 -0.07276059161979699
3.9738229655378223 -0.0731699844996276
3.97996488665921 -0.07357502597885333
3.9861068077805974 -0.07397515390697672
3.9922487289019855 -0.07436981931765153
3.998390650023373 -0.07475848803174977
4.004532571144761 -0.07514064221557235
4.010674492266149 -0.07551578188897035
4.016816413387536 -0.07588342637833582
4.022958334508924 -0.07624311570963699
4.029100255630311 -0.0765944119369042
4.035242176751699 -0.0769369004018235
4.041384097873086 -0.07727019092035906
4.047526018994474 -0.07759391889260572
4.053667940115862 -0.0779077463323632
4.05980986123725 -0.07821136281322683
4.0659517823586375 -0.0785044863283003
4.072093703480025 -0.07878686406095588
4.078235624601413 -0.07905827306439248
4.0843775457228 -0.07931852084807253
4.090519466844188 -0.07956744586945315
4.096661387965575 -0.07980491792976185
4.102803309086964 -0.08003083847290636
4.108945230208351 -0.08024514078694323
4.115087151329739 -0.08044779010786769
4.1212290724511265 -0.0806387836258202
4.127370993572514 -0.08081815039413648
4.133512914693902 -0.08098595114199536
4.139654835815289 -0.08114227799174044
4.145796756936677 -0.08128725408226939
4.151938678058065 -0.08142103310019493
4.158080599179453 -0.0815437987207863
4.16422252030084 -0.08165576396099537
4.170364441422228 -0.08175717044716042
4.176506362543615 -0.08184828760025951
4.182648283665003 -0.08192941174185396
4.1887902047863905 -0.0820008651241221
4.194932125907778 -0.08206299488763012
4.201074047029166 -0.08211617195072246
4.207215968150554 -0.0821607898346357
4.213357889271942 -0.0821972634286495
4.219499810393329 -0.08222602769977969
4.225641731514717 -0.08224753635169786
4.231783652636104 -0.08226226043772152
4.237925573757492 -0.08227068693286227
4.2440674948788795 -0.08227331727004396
4.250209416000267 -0.08227066584570665
4.2563513371216555 -0.08226325850009714
4.262493258243043 -0.08225163097760813
4.268635179364431 -0.08223632737256964
4.274777100485818 -0.08221789856591213
4.280919021607206 -0.08219690065811537
4.287060942728593 -0.08217389340382608
4.293202863849981 -0.082149438653473
4.299344784971368 -0.08212409880712779
4.305486706092757 -0.08209843528575715
4.311628627214144 -0.08207300702488245
4.317770548335532 -0.08204836899551073
4.3239124694569195 -0.08202507075702582
4.330054390578307 -0.08200365504652882
4.336196311699695 -0.08198465640889813
4.342338232821082 -0.08196859987159832
4.34848015394247 -0.08195599966800747
4.354622075063858 -0.0819473580127566
4.360763996185246 -0.08194316393228199
4.366905917306633 -0.08194389215348544
4.373047838428021 -0.08195000205308038
4.3791897595494085 -0.08196193666987528
4.385331680670796 -0.0819801217819123
4.391473601792184 -0.08200496505004184
4.397615522913571 -0.08203685522917331
4.40375744403496 -0.08207616144810467
4.409899365156347 -0.08212323255849588
4.416041286277735 -0.0821783965532227
4.422183207399122 -0.08224196005402376
4.42832512852051 -0.08231420786804244
4.434467049641897 -0.08239540261256563
4.440608970763285 -0.08248578440697628
4.4467508918846725 -0.08258557063066799
4.452892813006061 -0.08269495574541984
4.4590347341274486 -0.08281411118049793
4.465176655248836 -0.0829431852785406
4.471318576370224 -0.08308230330009511
4.477460497491611 -0.08323156748450795
4.483602418612999 -0.08339105716472725
4.489744339734386 -0.0835608289334563
4.495886260855774 -0.08374091685800013
4.5020281819771615 -0.08393133274107265
4.50817010309855 -0.08413206642478128
4.5143120242199375 -0.08434308613497501
4.520453945341325 -0.08456433886313335
4.526595866462713 -0.08479575078298394
4.5327377875841 -0.08503722769906556
4.538879708705488 -0.08528865552449916
4.545021629826875 -0.08554990078529151
4.551163550948263 -0.08582081114857114
4.557305472069651 -0.08610121597224481
4.563447393191039 -0.08639092687366079
4.569589314312426 -0.08668973831497426
4.575731235433814 -0.08699742820302406
4.5818731565552016 -0.08731375850165284
4.588015077676589 -0.08763847585452753
4.594156998797977 -0.08797131221664631
4.600298919919364 -0.0883119854928492
4.606440841040753 -0.08866020018177992
4.61258276216214 -0.08901564802387851
4.618724683283528 -0.08937800865211282
4.624866604404915 -0.08974695024428465
4.631008525526303 -0.09012213017587122
4.6371504466476905 -0.09050319567248313
4.643292367769078 -0.09088978446113838
4.649434288890466 -0.09128152541966492
4.655576210011854 -0.09167803922365464
4.661718131133242 -0.09207893899049599
4.667860052254629 -0.09248383092011463
4.674001973376017 -0.0928923149321474
4.680143894497404 -0.09330398529936927
4.686285815618792 -0.09371843127728
4.692427736740179 -0.09413523772984396
4.698569657861567 -0.09455398575145695
4.7047115789829554 -0.09497425328529092
4.710853500104343 -0.09539561573824183
4.716995421225731 -0.09581764659277489
4.723137342347118 -0.09623991801602706
4.729279263468506 -0.09666200146658774
4.735421184589893 -0.09708346829943512
4.741563105711281 -0.09750389036955649
4.747705026832668 -0.09792284063482654
4.753846947954056 -0.09833989375875658
4.759988869075444 -0.09875462671375984
4.766130790196832 -0.09916661938560194
4.7722727113182195 -0.0995754551797212
4.778414632439607 -0.0999807216301099
4.784556553560995 -0.10038201101144237
4.790698474682382 -0.10077892095512088
4.79684039580377 -0.10117105506988225
4.802982316925157 -0.10155802356756717
4.809124238046546 -0.10193944389460022
4.815266159167933 -0.10231494136966003
4.821408080289321 -0.10268414982793563
4.8275500014107084 -0.10304671227226637
4.833691922532096 -0.10340228153135042
4.839833843653484 -0.10375052092507628
4.845975764774871 -0.10409110493688993
4.852117685896259 -0.10442371989295024
4.858259607017647 -0.10474806464765417
4.864401528139035 -0.10506385127492784
4.870543449260422 -0.10537080576448188
4.87668537038181 -0.1056686687220226
4.882827291503197 -0.1059571960721937
4.888969212624585 -0.1062361597627991
4.8951111337459725 -0.10650534846862938
4.90125305486736 -0.10676456829298156
4.9073949759887485 -0.10701364346472966
4.913536897110136 -0.1072524170285732
4.919678818231524 -0.10748075152586299
4.925820739352911 -0.10769852966318513
4.931962660474299 -0.10790565496567345
4.938104581595686 -0.10810205241182301
4.944246502717074 -0.10828766904639439
4.9503884238384614 -0.10846247456783299
4.95653034495985 -0.10862646188648194
4.9626722660812375 -0.10877964764974392
4.968814187202625 -0.1089220727302485
4.974956108324013 -0.1090538026730085
4.9810980294454 -0.10917492809750474
4.987239950566788 -0.10928556505062366
4.993381871688175 -0.10938585530638772
4.999523792809563 -0.10947596660846659
5.00566571393095 -0.10955609285153643
5.011807635052339 -0.10962645419766785
5.017949556173726 -0.10968729712406752
5.024091477295114 -0.10973889439867626
5.0302333984165015 -0.10978154498033636
5.036375319537889 -0.10981557384047909
5.042517240659277 -0.10984133170355542
5.048659161780664 -0.10985919470372794
5.054801082902052 -0.10986956395566823
5.06094300402344 -0.10987286503765047
5.067084925144828 -0.10986954738550378
5.073226846266215 -0.10986008359637502
5.079368767387603 -0.10984496864166192
5.0855106885089905 -0.1098247189888981
5.091652609630378 -0.10979987163280576
5.097794530751766 -0.10977098303617493
5.103936451873153 -0.10973862798167708
5.110078372994542 -0.10970339833617435
5.116220294115929 -0.10966590172953897
5.122362215237317 -0.10962676015044807
5.128504136358704 -0.10958660846206708
5.134646057480092 -0.10954609284097265
5.140787978601479 -0.10950586914309679
5.146929899722867 -0.10946660120089036
5.1530718208442545 -0.10942895905630719
5.159213741965643 -0.10939361713459678
5.1653556630870305 -0.10936125236426164
5.171497584208418 -0.10933254224888339
5.177639505329806 -0.10930816289684848
5.183781426451193 -0.10928878701530746
5.189923347572581 -0.1092750818749812
5.196065268693968 -0.10926770725268095
5.202207189815356 -0.1092673133586359
5.208349110936744 -0.10927453875592184
5.214491032058132 -0.10929000827945592
5.2206329531795195 -0.10931433096216522
5.226774874300907 -0.10934809797604973
5.232916795422295 -0.10939188059594382
5.239058716543682 -0.10944622819383314
5.24520063766507 -0.10951166627160612
5.251342558786457 -0.1095886945401096
5.257484479907845 -0.10967778505233909
5.263626401029233 -0.10977938039852127
5.269768322150621 -0.10989389197074335
5.275910243272008 -0.11002169830464886
5.282052164393396 -0.11016314350555148
5.2881940855147835 -0.11031853576612029
5.294336006636171 -0.11048814598255849
5.300477927757559 -0.11067220647593504
5.306619848878946 -0.11087090982503467
5.312761770000335 -0.11108440781676639
5.318903691121722 -0.11131281051981486
5.32504561224311 -0.11155618548683222
5.331187533364497 -0.11181455709005318
5.337329454485885 -0.1120879059947711
5.3434713756072725 -0.11237616877464134
5.34961329672866 -0.11267923767227951
5.355755217850048 -0.11299696050809964
5.361897138971436 -0.1133291407397893
5.368039060092824 -0.11367553767425181
5.374180981214211 -0.11403586683325666
5.380322902335599 -0.11440980047343421
5.386464823456986 -0.11479696826063074
5.392606744578374 -0.11519695809800713
5.398748665699761 -0.11560931710662221
5.404890586821149 -0.11603355275659384
5.411032507942537 -0.11646913414627853
5.417174429063925 -0.11691549342625909
5.4233163501853126 -0.11737202736428133
5.4294582713067 -0.11783809904664005
5.435600192428088 -0.11831303971088405
5.441742113549475 -0.11879615070409386
5.447884034670863 -0.11928670556038803
5.45402595579225 -0.11978395219073792
5.460167876913639 -0.12028711517761909
5.466309798035026 -0.12079539816650682
5.472451719156414 -0.12130798634573185
5.4785936402778015 -0.12182404900575929
5.484735561399189 -0.12234274216853656
5.490877482520577 -0.1228632112771828
5.497019403641964 -0.12338459393595949
5.503161324763352 -0.12390602269017904
5.509303245884739 -0.12442662783546996
5.515445167006128 -0.12494554024563068
5.521587088127515 -0.12546189420816833
5.527729009248903 -0.12597483025653386
5.53387093037029 -0.12648349798803482
5.540012851491678 -0.12698705885642733
5.5461547726130656 -0.12748468892826437
5.552296693734453 -0.12797558159220326
5.558438614855841 -0.1284589502106543
5.564580535977229 -0.12893403070338125
5.570722457098617 -0.12940008405294184
5.576864378220004 -0.12985639872218296
5.583006299341392 -0.13030229297437437
5.589148220462779 -0.13073711708697988
5.595290141584167 -0.13116025545051938
5.6014320627055545 -0.13157112854446584
5.607573983826942 -0.13196919478265196
5.6137159049483305 -0.13235395222121865
5.619857826069718 -0.13272494012272734
5.625999747191106 -0.13308174037067316
5.632141668312493 -0.13342397872927342
5.638283589433881 -0.13375132594406225
5.644425510555268 -0.13406349867949766
5.650567431676656 -0.1343602602904696
5.656709352798043 -0.1346414214252976
5.662851273919432 -0.13490684045850546
5.668993195040819 -0.135156423752368
5.675135116162207 -0.13539012574693043
5.681277037283595 -0.1356079488789035
5.687418958404982 -0.1358099433305367
5.69356087952637 -0.13599620661026
5.699702800647757 -0.13616688296756385
5.705844721769145 -0.13632216264525227
5.711986642890533 -0.13646228097285173
5.718128564011921 -0.13658751730559088
5.724270485133308 -0.13669819381397327
5.730412406254696 -0.13679467412955446
5.7365543273760835 -0.13687736185309424
5.742696248497471 -0.13694669893179076
5.748838169618859 -0.13700316391280692
5.754980090740246 -0.13704727008077455
5.761122011861635 -0.13707956348740163
5.767263932983022 -0.1371006208817154
5.77340585410441 -0.13711104754984216
5.779547775225797 -0.13711147507355767
5.785689696347185 -0.1371025590171324
5.7918316174685724 -0.1370849765522481
5.79797353858996 -0.13705942403096893
5.804115459711348 -0.13702661451691528
5.810257380832735 -0.13698727528490853
5.816399301954124 -0.13694214529942775
5.822541223075511 -0.1368919726822467
5.828683144196899 -0.1368375121795992
5.834825065318286 -0.13677952263915302
5.840966986439674 -0.1367187645069558
5.847108907561061 -0.13665599735435288
5.853250828682449 -0.13659197744466473
5.8593927498038365 -0.13652745534915317
5.865534670925225 -0.13646317362149923
5.8716765920466125 -0.13639986453966513
5.877818513168 -0.13633824792361737
5.883960434289388 -0.136279029036952
5.890102355410775 -0.13622289657998368
5.896244276532163 -0.13617052078134642
5.90238619765355 -0.13612255159460182
5.908528118774938 -0.13607961700576754
5.914670039896326 -0.13604232145706657
5.920811961017714 -0.13601124439155848
5.9269538821391015 -0.13598693892265362
5.933095803260489 -0.1359699306318327
5.939237724381877 -0.13596071649720043
5.945379645503264 -0.13595976395480017
5.951521566624652 -0.13596751009390765
5.957663487746039 -0.13598436098681288
5.963805408867428 -0.13601069115289505
5.969947329988815 -0.13604684315609605
5.976089251110203 -0.1360931273342166
5.98223117223159 -0.13614982165778877
5.988373093352978 -0.13621717171563574
5.9945150144743655 -0.1362953908236077
6.000656935595753 -0.13638466025239349
6.006798856717141 -0.13648512956975037
6.012940777838529 -0.13659691709197402
6.019082698959917 -0.13672011043895094
6.025224620081304 -0.13685476718669834
6.031366541202692 -0.1370009156109041
6.037508462324079 -0.13715855551463502
6.043650383445467 -0.13732765913308562
6.0497923045668545 -0.13750817210799524
6.055934225688242 -0.13770001452416492
6.06207614680963 -0.1379030820003658
6.068218067931018 -0.13811724682683654
6.074359989052406 -0.13834235914153006
6.080501910173793 -0.1385782481372791
6.086643831295181 -0.13882472329211015
6.092785752416568 -0.13908157561504433
6.098927673537956 -0.13934857889987576
6.105069594659343 -0.13962549097961804
6.111211515780731 -0.13991205497454737
6.117353436902119 -0.14020800052704957
6.123495358023507 -0.14051304501679376
6.1296372791448945 -0.14082689475010238
6.135779200266282 -0.14114924611776558
6.14192112138767 -0.14147978671595332
6.148063042509057 -0.14181819642530638
6.154204963630445 -0.1421641484437375
6.160346884751832 -0.14251731026893932
6.166488805873221 -0.142877344627076
6.172630726994608 -0.14324391034462672
6.178772648115996 -0.1436166631608469
6.1849145692373835 -0.14399525647881617
6.191056490358771 -0.14437934205354652
6.197198411480159 -0.14476857061612786
6.203340332601546 -0.14516259243338703
6.209482253722934 -0.14556105780302986
6.215624174844322 -0.14596361748472036
6.22176609596571 -0.14636992306802435
6.227908017087097 -0.14677962727860513
6.234049938208485 -0.14719238422450417
6.240191859329872 -0.14760784958476758
6.24633378045126 -0.14802568074308933
6.2524757015726475 -0.14844553686953027
6.258617622694035 -0.1488670789537395
6.2647595438154235 -0.14928996979344852
6.270901464936811 -0.1497138739423269
6.277043386058199 -0.15013845762158023
