time TPR_both_C_open_8_rho12_real
43.982297150257104 0.10038737698873654
43.988439071378494 0.09952135200495153
43.99458099249988 0.09838753563637685
44.00072291362127 0.09699505383323527
44.00686483474266 0.0953548069029654
44.01300675586404 0.09347937840485473
44.01914867698543 0.09138292527904879
44.025290598106814 0.08908105018351103
44.031432519228204 0.08659065742780173
44.037574440349594 0.0839297942985961
44.04371636147098 0.08111747995079421
44.04985828259237 0.07817352437211741
44.05600020371376 0.07511834020254339
44.06214212483514 0.07197275038930026
44.06828404595653 0.06875779477343535
44.07442596707792 0.06549453872919465
44.080567888199305 0.062203886910828045
44.086709809320695 0.058906405005491325
44.092851730442085 0.0556221521520041
44.09899365156347 0.05237052637413929
44.10513557268486 0.04917012500630631
44.11127749380624 0.04603862167472387
44.11741941492763 0.04299266095521582
44.12356133604902 0.040047771375550524
44.129703257170405 0.037218296983889794
44.135845178291795 0.034517347278603436
44.141987099413186 0.03195676490310877
44.14812902053457 0.029547110162863918
44.15427094165596 0.027297661127520263
44.16041286277735 0.02521642784615509
44.16655478389873 0.023310179028054104
44.17269670502012 0.02158447942731296
44.178838626141506 0.02004373611203517
44.184980547262896 0.018691251795553483
44.191122468384286 0.01752928344992095
44.19726438950567 0.016559104505507422
44.20340631062706 0.015781069056264804
44.20954823174845 0.015194676630271756
44.21569015286983 0.014798636242970212
44.22183207399122 0.014590928617627202
44.22797399511261 0.014568865628697457
44.234115916233996 0.014729146193573442
44.24025783735539 0.015067908001313218
44.24639975847678 0.015580774621426393
44.25254167959816 0.016262897678233017
44.25868360071955 0.01710899390563316
44.26482552184093 0.01811337701277269
44.27096744296232 0.01926998439311744
44.277109364083714 0.020572398798408137
44.2832512852051 0.02201386517549064
44.28939320632649 0.02358730293056176
44.29553512744788 0.025285313941587485
44.30167704856926 0.02710018668904741
44.30781896969065 0.029023896917493297
44.31396089081204 0.03104810527783277
44.320102811933424 0.03316415243452836
44.326244733054814 0.035363052152354225
44.3323866541762 0.037635482906434536
44.33852857529759 0.03997177858687461
44.34467049641898 0.04236191889498033
44.35081241754036 0.044795520053400505
44.35695433866175 0.047261826475505475
44.36309625978314 0.049749704061081604
44.369238180904524 0.052247635804284265
44.375380102025915 0.05474372041525055
44.381522023147305 0.0572256746678482
44.38766394426869 0.05968084019153868
44.39380586539008 0.06209619542392186
44.39994778651147 0.06445837343057821
44.40608970763285 0.06675368627965095
44.41223162875424 0.06896815662775097
44.418373549875625 0.07108755713053451
44.424515470997015 0.07309745823432012
44.430657392118405 0.07498328483238106
44.43679931323979 0.07673038218147762
44.44294123436118 0.07832409136838664
44.44908315548257 0.07974983449347567
44.45522507660395 0.0809932095981933
44.46136699772534 0.08204009520580766
44.46750891884673 0.08287676417145835
44.473650839968116 0.08349000634913645
44.479792761089506 0.08386725938246803
44.485934682210896 0.08399674671498045
44.49207660333228 0.08386762169784079
44.49821852445367 0.08347011645215326
44.50436044557505 0.08279569392350884
44.51050236669644 0.08183720135352027
44.51664428781783 0.08058902319152726
44.522786208939216 0.07904723128555738
44.528928130060606 0.07720973003032706
44.535070051182 0.07507639401753266
44.54121197230338 0.07264919563532592
44.54735389342477 0.0699323200049066
44.55349581454616 0.06693226462718259
44.55963773566754 0.06365792114529802
44.56577965678893 0.060120636712500876
44.57192157791032 0.05633425259119353
44.57806349903171 0.05231511779881144
44.5842054201531 0.04808207585889203
44.59034734127448 0.04365642300966463
44.59648926239587 0.03906183656435151
44.60263118351726 0.0343242725032784
44.608773104638644 0.029471831801926845
44.614915025760034 0.02453459545523533
44.621056946881424 0.01954442863932444
44.62719886800281 0.014534754949210778
44.6333407891242 0.009540302157117271
44.63948271024559 0.004596821441409509
44.64562463136697 -0.0002592174676839934
44.65176655248836 -0.0049909523011553445
44.657908473609744 -0.0095614720475287
44.664050394731134 -0.013934174740535071
44.670192315852525 -0.018073135073505785
44.67633423697391 -0.021943477353860364
44.6824761580953 -0.0255117490472274
44.68861807921669 -0.0287462899617584
44.69476000033807 -0.03161759199519765
44.70090192145946 -0.034098644315726435
44.70704384258085 -0.03616525887720825
44.713185763702235 -0.037796371284208874
44.719327684823625 -0.038974312224574384
44.72546960594501 -0.039685044979045424
44.7316115270664 -0.03991836489817254
44.73775344818779 -0.03966805720478664
44.74389536930917 -0.03893201003154373
44.75003729043056 -0.037712280231443074
44.75617921155195 -0.03601511019619297
44.762321132673335 -0.033850894671811266
44.768463053794726 -0.03123409735976251
44.774604974916116 -0.028183117919404525
44.7807468960375 -0.0247201108265031
44.78688881715889 -0.020870758373699727
44.79303073828028 -0.016664000902806876
44.79917265940166 -0.012131728114996921
44.80531458052305 -0.0073084359941981095
44.811456501644436 -0.0022308544826981597
44.817598422765826 0.0030624484507860996
44.823740343887216 0.008531480324453892
44.8298822650086 0.014135248953392328
44.83602418612999 0.019832192145840314
44.84216610725138 0.02558060588646608
44.84830802837276 0.03133906475378305
44.85444994949415 0.037066828594726556
44.86059187061554 0.04272422987619379
44.86673379173693 0.04827303663771636
44.87287571285832 0.05367678656580643
44.8790176339797 0.05890108838084857
44.88515955510109 0.06391388745203488
44.89130147622248 0.06868569331424752
44.897443397343864 0.0731897675323285
44.903585318465254 0.07740227112343817
44.909727239586644 0.08130237148800222
44.91586916070803 0.08487230949821366
44.92201108182942 0.08809742803528274
44.92815300295081 0.09096616384131427
44.93429492407219 0.09347000505007973
44.94043684519358 0.0956034171766973
44.94657876631497 0.09736374067663248
44.952720687436354 0.09875106342870826
44.958862608557745 0.09976807165682362
44.96500452967913 0.1004198828848726
44.97114645080052 0.10071386452443146
44.97728837192191 0.10065944163220761
44.98343029304329 0.10026789725189816
44.98957221416468 0.09955216858160384
44.99571413528607 0.0985266419921115
45.001856056407455 0.09720694967200749
45.007997977528845 0.09560977040129652
45.014139898650235 0.0937526366642644
45.02028181977162 0.0916537500118868
45.02642374089301 0.08933180628137623
45.03256566201439 0.08680583198119397
45.03870758313578 0.08409503285902271
45.04484950425717 0.08121865539280784
45.050991425378555 0.07819586168329799
45.057133346499946 0.07504561798462113
45.063275267621336 0.07178659688821264
45.06941718874272 0.06843709297639702
45.07555910986411 0.06501495158635152
45.0817010309855 0.06153751017202032
45.08784295210688 0.05802155162187696
45.09398487322827 0.05448326878199491
45.10012679434966 0.05093823934721892
45.106268715471046 0.047401410215463236
45.112410636592436 0.04388709035111937
45.11855255771382 0.04040895117108588
45.12469447883521 0.03698003344865894
45.1308363999566 0.03361275972665772
45.13697832107798 0.03031895123758033
45.14312024219937 0.027109848345842742
45.14926216332076 0.02399613355255621
45.15540408444215 0.020987956135524035
45.16154600556354 0.018094957535982725
45.16768792668493 0.015326296646719684
45.17382984780631 0.01269067420381487
45.1799717689277 0.010196355535460836
45.18611369004908 0.007851190975692987
45.192255611170474 0.005662633308257078
45.198397532291864 0.0036377516663438875
45.20453945341325 0.0017832413781800273
45.21068137453464 0.00010542931558510747
45.21682329565603 -0.0013897256250115027
45.22296521677741 -0.0026966372035929476
45.2291071378988 -0.003810101892110667
45.23524905902019 -0.004725314429418094
45.241390980141574 -0.005437888907515026
45.247532901262964 -0.005943885320745711
45.253674822384355 -0.006239841404001008
45.25981674350574 -0.006322809474844895
45.26595866462713 -0.006190397877785016
45.27210058574851 -0.00584081650987284
45.2782425068699 -0.00527292578496246
45.28438442799129 -0.0044862882735975
45.290526349112675 -0.0034812221380778607
45.296668270234065 -0.0022588553714267944
45.302810191355455 -0.0008211797483648654
45.30895211247684 0.0008288966901603467
45.31509403359823 0.002687499865956302
45.32123595471962 0.004749743900360211
45.327377875841 0.007009690674019083
45.33351979696239 0.00946031601799464
45.339661718083775 0.012093483806181544
45.345803639205165 0.014899929147587197
45.351945560326556 0.01786925177357053
45.35808748144794 0.020989920577663735
45.36422940256933 0.02424929009941367
45.37037132369072 0.02763362954982096
45.3765132448121 0.031128164760101846
45.38265516593349 0.03471713320453381
45.38879708705488 0.038383852007190286
45.394939008176266 0.042110798601440985
45.401080929297656 0.045879703475808616
45.407222850419046 0.0496716542203855
45.41336477154043 0.0534672098895705
45.41950669266182 0.057246524527508474
45.4256486137832 0.06098947856626864
45.43179053490459 0.06467581670584117
45.43793245602598 0.06828529082259165
45.444074377147366 0.07179780642496301
45.45021629826876 0.07519357118113099
45.45635821939015 0.07845324407645272
45.46250014051153 0.08155808381238254
45.46864206163292 0.08449009512615607
45.47478398275431 0.08723217178255777
45.48092590387569 0.08976823505851919
45.487067824997084 0.0920833666007774
45.49320974611847 0.09416393458089119
45.49935166723986 0.09599771209728977
45.50549358836125 0.09757398677999347
45.51163550948263 0.0988836605423672
45.51777743060402 0.09991933839976366
45.52391935172541 0.10067540524540994
45.530061272846794 0.10114808944741531
45.536203193968184 0.10133551211879709
45.542345115089574 0.10123772092541367
45.54848703621096 0.10085670734512327
45.55462895733235 0.10019640638519131
45.56077087845374 0.09926267791020928
45.56691279957512 0.09806326893390539
45.57305472069651 0.09660775648569649
45.579196641817894 0.09490747097291101
45.585338562939285 0.09297540031530352
45.591480484060675 0.09082607551856363
45.59762240518206 0.0884754387641175
45.60376432630345 0.0859406955071634
45.60990624742484 0.08324015247585044
45.61604816854622 0.0803930438337962
45.62219008966761 0.07741934808851836
45.628332010789 0.0743395985843045
45.634473931910385 0.07117469059729443
45.640615853031775 0.06794568814367967
45.64675777415316 0.06467363361414996
45.65289969527455 0.06137936325850884
45.65904161639594 0.05808333136661938
45.66518353751732 0.054805445734241655
45.67132545863871 0.051564916674564726
45.6774673797601 0.04838012145311028
45.683609300881486 0.04526848560066911
45.689751222002876 0.042246382112188625
45.695893143124266 0.03932904908709624
45.70203506424565 0.03653052592316195
45.70817698536704 0.033863607757911265
45.71431890648843 0.031339817469818045
45.72046082760981 0.02896939421774275
45.7266027487312 0.026761297217344358
45.732744669852586 0.0247232232325037
45.738886590973976 0.022861636100552182
45.74502851209537 0.02118180650947435
45.75117043321675 0.019687860202621695
45.75731235433814 0.018382832794696265
45.76345427545953 0.017268729436730565
45.76959619658091 0.01634658766021765
45.7757381177023 0.015616541852746114
45.781880038823694 0.01507788796308056
45.78802195994508 0.01472914719409661
45.79416388106647 0.014568127610816481
45.80030580218786 0.014591982761992476
45.80644772330924 0.014797266582131987
45.81258964443063 0.015179984002389723
45.818731565552014 0.01573563684988551
45.824873486673404 0.01645926475481956
45.831015407794794 0.017345480910196148
45.83715732891618 0.018388502641643874
45.84329925003757 0.019582176843196963
45.84944117115896 0.02092000042050127
45.85558309228034 0.022395135957453193
45.86172501340173 0.024000422885339587
45.86786693452312 0.025728384488375063
45.874008855644504 0.027571231126971286
45.880150776765895 0.029520860100819647
45.88629269788728 0.03156885261090539
45.89243461900867 0.03370646831209821
45.89857654013006 0.035924637978647256
45.90471846125144 0.03821395483332607
45.91086038237283 0.04056466511796007
45.91700230349422 0.04296665850887957
45.923144224615605 0.04540945900542435
45.929286145736995 0.04788221694265201
45.935428066858385 0.050373702800076685
45.94156998797977 0.05287230349676871
45.94771190910116 0.055366021877398586
45.95385383022255 0.05784248010360418
45.95999575134393 0.06028892766912747
45.96613767246532 0.06269225475346613
45.972279593586705 0.06503901161697251
45.978421514708096 0.06731543471819056
45.984563435829486 0.06950748020036336
45.99070535695087 0.07160086534774276
45.99684727807226 0.0735811185511185
46.00298919919365 0.07543363824600995
46.00913112031503 0.07714376119395544
46.01527304143642 0.07869684036786147
46.02141496255781 0.08007833257488875
46.027556883679196 0.08127389580599803
46.033698804800586 0.08226949613967179
46.03984072592198 0.08305152384994711
46.04598264704336 0.08360691817746628
46.05212456816475 0.0839233000183136
46.05826648928613 0.08398911157244691
46.06440841040752 0.08379376177461062
46.07055033152891 0.08332777610961357
46.0766922526503 0.08258294919569281
46.08283417377169 0.08155249830892938
46.08897609489308 0.0802312158240978
46.09511801601446 0.0786156183683043
46.10125993713585 0.07670409032916166
46.107401858257234 0.07449701923474229
46.113543779378624 0.07199692043358773
46.119685700500014 0.06920854845466001
46.1258276216214 0.06613899242379737
46.13196954274279 0.06279775295851678
46.13811146386418 0.05919679805976517
46.14425338498556 0.055350595668869955
46.15039530610695 0.05127612076110027
46.15653722722834 0.046992835103053736
46.162679148349724 0.042522638107208785
46.168821069471115 0.03788978757046995
46.174962990592505 0.03312078947942824
46.18110491171389 0.028244256497766875
46.18724683283528 0.023290735214378588
46.19338875395667 0.018292502716362753
46.19953067507805 0.013283333551679204
46.20567259619944 0.00829823865266928
46.211814517320825 0.003373178295814954
46.217956438442215 -0.0014552483345591982
46.224098359563605 -0.006150133938567467
46.23024028068499 -0.010674610765742602
46.23638220180638 -0.014992211263356748
46.24252412292777 -0.01906723745779719
46.24866604404915 -0.022865134510750246
46.25480796517054 -0.026352863643641235
46.26094988629193 -0.029499269441999588
46.267091807413316 -0.032275436442089814
46.273233728534706 -0.03465502987040694
46.27937564965609 -0.036614615457288696
46.28551757077748 -0.0381339533822944
46.29165949189887 -0.039196261633664665
46.29780141302025 -0.03978844437823985
46.30394333414164 -0.03990128134102733
46.31008525526303 -0.03952957468288392
46.316227176384416 -0.03867225043600272
46.322369097505806 -0.0373324122032849
46.3285110186272 -0.03551734554020013
46.33465293974858 -0.03323847220466352
46.34079486086997 -0.030511254268027834
46.34693678199136 -0.02735504891245093
46.35307870311274 -0.023792915578545418
46.35922062423413 -0.019851377953627992
46.36536254535552 -0.015560144084705147
46.37150446647691 -0.010951788641587835
46.3776463875983 -0.006061402025148839
46.38378830871968 -0.0009262115950709173
46.38993022984107 0.004414819234681998
46.39607215096246 0.00992140792980419
46.402214072083844 0.015552379470059274
46.408355993205234 0.02126609626380189
46.414497914326624 0.027020884967387648
46.42063983544801 0.03277545401366101
46.4267817565694 0.03848929596098653
46.43292367769078 0.04412306919904749
46.43906559881217 0.04963895407683959
46.44520751993356 0.05500097913469418
46.451349441054944 0.06017531380816615
46.457491362176334 0.06513052470648305
46.463633283297725 0.06983779333180798
46.46977520441911 0.07427109387760658
46.4759171255405 0.07840733050466661
46.48205904666189 0.08222643422444792
46.48820096778327 0.08571142020504853
46.49434288890466 0.08884840694133406
46.50048481002605 0.09162659928723885
46.506626731147435 0.09403823782623022
46.512768652268825 0.09607851745072493
46.51891057339021 0.09774547832991996
46.5250524945116 0.09903987266852678
46.53119441563299 0.0999650107983807
46.53733633675437 0.10052659020544102
46.54347825787576 0.1007325110821448
46.54962017899715 0.10059268191680718
46.555762100118535 0.10011881849578826
46.561904021239926 0.09932423950923293
46.568045942361316 0.09822366172617679
46.5741878634827 0.09683299744837573
46.58032978460409 0.09516915667312642
46.58647170572547 0.0932498561012522
46.59261362684686 0.09109343682486493
46.59875554796825 0.08871869222719504
46.604897469089636 0.08614470732899787
46.611039390211026 0.08339071052849457
46.617181311332416 0.0804759384076499
46.6233232324538 0.07741951402113054
46.62946515357519 0.07424033884690143
46.63560707469658 0.07095699836206189
46.64174899581796 0.06758768101409594
46.64789091693935 0.0641501101877434
46.65403283806074 0.060661488620779296
46.66017475918213 0.05713845459713065
46.66631668030352 0.053597049143449996
46.6724586014249 0.050052693373132444
46.67860052254629 0.04652017505884353
46.68474244366768 0.04301364347009193
46.69088436478906 0.03954661148317739
46.697026285910454 0.03613196395696572
46.703168207031844 0.03278197136617883
46.70931012815323 0.02950830769356745
46.71545204927462 0.02632207160157972
46.72159397039601 0.023233809931439107
46.72773589151739 0.02025354261158639
46.73387781263878 0.01739078809713596
46.740019733760164 0.014654588506805719
46.746161654881554 0.012053533671796889
46.752303576002944 0.009595783363614429
46.75844549712433 0.0072890870224907745
46.76458741824572 0.005140800366541523
46.77072933936711 0.0031578983233625513
46.77687126048849 0.0013469837900272038
46.78301318160988 -0.00028570820336442434
46.78915510273127 -0.0017343112786686794
46.795297023852655 -0.002993333717789563
46.801438944974045 -0.004057669884803254
46.807580866095435 -0.00492261716469324
46.81372278721682 -0.005583898425619428
46.81986470833821 -0.006037689911010847
46.82600662945959 -0.006280654359915855
46.83214855058098 -0.0063099790419584925
46.83829047170237 -0.006123418275534093
46.844432392823755 -0.005719339877973651
46.850574313945145 -0.005096774875013492
46.856716235066536 -0.004255469676428603
46.86285815618792 -0.003195939809145646
46.86900007730931 -0.0019195241902456917
46.8751419984307 -0.00042843882478346067
46.88128391955208 0.0012741712688312883
46.88742584067347 0.0031841831672136103
46.893567761794856 0.005296451485962239
46.899709682916246 0.007604769475536053
46.905851604037636 0.010101837070925114
46.91199352515902 0.012779237150038269
46.91813544628041 0.01562742117702643
46.9242773674018 0.01863570529371559
46.93041928852318 0.02179227777853204
46.93656120964457 0.025084218617732742
46.94270313076596 0.028497531734724642
46.948845051887346 0.032017190202554065
46.95498697300874 0.03562719453052515
46.96112889413013 0.03931064387469259
46.96727081525151 0.04304981978082382
46.9734127363729 0.046826281837273546
46.97955465749428 0.05062097439990511
46.98569657861567 0.05441434335954561
46.991838499737064 0.05818646176120392
46.99798042085845 0.06191716295605058
47.00412234197984 0.06558617987656372
47.01026426310123 0.06917328897091526
47.01640618422261 0.07265845731411698
47.022548105344 0.07602199142650985
47.02869002646539 0.07924468636924374
47.034831947586774 0.0823079737444706
47.040973868708164 0.08519406729721836
47.04711578982955 0.08788610488842895
47.05325771095094 0.09036828567574672
47.05939963207233 0.09262600139508802
47.06554155319371 0.09464596067529156
47.0716834743151 0.09641630533887818
47.07782539543649 0.09792671764336444
47.083967316557874 0.09916851740206098
47.090109237679265 0.10013474789724751
47.096251158800655 0.10082024946864761
47.10239307992204 0.10122171963631914
47.10853500104343 0.1013377586104012
47.11467692216482 0.10116889906084842
47.1208188432862 0.10071761907954342
47.12696076440759 0.09998833737289846
47.133102685528975 0.09898738988226718
47.139244606650365 0.09772298724466748
47.145386527771755 0.09620515277747432
47.15152844889314 0.09444564099303983
47.15767037001453 0.09245783701464055
47.16381229113592 0.0902566376618047
47.1699542122573 0.08785831538626526
47.17609613337869 0.08528036665271975
47.18223805450008 0.08254134675327812
47.188379975621466 0.07966069340315066
47.194521896742856 0.07665854177066624
47.20066381786424 0.07355553383262162
47.20680573898563 0.0703726251043453
47.21294766010702 0.06713089186450781
47.2190895812284 0.06385134197414086
47.22523150234979 0.06055473227720934
47.23137342347118 0.05726139537189115
47.237515344592566 0.05399107826494778
47.243657265713956 0.05076279507907718
47.24979918683535 0.0475946955881164
47.25594110795673 0.04450395092465015
47.26208302907812 0.04150665735485787
47.26822495019951 0.038617758563465665
47.27436687132089 0.035850986453888706
47.28050879244228 0.033218820057961534
47.28665071356367 0.0307324617793568
47.29279263468506 0.028401829873939632
47.29893455580645 0.026235565804804135
47.30507647692783 0.024241054904806433
47.31121839804922 0.022424458634350997
47.31736031917061 0.02079075663706717
47.323502240291994 0.01934379676621158
47.329644161413384 0.01808635127511316
47.335786082534774 0.01702017742919148
47.34192800365616 0.0161460808976258
47.34806992477755 0.015463980411819756
47.35421184589893 0.014972972327283231
47.36035376702032 0.014671393889270782
47.36649568814171 0.01455688417199095
47.372637609263094 0.014626441832615283
47.378779530384485 0.01487647898807356
47.384921451505875 0.015302870681653022
47.39106337262726 0.015900999555541046
47.39720529374865 0.016665795480977665
47.40334721487004 0.017591770020408556
47.40948913599142 0.018673045705033448
47.41563105711281 0.01990338020599135
47.4217729782342 0.021276185560684828
47.427914899355585 0.022784542686468137
47.434056820476975 0.02442121147569117
47.44019874159836 0.0261786368181973
47.44634066271975 0.02804895094347957
47.45248258384114 0.03002397251414647
47.45862450496252 0.03209520293818391
47.46476642608391 0.03425382039974979
47.4709083472053 0.036490672137824476
47.477050268326686 0.038796265530515614
47.483192189448076 0.041160758569265744
47.489334110569466 0.043573950332721746
47.49547603169085 0.04602527209444982
47.50161795281224 0.048503779720841064
47.50775987393362 0.05099814803611339
47.51390179505501 0.053496667848640364
47.5200437161764 0.0559872463460295
47.526185637297786 0.05845741157516501
47.532327558419176 0.06089432172518341
47.53846947954057 0.06328477992634217
47.54461140066195 0.0656152552629209
47.55075332178334 0.06787191067380358
47.55689524290473 0.07004063837725172
47.56303716402611 0.07210710340663275
47.5691790851475 0.07405679577906892
47.575321006268894 0.07587509173857623
47.58146292739028 0.0775473244186407
47.58760484851167 0.07905886415476565
47.59374676963306 0.08039520854606962
47.59988869075444 0.08154208221622657
47.60603061187583 0.08248554605828076
47.612172532997214 0.08321211556700833
47.618314454118604 0.08370888766742923
47.624456375239994 0.08396367524185316
47.63059829636138 0.0839651483429329
47.63674021748277 0.08370298086033803
47.64288213860416 0.08316800118798805
47.64902405972554 0.08235234522193643
47.65516598084693 0.08124960981107136
47.661307901968314 0.07985500458924728
47.667449823089704 0.07816549994406645
47.673591744211095 0.07617996872987931
47.67973366533248 0.0738993192164738
47.68587558645387 0.0713266166856299
47.69201750757526 0.06846719105024067
47.69815942869664 0.06532872787916613
47.70430134981803 0.06192134026897222
47.71044327093942 0.058257619113560755
47.716585192060805 0.054352659485716714
47.722727113182195 0.05022406106110184
47.728869034303585 0.045891900783741515
47.73501095542497 0.04137867629056327
47.74115287654636 0.03670921897690076
47.74729479766775 0.03191057599072287
47.75343671878913 0.027011860884218072
47.75957863991052 0.02204407312084214
47.765720561031905 0.01703988712620898
47.771862482153296 0.012033412073809301
47.778004403274686 0.00705992410356302
47.78414632439607 0.002155573172954111
47.79028824551746 -0.002642932771135532
47.79643016663885 -0.0072986631459937565
47.80257208776023 -0.011774816023469779
47.80871400888162 -0.016035081372993316
47.814855930003006 -0.020044011924769657
47.820997851124396 -0.02376739702693166
47.827139772245786 -0.027172634638153153
47.83328169336717 -0.030229096433113344
47.83942361448856 -0.03290848090766211
47.84556553560995 -0.03518514935915593
47.85170745673133 -0.037036439689093766
47.85784937785272 -0.03844295313356342
47.86399129897411 -0.039388809273926066
47.8701332200955 -0.03986186501656189
47.87627514121689 -0.03985389365521302
47.88241706233828 -0.03936072063974942
47.88855898345966 -0.038382313265895106
47.89470090458105 -0.036922822164351235
47.90084282570244 -0.03499057319505144
47.906984746823824 -0.032598009130739326
47.913126667945214 -0.029761581329418037
47.9192685890666 -0.026501592430617463
47.92541051018799 -0.02284199194802884
47.93155243130938 -0.01881012745105089
47.93769435243076 -0.014436454810382403
47.94383627355215 -0.00975421170797259
47.94997819467354 -0.00479905926023944
47.956120115794924 0.000391302842091343
47.962262036916314 0.005777541829139659
47.9684039580377 0.01131911181014231
47.97454587915909 0.01697468183039001
47.98068780028048 0.022702565604866734
47.98682972140186 0.028461146585922345
47.99297164252325 0.03420929223430077
47.99911356364464 0.03990675170051922
48.005255484766025 0.04551453157616213
48.011397405887415 0.050995244926932616
48.017539327008805 0.056313429455131375
48.02368124813019 0.061435831339324176
48.02982316925158 0.06633165204282668
48.03596509037297 0.07097275615042208
48.04210701149435 0.0753338390632832
48.04824893261574 0.0793925541370218
48.05439085373713 0.08312959956868142
48.060532774858515 0.08652876601058755
48.066674695979906 0.08957694649867175
48.07281661710129 0.09226411082027942
48.07895853822268 0.09458324690423077
48.08510045934407 0.09653027218907971
48.09124238046545 0.09810391821285132
48.09738430158684 0.09930559186925547
48.10352622270823 0.10013921689470413
48.109668143829616 0.10061105919208267
48.115810064951006 0.10072953956753651
48.12195198607239 0.10050503736304445
48.12809390719378 0.09994968831850706
48.13423582831517 0.09907717980134752
48.14037774943655 0.09790254630784812
48.14651967055794 0.09644196787771354
48.15266159167933 0.09471257377959129
48.158803512800716 0.0927322535288701
48.16494543392211 0.09051947699654718
48.1710873550435 0.08809312506641127
48.17722927616488 0.08547233200204153
48.18337119728627 0.08267634040053831
48.18951311840766 0.07972436934013866
48.19565503952904 0.076635496076544
48.201796960650434 0.0734285514111974
48.207938881771824 0.07012202864456103
48.21408080289321 0.06673400583986167
48.2202227240146 0.06328208095876371
48.22636464513598 0.059783319288707976
48.23250656625737 0.05625421246305835
48.23864848737876 0.05271064827757351
48.244790408500144 0.04916789042969723
48.250932329621534 0.04564056724909228
48.257074250742924 0.042142668447124186
48.26321617186431 0.038687548887968284
48.2693580929857 0.035287938373012855
48.27550001410708 0.031955956431945265
48.28164193522847 0.02870313112563248
48.28778385634986 0.025540420887743553
48.293925777471244 0.022478238460735055
48.300067698592635 0.019526476017654348
48.306209619714025 0.016694530602427527
48.31235154083541 0.013991329066327574
48.3184934619568 0.011425351728250821
48.32463538307819 0.009004654039061318
48.33077730419957 0.006736885585927892
48.33691922532096 0.004629305832073028
48.34306114644235 0.0026887960490029014
48.349203067563735 0.0009218669645961801
48.355344988685125 -0.000665338280494866
48.361486909806516 -0.0020670462010016245
48.3676288309279 -0.0032778603140651112
48.37377075204929 -0.004292773934636205
48.37991267317067 -0.005107188498104259
48.38605459429206 -0.00571693739307855
48.39219651541345 -0.006118315183612994
48.398338436534836 -0.0063081119922201055
48.404480357656226 -0.006283652700698522
48.410622278777616 -0.006042840507711353
48.416764199899 -0.005584204261656562
48.42290612102039 -0.004906948865575509
48.42904804214177 -0.004011007931777233
48.43518996326316 -0.002897097749379832
48.44133188438455 -0.0015667715214719505
48.447473805505936 -2.247273503845807e-05
48.453615726627326 0.001732413551982184
48.45975764774872 0.003693512779767199
48.4658995688701 0.0058554176202624385
48.47204148999149 0.008211650690691765
48.47818341111288 0.01075463454028959
48.48432533223426 0.013475670148530053
48.490467253355654 0.01636492508577744
48.496609174477044 0.019411432366899958
48.50275109559843 0.02260310087570348
48.50889301671982 0.02592673805786154
48.51503493784121 0.029368085374516448
48.52117685896259 0.03291186678410122
48.52731878008398 0.03654185028360294
48.533460701205364 0.04024092229796527
48.539602622326754 0.04399117446774173
48.545744543448144 0.047774002156482025
48.55188646456953 0.051570213789600756
48.55802838569092 0.055360149952048854
48.56417030681231 0.05912381101852879
48.57031222793369 0.06284099197123678
48.57645414905508 0.06649142297828178
48.582596070176464 0.07005491426129574
48.588737991297855 0.073511503769999
48.594879912419245 0.07684160620209345
48.60102183354063 0.08002616195095538
48.60716375466202 0.08304678462551612
48.61330567578341 0.08588590585763725
48.61944759690479 0.08852691618362843
48.62558951802618 0.09095430085218886
48.63173143914757 0.09315376946320322
48.637873360268955 0.09511237837668036
48.644015281390345 0.09681864484708125
48.650157202511735 0.09826265183477131
48.65629912363312 0.09943614242808622
48.66244104475451 0.10033260278112902
48.6685829658759 0.10094733244345575
48.67472488699728 0.1012775009370207
48.68086680811867 0.10132218943493912
48.68700872924006 0.10108241642618512
48.693150650361446 0.10056114632019177
48.699292571482836 0.09976328006423325
48.70543449260422 0.09869562701933411
48.71157641372561 0.09736685756987556
48.717718334847 0.09578743622659537
48.72386025596838 0.09396953531665292
48.73000217708977 0.09192692972893944
48.736144098211156 0.08967487358504612
48.742286019332546 0.08722996012110044
48.74842794045394 0.08460996647571693
48.75456986157532 0.08183368546672636
48.76071178269671 0.07892074678614096
48.7668537038181 0.07589143033287797
48.77299562493948 0.07276647462158613
48.77913754606087 0.06956688334313467
48.785279467182264 0.06631373320023486
48.79142138830365 0.06302798609808737
48.79756330942504 0.05973030863575593
48.80370523054643 0.05644090162495973
48.80984715166781 0.0531793420689745
48.8159890727892 0.04996443967686703
48.82213099391059 0.0468141095831135
48.828272915031974 0.04374526250589242
48.834414836153364 0.04077371312532659
48.840556757274754 0.03791410701347936
48.84669867839614 0.035179866015050444
48.85284059951753 0.032583151576766126
48.85898252063891 0.030134845164186116
48.8651244417603 0.02784454459750129
48.87126636288169 0.025720574887084815
48.877408284003074 0.023770011959612886
48.883550205124465 0.02199871753598683
48.889692126245855 0.020411383350953504
48.89583404736724 0.019011582888082752
48.90197596848863 0.01780182883561109
48.90811788961001 0.016783634542644976
48.9142598107314 0.015957577863919898
48.92040173185279 0.015323365915577465
48.926543652974175 0.01487989941899951
48.932685574095565 0.014625335474672908
48.938827495216955 0.014557147778984498
48.94496941633834 0.014672183467463667
48.95111133745973 0.014966715932882948
48.95725325858112 0.01543649312395519
48.9633951797025 0.016076780975397182
48.96953710082389 0.016882401753443806
48.97567902194528 0.01784776721944503
48.981820943066666 0.018966906620007593
48.987962864188056 0.020233489603975058
48.994104785309446 0.021640844246106544
49.00024670643083 0.023181970426471014
49.00638862755222 0.024849548872974848
49.0125305486736 0.026635946225361275
49.01867246979499 0.028533216523281852
49.02481439091638 0.030533099559293335
49.030956312037766 0.03262701657276889
49.037098233159156 0.034806063791838183
49.04324015428055 0.03706100436013106
49.04938207540193 0.03938225921275248
49.05552399652332 0.041759897492276404
49.0616659176447 0.0441836271207375
49.06780783876609 0.0466427861674548
49.07394975988748 0.049126335674595505
49.08009168100887 0.05162285462177873
49.08623360213026 0.05412053772786369
49.09237552325165 0.05660719679992192
49.09851744437303 0.059070266346744005
49.10465936549442 0.06149681417443274
49.11080128661581 0.06387355767399527
49.116943207737194 0.06618688649431759
49.123085128858584 0.06842289226580761
49.129227049979974 0.07056740600016592
49.13536897110136 0.07260604373829196
49.14151089222275 0.07452426094959565
49.14765281334414 0.07630741610190517
49.15379473446552 0.07794084371969022
49.15993665558691 0.07940993713014156
49.166078576708294 0.0807002409604435
49.172220497829684 0.08179755329670253
49.178362418951075 0.0826880372452098
49.18450434007246 0.08335834145213897
49.19064626119385 0.08379572893977287
49.19678818231524 0.08398821340849137
49.20293010343662 0.08392470193740866
49.20907202455801 0.08359514279598827
49.215213945679395 0.08299067685880217
49.221355866800785 0.08210379090052912
49.227497787922175 0.08092847084334852
49.23363970904356 0.07946035283994887
49.23978163016495 0.07769686990776525
49.24592355128634 0.07563739168984425
49.25206547240772 0.07328335481031963
49.25820739352911 0.07063838122322129
49.2643493146505 0.06770838192694931
49.270491235771885 0.06450164343736281
49.276633156893276 0.0610288944831228
49.282775078014666 0.057303350510066825
49.28891699913605 0.05334073375777446
49.29505892025744 0.049159266901136256
49.30120084137883 0.04477963853113595
49.30734276250021 0.040224939079238
49.3134846836216 0.035520566165181906
49.319626604742986 0.03069409876308484
49.325768525864376 0.025775140029452456
49.331910446985766 0.020795129112194447
49.33805236810715 0.015787122753724143
49.34419428922854 0.01078554800597746
49.35033621034993 0.005825927881493573
49.35647813147131 0.0009445822640735567
49.3626200525927 -0.003821693113993732
49.368761973714086 -0.008435966362325856
49.37490389483548 -0.012861524098961212
49.38104581595687 -0.017062237017079592
49.38718773707825 -0.021002931940552697
49.39332965819964 -0.024649765678074368
49.39947157932103 -0.0279705957696918
49.40561350044241 -0.030935343073379765
49.411755421563804 -0.03351634106809135
49.417897342685194 -0.035688666758666464
49.42403926380658 -0.037430448161175925
49.43018118492797 -0.03872314352751717
49.43632310604936 -0.03955178773744258
49.44246502717074 -0.03990520164480732
49.44860694829213 -0.03977616061129027
49.45474886941352 -0.03916151899178025
49.460890790534904 -0.03806228794544452
49.467032711656294 -0.036483664627203594
49.47317463277768 -0.03443501155571363
49.47931655389907 -0.03192978574302775
49.48545847502046 -0.028985417993137856
49.49160039614184 -0.025623143614320047
49.49774231726323 -0.021867786625180758
49.50388423838462 -0.017747500346974945
49.510026159506005 -0.013293468044722036
49.516168080627395 -0.008539567987488443
49.52231000174878 -0.0035220079248553405
49.52845192287017 0.0017210654951184826
49.53459384399156 0.007149976425188621
49.54073576511294 0.012723942403155691
49.54687768623433 0.018401503429248275
49.55301960735572 0.024140951121840785
49.559161528477105 0.029900751649614612
49.565303449598495 0.035639956382407224
49.571445370719886 0.041318594570818684
49.57758729184127 0.04689804284321859
49.58372921296266 0.05234136688406925
49.58987113408405 0.05761363131087298
49.59601305520543 0.06268217448019722
49.60215497632682 0.06751684570498882
49.60829689744821 0.07209020313557044
49.614438818569596 0.07637767132543508
49.620580739690986 0.0803576582506466
49.62672266081237 0.08401163226189784
49.63286458193376 0.08732416010585194
49.63900650305515 0.09028290774480986
49.64514842417653 0.09287860622193281
49.65129034529792 0.09510498525601256
49.65743226641931 0.09695867760172672
49.663574187540696 0.09843909747698504
49.66971610866209 0.09954829653977977
49.67585802978347 0.10029080099632706
49.68199995090486 0.10067343344544454
49.68814187202625 0.10070512301770848
49.69428379314763 0.10039670725978976
49.700425714269024 0.09976072905277883
49.706567635390414 0.09881123164728503
49.7127095565118 0.09756355465623899
49.71885147763319 0.09603413357754241
49.72499339875458 0.09424030513122368
49.73113531987596 0.09220012039692232
49.73727724099735 0.08993216743492156
49.74341916211874 0.08745540477323575
49.749561083240124 0.08478900684988219
49.755703004361514 0.08195222221839085
49.761844925482905 0.07896424505866138
49.76798684660429 0.07584410028838995
49.77412876772568 0.07261054234342267
49.78027068884706 0.0692819674912156
49.78641260996845 0.06587633935958581
49.79255453108984 0.06241112720469749
49.798696452211225 0.05890325630634835
49.804838373332615 0.05536906976514629
49.810980294454005 0.051824300884196296
49.81712221557539 0.048284055245408915
49.82326413669678 0.04476280153714417
49.82940605781816 0.04127437015329621
49.83554797893955 0.03783195856229383
49.84168990006094 0.03444814243738322
49.847831821182325 0.031134891543138407
49.853973742303715 0.027903589388275547
49.860115663425105 0.024765055678113206
49.86625758454649 0.02172957063063357
49.87239950566788 0.01880690025761727
49.87854142678927 0.016006321754038683
49.88468334791065 0.013336648186025646
49.89082526903204 0.010806251717429
49.89696719015343 0.008423084669183
49.903109111274816 0.00619469776184622
49.909251032396206 0.004128254951738011
49.915392953517596 0.0022305443343396594
49.92153487463898 0.0005079846547267706
49.92767679576037 -0.0010333729639154744
49.93381871688175 -0.0023878483875300373
49.93996063800314 -0.003550141167887591
49.94610255912453 -0.004515344715951097
49.952244480245916 -0.005278966007724362
49.95838640136731 -0.005836950779723423
49.9645283224887 -0.006185714067260369
49.97067024361008 -0.006322175828596975
49.97681216473147 -0.006243801282874886
49.98295408585285 -0.005948645470812186
49.98909600697424 -0.005435401426136473
49.995237928095634 -0.004703451224702763
50.00137984921702 -0.0037529190594242077
50.00752177033841 -0.00258472537696301
50.0136636914598 -0.0012006410080182117
50.01980561258118 0.0003966598669036922
50.02594753370257 0.0022035491481737814
50.03208945482396 0.004215397928996739
50.038231375945344 0.006426534600931807
50.044373297066734 0.008830209266077341
50.050515218188124 0.011418565738443392
50.05665713930951 0.014182622353997795
50.0627990604309 0.017112262713484337
50.06894098155229 0.02019623735285864
50.07508290267367 0.023422177177232332
50.08122482379506 0.026776619306238574
50.087366744916444 0.030245045768722445
50.093508666037835 0.033811935255918905
50.099650587159225 0.03746082790397231
50.10579250828061 0.04117440283433315
50.111934429402 0.04493456794342377
50.11807635052339 0.04872256120890916
50.12421827164477 0.0525190625753881
50.13036019276616 0.05630431530540391
50.136502113887545 0.060058255536514726
50.142644035008935 0.0637606486752345
50.148785956130325 0.06739123118682458
50.15492787725171 0.07092985630318019
50.1610697983731 0.07435664216942406
50.16721171949449 0.07765212097646516
50.17335364061587 0.08079738767612298
50.17949556173726 0.08377424694056138
50.18563748285865 0.08656535709910719
50.191779403980036 0.08915436985677788
50.197921325101426 0.09152606466090502
50.204063246222816 0.09366647663097048
50.2102051673442 0.09556301699668271
50.21634708846559 0.09720458500028631
50.22248900958698 0.0985816702117423
50.22863093070836 0.09968644418349304
50.23477285182975 0.10051284034265232
50.240914772951136 0.10105662099026971
50.247056694072526 0.10131543026055159
50.25319861519392 0.10128883189878667
50.2593405363153 0.10097833075527964
