time TPR_both_B_open_144_rho12_imag
904.7786842338604 -0.0002905105950996599
904.7848261549818 -0.000298316683158786
904.7909680761032 -0.0003054177952711043
904.7971099972245 -0.00031088615373325233
904.803251918346 -0.0003138132946572992
904.8093938394674 -0.00031331712585180236
904.8155357605888 -0.0003085488105821602
904.8216776817102 -0.0002986994347477846
904.8278196028315 -0.0002830064163024169
904.8339615239529 -0.00026075961723161066
904.8401034450743 -0.00023130712015691793
904.8462453661957 -0.00019406063358623783
904.852387287317 -0.000148500491992158
904.8585292084384 -9.418021925531803e-05
904.8646711295598 -3.0730626543901985e-05
904.8708130506812 4.213658159022373e-05
904.8769549718027 0.00012462571629169757
904.883096892924 0.00021685454902242344
904.8892388140454 0.00031885230903552395
904.8953807351668 0.00043055824774906914
904.9015226562882 0.0005518207808634982
904.9076645774096 0.0006823972156227115
904.9138064985309 0.0008219540672866938
904.9199484196523 0.0009700679654658128
904.9260903407737 0.001126227147464593
904.9322322618951 0.001289833532469669
904.9383741830165 0.0014602053669346912
904.9445161041378 0.0016365804282509142
904.9506580252593 0.001818119770455544
904.9567999463807 0.002003911992600425
904.9629418675021 0.0021929780072895443
904.9690837886234 0.0023842762839431887
904.9752257097448 0.0025767085385204596
904.9813676308662 0.0027691258387593652
904.9875095519876 0.002960335091489821
904.993651473109 0.0031491058762436025
904.9997933942303 0.0033341775872769014
905.0059353153517 0.0035142668441656573
905.0120772364731 0.0036880751294490663
905.0182191575946 0.0038542966103190983
905.024361078716 0.004011626100098216
905.0305029998373 0.004158767114245263
905.0366449209587 0.004294439974888609
905.0427868420801 0.0044173899173757854
905.0489287632015 0.00452639515209011
905.0550706843229 0.004620274834799323
905.0612126054442 0.004697896899086176
905.0673545265656 0.004758185704911513
905.073496447687 0.004800129458227159
905.0796383688084 0.004822787357485967
905.0857802899299 0.004825296424307747
905.0919222110512 0.0048068779770081525
905.0980641321726 0.0047668437075066
905.104206053294 0.004704601324111511
905.1103479744154 0.0046196597248881035
905.1164898955367 0.00451163366875719
905.1226318166581 0.00438024791397042
905.1287737377795 0.00422534079660446
905.1349156589009 0.004046867224387613
905.1410575800223 0.003844901064515635
905.1471995011436 0.0036196369071244293
905.153341422265 0.0033713911896290274
905.1594833433865 0.003100602670395791
905.1656252645079 0.0028078322438273478
905.1717671856293 0.0024937620924748443
905.1779091067506 0.002159194175404228
905.184051027872 0.0018050480556696333
905.1901929489934 0.0014323580733649334
905.1963348701148 0.0010422698743806711
905.2024767912362 0.0006360363084026989
905.2086187123575 0.00021501271345577598
905.2147606334789 -0.00021934839260016835
905.2209025546003 -0.0006655031895173283
905.2270444757218 -0.0011218229742331926
905.233186396843 -0.0015866010921244712
905.2393283179645 -0.0020580603470214277
905.2454702390859 -0.002534360854095667
905.2516121602073 -0.003013608297236371
905.2577540813287 -0.0034938625501692907
905.26389600245 -0.00397314661836013
905.2700379235714 -0.004449455857056273
905.2761798446928 -0.004920767418627054
905.2823217658142 -0.005385049881655748
905.2884636869356 -0.005840273012321503
905.2946056080569 -0.006284417608191095
905.3007475291784 -0.006715485373652457
905.3068894502998 -0.007131508775901055
905.3130313714212 -0.007530560830277196
905.3191732925426 -0.00791076476387099
905.3253152136639 -0.008270303506877021
905.3314571347853 -0.008607428961704482
905.3375990559067 -0.008920471000936852
905.3437409770281 -0.009207846146505664
905.3498828981494 -0.00946806588388618
905.3560248192708 -0.009699744566809963
905.3621667403922 -0.0099016068701093
905.3683086615137 -0.010072494750421268
905.3744505826351 -0.010211373876946083
905.3805925037564 -0.010317339497084202
905.3867344248778 -0.010389621704601858
905.3928763459992 -0.010427590080975461
905.3990182671206 -0.010430757683720317
905.405160188242 -0.01039878435882539
905.4113021093633 -0.010331479357816661
905.4174440304847 -0.010228803243526156
905.4235859516061 -0.010090869072274359
905.4297278727275 -0.009917942843814188
905.435869793849 -0.009710443214191318
905.4420117149702 -0.00946894047041309
905.4481536360917 -0.009194154769541189
905.4542955572131 -0.00888695364875572
905.4604374783345 -0.008548348816462178
905.4665793994558 -0.00817949223841435
905.4727213205772 -0.0077816715362216465
905.4788632416986 -0.007356304719484362
905.48500516282 -0.00690493427576809
905.4911470839414 -0.00642922064640491
905.4972890050627 -0.00593093511894733
905.5034309261841 -0.005411952170265107
905.5095728473055 -0.004874241297070724
905.515714768427 -0.004319858373308173
905.5218566895484 -0.0037509365763443913
905.5279986106697 -0.003169676925984251
905.5341405317911 -0.00257833848255527
905.5402824529125 -0.001979228251976099
905.5464243740339 -0.0013746908471892233
905.5525662951553 -0.0007670979566696062
905.5587082162766 -0.00015883767186900563
905.564850137398 0.00044769627402775863
905.5709920585194 0.0010501153030087608
905.5771339796408 0.0016460467716247118
905.5832759007621 0.0022331446797382855
905.5894178218836 0.002809100255844867
905.595559743005 0.0033716523667917937
905.6017016641264 0.0039185977005456
905.6078435852478 0.004447800671960435
905.6139855063691 0.004957203002621912
905.6201274274905 0.0054448329278201524
905.6262693486119 0.005908813985244737
905.6324112697333 0.006347373342562164
905.6385531908547 0.006758849622906199
905.644695111976 0.0071417001902151275
905.6508370330974 0.007494507859069484
905.6569789542189 0.007815986996381044
905.6631208753403 0.008104988985769637
905.6692627964617 0.008360507028401545
905.675404717583 0.008581680257690507
905.6815466387044 0.008767797148603311
905.6876885598258 0.008918298206066294
905.6938304809472 0.009032777920581082
905.6999724020686 0.009110985982939836
905.7061143231899 0.009152827753720616
905.7122562443113 0.009158363987057749
905.7183981654327 0.009127809811995147
905.7245400865542 0.009061532978531723
905.7306820076755 0.008960051379202402
905.7368239287969 0.008824029860747469
905.7429658499183 0.008654276344045425
905.7491077710397 0.008451737273965448
905.7552496921611 0.008217492424186372
905.7613916132824 0.007952749085352987
905.7675335344038 0.007658835667953894
905.7736754555252 0.007337194754294902
905.7798173766466 0.006989375636669562
905.785959297768 0.006617026381369704
905.7921012188893 0.006221885460560519
905.7982431400108 0.005805772995967136
905.8043850611322 0.005370581660585747
905.8105269822536 0.00491826728566984
905.816668903375 0.004450839222195934
905.8228108244963 0.00397035050670228
905.8289527456177 0.003478887882419876
905.8350946667391 0.00297856172712327
905.8412365878605 0.0024714959394152736
905.8473785089818 0.001959817835239133
905.8535204301032 0.0014456481059116298
905.8596623512246 0.0009310908889116414
905.865804272346 0.0004182240012499211
905.8719461934675 -9.091061528430252e-05
905.8780881145888 -0.0005943161894528455
905.8842300357102 -0.0010900501101275596
905.8903719568316 -0.0015762325658638362
905.896513877953 -0.002051054792135395
905.9026557990744 -0.002512786886202886
905.9087977201957 -0.0029597851520500457
905.9149396413171 -0.003390498940481969
905.9210815624385 -0.0038034769523259447
905.9272234835599 -0.004197372975619118
905.9333654046814 -0.004570951030973643
905.9395073258027 -0.004923089902298482
905.9456492469241 -0.005252787033765288
905.9517911680455 -0.0055591617770138265
905.9579330891669 -0.005841457976577333
905.9640750102882 -0.006099045884603988
905.9702169314096 -0.0063314233999655104
905.976358852531 -0.00653821663028592
905.9825007736524 -0.006719179779110432
905.9886426947738 -0.006874194364036768
905.9947846158951 -0.007003267775156421
906.0009265370165 -0.007106531186775153
906.007068458138 -0.00718423683852463
906.0132103792594 -0.007236754705674826
906.0193523003808 -0.007264568581272938
906.0254942215021 -0.007268271596051885
906.0316361426235 -0.007248561204842893
906.0377780637449 -0.0072062336710011065
906.0439199848663 -0.007142178082912567
906.0500619059877 -0.007057369939010001
906.056203827109 -0.006952864339914094
906.0623457482304 -0.006829788828218792
906.0684876693518 -0.006689335918191611
906.0746295904733 -0.006532755359136498
906.0807715115945 -0.006361346177390499
906.086913432716 -0.006176448542924853
906.0930553538374 -0.005979435507255369
906.0991972749588 -0.005771704659839261
906.1053391960802 -0.005554669750352912
906.1114811172015 -0.005329752324199334
906.1176230383229 -0.0050983734182884115
906.1237649594443 -0.004861945363566748
906.1299068805657 -0.004621863739967714
906.1360488016871 -0.0043794995283446304
906.1421907228084 -0.004136191502701696
906.1483326439298 -0.0038932389044072937
906.1544745650513 -0.0036518944383948167
906.1606164861727 -0.003413357629225034
906.1667584072941 -0.003178768572834347
906.1729003284154 -0.002949202117292974
906.1790422495368 -0.0027256625033124427
906.1851841706582 -0.0025090784926154407
906.1913260917796 -0.0023002990092155337
906.1974680129009 -0.0021000893157783257
906.2036099340223 -0.0019091277439487137
906.2097518551437 -0.0017280029944512386
906.2158937762651 -0.0015572120192170356
906.2220356973866 -0.0013971584946147057
906.2281776185079 -0.0012481518912717334
906.2343195396293 -0.001110407142577956
906.2404614607507 -0.0009840449104731824
906.2466033818721 -0.0008690924436654073
906.2527453029935 -0.0007654850200167257
906.2588872241148 -0.0006730679614253097
906.2650291452362 -0.0005915992062895368
906.2711710663576 -0.0005207524213992402
906.277312987479 -0.00046012063199111337
906.2834549086004 -0.00040922034574698916
906.2895968297217 -0.0003674961437040101
906.2957387508432 -0.00033432570833127147
906.3018806719646 -0.00030902525656223233
906.308022593086 -0.0002908553432521112
906.3141645142074 -0.00027902699842189435
906.3203064353287 -0.0002727081597642828
906.3264483564501 -0.00027103036018474917
906.3325902775715 -0.00027309562877838743
906.3387321986929 -0.00027798356235137135
906.3448741198142 -0.00028475852373970105
906.3510160409356 -0.0002924769224098971
906.357157962057 -0.0003001945324384152
906.3632998831785 -0.00030697380272834234
906.3694418042999 -0.0003118911144592009
906.3755837254212 -0.00031404394106065086
906.3817256465426 -0.00031255786659394264
906.387867567664 -0.0003065934193108592
906.3940094887854 -0.00029535267819497856
906.4001514099068 -0.0002780856116788045
906.4062933310281 -0.0002540961092568453
906.4124352521495 -0.0002227476685469186
906.4185771732709 -0.00018346870232837422
906.4247190943923 -0.00013575743231522373
906.4308610155138 -7.91863388180231e-05
906.437002936635 -1.3406138027036481e-05
906.4431448577565 6.18507386105107e-05
906.4492867788779 0.00014676718556119628
906.4554286999993 0.00024143900453982235
906.4615706211206 0.00034587304251901886
906.467712542242 0.0004599858996639036
906.4738544633634 0.0005836032171550902
906.4799963844848 0.0007164595515113553
906.4861383056062 0.0008581988386110824
906.4922802267275 0.0010083754471620827
906.4984221478489 0.0011664558179828575
906.5045640689704 0.001331820682016972
906.5107059900918 0.0015037678466353938
906.5168479112132 0.0016815155364588788
906.5229898323345 0.0018642062716692695
906.5291317534559 0.002050911263661149
906.5352736745773 0.0022406353047384445
906.5414155956987 0.0024323221257666282
906.5475575168201 0.002624860192768822
906.5536994379414 0.002817088910914824
906.5598413590628 0.003007805201848628
906.5659832801842 0.0031957704180351184
906.5721252013057 0.0033797175557263334
906.578267122427 0.0035583587262723437
906.5844090435484 0.0037303928438701586
906.5905509646698 0.003894513486383706
906.5966928857912 0.0040494168847323405
906.6028348069126 0.004193809995366295
906.6089767280339 0.004326418609678061
906.6151186491553 0.004445995453754792
906.6212605702767 0.004551328231703358
906.6274024913981 0.004641247565857919
906.6335444125195 0.004714634787521357
906.6396863336408 0.004770429532490949
906.6458282547623 0.00480763709647283
906.6519701758837 0.004825335506594484
906.6581120970051 0.004822682266593826
906.6642540181265 0.004798920734809015
906.6703959392478 0.004753386096000582
906.6765378603692 0.004685510889982357
906.6826797814906 0.004594830062436836
906.688821702612 0.0044809855055527315
906.6949636237333 0.004343730059005729
906.7011055448547 0.004182930944442496
906.7072474659761 0.00399857260970444
906.7133893870975 0.003790758962127733
906.719531308219 0.00355971497350783
906.7256732293403 0.0033057876427255704
906.7318151504617 0.0030294463053189336
906.7379570715831 0.002731282283177648
906.7440989927045 0.002412007870584134
906.7502409138259 0.002072454656977454
906.7563828349472 0.0017135711900684277
906.7625247560686 0.0013364199867303469
906.76866667719 0.0009421739026378996
906.7748085983114 0.000532111875174949
906.7809505194328 0.00010761405767096858
906.7870924405541 -0.0003298436337290793
906.7932343616756 -0.0007786955357471934
906.799376282797 -0.0012372927883294964
906.8055182039184 -0.001703910388829142
906.8116601250397 -0.002176754716236439
906.8178020461611 -0.002653971488851445
906.8239439672825 -0.003133654116510281
906.8300858884039 -0.0036138524060052696
906.8362278095253 -0.004092581576303284
906.8423697306466 -0.004567831538294421
906.848511651768 -0.005037576392178435
906.8546535728894 -0.005499784094227408
906.8607954940109 -0.005952426243490936
906.8669374151323 -0.006393487938311816
906.8730793362536 -0.00682097765165989
906.879221257375 -0.007232937074295197
906.8853631784964 -0.007627450874379108
906.8915050996178 -0.008002656322816862
906.8976470207392 -0.008356752733643134
906.9037889418605 -0.008688010669874692
906.9099308629819 -0.008994780866261091
906.9160727841033 -0.009275502821415973
906.9222147052247 -0.009528713013753017
906.9283566263462 -0.00975305269712182
906.9344985474675 -0.009947275234318868
906.9406404685889 -0.010110252928733748
906.9467823897103 -0.010240983317021947
906.9529243108317 -0.01033859488829253
906.959066231953 -0.01040235219819905
906.9652081530744 -0.010431660349359035
906.9713500741958 -0.010426068812723925
906.9774919953172 -0.010385274567855797
906.9836339164386 -0.010309124543525307
906.9897758375599 -0.010197617343594843
906.9959177586813 -0.010050904246793481
907.0020596798028 -0.0098692894727132
907.0082016009242 -0.009653229710077588
907.0143435220456 -0.00940333290710219
907.0204854431669 -0.009120356327603711
907.0266273642883 -0.008805203880204936
907.0327692854097 -0.008458922731760379
907.0389112065311 -0.008082699219787968
907.0450531276525 -0.0076778540822927165
907.0511950487738 -0.007245837026926456
907.0573369698952 -0.006788220664660733
907.0634788910166 -0.006306693836795313
907.069620812138 -0.005803054366712545
907.0757627332594 -0.005279201271313589
907.0819046543808 -0.004737126469421476
907.0880465755022 -0.004178906027424305
907.0941884966236 -0.003606690984364919
907.100330417745 -0.003022697801382307
907.1064723388663 -0.002429198482012863
907.1126142599877 -0.001828510411553212
907.1187561811091 -0.0012229859655540941
907.1248981022305 -0.0006150019381519231
907.1310400233519 -6.948842415520077e-06
907.1371819444732 0.000598779864837066
907.1433238655947 0.0011997985805202026
907.1494657867161 0.0017937403219906146
907.1556077078375 0.0023782674098693562
907.1617496289589 0.00295108201432259
907.1678915500802 0.003509936512814405
907.1740334712016 0.004052643608288376
907.180175392323 0.004577086157947687
907.1863173134444 0.005081226664217602
907.1924592345657 0.005563116381331122
907.1986011556871 0.006020903992727016
907.2047430768085 0.006452843816757096
907.21088499793 0.006857303500642575
907.2170269190514 0.0072327711651744625
907.2231688401727 0.007577861965388309
907.2293107612941 0.007891324035590987
907.2354526824155 0.008172043790150563
907.2415946035369 0.008419050554801646
907.2477365246583 0.008631520506644922
907.2538784457796 0.008808779904542431
907.260020366901 0.008950307595315876
907.2661622880224 0.009055736784719827
907.2723042091438 0.009124856066130244
907.2784461302653 0.009157609703497186
907.2845880513865 0.009154097169054161
907.290729972508 0.00911457194003105
907.2968718936294 0.009039439562418004
907.3030138147508 0.008929254993563306
907.3091557358721 0.008784719239080693
907.3152976569935 0.008606675303065423
907.3214395781149 0.008396103474232055
907.3275814992363 0.008154115973781966
907.3337234203577 0.0078819509941875
907.339865341479 0.007580966160989822
907.3460072626004 0.007252631452755879
907.3521491837218 0.006898521616894708
907.3582911048433 0.006520308121609142
907.3644330259647 0.006119750686507595
907.370574947086 0.005698688436450813
907.3767168682074 0.005259030725014556
907.3828587893288 0.004802747675498479
907.3890007104502 0.004331860488763775
907.3951426315716 0.003848431568059214
907.4012845526929 0.003354554512031914
907.4074264738143 0.002852344027286212
907.4135683949357 0.0023439258124587957
907.4197103160571 0.0018314264652088367
907.4258522371784 0.0013169634637752764
907.4319941582999 0.0008026352736887777
907.4381360794213 0.00029051162958599203
907.4442780005427 -0.00021737595912553476
907.4504199216641 -0.0007190434313930575
907.4565618427854 -0.0012125630806433846
907.4627037639068 -0.0016960721002413322
907.4688456850282 -0.0021677807261721994
907.4749876061496 -0.00262597993794331
907.481129527271 -0.0030690486804319256
907.4872714483923 -0.0034954605726577313
907.4934133695137 -0.003903790072087144
907.4995552906352 -0.004292718066181819
907.5056972117566 -0.004661036866078464
907.511839132878 -0.005007654580534129
907.5179810539993 -0.005331598851819696
907.5241229751207 -0.005632019938523314
907.5302648962421 -0.005908193133901594
907.5364068173635 -0.00615952051205726
907.5425487384849 -0.006385531997793384
907.5486906596062 -0.006585885759553454
907.5548325807276 -0.006760367928650583
907.560974501849 -0.00690889165146159
907.5671164229705 -0.007031495484850771
907.5732583440918 -0.007128341148559105
907.5794002652132 -0.0071997106516845455
907.5855421863346 -0.007246002813666295
907.591684107456 -0.007267729203328292
907.5978260285774 -0.007265509522622361
907.6039679496987 -0.007240066464472804
907.6101098708201 -0.007192220076944745
907.6162517919415 -0.007122881668356615
907.6223937130629 -0.007033047290399216
907.6285356341843 -0.006923790838302579
907.6346775553056 -0.006796256809078409
907.640819476427 -0.006651652760489442
907.6469613975485 -0.006491241514803427
907.6531033186699 -0.0063163331526005255
907.6592452397913 -0.006128276842802498
907.6653871609126 -0.00592845255576589
907.671529082034 -0.005718262706704726
907.6776710031554 -0.005499123776843955
907.6838129242768 -0.005272457959602449
907.6899548453981 -0.005039684878731442
907.6960967665195 -0.004802213424705939
907.7022386876409 -0.004561433754784591
907.7083806087624 -0.004318709501020403
907.7145225298838 -0.004075370229145644
907.7206644510051 -0.003832704189605057
907.7268063721265 -0.003591951400234736
907.7329482932479 -0.0033542970980082708
907.7390902143693 -0.0031208655950000813
907.7452321354907 -0.0028927145712867764
907.751374056612 -0.002670829834924638
907.7575159777334 -0.002456120576289906
907.7636578988548 -0.002249415141184973
907.7697998199762 -0.0020514573440351754
907.7759417410977 -0.0018629033393249765
907.782083662219 -0.001684319066169619
907.7882255833404 -0.0015161782775011548
907.7943675044618 -0.0013588611620867844
907.8005094255832 -0.0012126535639383168
907.8066513467045 -0.0010777468004164559
907.8127932678259 -0.0009542380767032957
907.8189351889473 -0.0008421314909907426
907.8250771100687 -0.0007413396211887402
907.8312190311901 -0.0006516856807461812
907.8373609523114 -0.000572906227800637
907.8435028734328 -0.0005046544086990084
907.8496447945543 -0.00044650371394219513
907.8557867156757 -0.00039795222154897993
907.8619286367971 -0.00035842730014783543
907.8680705579184 -0.00032729074139939033
907.8742124790398 -0.0003038442889638584
907.8803544001612 -0.00028733552891633315
907.8864963212826 -0.00027696410448738233
907.892638242404 -0.0002718882161559614
907.8987801635253 -0.0002712313665093744
907.9049220846467 -0.0002740893079058585
907.9110640057681 -0.00027953714983823205
907.9172059268896 -0.000286636582015952
907.9233478480108 -0.00029444316853131605
907.9294897691323 -0.00030201366812468135
907.9356316902537 -0.00030841333543148294
907.9417736113751 -0.0003127231582310745
907.9479155324965 -0.0003140469861239512
907.9540574536178 -0.0003115185067319442
907.9601993747392 -0.0003043080264018882
907.9663412958606 -0.0002916290135639108
907.972483216982 -0.0002727443642848589
907.9786251381034 -0.00024697235118328084
907.9847670592247 -0.00021369221872870613
907.9909089803461 -0.00017234938997933477
907.9970509014676 -0.00012246025213570662
908.003192822589 -6.36164906421451e-05
908.0093347437104 4.511055718467883e-06
908.0154766648317 8.216904357845865e-05
908.0216185859531 0.0001695187994780407
908.0277605070745 0.00026663403894908226
908.0339024281959 0.00037349914588669363
908.0400443493172 0.0004900080246462787
908.0461862704386 0.000615963534023562
908.05232819156 0.0007510775088201499
908.0584701126814 0.0008949713713870971
908.0646120338029 0.0010471773320206521
908.0707539549242 0.0012071401737302513
908.0768958760456 0.0013742196134290997
908.083037797167 0.001547693228286907
908.0891797182884 0.0017267599326460453
908.0953216394098 0.0019105439876826828
908.1014635605311 0.0020980995228574847
908.1076054816525 0.002288415545176864
908.1137474027739 0.002480421409391852
908.1198893238953 0.002672992719502537
908.1260312450167 0.002864957629372276
908.132173166138 0.003055103507793535
908.1383150872595 0.0032421839311720896
908.1444570083809 0.0034249259649139934
908.1505989295023 0.003602037692845857
908.1567408506237 0.003772215952337447
908.162882771745 0.003934154231482729
908.1690246928664 0.004086550683554831
908.1751666139878 0.004228116213061303
908.1813085351092 0.004357582587120923
908.1874504562305 0.004473710525497952
908.1935923773519 0.004575297722509691
908.1997342984733 0.004661186754202681
908.2058762195948 0.00473027282454238
908.2120181407162 0.004781511305084695
908.2181600618375 0.004813925023471345
908.2243019829589 0.004826611257281054
908.2304439040803 0.00481874839117679
908.2365858252017 0.004789602196939099
908.2427277463231 0.004738531697878973
908.2488696674444 0.0046649945811677845
908.2550115885658 0.00456855212401114
908.2611535096872 0.0044488736020739375
908.2672954308086 0.004305740151224289
908.27343735193 0.004139048056543667
908.2795792730514 0.003948811445647754
908.2857211941728 0.003735164366402297
908.2918631152942 0.0034983622324831014
908.2980050364156 0.003238782623588958
908.3041469575369 0.0029569254305943896
908.3102888786583 0.0026534123394710055
908.3164307997797 0.00232898565139018
908.3225727209011 0.001984506440086612
908.3287146420225 0.0016209520510481687
908.3348565631438 0.0012394129509591002
908.3409984842652 0.0008410889391145831
908.3471404053867 0.00042728473641049595
908.3532823265081 -5.950294883850181e-07
908.3594242476295 -0.00044105142030081794
908.3655661687508 -0.0008924973391893885
908.3717080898722 -0.0013532642101919538
908.3778500109936 -0.0018216091531026686
908.383991932115 -0.002295722619611114
908.3901338532364 -0.002773736453344878
908.3962757743577 -0.003253732334395995
908.4024176954791 -0.003733750566303829
908.4085596166005 -0.0042117991617255796
908.414701537722 -0.004685863181048697
908.4208434588433 -0.005153914276692871
908.4269853799647 -0.005613920394528474
908.4331273010861 -0.0060638555827836945
908.4392692222075 -0.0065017098580296626
908.4454111433289 -0.00692549907726264
908.4515530644502 -0.007333274764996269
908.4576949855716 -0.007723133844099366
908.463836906693 -0.00809322821953347
908.4699788278144 -0.008441774164756208
908.4761207489358 -0.00876706146134228
908.4822626700571 -0.00906746224340851
908.4884045911786 -0.00934143949996042
908.4945465123 -0.009587555189781109
908.5006884334214 -0.009804477925391065
908.5068303545428 -0.009990990184705773
908.5129722756641 -0.010145995011319226
908.5191141967855 -0.010268522166956034
908.5252561179069 -0.010357733702197286
908.5313980390283 -0.010412928914736354
908.5375399601496 -0.010433548667275422
908.543681881271 -0.010419179040559504
908.5498238023924 -0.010369554300335891
908.5559657235139 -0.01028455916054315
908.5621076446353 -0.010164230328589872
908.5682495657566 -0.010008757322271394
908.574391486878 -0.009818482551532693
908.5805334079994 -0.009593900662144978
908.5866753291208 -0.009335657142011889
908.5928172502422 -0.009044546194724185
908.5989591713635 -0.00872150788861399
908.6051010924849 -0.00836762459341702
908.6112430136063 -0.007984116720187333
908.6173849347277 -0.00757233778376378
908.6235268558491 -0.007133768810549746
908.6296687769704 -0.006670012117743216
908.6358106980919 -0.00618278449339394
908.6419526192133 -0.005673909809748447
908.6480945403347 -0.0051453111053208055
908.6542364614561 -0.004599002173722704
908.6603783825774 -0.004037078700096502
908.6665203036988 -0.0034617089880280335
908.6726622248202 -0.0028751243223117478
908.6788041459416 -0.0022796090143415255
908.6849460670629 -0.0016774901791174611
908.6910879881843 -0.0010711272938187626
908.6972299093057 -0.0004629015892637675
908.7033718304272 0.00014479467360051292
908.7095137515486 0.0007495689894189256
908.7156556726699 0.0013490394031851316
908.7217975937913 0.0019408452610287597
908.7279395149127 0.0025226578637010427
908.7340814360341 0.0030921909706560927
908.7402233571555 0.003647211102612243
908.7463652782768 0.004185547592009239
908.7525071993982 0.004705102331807971
908.7586491205196 0.00520385917467308
908.764791041641 0.0056798929363508326
908.7709329627625 0.006131377959023509
908.7770748838838 0.0065565961927935715
908.7832168050052 0.006953944755721714
908.7893587261266 0.007321942935620716
908.795500647248 0.007659238599690642
908.8016425683693 0.007964613981056023
908.8077844894907 0.008236990814399889
908.8139264106121 0.008475434796356693
908.8200683317335 0.008679159349685299
908.8262102528549 0.008847528673846722
908.8323521739762 0.008980060068263443
908.8384940950976 0.0090764255182626
908.844636016219 0.009136452537483204
908.8507779373405 0.00916012426433223
908.8569198584619 0.009147578813898407
908.8630617795832 0.009099107890525482
908.8692037007046 0.009015154670029304
908.875345621826 0.008896310964294864
908.8814875429474 0.008743313684570068
908.8876294640688 0.008557040623431447
908.8937713851901 0.008338505578801024
908.8999133063115 0.008088852846663868
908.906055227433 0.0078093511124996545
908.9121971485544 0.007501386774216308
908.9183390696757 0.007166456732449785
908.9244809907971 0.006806160686491878
908.9306229119185 0.006422192976912676
908.9367648330399 0.006016334017665729
908.9429067541613 0.005590441362953828
908.9490486752826 0.005146440455525098
908.955190596404 0.004686315104726285
908.9613325175254 0.004212097743828417
908.9674744386468 0.0037258595171063107
908.9736163597682 0.003229700247907919
908.9797582808895 0.002725738339214305
908.985900202011 0.002216100658562392
908.9920421231324 0.0017029124589656365
908.9981840442538 0.001188287387003163
909.0043259653752 0.0006743176286325074
909.0104678864965 0.00016306424248008206
909.0166098076179 -0.00034345227107893865
909.0227517287393 -0.0008432611180184475
909.0288936498607 -0.0013344500306614888
909.035035570982 -0.001815173716231037
909.0411774921034 -0.002283661892756501
909.0473194132248 -0.0027382268735181505
909.0534613343463 -0.0031772706637210094
909.0596032554677 -0.003599291536014992
909.065745176589 -0.004002890054100197
909.0718870977104 -0.004386774517081152
909.0780290188318 -0.004749765800053195
909.0841709399532 -0.0050908015702153175
909.0903128610746 -0.005408939860694463
909.0964547821959 -0.0057033619881461575
909.1025967033173 -0.0059733748037349745
909.1087386244387 -0.006218412270402701
909.1148805455601 -0.006438036363421497
909.1210224666816 -0.006631937294462081
909.1271643878028 -0.006799933063323079
909.1333063089243 -0.006941968344811588
909.1394482300457 -0.00705811272199223
909.1455901511671 -0.007148558280363277
909.1517320722884 -0.00721361658092308
909.1578739934098 -0.007253715033339363
909.1640159145312 -0.007269392693563775
909.1701578356526 -0.007261295513221655
909.176299756774 -0.0072301710709199146
909.1824416778953 -0.007176862818313657
909.1885835990167 -0.007102303876171687
909.1947255201381 -0.007007510417996154
909.2008674412596 -0.0068935746808063076
909.207009362381 -0.006761657644507249
909.2131512835023 -0.006612981422866719
909.2192932046237 -0.006448821410504265
909.2254351257451 -0.0062704982313924315
909.2315770468665 -0.006079369535239309
909.2377189679879 -0.005876821688723898
909.2438608891092 -0.005664261408911307
909.2500028102306 -0.005443107386227488
909.256144731352 -0.0052147819442684915
909.2622866524734 -0.004980702783178185
909.2684285735947 -0.00474227485274739
909.2745704947162 -0.004500882400349044
909.2807124158376 -0.00425788123772208
909.286854336959 -0.004014591269066172
909.2929962580804 -0.003772289321377651
909.2991381792017 -0.0035322023159796013
909.3052801003231 -0.0032955008180874813
909.3114220214445 -0.003063292999064074
909.3175639425659 -0.0028366190433664513
909.3237058636873 -0.0026164460296705175
909.3298477848086 -0.0024036633127210126
909.33598970593 -0.0021990784295928675
909.3421316270515 -0.0020034135508706437
909.3482735481729 -0.0018173024941021076
909.3544154692943 -0.0016412883135723721
909.3605573904156 -0.0014758214770818536
909.366699311537 -0.001321258636991347
909.3728412326584 -0.0011778619993412728
909.3789831537798 -0.0010457992913965742
909.3851250749012 -0.0009251443244593106
909.3912669960225 -0.0008158781454245481
909.3974089171439 -0.000717890767067695
909.4035508382653 -0.000630983463811119
909.4096927593868 -0.000554871616344585
909.415834680508 -0.0004891880854499193
909.4219766016295 -0.0004334870922383993
909.4281185227509 -0.0003872485791580171
909.4342604438723 -0.00034988302336019827
909.4404023649937 -0.00032073667143032937
909.446544286115 -0.0002990971620914686
909.4526862072364 -0.00028419950124560796
909.4588281283578 -0.00027523235178935577
909.4649700494792 -0.0002713445987487647
909.4711119706006 -0.0002716521488283534
909.477253891722 -0.0002752449220777235
909.4833958128434 -0.0002811939923375688
909.4895377339648 -0.0002885588322935733
909.4956796550862 -0.00029639461839754634
909.5018215762076 -0.000303759550608867
909.5079634973289 -0.0003097221418402238
909.5141054184503 -0.0003133684322221858
909.5202473395717 -0.00031380908375262676
909.5263892606931 -0.0003101863116117014
909.5325311818144 -0.0003016806093988366
909.5386731029358 -0.0002875172267766067
909.5448150240572 -0.00026697235943599353
909.5509569451787 -0.00023937901299721107
909.5570988663001 -0.00020413250435684453
909.5632407874214 -0.00016069556610400393
909.5693827085428 -0.00010860302193635208
909.5755246296642 -4.7466003497244265e-05
909.5816665507856 2.3024318275587768e-05
909.587808471907 0.00010309351140883982
909.5939503930283 0.00019288119188236015
909.6000923141497 0.0002924388814464005
909.6062342352711 0.0004017284291234862
909.6123761563925 0.0005206210080666552
909.618518077514 0.0006488966960171905
909.6246599986353 0.0007862446442812225
909.6308019197567 0.0009322638367325809
909.6369438408781 0.0010864644368466943
909.6430857619995 0.0012482697174524178
909.6492276831208 0.0014170185643962155
909.6553696042422 0.0015919685420470188
909.6615115253636 0.0017722995051719058
909.667653446485 0.001957117738646294
909.6737953676064 0.002145460603212996
909.6799372887277 0.002336301662608602
909.6860792098491 0.0025285562644704225
909.6922211309706 0.0027210875447378443
909.698363052092 0.0029127128227132734
909.7045049732134 0.003102210351569744
909.7106468943347 0.003288326386934763
909.7167888154561 0.003469782534171329
909.7229307365775 0.00364528333323696
909.7290726576989 0.003813524038467155
909.7352145788203 0.003973198549314198
909.7413564999416 0.004123007447007854
909.747498421063 0.004261666091302407
909.7536403421844 0.004387912730899682
909.7597822633059 0.004500516580835392
909.7659241844271 0.004598285820066198
909.7720661055486 0.004680075462706447
909.77820802667 0.00474479505683137
909.7843499477914 0.004791416165501917
909.7904918689128 0.004818979585615242
909.7966337900341 0.00482660226147055
909.8027757111555 0.004813483851343294
909.8089176322769 0.004778912907170984
909.8150595533983 0.004722272629242395
909.8212014745197 0.0046430461601113995
909.827343395641 0.004540821384208855
909.8334853167624 0.004415295202149156
909.8396272378839 0.00426627725165696
909.8457691590053 0.004093693049680045
909.8519110801267 0.0038975865335565906
909.858053001248 0.0036781219820890975
909.8641949223694 0.0034355853008887207
909.8703368434908 0.003170384659591679
909.8764787646122 0.0028830504721431395
909.8826206857336 0.002574234714866485
909.8887626068549 0.00224470958064043
909.8949045279763 0.0018953654711296882
909.9010464490977 0.0015272083326351232
909.9071883702192 0.0011413563447923544
909.9133302913405 0.0007390359747774991
909.9194722124619 0.00032157741339948525
909.9256141335833 -0.00010959058719770993
909.9317560547047 -0.0005529464512100879
909.9378979758261 -0.0010068820659268941
909.9440398969474 -0.0014697095880333163
909.9501818180688 -0.0019396687372015028
909.9563237391902 -0.002414934541760633
909.9624656603116 -0.002893625498683041
909.968607581433 -0.0033738121077113653
909.9747495025543 -0.0038535257371848587
909.9808914236758 -0.0043307677773774325
909.9870333447972 -0.004803519034906065
909.9931752659186 -0.005269749320999552
909.99931718704 -0.005727427184437083
910.0054591081613 -0.006174529739482805
910.0116010292827 -0.006609052538186822
910.0177429504041 -0.007029019436034538
910.0238848715255 -0.007432492399744332
910.0300267926468 -0.007817581206057663
910.0361687137682 -0.00818245298091172
910.0423106348896 -0.008525341528670684
910.0484525560111 -0.008844556402450954
910.0545944771325 -0.009138491667360634
910.0607363982538 -0.009405634310190009
910.0668783193752 -0.009644572250545025
910.0730202404966 -0.00985400191052818
910.079162161618 -0.010032735302119655
910.0853040827394 -0.010179706593826075
910.0914460038607 -0.010293978120744235
910.0975879249821 -0.010374745804966149
910.1037298461035 -0.010421343956210359
910.109871767225 -0.010433249425680323
910.1160136883464 -0.010410085089435741
910.1221556094677 -0.01035162264092923
910.1282975305891 -0.010257784675896083
910.1344394517105 -0.010128646056388552
910.1405813728319 -0.009964434544379721
910.1467232939532 -0.009765530699151592
910.1528652150746 -0.009532467036396975
910.159007136196 -0.009265926450768408
910.1651490573174 -0.008966739907374994
910.1712909784388 -0.008635883411473788
910.1774328995601 -0.008274474269346742
910.1835748206815 -0.007883766656856988
910.189716741803 -0.007465146516045548
910.1958586629244 -0.0070201258031379445
910.2020005840458 -0.006550336115129512
910.2081425051671 -0.006057521725000104
910.2142844262885 -0.005543532058810037
910.2204263474099 -0.005010313650770949
910.2265682685313 -0.004459901615081595
910.2327101896527 -0.003894410675874599
910.238852110774 -0.003316025798757487
910.2449940318954 -0.002726992469712095
910.2511359530168 -0.002129606668845518
910.2572778741383 -0.0015262045880141102
910.2634197952596 -0.0009191521427369467
910.269561716381 -0.0003108343300285976
910.2757036375024 0.0002963555156353164
910.2818455586238 0.0009000265152890903
910.2879874797452 0.0014978010342332022
910.2941294008665 0.0020873254134104817
910.3002713219879 0.0026662805905042827
910.3064132431093 0.003232392558408553
910.3125551642307 0.003783442609475135
910.3186970853521 0.0043172773151821595
910.3248390064734 0.00483181819192297
910.3309809275949 0.005325071005534551
910.3371228487163 0.0057951346686600045
910.3432647698377 0.006240209687554924
910.3494066909591 0.006658606116757128
910.3555486120804 0.0070487509828948865
910.3616905332018 0.007409195141580812
910.3678324543232 0.007738619533986471
910.3739743754446 0.008035840813145036
910.3801162965659 0.008299816312920016
910.3862582176873 0.008529648336205231
910.3924001388087 0.008724587742138608
910.3985420599302 0.008884036816028711
910.4046839810516 0.009007551409059256
910.4108259021729 0.009094842338786336
910.4169678232943 0.009145776045135341
910.4231097444157 0.009160374500441024
910.4292516655371 0.009138814375886779
910.4353935866585 0.009081425470505756
910.4415355077798 0.008988688412655989
910.4476774289012 0.008861231647604198
910.4538193500226 0.008699827728499
910.459961271144 0.008505388931523361
910.4661031922655 0.008278962219436749
910.4722451133867 0.008021723581075835
910.4783870345082 0.007734971777438887
910.4845289556296 0.007420121528011535
910.490670876751 0.0070786961737667005
910.4968127978724 0.006712319855865312
910.5029547189937 0.00632270925151938
910.5090966401151 0.005911664910462273
910.5152385612365 0.005481062237791362
910.5213804823579 0.005032842170056995
910.5275224034792 0.004569001593489251
910.5336643246006 0.0040915835539536635
910.539806245722 0.0036026673095332926
910.5459481668435 0.0031043582767799355
910.5520900879649 0.002598777922572582
910.5582320090862 0.0020880536532371244
910.5643739302076 0.0015743087523668832
910.570515851329 0.0010596524187285363
910.5766577724504 0.0005461699543068125
910.5827996935718 3.5913152073865714e-05
910.5889416146931 -0.0004691090686135965
910.5950835358145 -0.0009669397322265819
910.6012254569359 -0.0014556825381940276
910.6073673780573 -0.001933510210065482
910.6135092991788 -0.0023986724220930187
910.6196512203 -0.0028495032650299548
910.6257931414215 -0.0032844282155586216
910.6319350625429 -0.003701970576562473
910.6380769836643 -0.004100757358362787
910.6442189047856 -0.0044795245743058255
910.650360825907 -0.00483712192710133
910.6565027470284 -0.00517251686579428
910.6626446681498 -0.005484797996744296
910.6687865892712 -0.005773177835449891
910.6749285103925 -0.006036994889542577
910.681070431514 -0.006275715067084262
910.6872123526354 -0.006488932407798327
910.6933542737568 -0.006676369138548263
910.6994961948782 -0.006837875057988474
910.7056381159995 -0.006973426258849398
910.7117800371209 -0.007083123199961355
910.7179219582423 -0.007167188143280579
910.7240638793637 -0.007225961974914049
910.7302058004851 -0.007259900431978247
910.7363477216064 -0.0072695697604858575
910.7424896427278 -0.0072556418322817905
910.7486315638492 -0.007218888751868702
910.7547734849707 -0.007160176986567279
910.760915406092 -0.007080461055864211
910.7670573272134 -0.006980776818052085
910.7731992483348 -0.0068622343941922145
910.7793411694562 -0.006726010771298913
910.7854830905776 -0.006573342128110467
910.7916250116989 -0.0064055159281527895
910.7977669328203 -0.00622386282583465
910.8039088539417 -0.006029748432122453
910.8100507750631 -0.005824564986876004
910.8161926961845 -0.005609722985210937
910.8223346173058 -0.005386642805272055
910.8284765384273 -0.005156746384561604
910.8346184595487 -0.0049214489914643274
910.8407603806701 -0.004682151137868427
910.8469023017915 -0.004440230677735948
910.8530442229128 -0.004197035135287734
910.8591861440342 -0.003953874304897461
910.8653280651556 -0.003712013163164321
910.871469986277 -0.0034726651315582025
910.8776119073983 -0.0032369857260328328
910.8837538285197 -0.0030060666275308363
910.8898957496411 -0.0027809302048318186
910.8960376707626 -0.0025625245184726455
910.902179591884 -0.0023517188316093235
910.9083215130053 -0.002149299650710767
910.9144634341267 -0.0019559673157833325
910.9206053552481 -0.0017723331567516404
910.9267472763695 -0.0015989172290884674
910.9328891974909 -0.001436146638625047
910.9390311186122 -0.001284354461891106
910.9451730397336 -0.0011437792649438274
910.951314960855 -0.0010145652201546723
910.9574568819764 -0.0008967628169622361
910.9635988030979 -0.0007903301591797706
910.9697407242192 -0.0006951348380221685
910.9758826453406 -0.0006109563667551121
910.982024566462 -0.0005374891596043052
910.9881664875834 -0.00047434603442494613
910.9943084087047 -0.0004210622156404865
911.0004503298261 -0.00037709981111365594
911.0065922509475 -0.00034185273385558304
911.0127341720689 -0.0003146520369699537
911.0188760931903 -0.00029477162786013843
911.0250180143116 -0.00028143432556936433
911.031159935433 -0.00027381822317529
911.0373018565544 -0.0002710633154303513
911.0434437776759 -0.000272278350349324
911.0495856987973 -0.0002765478621658313
911.0557276199186 -0.00028293934210285793
