time TPR_both_A_open_11_rho13_imag
62.83185307179586 0.014155153833026414
62.83799499291725 0.01418142449983734
62.844136914038636 0.01420740513201955
62.850278835160026 0.014233528625166294
62.856420756281416 0.014260220002653996
62.8625626774028 0.01428789285552348
62.86870459852419 0.014316945871681135
62.87484651964557 0.014347759476292037
62.88098844076696 0.014380692604703909
62.88713036188835 0.014416079627960482
62.893272283009736 0.014454227450325862
62.899414204131126 0.014495412796872895
62.90555612525252 0.014539879707969534
62.9116980463739 0.014587837256365333
62.91783996749529 0.014639457500994836
62.92398188861668 0.014694873690142812
62.93012380973806 0.01475417872527095
62.93626573085945 0.014817423895032404
62.942407651980844 0.014884617887375435
62.94854957310223 0.01495572608616348
62.95469149422362 0.01503067015687271
62.960833415345 0.01510932792422592
62.96697533646639 0.015191533543168188
62.97311725758778 0.015277077962515897
62.979259178709164 0.015365709679315494
62.985401099830554 0.015457135780051576
62.991543020951944 0.015551023263225848
62.99768494207333 0.01564700063642993
63.00382686319472 0.015744659779309365
63.00996878431611 0.015843558062324178
63.01611070543749 0.01594322070997093
63.02225262655888 0.01604314339557734
63.028394547680264 0.016142795053476964
63.034536468801655 0.016241620893392837
63.040678389923045 0.016339045600338074
63.04682031104443 0.01643447670266344
63.05296223216582 0.01652730808967154
63.05910415328721 0.016616923659350132
63.06524607440859 0.016702701076180153
63.07138799552998 0.01678401561811056
63.07752991665137 0.016860244091209776
63.083671837772755 0.016930768790218778
63.089813758894145 0.016994981482678355
63.095955680015535 0.017052287394043842
63.10209760113692 0.01710210917124589
63.10823952225831 0.017143890801933927
63.11438144337969 0.017177101466715222
63.12052336450108 0.017201239302144386
63.12666528562247 0.01721583505214371
63.132807206743855 0.0172204555863528
63.138949127865246 0.01721470726419735
63.145091048986636 0.017198239124140764
63.15123297010802 0.017170745878529892
63.15737489122941 0.017131970695148255
63.1635168123508 0.017081707747572894
63.16965873347218 0.017019804517713528
63.17580065459357 0.016946163834917607
63.181942575714956 0.016860745637310406
63.188084496836346 0.016763568442655617
63.194226417957736 0.016654710517113917
63.20036833907912 0.016534310732188317
63.20651026020051 0.016402569101527736
63.2126521813219 0.016259746990929733
63.21879410244328 0.016106166996806438
63.22493602356467 0.015942212489957697
63.231077944686064 0.015768326823305513
63.23721986580745 0.015585012204260201
63.24336178692884 0.01539282823404676
63.24950370805023 0.015192390118171254
63.25564562917161 0.014984366554229727
63.261787550293 0.014769477304904332
63.267929471414384 0.014548490465771
63.274071392535774 0.014322219439541492
63.280213313657164 0.014091519629683217
63.28635523477855 0.01385728486837681
63.29249715589994 0.013620443595104482
63.29863907702133 0.013381954803650845
63.30478099814271 0.01314280377688362
63.3109229192641 0.012903997629797121
63.31706484038549 0.0126665606824906
63.323206761506874 0.012431529686023653
63.329348682628265 0.012199948924861119
63.33549060374965 0.011972865220453712
63.34163252487104 0.011751322861443248
63.34777444599243 0.011536358486176472
63.35391636711381 0.011328995944027193
63.3600582882352 0.011130241162076176
63.36620020935659 0.01094107704386684
63.372342130477975 0.010762458427147042
63.378484051599365 0.010595307127196866
63.384625972720755 0.010440507092069085
63.39076789384214 0.01029889969584495
63.39690981496353 0.010171279195272276
63.40305173608492 0.010058388374467635
63.4091936572063 0.009960914401733165
63.41533557832769 0.009879484921403886
63.421477499449075 0.009814664402565444
63.427619420570466 0.00976695076552961
63.433761341691856 0.009736772305272798
63.43990326281324 0.00972448493000437
63.44604518393463 0.009730369731279232
63.45218710505602 0.009754630900459863
63.4583290261774 0.009797394004825002
63.46447094729879 0.009858704634655376
63.47061286842018 0.009938527430778603
63.476754789541566 0.010036745500330024
63.482896710662956 0.010153160226334085
63.48903863178434 0.01028749147469762
63.49518055290573 0.010439378200402494
63.50132247402712 0.010608379452243199
63.5074643951485 0.010793975773754174
63.51360631626989 0.010995570995650305
63.51974823739128 0.011212494413039918
63.52589015851267 0.011444003338804019
63.53203207963406 0.011689286022329489
63.53817400075545 0.011947464920807106
63.54431592187683 0.012217600308566208
63.55045784299822 0.012498694207874757
63.55659976411961 0.012789694622848385
63.562741685240994 0.01308950005660251
63.568883606362384 0.013396964289994493
63.57502552748377 0.013710901398802884
63.58116744860516 0.014030090985053381
63.58730936972655 0.014353283596571112
63.59345129084793 0.014679206308097123
63.59959321196932 0.015006568436088802
63.60573513309071 0.015334067358500575
63.611877054212094 0.01566039441035133
63.618018975333484 0.015984240825183304
63.624160896454875 0.01630430369216447
63.63030281757626 0.016619291898588656
63.63644473869765 0.016927932027326332
63.64258665981904 0.017228974178936176
63.64872858094042 0.017521197688662477
63.65487050206181 0.017803416708856917
63.661012423183195 0.018074485628025595
63.667154344304585 0.018333304298779204
63.673296265425975 0.018578823047582446
63.67943818654736 0.018810047440733075
63.68558010766875 0.01902604278206535
63.69172202879014 0.019225938319327642
63.69786394991152 0.019408931137954492
63.70400587103291 0.019574289722476164
63.7101477921543 0.01972135716763244
63.716289713275685 0.019849554023371192
63.722431634397076 0.019958380759746062
63.72857355551846 0.020047419839817667
63.73471547663985 0.02011633739106904
63.74085739776124 0.02016488446768058
63.74699931888262 0.020192897898642582
63.75314124000401 0.020200300718716323
63.7592831611254 0.02018710218154668
63.765425082246786 0.020153397356690327
63.771567003368176 0.02009936631439468
63.777708924489566 0.020025272904183725
63.78385084561095 0.01993146313566307
63.78999276673234 0.01981836317188017
63.79613468785373 0.019686476947608857
63.80227660897511 0.019536383427059253
63.8084185300965 0.01936873351717383
63.814560451217886 0.019184246654402718
63.82070237233928 0.018983707084709985
63.82684429346067 0.018767959857674852
63.83298621458205 0.01853790655728891
63.83912813570344 0.018294500793022854
63.84527005682483 0.018038743475815265
63.85141197794621 0.01777167790473801
63.857553899067604 0.017494384690675446
63.863695820188994 0.01720797654396423
63.86983774131038 0.016913592953579554
63.87597966243177 0.016612394785568984
63.88212158355315 0.01630555882857047
63.88826350467454 0.015994272314482652
63.89440542579593 0.01567972744182094
63.900547346917314 0.015363115929363342
63.906689268038704 0.0150456236270077
63.912831189160094 0.01472842521018267
63.91897311028148 0.014412678983629433
63.92511503140287 0.014099521819351655
63.93125695252426 0.013790064252571527
63.93739887364564 0.013485385758657315
63.94354079476703 0.013186530232633544
63.94968271588842 0.012894501691623565
63.955824637009805 0.01261026021941699
63.961966558131195 0.012334718170740333
63.96810847925258 0.01206873665131293
63.97425040037397 0.011813122288453584
63.98039232149536 0.011568624305021608
63.98653424261674 0.011335931908203346
63.99267616373813 0.011115672002732632
63.99881808485952 0.010908407236427806
64.0049600059809 0.010714634384390263
64.01110192710229 0.010534783076274673
64.01724384822369 0.010369214869363827
64.02338576934507 0.010218222668435804
64.02952769046645 0.010082030491892323
64.03566961158785 0.009960793581489194
64.04181153270923 0.009854598851723417
64.04795345383062 0.009763465673297953
64.05409537495201 0.009687346983122012
64.0602372960734 0.009626130712132776
64.06637921719478 0.009579641520736539
64.07252113831618 0.009547642829861406
64.07866305943756 0.009529839134621283
64.08480498055894 0.00952587858629267
64.09094690168034 0.009535355826707158
64.09708882280172 0.00955781505839187
64.1032307439231 0.009592753332722127
64.1093726650445 0.009639624037000302
64.11551458616589 0.009697840560860786
64.12165650728727 0.009766780121596272
64.12779842840867 0.009845787726935746
64.13394034953005 0.009934180253567348
64.14008227065143 0.010031250619201721
64.14622419177283 0.010136272025202257
64.15236611289421 0.010248502246887196
64.1585080340156 0.010367187948431488
64.16464995513698 0.010491568998835266
64.17079187625838 0.010620882765952449
64.17693379737976 0.010754368365339377
64.18307571850114 0.010891270841342317
64.18921763962254 0.01103084525774272
64.19535956074392 0.011172360676169134
64.20150148186531 0.011315104001098582
64.2076434029867 0.011458383670632085
64.21378532410809 0.011601533173444029
64.21992724522947 0.011743914373263354
64.22606916635087 0.011884920622933717
64.23221108747225 0.012023979651646718
64.23835300859363 0.012160556210206619
64.24449492971503 0.012294154460184677
64.25063685083641 0.012424320094644767
64.2567787719578 0.012550642179661935
64.2629206930792 0.012672754707098105
64.26906261420058 0.012790337851147629
64.27520453532196 0.012903118922907889
64.28134645644336 0.013010873018636284
64.28748837756474 0.013113423359553407
64.29363029868613 0.013210641322894356
64.29977221980752 0.01330244616539825
64.3059141409289 0.013388804442658489
64.31205606205029 0.01346972912960316
64.31819798317167 0.013545278448813711
64.32433990429307 0.013615554415658622
64.33048182541445 0.013680701110568362
64.33662374653584 0.013740902690838896
64.34276566765723 0.013796381155466882
64.34890758877862 0.013847393878418726
64.3550495099 0.013894230927151646
64.3611914310214 0.0139372121841404
64.36733335214278 0.013976684290727187
64.37347527326416 0.014013017433677681
64.37961719438556 0.014046601995387396
64.38575911550694 0.014077845089848587
64.39190103662833 0.01410716700713834
64.39804295774972 0.014134997589317584
64.4041848788711 0.01416177256135459
64.41032679999249 0.014187929840885816
64.41646872111389 0.014213905850300862
64.42261064223527 0.01424013185490664
64.42875256335665 0.014267030350672194
64.43489448447805 0.014295011524283273
64.44103640559943 0.014324469808067631
64.44717832672082 0.014355780551675027
64.45332024784221 0.014389296831215499
64.4594621689636 0.014425346416002835
64.46560409008498 0.014464228912004265
64.47174601120636 0.014506213099559085
64.47788793232776 0.014551534482161427
64.48402985344914 0.014600393061376825
64.49017177457053 0.014652951351931693
64.49631369569192 0.01470933264904163
64.50245561681331 0.014769619558886895
64.50859753793469 0.014833852801544744
64.51473945905609 0.014902030293680967
64.52088138017747 0.014974106517010095
64.52702330129885 0.015049992176847654
64.53316522242025 0.015129554153012042
64.53930714354163 0.015212615744005868
64.54544906466302 0.015298957203722416
64.55159098578442 0.015388316567873818
64.5577329069058 0.015480390766065378
64.56387482802718 0.015574837013824576
64.57001674914858 0.01567127447694414
64.57615867026996 0.01576928619934578
64.58230059139134 0.01586842128419419
64.58844251251274 0.01596819731620395
64.59458443363413 0.01606810301210776
64.60072635475551 0.016167601084972838
64.6068682758769 0.016266131306481493
64.61301019699829 0.01636311375054199
64.61915211811967 0.016457952200561114
64.62529403924106 0.01655003770137739
64.63143596036245 0.01663875223648554
64.63757788148384 0.016723472510039195
64.64371980260522 0.016803573812851205
64.64986172372662 0.01687843395057501
64.656003644848 0.01694743721218771
64.66214556596938 0.017009978356561473
64.66828748709078 0.017065466594302216
64.67442940821216 0.017113329542295955
64.68057132933355 0.01715301712839514
64.68671325045494 0.017184005423418296
64.69285517157633 0.01720580037823381
64.69899709269771 0.017217941444040194
64.7051390138191 0.017220005054040873
64.71128093494049 0.017211607945654014
64.71742285606187 0.017192410303086107
64.72356477718327 0.017162118700521336
64.72970669830465 0.01712048882746028
64.73584861942604 0.017067327978756357
64.74199054054743 0.017002497292643328
64.74813246166882 0.01692591372163966
64.7542743827902 0.016837551722525483
64.7604163039116 0.016737444652619123
64.76655822503298 0.016625685861435504
64.77270014615436 0.016502429468369512
64.77884206727575 0.01636789081828998
64.78498398839714 0.016222346609098822
64.79112590951853 0.0160661346866681
64.79726783063991 0.015899653504730063
64.80340975176131 0.015723361248631225
64.80955167288269 0.01553777462407987
64.81569359400407 0.015343467313865084
64.82183551512547 0.015141068107001962
64.82797743624685 0.014931258706963824
64.83411935736824 0.014714771227481526
64.84026127848963 0.01449238538580084
64.84640319961102 0.014264925405400098
64.8525451207324 0.014033256641858633
64.8586870418538 0.013798281946817337
64.86482896297518 0.013560937786894399
64.87097088409656 0.013322190135882372
64.87711280521796 0.013083030159558631
64.88325472633935 0.012844469714084445
64.88939664746073 0.012607536680132097
64.89553856858213 0.012373270155561469
64.90168048970351 0.012142715530767683
64.90782241082489 0.011916919471623733
64.91396433194629 0.011696924835246184
64.92010625306767 0.01148376554471891
64.92624817418906 0.011278461449311935
64.93239009531044 0.011082013196606967
64.93853201643184 0.010895397143544365
64.94467393755322 0.010719560332994113
64.9508158586746 0.010555415562679157
64.956957779796 0.010403836572487647
64.96309970091738 0.01026565337615271
64.96924162203877 0.01014164776269457
64.97538354316016 0.010032548991926998
64.98152546428155 0.009939029707855438
64.98766738540293 0.009861702092812155
64.99380930652433 0.009801114283700993
64.99995122764571 0.009757747070876836
65.00609314876709 0.009732010898850637
65.01223506988849 0.009724243186198276
65.01837699100987 0.009734705980884106
65.02451891213126 0.009763583965577693
65.03066083325265 0.009810982825446629
65.03680275437404 0.009876927989490152
65.04294467549542 0.009961363754606514
65.04908659661682 0.01006415279929351
65.0552285177382 0.010185076092274703
65.06137043885958 0.010323833199325687
65.06751235998098 0.010480042989156125
65.07365428110236 0.010653244737502168
65.07979620222375 0.010842899626507564
65.08593812334513 0.011048392634003493
65.09208004446653 0.011269034805714508
65.09822196558791 0.011504065900986444
65.1043638867093 0.011752657401007621
65.11050580783069 0.0120139158660479
65.11664772895207 0.012286886626716575
65.12278965007346 0.012570557792400001
65.12893157119485 0.01286386455790439
65.13507349231624 0.01316569378802758
65.14121541343762 0.013474888858209993
65.14735733455902 0.013790254727575809
65.1534992556804 0.01411056321970183
65.15964117680178 0.014434558485230769
65.16578309792318 0.014760962618989085
65.17192501904456 0.015088481403700161
65.17806694016595 0.015415810151591672
65.18420886128735 0.015741639614187383
65.19035078240873 0.01606466193047025
65.19649270353011 0.016383576583293636
65.20263462465151 0.016697096333402377
65.20877654577289 0.017003953100826145
65.21491846689428 0.017302903763607616
65.22106038801567 0.017592735843826784
65.22720230913706 0.017872273051797775
65.23334423025844 0.01814038066002585
65.23948615137982 0.018395970679001918
65.24562807250122 0.018638006808432882
65.2517699936226 0.0188655091383127
65.25791191474399 0.01907755857596725
65.26405383586538 0.019273300976207105
65.27019575698677 0.019451950953724012
65.27633767810815 0.01961279535860575
65.28247959922955 0.019755196397322927
65.28862152035093 0.019878594383864964
65.29476344147231 0.019982510107743188
65.30090536259371 0.020066546807321572
65.3070472837151 0.020130391739487344
65.31318920483648 0.020173817338897303
65.31933112595787 0.020196681961924923
65.32547304707926 0.02019893021308368
65.33161496820064 0.020180592853984065
65.33775688932204 0.020141786296784966
65.34389881044342 0.020082711686718862
65.3500407315648 0.020003653580479654
65.3561826526862 0.01990497822904947
65.36232457380758 0.019787131476000194
65.36846649492897 0.019650636284321205
65.37460841605036 0.019496089906372915
65.38075033717175 0.01932416071375887
65.38689225829313 0.019135584705617686
65.39303417941451 0.018931161715037892
65.39917610053591 0.018711751335238946
65.4053180216573 0.018478268588099693
65.41145994277868 0.018231679359177196
65.41760186390007 0.017972995623913846
65.42374378502146 0.01770327049099297
65.42988570614284 0.017423593089533205
65.43602762726424 0.017135083327009762
65.44216954838562 0.016838886545580856
65.448311469507 0.0165361681047524
65.4544533906284 0.016228107918053774
65.46059531174978 0.01591589497171816
65.46673723287117 0.01560072185316728
65.47287915399257 0.015283779316389074
65.47902107511395 0.014966250911186616
65.48516299623533 0.01464930770266163
65.49130491735673 0.014334103106182083
65.49744683847811 0.014021767862585938
65.5035887595995 0.013713405177390357
65.50973068072089 0.013410086046319594
65.51587260184228 0.013112844788638838
65.52201452296366 0.012822674808503432
65.52815644408506 0.012540524602793306
65.53429836520644 0.012267294032831434
65.54044028632782 0.012003830875875102
65.5465822074492 0.011750927670318838
65.5527241285706 0.011509318867406873
65.55886604969199 0.011279678300213623
65.56500797081337 0.011062616979343036
65.57114989193477 0.01085868122260073
65.57729181305615 0.01066835112454705
65.58343373417753 0.010492039370103873
65.58957565529893 0.010330090394275765
65.59571757642031 0.01018277988868931
65.6018594975417 0.010050314653943983
65.6080014186631 0.009932832794702877
65.61414333978448 0.009830404253165734
65.62028526090586 0.009743031674943552
65.62642718202726 0.009670651599401876
65.63256910314864 0.00961313596538153
65.63871102427002 0.009570293921730498
65.64485294539142 0.00954187393029184
65.6509948665128 0.009527566148016394
65.65713678763419 0.009527005073586977
65.66327870875558 0.009539772442365908
65.66942062987697 0.009565400352721156
65.67556255099835 0.009603374605743849
65.68170447211975 0.009653138239041464
65.68784639324113 0.009714095234794135
65.69398831436251 0.009785614381490972
65.7001302354839 0.009867033267697901
65.7062721566053 0.009957662386114128
65.71241407772668 0.010056789325314754
65.71855599884806 0.010163683026588632
65.72469791996946 0.010277598082540291
65.73083984109084 0.010397779054349748
65.73698176221222 0.010523464784547453
65.74312368333362 0.010653892681853482
65.749265604455 0.010788302955190428
65.75540752557639 0.010925942774275213
65.76154944669779 0.011066070334238648
65.76769136781917 0.011207958802624101
65.77383328894055 0.011350900127760149
65.77997521006195 0.011494208687893718
65.78611713118333 0.011637224761710703
65.79225905230471 0.011779317801858702
65.79840097342611 0.0119198894938026
65.8045428945475 0.012058376583913614
65.81068481566888 0.012194253461984855
65.81682673679028 0.012327034484386127
65.82296865791166 0.012456276025916882
65.82911057903304 0.012581578249976778
65.83525250015444 0.012702586587929717
65.84139442127582 0.012818992920606688
65.8475363423972 0.012930536456641054
65.85367826351859 0.013037004303739446
65.85982018463999 0.013138231731301752
65.86596210576137 0.013234102124267436
65.87210402688275 0.013324546630312992
65.87824594800415 0.013409543503899071
65.88438786912553 0.013489117152897304
65.89052979024692 0.0135633368953401
65.89667171136831 0.013632315435241174
65.9028136324897 0.01369620706852762
65.90895555361108 0.013755205631781158
65.91509747473248 0.013809542207692423
65.92123939585386 0.013859482602994012
65.92738131697524 0.013905324616027557
65.93352323809664 0.01394739511200823
65.93966515921802 0.013986046925581898
65.9458070803394 0.014021655611304739
65.9519490014608 0.014054616063200498
65.95809092258219 0.014085339025682382
65.96423284370357 0.014114247518739477
65.97037476482497 0.01414177320037926
65.97651668594635 0.014168352690004212
65.98265860706773 0.014194423876561037
65.98880052818913 0.014220422234937458
65.99494244931051 0.014246777174311977
66.0010843704319 0.014273908441871796
66.00722629155328 0.01430222260449201
66.01336821267468 0.014332109630876973
66.01951013379606 0.014363939595567728
66.02565205491744 0.01439805952576787
66.03179397603884 0.014434790410496513
66.03793589716022 0.01447442439089171
66.04407781828161 0.014517222149309351
66.050219739403 0.014563410513216983
66.05636166052439 0.014613180288894526
66.06250358164577 0.01466668433851788
66.06864550276717 0.014724035912325035
66.07478742388855 0.014785307246376634
66.08092934500993 0.014850528434815841
66.08707126613133 0.014919686583516164
66.09321318725272 0.01499272525070553
66.0993551083741 0.0150695441784692
66.1054970294955 0.015149999316961184
66.11163895061688 0.015233903141834728
66.11778087173826 0.015321025263713959
66.12392279285966 0.015411093326491435
66.13006471398104 0.015503794189967387
66.13620663510243 0.015598775390741892
66.14234855622382 0.015695646873332865
66.1484904773452 0.015793982982351795
66.15463239846659 0.015893324705108108
66.16077431958797 0.015993182152227583
66.16691624070937 0.016093037263021505
66.17305816183075 0.016192346720698938
66.17920008295214 0.016290545061716635
66.18534200407353 0.016387047961981205
66.19148392519492 0.016481255681988237
66.1976258463163 0.016572556652064186
66.2037677674377 0.016660331177671402
66.20990968855908 0.01674395524438197
66.21605160968046 0.0168228044014946
66.22219353080186 0.0168962577023688
66.22833545192324 0.016963701679504638
66.23447737304463 0.017024534332084052
66.24061929416602 0.017078169103115742
66.2467612152874 0.01712403882360991
66.25290313640879 0.017161599601234222
66.25904505753019 0.017190334630668682
66.26518697865157 0.017209757903505107
66.27132889977295 0.017219417795907126
66.27747082089435 0.017218900512361884
66.28361274201573 0.0172078333648221
66.28975466313712 0.017185887867260153
66.29589658425851 0.01715278262609892
66.3020385053799 0.017108286008300475
66.30818042650128 0.01705221856992774
66.31432234762266 0.0169844552287568
66.32046426874406 0.016904927166239415
66.32660618986544 0.016813623445065946
66.33274811098683 0.016710592330386694
66.33889003210822 0.01659594230377215
66.34503195322961 0.016469842760955308
66.35117387435099 0.016332524386044763
66.35731579547239 0.01618427919622648
66.36345771659377 0.016025460253095283
66.36959963771515 0.015856481038548573
66.37574155883655 0.015677814494622175
66.38188347995793 0.015489991728859757
66.38802540107932 0.015293600388657043
66.39416732220072 0.015089282709493937
66.4003092433221 0.014877733244174365
66.40645116444348 0.014659696282001453
66.41259308556488 0.014435962968219461
66.41873500668626 0.014207368136151893
66.42487692780765 0.013974786866137937
66.43101884892904 0.013739130786603979
66.43716077005043 0.01350134413450653
66.44330269117181 0.01326239959382712
66.4494446122932 0.013023293931777261
66.45558653341459 0.012785043453991368
66.46172845453597 0.012548679301121453
66.46787037565737 0.012315242609897858
66.47401229677875 0.012085779562991079
66.48015421790014 0.011861336352779741
66.48629613902152 0.011642954084385168
66.49243806014292 0.01143166364431792
66.4985799812643 0.011228480561062766
66.50472190238568 0.011034399884537558
66.51086382350708 0.01085039111096768
66.51700574462846 0.010677393180039805
66.52314766574985 0.010516309571002695
66.52928958687124 0.010368003523667877
66.53543150799263 0.010233293410156035
66.54157342911401 0.01011294828261521
66.5477153502354 0.010007683621014209
66.55385727135679 0.009918157304605105
66.55999919247817 0.009844965829634882
66.56614111359957 0.009788640794387241
66.57228303472095 0.00974964567175396
66.57842495584234 0.009728372888177806
66.58456687696373 0.009725141225969436
66.59070879808512 0.009740193564809221
66.5968507192065 0.009773694976588415
66.6029926403279 0.009825731185634328
66.60913456144928 0.009896307404919659
66.61527648257066 0.009985347556975893
66.62141840369206 0.010092693885918819
66.62756032481344 0.010218106965377918
66.63370224593483 0.010361266105094856
66.63984416705621 0.010521770156515998
66.64598608817761 0.010699138716112321
66.65212800929899 0.010892813722693065
66.65826993042037 0.011102161443289313
66.66441185154177 0.011326474839637323
66.67055377266315 0.01156497630564148
66.67669569378454 0.01181682076419522
66.68283761490594 0.0120810991094157
66.68897953602732 0.012356841978826371
66.6951214571487 0.012643023838199373
66.7012633782701 0.01293856735965631
66.70740529939148 0.013242348072348148
66.71354722051287 0.013553199263487031
66.71968914163426 0.013869917105692936
66.72583106275565 0.014191265985675583
66.73197298387703 0.01451598400808406
66.73811490499843 0.014842788646935116
66.74425682611981 0.015170382516498769
66.75039874724119 0.015497459232766238
66.75654066836259 0.015822709335656104
66.76268258948397 0.016144826242052598
66.76882451060536 0.016462512199501175
66.77496643172675 0.016774484209914217
66.78110835284814 0.017079479893083095
66.78725027396952 0.017376263260036006
66.7933921950909 0.017663630366308677
66.7995341162123 0.017940414816263017
66.80567603733368 0.018205493089955414
66.81181795845507 0.018457789665359298
66.81795987957646 0.018696281909341476
66.82410180069785 0.018920004712408574
66.83024372181923 0.019128054843618104
66.83638564294063 0.01931959500319401
66.84252756406201 0.019493857552405677
66.8486694851834 0.01965014790203848
66.85481140630479 0.019787847542287587
66.86095332742617 0.019906416699255188
66.86709524854756 0.02000539660529083
66.87323716966895 0.020084411372175363
66.87937909079034 0.02014316945871216
66.88552101191172 0.02018146472652476
66.89166293303312 0.020199177079754053
66.8978048541545 0.020196272687000843
66.90394677527588 0.0201728037861426
66.91008869639728 0.020128908074548035
66.91623061751866 0.02006480768982702
66.92237253864005 0.019980807788448993
66.92851445976143 0.01987729473132174
66.93465638088283 0.01975473388797342
66.94079830200421 0.019613667072590445
66.94694022312561 0.019454709627456594
66.95308214424699 0.019278547170543607
66.95922406536837 0.019085932026450862
66.96536598648976 0.018877679360678603
66.97150790761116 0.018654663039235853
66.97764982873254 0.018417811236470877
66.98379174985392 0.018168101815541605
66.98993367097532 0.017906557506456075
66.9960755920967 0.017634240907841818
67.00221751321808 0.017352249339289413
67.00835943433948 0.017061709571279785
67.01450135546087 0.016763772460449373
67.02064327658225 0.016459607518171118
67.02678519770365 0.016150397440123292
67.03292711882503 0.015837332624806175
67.03906903994641 0.015521605708734997
67.04521096106781 0.015204406145289093
67.05135288218919 0.01488691485405563
67.05749480331058 0.014570298966856873
67.06363672443197 0.014255706695504248
67.06977864555336 0.01394426234579575
67.07592056667474 0.013637061501266682
67.08206248779612 0.013335166398700492
67.08820440891752 0.013039601516673308
67.0943463300389 0.012751349396718173
67.1004882511603 0.012471346715706214
67.10663017228168 0.012200480625991396
67.11277209340307 0.01193958537910889
67.11891401452445 0.011689439246469115
67.12505593564585 0.011450761749449784
67.13119785676723 0.011224211209223506
67.13733977788861 0.011010382625343118
67.14348169901001 0.010809805889909976
67.1496236201314 0.01062294434279818
67.15576554125278 0.010450193671672168
67.16190746237417 0.0102918811584246
67.16804938349556 0.010148265272310915
67.17419130461694 0.010019535608345948
67.18033322573834 0.009905813167474319
67.18647514685972 0.009807150973747864
67.1926170679811 0.009723535022129482
67.1987589891025 0.009654885548603193
67.20490091022388 0.009601058613125575
67.21104283134527 0.009561847984491247
67.21718475246666 0.009536987314414568
67.22332667358805 0.009526152587169857
67.22946859470943 0.009528964829866444
67.23561051583083 0.009544993066883741
67.24175243695221 0.00957375750125069
67.2478943580736 0.009614732904736602
67.25403627919499 0.009667352197110487
67.26017820031637 0.009731010194556394
67.26632012143776 0.009805067506481155
67.27246204255914 0.00988885455891256
67.27860396368054 0.009981675722618455
67.28474588480192 0.010082813523239203
67.2908878059233 0.010191532910768384
67.2970297270447 0.010307085565000191
67.30317164816609 0.010428714213817941
67.30931356928747 0.010555656941185715
67.31545549040887 0.010687151461429437
67.32159741153025 0.010822439336978592
67.32773933265163 0.01096077011706871
67.33388125377303 0.01110140537497323
67.34002317489441 0.011243622622267784
67.3461650960158 0.011386719079301517
67.35230701713719 0.011530015281467843
67.35844893825858 0.011672858502139286
67.36459085937996 0.011814625974142689
67.37073278050136 0.011954727892395264
67.37687470162274 0.012092610181916246
67.38301662274412 0.012227757016746329
67.38915854386552 0.012359693076348665
67.3953004649869 0.012487985527932496
67.40144238610829 0.012612245724719853
67.40758430722968 0.012732130611450058
67.41372622835107 0.012847343830499085
67.41986814947245 0.012957636523753311
67.42601007059383 0.013062807826794413
67.43215199171523 0.013162705054269645
67.43829391283661 0.013257223576790834
67.444435833958 0.013346306391949853
67.4505777550794 0.013429943393414022
67.45671967620078 0.013508170344286719
67.46286159732216 0.013581067562725486
67.46900351844356 0.013648758329201354
67.47514543956494 0.01371140702686011
67.48128736068632 0.013769217028086308
67.48742928180772 0.013822428341554827
67.4935712029291 0.013871315035892734
67.49971312405049 0.013916182457437611
67.50585504517188 0.013957364260457248
67.51199696629327 0.013995219269696473
67.51813888741465 0.014030128196118465
67.52428080853605 0.014062490227199187
67.53042272965743 0.014092719514228193
67.53656465077881 0.01412124157964666
67.54270657190021 0.014148489667506342
67.5488484930216 0.014174901060782088
67.55499041414298 0.01420091338939298
67.56113233526438 0.014226960952385431
67.56727425638576 0.014253471077924981
67.57341617750714 0.01428086054441645
67.57955809862852 0.014309532085214726
67.58570001974992 0.01433987099926184
67.5918419408713 0.014372241888856347
67.59798386199269 0.014406985545278524
67.60412578311409 0.014444416001522289
67.61026770423547 0.014484817770671884
67.61640962535685 0.014528443287259146
67.62255154647825 0.014575510567268172
67.62869346759963 0.01462620110144713
67.63483538872102 0.01468065799513376
67.64097730984241 0.01473898436590797
67.6471192309638 0.014801242009186812
67.65326115208518 0.014867450340258331
67.65940307320658 0.014937585619226541
67.66554499432796 0.015011580464036669
67.67168691544934 0.015089323655057137
67.67782883657074 0.015170660232626138
67.68397075769212 0.015255391887648623
67.6901126788135 0.015343277643648314
67.6962545999349 0.015434034826645938
67.70239652105629 0.015527340317975388
67.70853844217767 0.015622832083551965
67.71468036329907 0.015720110971184892
67.72082228442045 0.015818742766392467
67.72696420554183 0.015918260495736993
67.73310612666322 0.01601816696492474
67.73924804778461 0.016117937518086548
67.745389968906 0.01621702300302699
67.75153189002738 0.016314852926455597
67.75767381114878 0.01641083878165239
67.76381573227016 0.016504377530412513
67.76995765339154 0.016594855220220764
67.77609957451294 0.016681650716424083
67.78224149563432 0.016764139528840042
67.7883834167557 0.01684169771163446
67.7945253378771 0.016913705814427783
67.80066725899849 0.01697955286256963
67.80680918011987 0.01703864034423691
67.81295110124127 0.01709038618146544
67.81909302236265 0.017134228662535795
67.82523494348403 0.017169630313189674
67.83137686460543 0.017196081683946766
67.83751878572681 0.017213105031450713
67.8436607068482 0.017220257872169686
67.8498026279696 0.017217136386921256
67.85594454909098 0.017203378655692023
67.86208647021236 0.017178667702964164
67.86822839133376 0.01714273433424262
67.87437031245514 0.01709535974580969
67.88051223357652 0.017036377890802527
67.88665415469791 0.01696567758549095
67.8927960758193 0.01688320434137923
67.89893799694069 0.01678896190973285
67.90507991806207 0.01668301352695383
67.91122183918347 0.016565482850274454
67.91736376030485 0.01643655457521872
67.92350568142624 0.01629647472793741
67.92964760254763 0.016145550626871952
67.93578952366902 0.01598415051033031
67.9419314447904 0.015812702828360257
67.9480733659118 0.015631695198758667
67.95421528703318 0.015441673029271286
67.96035720815456 0.0152432378098832
67.96649912927596 0.01503704508057656
67.97264105039734 0.01482380208212726
67.97878297151873 0.014604265099318404
67.98492489264012 0.014379236507335885
67.9910668137615 0.01414956153420046
67.99720873488289 0.013916124753747157
68.00335065600429 0.013679846324877482
68.00949257712567 0.01344167799469006
68.01563449824705 0.013202598884517145
68.02177641936845 0.012963611078847406
68.02791834048983 0.012725735038706809
68.03406026161122 0.012490004862177438
68.0402021827326 0.012257463415343107
68.046344103854 0.01202915735829618
68.05248602497538 0.011806132091194974
68.05862794609676 0.011589426646352312
68.06476986721816 0.011380068552323382
68.07091178833954 0.011179068696678843
68.07705370946093 0.010987416214335443
68.08319563058232 0.010806073427998539
68.08933755170371 0.010635970867544364
68.09547947282509 0.010478002394936755
68.10162139394649 0.010333020460524674
68.10776331506787 0.010201831516424363
68.11390523618925 0.010085191612036254
68.12004715731065 0.009983802195593632
68.12618907843203 0.00989830614509219
68.13233099955342 0.009829284050913444
68.13847292067481 0.00977725077091728
68.1446148417962 0.009742652277876658
68.15075676291758 0.009725862817736687
68.15689868403898 0.009727182395320787
68.16304060516036 0.009746834602886948
68.16918252628174 0.009784964805263788
68.17532444740314 0.009841638693161524
68.18146636852453 0.009916841214795562
68.18760828964591 0.01001047589406189
68.19375021076729 0.01012236454116554
68.19989213188869 0.010252247360087369
68.20603405301007 0.010399783454853748
68.21217597413145 0.010564551734898541
68.21831789525285 0.010746052217249023
68.22445981637424 0.010943707721571327
68.23060173749562 0.011156865952037902
68.23674365861702 0.01138480195754808
68.2428855797384 0.01162672096017762
68.24902750085978 0.011881761539743338
68.25516942198118 0.012148999160058798
68.26131134310256 0.012427450020952588
68.26745326422395 0.012716075218317897
68.27359518534534 0.013013785192371162
68.27973710646673 0.0133194444430419
68.28587902758811 0.01363187648989831
68.2920209487095 0.013949869052229842
68.29816286983089 0.01427217942399819
68.30430479095227 0.01459754001721368
68.31044671207367 0.014924664045907988
68.31658863319505 0.015252251322379015
68.32273055431644 0.015578994136668769
68.32887247543783 0.015903583189306264
68.33501439655922 0.01622471354732641
68.3411563176806 0.016541090593349246
68.34729823880198 0.016851435937060066
68.35344015992338 0.017154493259028163
68.35958208104476 0.01744903405670094
68.36572400216615 0.017733863263254254
68.37186592328754 0.018007824710123233
68.37800784440893 0.01826980640521935
68.38414976553031 0.01851874559979622
68.39029168665171 0.018753633617670934
68.39643360777309 0.018973520422148258
68.40257552889447 0.01917751889740913
68.40871745001587 0.019364808822302796
68.41485937113725 0.019534640516533478
68.42100129225864 0.019686338141028235
68.42714321338003 0.019819302635803657
68.43328513450142 0.019933014281018496
68.4394270556228 0.020027034868979207
68.4455689767442 0.020101009476641563
68.45171089786558 0.02015466783072732
68.45785281898696 0.0201878252598193
68.46399474010836 0.020200383229697375
68.47013666122974 0.020192329460832503
68.47627858235113 0.020163737629235602
68.48242050347253 0.020114766653749578
68.48856242459391 0.020045659575474634
68.49470434571529 0.019956742037202352
68.50084626683667 0.01984842037247403
68.50698818795807 0.01972117931641394
68.51313010907946 0.019575579352072166
68.51927203020084 0.01941225370826822
68.52541395132224 0.019231905026211527
68.53155587244362 0.019035301714210313
68.537697793565 0.01882327401130155
68.5438397146864 0.018596709781658376
68.54998163580778 0.018356550063249766
68.55612355692917 0.018103784395337406
68.56226547805056 0.017839445949977745
68.56840739917195 0.017564606493875624
68.57454932029333 0.017280371207581774
68.58069124141473 0.016987873389153016
68.58683316253611 0.01668826907009906
68.59297508365749 0.016382731571624443
68.59911700477889 0.016072446028831195
68.60525892590027 0.015758603910798218
68.61140084702166 0.015442397564184182
68.61754276814305 0.015125014807218786
68.62368468926444 0.014807633600771765
68.62982661038582 0.014491416822503652
68.63596853150722 0.01417750716893199
68.6421104526286 0.013867022209685699
68.64825237374998 0.013561049617188148
68.65439429487137 0.01326064259348145
68.66053621599276 0.012966815515147346
68.66667813711415 0.012680539815573303
68.67282005823553 0.012402740122784934
68.67896197935693 0.01213429066911597
68.68510390047831 0.011876011987825171
68.6912458215997 0.01162866791018051
68.69738774272109 0.01139296287451791
68.70352966384247 0.011169539557479468
68.70967158496386 0.01095897683592873
68.71581350608525 0.010761788085949273
68.72195542720664 0.010578419823965962
68.72809734832802 0.010409250693289027
68.73423926944942 0.010254590797280878
68.7403811905708 0.01011468137898616
68.74652311169218 0.009989694845371716
68.75266503281358 0.009879735132271795
68.75880695393496 0.00978483840486217
68.76494887505635 0.009704974086888779
68.77109079617775 0.009640046209945206
68.77723271729913 0.009589895072963194
68.78337463842051 0.009554299200634112
68.78951655954191 0.009532977587722412
68.79565848066329 0.009525592215291642
68.80180040178467 0.009531750823617293
68.80794232290606 0.009551009925010366
68.81408424402746 0.0095828780391719
68.82022616514884 0.009626819132312683
68.82636808627022 0.009682256240743885
68.83251000739162 0.009748575258345346
68.838651928513 0.009825128866973567
68.84479384963439 0.009911240588248315
68.85093577075578 0.010006208934254579
68.85707769187717 0.010109311634648115
68.86321961299855 0.010219809917333861
68.86936153411995 0.010336952819304947
68.87550345524133 0.010459981504505477
68.88164537636271 0.01058813356559057
68.88778729748411 0.010720647286213868
68.89392921860549 0.010856765841084106
68.90007113972688 0.010995741411390468
68.90621306084827 0.011136839193295502
68.91235498196966 0.011279341278155218
68.91849690309104 0.01142255038382768
68.92463882421244 0.011565793416878117
68.93078074533382 0.01170842484678644
68.9369226664552 0.011849829874304087
68.9430645875766 0.011989427376875
68.94920650869798 0.012126672615658314
68.95534842981937 0.01226105969002719
68.96149035094075 0.012392123726471546
68.96763227206215 0.012519442790829591
68.97377419318353 0.012642639513984087
68.97991611430491 0.012761382423209263
68.98605803542631 0.012875386972595024
68.9921999565477 0.012984416268136088
68.99834187766908 0.013088281484884227
69.00448379879047 0.013186841975032547
69.01062571991186 0.01328000506802769
69.01676764103324 0.013367725565668589
69.02290956215464 0.013450004936628292
69.02905148327602 0.013526890217040882
69.0351934043974 0.013598472625590146
69.0413353255188 0.013664885902916157
69.04747724664018 0.013726304387217409
69.05361916776157 0.013782940839546546
69.05976108888296 0.013835044033459247
69.06590301000435 0.013882896125490905
69.07204493112573 0.01392680982426992
69.07818685224713 0.013967125376927073
69.08432877336851 0.01400420739292919
69.0904706944899 0.014038441526433415
69.09661261561129 0.014070231038714796
69.10275453673268 0.014099993263278703
69.10889645785406 0.014128155996809262
