time TPR_both_C_open_8_rho11
43.982297150257104 0.9076313505657855
43.988439071378494 0.9075474104568728
43.99458099249988 0.9075912732332168
44.00072291362127 0.9077619458096041
44.00686483474266 0.9080570072184665
44.01300675586404 0.9084726649804592
44.01914867698543 0.909003833083904
44.025290598106814 0.9096442297568288
44.031432519228204 0.9103864928392988
44.037574440349594 0.911222310246105
44.04371636147098 0.9121425627572737
44.04985828259237 0.9131374761909073
44.05600020371376 0.9141967799021201
44.06214212483514 0.9153098685138142
44.06828404595653 0.9164659638182486
44.07442596707792 0.9176542738894291
44.080567888199305 0.9188641466102249
44.086709809320695 0.9200852150382495
44.092851730442085 0.9213075323031721
44.09899365156347 0.9225216940365258
44.10513557268486 0.9237189466738966
44.11127749380624 0.9248912803288992
44.11741941492763 0.9260315053088125
44.12356133604902 0.9271333117135923
44.129703257170405 0.9281913119241831
44.135845178291795 0.9292010661342334
44.141987099413186 0.9301590914040615
44.14812902053457 0.9310628550106417
44.15427094165596 0.9319107531272884
44.16041286277735 0.9327020760876651
44.16655478389873 0.9334369616680613
44.17269670502012 0.9341163379581797
44.178838626141506 0.9347418574837654
44.184980547262896 0.9353158242952564
44.191122468384286 0.9358411157472244
44.19726438950567 0.9363211006665696
44.20340631062706 0.9367595555468737
44.20954823174845 0.9371605803161589
44.21569015286983 0.9375285151101873
44.22183207399122 0.9378678593481853
44.22797399511261 0.9381831942574433
44.234115916233996 0.9384791098324963
44.24025783735539 0.9387601370482133
44.24639975847678 0.9390306859785051
44.25254167959816 0.9392949903074688
44.25868360071955 0.9395570585611437
44.26482552184093 0.9398206322386569
44.27096744296232 0.9400891508838045
44.277109364083714 0.9403657240139763
44.2832512852051 0.9406531097140822
44.28939320632649 0.9409536996096283
44.29553512744788 0.9412695098556257
44.30167704856926 0.9416021777164965
44.30781896969065 0.9419529632660698
44.31396089081204 0.9423227557053196
44.320102811933424 0.9427120837775985
44.326244733054814 0.9431211297554885
44.3323866541762 0.9435497464785897
44.33852857529759 0.9439974769360869
44.34467049641898 0.9444635759102271
44.35081241754036 0.9449470332253578
44.35695433866175 0.9454465981804298
44.36309625978314 0.9459608047794397
44.369238180904524 0.9464879974128609
44.375380102025915 0.9470263566825122
44.381522023147305 0.9475739251014704
44.38766394426869 0.9481286324386596
44.39380586539008 0.9486883205138678
44.39994778651147 0.9492507672825565
44.40608970763285 0.9498137100804522
44.41223162875424 0.9503748679252234
44.418373549875625 0.9509319627963423
44.424515470997015 0.9514827398344105
44.430657392118405 0.9520249864178243
44.43679931323979 0.952556550087783
44.44294123436118 0.9530753553024828
44.44908315548257 0.9535794190081897
44.45522507660395 0.9540668650190511
44.46136699772534 0.9545359371993886
44.46750891884673 0.9549850114422145
44.473650839968116 0.955412606436296
44.479792761089506 0.9558173932116871
44.485934682210896 0.9561982034507482
44.49207660333228 0.9565540365487134
44.49821852445367 0.9568840654052897
44.50436044557505 0.9571876409269855
44.51050236669644 0.957464295219226
44.51664428781783 0.9577137434481464
44.522786208939216 0.9579358843544803
44.528928130060606 0.9581307994063887
44.535070051182 0.9582987505844691
44.54121197230338 0.9584401768005675
44.54735389342477 0.9585556889622967
44.55349581454616 0.9586460637071702
44.55963773566754 0.9587122358437153
44.56577965678893 0.9587552895514887
44.57192157791032 0.958776448407148
44.57806349903171 0.9587770643191537
44.5842054201531 0.9587586054687313
44.59034734127448 0.9587226433688973
44.59648926239587 0.9586708391660368
44.60263118351726 0.9586049293192302
44.608773104638644 0.9585267108007549
44.614915025760034 0.9584380259665396
44.621056946881424 0.9583407472475374
44.62719886800281 0.9582367618118147
44.6333407891242 0.9581279563426057
44.63948271024559 0.9580162020697573
44.64562463136697 0.9579033401811593
44.65176655248836 0.9577911677273196
44.657908473609744 0.9576814241167493
44.664050394731134 0.95757577828293
44.670192315852525 0.9574758165860523
44.67633423697391 0.9573830314952564
44.6824761580953 0.9572988110805297
44.68861807921669 0.9572244293284923
44.69476000033807 0.9571610372836922
44.70090192145946 0.9571096550073094
44.70704384258085 0.9570711643387197
44.713185763702235 0.9570463024424407
44.719327684823625 0.9570356561235939
44.72546960594501 0.9570396568990013
44.7316115270664 0.9570585768180274
44.73775344818779 0.9570925250367103
44.74389536930917 0.9571414451599176
44.75003729043056 0.9572051133783629
44.75617921155195 0.95728313743945
44.762321132673335 0.9573749565021341
44.768463053794726 0.9574798419354219
44.774604974916116 0.9575968991269467
44.7807468960375 0.9577250703715541
44.78688881715889 0.9578631389094943
44.79303073828028 0.9580097341792785
44.79917265940166 0.9581633383414192
44.80531458052305 0.9583222941161873
44.811456501644436 0.9584848139615256
44.817598422765826 0.9586489905968328
44.823740343887216 0.9588128088551618
44.8298822650086 0.9589741588212685
44.83602418612999 0.9591308501868108
44.84216610725138 0.9592806277277904
44.84830802837276 0.9594211877840072
44.85444994949415 0.9595501955968065
44.86059187061554 0.9596653033405517
44.86673379173693 0.9597641686658094
44.87287571285832 0.9598444735587665
44.8790176339797 0.959903943312329
44.88515955510109 0.9599403653999441
44.89130147622248 0.9599516080435104
44.897443397343864 0.959935638271703
44.903585318465254 0.9598905392744
44.909727239586644 0.9598145268722471
44.91586916070803 0.9597059649372548
44.92201108182942 0.9595633796200703
44.92815300295081 0.9593854722615531
44.93429492407219 0.9591711308898168
44.94043684519358 0.9589194402282485
44.94657876631497 0.9586296901645215
44.952720687436354 0.9583013826545689
44.958862608557745 0.9579342370583235
44.96500452967913 0.9575281939251704
44.97114645080052 0.9570834172660592
44.97728837192191 0.956600295365697
44.98343029304329 0.9560794402018883
44.98957221416468 0.9555216855497182
44.99571413528607 0.9549280838557535
45.001856056407455 0.954299901971755
45.007997977528845 0.9536386158385772
45.014139898650235 0.9529459042091255
45.02028181977162 0.9522236414946117
45.02642374089301 0.9514738898111597
45.03256566201439 0.9506988902943523
45.03870758313578 0.9499010537379201
45.04484950425717 0.9490829505998424
45.050991425378555 0.94824730040504
45.057133346499946 0.9473969605590598
45.063275267621336 0.9465349145720797
45.06941718874272 0.9456642596777134
45.07555910986411 0.9447881938168697
45.0817010309855 0.9439100019438594
45.08784295210688 0.9430330416004332
45.09398487322827 0.942160727693993
45.10012679434966 0.9412965164092534
45.106268715471046 0.940443888178573
45.112410636592436 0.9396063296354307
45.11855255771382 0.9387873144784638
45.12469447883521 0.9379902831804247
45.1308363999566 0.9372186214876682
45.13697832107798 0.9364756376715582
45.14312024219937 0.9357645385136635
45.14926216332076 0.9350884040318871
45.15540408444215 0.9344501609847403
45.16154600556354 0.9338525552257471
45.16768792668493 0.9332981230192314
45.17382984780631 0.9327891614721738
45.1799717689277 0.9323276982839506
45.18611369004908 0.9319154610659801
45.192255611170474 0.9315538465358214
45.198397532291864 0.9312438899441623
45.20453945341325 0.9309862351473114
45.21068137453464 0.9307811057909943
45.21682329565603 0.9306282781220332
45.22296521677741 0.9305270559913057
45.2291071378988 0.9304762486525221
45.23524905902019 0.9304741519950628
45.241390980141574 0.9305185338735037
45.247532901262964 0.9306066242096589
45.253674822384355 0.9307351105431284
45.25981674350574 0.9309001396916864
45.26595866462713 0.9310973261517516
45.27210058574851 0.9313217678202539
45.2782425068699 0.9315680695513175
45.28438442799129 0.9318303749735843
45.290526349112675 0.9321024068863825
45.296668270234065 0.9323775164255137
45.302810191355455 0.9326487410429595
45.30895211247684 0.9329088711806985
45.31509403359823 0.9331505253391751
45.32123595471962 0.9333662330485064
45.327377875841 0.93354852504876
45.33351979696239 0.9336900297786761
45.339661718083775 0.9337835750648349
45.345803639205165 0.933822293700763
45.351945560326556 0.9337997314135817
45.35808748144794 0.9337099555405655
45.36422940256933 0.9335476625855731
45.37037132369072 0.9333082827018969
45.3765132448121 0.9329880790594889
45.38265516593349 0.9325842400062211
45.38879708705488 0.9320949619295084
45.394939008176266 0.931519520770066
45.401080929297656 0.9308583302364766
45.407222850419046 0.9301129849189318
45.41336477154043 0.9292862867028856
45.41950669266182 0.9283822531367005
45.4256486137832 0.9274061067083075
45.43179053490459 0.9263642443294177
45.43793245602598 0.9252641867052767
45.444074377147366 0.9241145076751885
45.45021629826876 0.9229247440346219
45.45635821939015 0.9217052867831064
45.46250014051153 0.9204672551720152
45.46864206163292 0.9192223553409787
45.47478398275431 0.9179827257192632
45.48092590387569 0.9167607717174933
45.487067824997084 0.9155689925348468
45.49320974611847 0.9144198031476861
45.49935166723986 0.9133253547193221
45.50549358836125 0.9122973567708976
45.51163550948263 0.9113469044758863
45.51777743060402 0.910484314383345
45.52391935172541 0.9097189717380944
45.530061272846794 0.9090591923520337
45.536203193968184 0.9085121016947582
45.542345115089574 0.9080835335205992
45.54848703621096 0.9077779499421691
45.55462895733235 0.9075983844080951
45.56077087845374 0.9075464085568302
45.56691279957512 0.9076221234120403
45.57305472069651 0.9078241748714493
45.579196641817894 0.9081497929335147
45.585338562939285 0.9085948536179657
45.591480484060675 0.9091539620792839
45.59762240518206 0.909820554997807
45.60376432630345 0.9105870199709778
45.60990624742484 0.9114448293253392
45.61604816854622 0.9123846855343376
45.62219008966761 0.9133966752619334
45.628332010789 0.9144704289594827
45.634473931910385 0.9155952829233645
45.640615853031775 0.9167604407713779
45.64675777415316 0.9179551314132544
45.65289969527455 0.9191687607692333
45.65904161639594 0.9203910547236764
45.66518353751732 0.9216121910801134
45.67132545863871 0.9228229186010162
45.6774673797601 0.9240146615605064
45.683609300881486 0.9251796086013735
45.689751222002876 0.9263107850594673
45.695893143124266 0.9274021082892959
45.70203506424565 0.928448425885603
45.70817698536704 0.9294455370386782
45.71431890648843 0.9303901975790024
45.72046082760981 0.9312801095534294
45.7266027487312 0.9321138964255983
45.732744669852586 0.9328910652040124
45.738886590973976 0.9336119569698632
45.74502851209537 0.9342776874021433
45.75117043321675 0.934890078979995
45.75731235433814 0.9354515865827941
45.76345427545953 0.9359652182094147
45.76959619658091 0.9364344525025072
45.7757381177023 0.9368631546952545
45.781880038823694 0.9372554925012311
45.78802195994508 0.9376158533473802
45.79416388106647 0.9379487642106166
45.80030580218786 0.9382588151651003
45.80644772330924 0.9385505875846404
45.81258964443063 0.9388285877776075
45.818731565552014 0.9390971866644404
45.824873486673404 0.9393605659441913
45.831015407794794 0.9396226710399653
45.83715732891618 0.9398871709664196
45.84329925003757 0.940157425128001
45.84944117115896 0.9404364569360792
45.85558309228034 0.9407269340277591
45.86172501340173 0.9410311547796504
45.86786693452312 0.9413510407364107
45.874008855644504 0.9416881345162941
45.880150776765895 0.9420436027135975
45.88629269788728 0.9424182432899656
45.89243461900867 0.9428124969318001
45.89857654013006 0.9432264618482392
45.90471846125144 0.9436599114918431
45.91086038237283 0.9441123147007321
45.91700230349422 0.9445828577849126
45.923144224615605 0.9450704681093723
45.929286145736995 0.9455738387607289
45.935428066858385 0.9460914539214108
45.94156998797977 0.9466216146142418
45.94771190910116 0.9471624645197191
45.95385383022255 0.9477120156072448
45.95999575134393 0.9482681733591724
45.96613767246532 0.9488287614020811
45.972279593586705 0.9493915453925934
45.978421514708096 0.9499542560348749
45.984563435829486 0.9505146111334053
45.99070535695087 0.9510703366075006
45.99684727807226 0.9516191864133526
46.00298919919365 0.9521589613350603
46.00913112031503 0.9526875266184133
46.01527304143642 0.9532028284302541
46.02141496255781 0.9537029091323885
46.027556883679196 0.9541859213625764
46.033698804800586 0.9546501409165005
46.03984072592198 0.9550939784242212
46.04598264704336 0.9555159898129104
46.05212456816475 0.9559148855450896
46.05826648928613 0.956289538618643
46.06440841040752 0.956638991311963
46.07055033152891 0.9569624606551834
46.0766922526503 0.9572593426069125
46.08283417377169 0.9575292149155845
46.08897609489308 0.9577718386457864
46.09511801601446 0.9579871583528984
46.10125993713585 0.9581753008943077
46.107401858257234 0.9583365728723466
46.113543779378624 0.958471456712974
46.119685700500014 0.9585806053949523
46.1258276216214 0.9586648358566708
46.13196954274279 0.9587251211215297
46.13811146386418 0.9587625811975704
46.14425338498556 0.958778472822366
46.15039530610695 0.9587741781395609
46.15653722722834 0.9587511924083443
46.162679148349724 0.9587111108609853
46.168821069471115 0.9586556148358067
46.174962990592505 0.9585864573230998
46.18110491171389 0.9585054480690222
46.18724683283528 0.9584144383871188
46.19338875395667 0.9583153058284498
46.19953067507805 0.9582099388593048
46.20567259619944 0.9581002216900957
46.211814517320825 0.9579880193904142
46.217956438442215 0.9578751634137137
46.224098359563605 0.9577634376410726
46.23024028068499 0.9576545650375842
46.23638220180638 0.9575501949977812
46.24252412292777 0.9574518914388825
46.24866604404915 0.9573611216833313
46.25480796517054 0.957279246155867
46.26094988629193 0.9572075089059686
46.267091807413316 0.9571470289545726
46.273233728534706 0.9570987924550306
46.27937564965609 0.9570636456526942
46.28551757077748 0.9570422886254694
46.29165949189887 0.9570352697891704
46.29780141302025 0.9570429811562735
46.30394333414164 0.9570656543443349
46.31008525526303 0.9571033573402827
46.316227176384416 0.9571559920382923
46.322369097505806 0.9572232925811447
46.3285110186272 0.9573048245469647
46.33465293974858 0.9573999850340846
46.34079486086997 0.9575080037056373
46.34693678199136 0.9576279448615214
46.35307870311274 0.957758710607968
46.35922062423413 0.9578990451935706
46.36536254535552 0.9580475405750335
46.37150446647691 0.9582026432659715
46.3776463875983 0.9583626625079998
46.38378830871968 0.9585257797854438
46.38993022984107 0.9586900596838172
46.39607215096246 0.9588534620684835
46.402214072083844 0.9590138555344644
46.408355993205234 0.9591690320521075
46.414497914326624 0.9593167227072581
46.42063983544801 0.9594546144096285
46.4267817565694 0.9595803674201474
46.43292367769078 0.9596916335280223
46.43906559881217 0.9597860746917428
46.44520751993356 0.959861381945846
46.451349441054944 0.9599152943673553
46.457491362176334 0.9599456178925679
46.463633283297725 0.9599502437763694
46.46977520441911 0.9599271664923456
46.4759171255405 0.9598745008823552
46.48205904666189 0.9597904983785109
46.48820096778327 0.9596735621381534
46.49434288890466 0.9595222609527717
46.50048481002605 0.9593353418142706
46.506626731147435 0.9591117410457788
46.512768652268825 0.9588505939286547
46.51891057339021 0.9585512427817615
46.5250524945116 0.9582132434728259
46.53119441563299 0.9578363703641402
46.53733633675437 0.9574206197155264
46.54347825787576 0.9569662115858785
46.54962017899715 0.9564735902903857
46.555762100118535 0.9559434234834532
46.561904021239926 0.9553765999471812
46.568045942361316 0.9547742261719558
46.5741878634827 0.9541376218192272
46.58032978460409 0.9534683141569767
46.58647170572547 0.9527680315558398
46.59261362684686 0.9520386961285591
46.59875554796825 0.9512824155876536
46.604897469089636 0.950501474386213
46.611039390211026 0.9496983241949182
46.617181311332416 0.9488755737551219
46.6233232324538 0.9480359781335279
46.62946515357519 0.9471824273891056
46.63560707469658 0.9463179346478203
46.64174899581796 0.9454456235660224
46.64789091693935 0.9445687151493634
46.65403283806074 0.9436905138813837
46.66017475918213 0.9428143931048897
46.66631668030352 0.9419437795903693
46.6724586014249 0.9410821372194204
46.67860052254629 0.9402329497078981
46.68474244366768 0.939399702293638
46.69088436478906 0.9385858623175127
46.697026285910454 0.9377948586345829
46.703168207031844 0.9370300598044659
46.70931012815323 0.9362947510269832
46.71545204927462 0.935592109810829
46.72159397039601 0.9349251803894666
46.72773589151739 0.9342968469297273
46.73387781263878 0.9337098056145025
46.740019733760164 0.9331665357212643
46.746161654881554 0.9326692698625592
46.752303576002944 0.9322199636025768
46.75844549712433 0.9318202647147705
46.76458741824572 0.9314714823984526
46.77072933936711 0.9311745568263712
46.77687126048849 0.9309300294493246
46.78301318160988 0.9307380145365881
46.78915510273127 0.9305981724808792
46.795297023852655 0.9305096854421363
46.801438944974045 0.9304712359438503
46.807580866095435 0.9304809890672318
46.81372278721682 0.9305365789102625
46.81986470833821 0.9306350999887978
46.82600662945959 0.9307731042534952
46.83214855058098 0.9309466043777356
46.83829047170237 0.9311510839362646
46.844432392823755 0.9313815150407113
46.850574313945145 0.9316323839253723
46.856716235066536 0.9318977248840566
46.86285815618792 0.9321711628461802
46.86900007730931 0.932445964748001
46.8751419984307 0.9327150997038564
46.88128391955208 0.9329713078140408
46.88742584067347 0.9332071772628274
46.893567761794856 0.9334152291650037
46.899709682916246 0.9335880094158273
46.905851604037636 0.9337181865917692
46.91199352515902 0.9337986547427499
46.91813544628041 0.9338226397161581
46.9242773674018 0.9337838074646448
46.93041928852318 0.9336763726195793
46.93656120964457 0.9334952054663207
46.94270313076596 0.933235935342217
46.948845051887346 0.93289504839924
46.95498697300874 0.9324699776357028
46.96112889413013 0.9319591831100454
46.96727081525151 0.931362220307792
46.9734127363729 0.930679794742802
46.97955465749428 0.9299138010368756
46.98569657861567 0.9290673449371099
46.991838499737064 0.9281447469960292
46.99798042085845 0.9271515269516292
47.00412234197984 0.9260943681976617
47.01026426310123 0.9249810621217023
47.01640618422261 0.9238204325013
47.022548105344 0.9226222405770712
47.02869002646539 0.9213970718551958
47.034831947586774 0.9201562061189701
47.040973868708164 0.9189114725380522
47.04711578982955 0.9176750921430417
47.05325771095094 0.9164595102707307
47.05939963207233 0.9152772218712365
47.06554155319371 0.9141405927929795
47.0716834743151 0.9130616803173718
47.07782539543649 0.9120520562962379
47.083967316557874 0.9111226362476489
47.090109237679265 0.9102835176884616
47.096251158800655 0.9095438308253142
47.10239307992204 0.9089116044932914
47.10853500104343 0.9083936499284374
47.11467692216482 0.9079954645943357
47.1208188432862 0.9077211578635448
47.12696076440759 0.9075733998927691
47.133102685528975 0.907553394538464
47.139244606650365 0.9076608766501318
47.145386527771755 0.907894133565214
47.15152844889314 0.9082500501255814
47.15767037001453 0.9087241760540136
47.16381229113592 0.909310814081754
47.1699542122573 0.9100031268160417
47.17609613337869 0.9107932599887381
47.18223805450008 0.9116724794413513
47.188379975621466 0.9126313189835266
47.194521896742856 0.9136597361150369
47.20066381786424 0.9147472725269848
47.20680573898563 0.9158832162958269
47.21294766010702 0.91705676275151
47.2190895812284 0.9182571711342105
47.22523150234979 0.9194739143470778
47.23137342347118 0.9206968193577972
47.237515344592566 0.9219161960914405
47.243657265713956 0.9231229529818786
47.24979918683535 0.9243086976994287
47.25594110795673 0.9254658219386073
47.26208302907812 0.9265875695221963
47.26822495019951 0.9276680874469373
47.27436687132089 0.9287024598533542
47.28050879244228 0.9296867252395419
47.28665071356367 0.9306178775493009
47.29279263468506 0.9314938520430057
47.29893455580645 0.9323134971004157
47.30507647692783 0.9330765333050405
47.31121839804922 0.9337835013175682
47.31736031917061 0.9344357001605058
47.323502240291994 0.9350351176079728
47.329644161413384 0.9355843544049866
47.335786082534774 0.9360865440320771
47.34192800365616 0.9365452696868785
47.34806992477755 0.9369644800784436
47.35421184589893 0.9373484055267965
47.36035376702032 0.9377014757344373
47.36649568814171 0.9380282404530585
47.372637609263094 0.9383332941125424
47.378779530384485 0.9386212053151755
47.384921451505875 0.9388964519304965
47.39106337262726 0.9391633623594695
47.39720529374865 0.9394260633744979
47.40334721487004 0.9396884347874344
47.40948913599142 0.9399540710539083
47.41563105711281 0.9402262497911555
47.4217729782342 0.9405079070697048
47.427914899355585 0.9408016192378297
47.434056820476975 0.9411095909521705
47.44019874159836 0.9414336490184777
47.44634066271975 0.941775241592725
47.45248258384114 0.9421354422541897
47.45862450496252 0.9425149584375935
47.46476642608391 0.9429141436997914
47.4709083472053 0.9433330132964689
47.477050268326686 0.9437712625543595
47.483192189448076 0.9442282875430972
47.489334110569466 0.9447032075764076
47.49547603169085 0.9451948891034173
47.50161795281224 0.9457019705859387
47.50775987393362 0.946222887995319
47.51390179505501 0.9467559006015701
47.5200437161764 0.9472991167668947
47.526185637297786 0.9478505194944243
47.532327558419176 0.9484079915201368
47.53846947954057 0.9489693397708603
47.54461140066195 0.9495323190434377
47.55075332178334 0.9500946547891264
47.55689524290473 0.9506540649128841
47.56303716402611 0.9512082805191822
47.5691790851475 0.9517550655543667
47.575321006268894 0.9522922353104312
47.58146292739028 0.9528176737665169
47.58760484851167 0.9533293497527666
47.59374676963306 0.9538253319266169
47.59988869075444 0.9543038025545939
47.60603061187583 0.9547630700935611
47.612172532997214 0.9552015805646017
47.618314454118604 0.9556179277107509
47.624456375239994 0.9560108619270843
47.63059829636138 0.9563792979486775
47.63674021748277 0.9567223212791393
47.64288213860416 0.9570391933401837
47.64902405972554 0.9573293553214561
47.65516598084693 0.9575924307098842
47.661307901968314 0.9578282264794872
47.667449823089704 0.9580367329260243
47.673591744211095 0.9582181221362831
47.67973366533248 0.9583727450891857
47.68587558645387 0.9585011273952537
47.69201750757526 0.958603963692136
47.69815942869664 0.9586821107266719
47.70430134981803 0.958736579168024
47.71044327093942 0.9587685242113626
47.716585192060805 0.9587792350469734
47.722727113182195 0.9587701232849738
47.728869034303585 0.9587427104404979
47.73501095542497 0.9586986145977138
47.74115287654636 0.9586395363828009
47.74729479766775 0.9585672443855288
47.75343671878913 0.9584835601759238
47.75957863991052 0.9583903430663073
47.765720561031905 0.9582894747695052
47.771862482153296 0.9581828441011794
47.778004403274686 0.9580723318680102
47.78414632439607 0.9579597960740938
47.79028824551746 0.9578470575657257
47.79643016663885 0.9577358862202071
47.80257208776023 0.9576279877680138
47.80871400888162 0.9575249913203548
47.814855930003006 0.9574284376565111
47.820997851124396 0.9573397683082407
47.827139772245786 0.9572603154626903
47.83328169336717 0.9571912926914133
47.83942361448856 0.9571337865018672
47.84556553560995 0.9570887486996309
47.85170745673133 0.9570569895448897
47.85784937785272 0.9570391716855724
47.86399129897411 0.9570358048518706
47.8701332200955 0.957047241302403
47.87627514121689 0.9570736720205913
47.88241706233828 0.9571151236702173
47.88855898345966 0.9571714563308855
47.89470090458105 0.9572423620463495
47.90084282570244 0.9573273642304492
47.906984746823824 0.9574258179858424
47.913126667945214 0.9575369113989347
47.9192685890666 0.9576596678796441
47.92541051018799 0.957792949616273
47.93155243130938 0.9579354622133512
47.93769435243076 0.9580857605736295
47.94383627355215 0.9582422560744097
47.94997819467354 0.9584032250733184
47.956120115794924 0.958566818759832
47.962262036916314 0.9587310743469852
47.9684039580377 0.9588939275734352
47.97454587915909 0.9590532264603211
47.98068780028048 0.9592067462410618
47.98682972140186 0.9593522053563542
47.99297164252325 0.9594872823821141
47.99911356364464 0.959609633735834
48.005255484766025 0.9597169119876042
48.011397405887415 0.9598067845865234
48.017539327008805 0.9598769528019118
48.02368124813019 0.9599251706719817
48.02982316925158 0.9599492637505797
48.03596509037297 0.9599471474452769
48.04210701149435 0.9599168447472891
48.04824893261574 0.9598565031651131
48.05439085373713 0.9597644106889486
48.060532774858515 0.9596390106313459
48.066674695979906 0.9594789152104848
48.07281661710129 0.9592829177653258
48.07895853822268 0.9590500035159166
48.08510045934407 0.9587793588066389
48.09124238046545 0.9584703787944947
48.09738430158684 0.9581226735679964
48.10352622270823 0.9577360727042764
48.109668143829616 0.957310628292159
48.115810064951006 0.9568466164667125
48.12195198607239 0.9563445375158969
48.12809390719378 0.9558051146320699
48.13423582831517 0.9552292913901896
48.14037774943655 0.9546182280404378
48.14651967055794 0.9539732967057358
48.15266159167933 0.9532960755742904
48.158803512800716 0.9525883421740622
48.16494543392211 0.9518520658101075
48.1710873550435 0.9510893992373751
48.17722927616488 0.9503026696310769
48.18337119728627 0.9494943689045324
48.18951311840766 0.9486671434108302
48.19565503952904 0.9478237830501575
48.201796960650434 0.9469672097896672
48.207938881771824 0.9461004655877331
48.21408080289321 0.945226699699847
48.2202227240146 0.9443491553297161
48.22636464513598 0.9434711555767671
48.23250656625737 0.9425960886207396
48.23864848737876 0.94172739207579
48.244790408500144 0.9408685364409629
48.250932329621534 0.9400230075714426
48.257074250742924 0.9391942880960475
48.26321617186431 0.938385837711333
48.2693580929857 0.9376010722917336
48.27550001410708 0.9368433417686696
48.28164193522847 0.9361159067496457
48.28778385634986 0.9354219138712556
48.293925777471244 0.934764369907665
48.300067698592635 0.9341461146886018
48.306209619714025 0.9335697929179235
48.31235154083541 0.933037825025238
48.3184934619568 0.9325523772284001
48.32463538307819 0.9321153310334636
48.33077730419957 0.9317282524501368
48.33691922532096 0.9313923612541275
48.34306114644235 0.9311085006819441
48.349203067563735 0.9308771079975656
48.355344988685125 0.9306981864225702
48.361486909806516 0.9305712789703043
48.3676288309279 0.9304954447688805
48.37377075204929 0.9304692384954415
48.37991267317067 0.9304906935734024
48.38605459429206 0.93055730980342
48.39219651541345 0.9306660461057381
48.398338436534836 0.9308133190445288
48.404480357656226 0.9309950077821669
48.410622278777616 0.9312064660715225
48.416764199899 0.9314425418360646
48.42290612102039 0.9316976048098942
48.42904804214177 0.9319655826122192
48.43518996326316 0.9322400055132097
48.44133188438455 0.9325140600110696
48.447473805505936 0.9327806511846677
48.453615726627326 0.933032473613879
48.45975764774872 0.9332620904733488
48.4658995688701 0.933462020207809
48.47204148999149 0.933624829992167
48.47818341111288 0.9337432349717866
48.48432533223426 0.9338102020727499
48.490467253355654 0.9338190569739495
48.496609174477044 0.9337635926485276
48.50275109559843 0.93363817771759
48.50889301671982 0.9334378627204479
48.51503493784121 0.9331584822989317
48.52117685896259 0.9327967512242397
48.52731878008398 0.9323503521684281
48.533460701205364 0.9318180131433025
48.539602622326754 0.9311995726003832
48.545744543448144 0.9304960303088385
48.55188646456953 0.929709582304419
48.55802838569092 0.9288436384306037
48.56417030681231 0.9279028212708328
48.57031222793369 0.9268929455936644
48.57645414905508 0.925820977795104
48.582596070176464 0.9246949752167998
48.588737991297855 0.9235240056364745
48.594879912419245 0.9223180476578139
48.60102183354063 0.9210878731601317
48.60716375466202 0.9198449133918791
48.61330567578341 0.9186011106946509
48.61944759690479 0.9173687582140535
48.62558951802618 0.9161603302794864
48.63173143914757 0.9149883064062952
48.637873360268955 0.913864992081956
48.644015281390345 0.9128023396356353
48.650157202511735 0.9118117725522735
48.65629912363312 0.9109040165750326
48.66244104475451 0.9100889408426048
48.6685829658759 0.9093754121319458
48.67472488699728 0.9087711650262342
48.68086680811867 0.9082826905083049
48.68700872924006 0.9079151450995269
48.693150650361446 0.9076722822329595
48.699292571482836 0.9075564070789608
48.70543449260422 0.9075683555436872
48.71157641372561 0.9077074976492431
48.717718334847 0.9079717649920126
48.72386025596838 0.9083577014761957
48.73000217708977 0.9088605360454498
48.736144098211156 0.9094742756985602
48.742286019332546 0.9101918166856628
48.74842794045394 0.9110050714486282
48.75456986157532 0.9119051085998285
48.76071178269671 0.9128823030328392
48.7668537038181 0.9139264931296869
48.77299562493948 0.9150271419731278
48.77913754606087 0.9161734994880831
48.785279467182264 0.9173547625208746
48.79142138830365 0.9185602300136472
48.79756330942504 0.919779450638115
48.80370523054643 0.9210023605100552
48.80984715166781 0.9222194089052922
48.8159890727892 0.9234216702300273
48.82213099391059 0.9246009408536355
48.828272915031974 0.9257498197806866
48.834414836153364 0.9268617725113225
48.840556757274754 0.9279311778060508
48.84669867839614 0.928953357423939
48.85284059951753 0.9299245892344339
48.85898252063891 0.9308421044059471
48.8651244417603 0.9317040696434309
48.87126636288169 0.9325095556781481
48.877408284003074 0.9332584934027549
48.883550205124465 0.9339516191919265
48.889692126245855 0.9345904110526011
48.89583404736724 0.9351770173091783
48.90197596848863 0.9357141795494227
48.90811788961001 0.936205151539059
48.9142598107314 0.9366536157605468
48.92040173185279 0.9370635991483454
48.926543652974175 0.9374393894836658
48.932685574095565 0.9377854537810187
48.938827495216955 0.9381063598517756
48.94496941633834 0.9384067020713385
48.95111133745973 0.9386910322111247
48.95725325858112 0.9389637960288727
48.9633951797025 0.9392292761448477
48.96953710082389 0.939491541571034
48.97567902194528 0.9397544041084233
48.981820943066666 0.9400213816866735
48.987962864188056 0.9402956685927275
48.994104785309446 0.940580112421907
49.00024670643083 0.9408771974875125
49.00638862755222 0.9411890343434672
49.0125305486736 0.9415173550090787
49.01867246979499 0.9418635134351211
49.02481439091638 0.9422284907154304
49.030956312037766 0.9426129045270422
49.037098233159156 0.943017022273327
49.04324015428055 0.9434407774072069
49.04938207540193 0.9438837884238813
49.05552399652332 0.9443453800329706
49.0616659176447 0.9448246060471025
49.06780783876609 0.9453202735561637
49.07394975988748 0.9458309679923144
49.08009168100887 0.9463550787290472
49.08623360213026 0.9468908248968748
49.09237552325165 0.9474362811375369
49.09851744437303 0.9479894030570026
49.10465936549442 0.9485480521742068
49.11080128661581 0.9491100201967395
49.116943207737194 0.9496730524861282
49.123085128858584 0.9502348706035102
49.129227049979974 0.9507931938511776
49.13536897110136 0.9513457597465742
49.14151089222275 0.9518903433828008
49.14765281334414 0.9524247756436626
49.15379473446552 0.9529469602519407
49.15993665558691 0.9534548896371287
49.166078576708294 0.9539466596136845
49.172220497829684 0.954420482863261
49.178362418951075 0.9548747012148111
49.18450434007246 0.9553077967153546
49.19064626119385 0.9557184014819904
49.19678818231524 0.956105306322928
49.20293010343662 0.956467468112313
49.20907202455801 0.9568040159009188
49.215213945679395 0.9571142557427539
49.221355866800785 0.9573976742166762
49.227497787922175 0.9576539406225454
49.23363970904356 0.9578829078335254
49.23978163016495 0.9580846117900983
49.24592355128634 0.9582592696272354
49.25206547240772 0.9584072764340763
49.25820739352911 0.9585292006552749
49.2643493146505 0.9586257781547743
49.270491235771885 0.9586979049758909
49.276633156893276 0.9587466288459101
49.282775078014666 0.9587731394885051
49.28891699913605 0.9587787578227033
49.29505892025744 0.958764924142336
49.30120084137883 0.958733185384343
49.30734276250021 0.9586851816074166
49.3134846836216 0.9586226318137201
49.319626604742986 0.9585473192553052
49.325768525864376 0.9584610763729533
49.331910446985766 0.9583657695181731
49.33805236810715 0.9582632836087569
49.34419428922854 0.9581555068646019
49.35033621034993 0.9580443157634668
49.35647813147131 0.9579315603462337
49.3626200525927 0.9578190499884052
49.368761973714086 0.9577085397395382
49.37490389483548 0.9576017173157002
49.38104581595687 0.9575001908125549
49.38718773707825 0.9574054771891193
49.39332965819964 0.9573189915553648
49.39947157932103 0.9572420372814312
49.40561350044241 0.9571757969329775
49.411755421563804 0.9571213240267058
49.417897342685194 0.9570795355927939
49.42403926380658 0.9570512055271615
49.43018118492797 0.9570369587162205
49.43632310604936 0.9570372659199359
49.44246502717074 0.9570524394053027
49.44860694829213 0.9570826293312328
49.45474886941352 0.9571278208966684
49.460890790534904 0.9571878322756973
49.467032711656294 0.957262313375648
49.47317463277768 0.9573507454656864
49.47931655389907 0.9574524417333931
49.48545847502046 0.9575665488343369
49.49160039614184 0.9576920495040516
49.49774231726323 0.9578277663024745
49.50388423838462 0.9579723665574492
49.510026159506005 0.9581243685661189
49.516168080627395 0.958282149101002
49.52231000174878 0.9584439522514802
49.52845192287017 0.9586078996118069
49.53459384399156 0.9587720018041861
49.54073576511294 0.9589341713007704
49.54687768623433 0.9590922364824538
49.55301960735572 0.959243956846059
49.559161528477105 0.9593870392458851
49.565303449598495 0.9595191550315476
49.571445370719886 0.959637957922466
49.57758729184127 0.9597411024409943
49.58372921296266 0.9598262627116799
49.58987113408405 0.9598911514239412
49.59601305520543 0.9599335387498613
49.60215497632682 0.9599512710079422
49.60829689744821 0.9599422888674803
49.614438818569596 0.9599046448965189
49.620580739690986 0.959836520268725
49.62672266081237 0.9597362404605783
49.63286458193376 0.959602289789336
49.63900650305515 0.9594333246637385
49.64514842417653 0.9592281854426258
49.65129034529792 0.9589859068208524
49.65743226641931 0.9587057266864122
49.663574187540696 0.958387093416839
49.66971610866209 0.9580296716061153
49.67585802978347 0.9576333462349332
49.68199995090486 0.957198225316732
49.68814187202625 0.9567246410690655
49.69428379314763 0.9562131496742339
49.700425714269024 0.9556645297045073
49.706567635390414 0.9550797792955493
49.7127095565118 0.9544601121567424
49.71885147763319 0.9538069525090898
49.72499339875458 0.9531219290402836
49.73113531987596 0.9524068679625902
49.73727724099735 0.9516637852526268
49.74341916211874 0.9508948781431789
49.749561083240124 0.9501025159262695
49.755703004361514 0.9492892301141057
49.761844925482905 0.9484577039906881
49.76798684660429 0.9476107615722209
49.77412876772568 0.9467513559794207
49.78027068884706 0.9458825572098678
49.78641260996845 0.9450075392841304
49.79255453108984 0.9441295667259824
49.798696452211225 0.9432519803251064
49.804838373332615 0.942378182120667
49.810980294454005 0.9415116195365153
49.81712221557539 0.9406557685939633
49.82326413669678 0.9398141161264607
49.82940605781816 0.9389901409224894
49.83554797893955 0.9381872937289043
49.84168990006094 0.937408976057103
49.847831821182325 0.9366585177490349
49.853973742303715 0.9359391532793486
49.860115663425105 0.9352539967940561
49.86625758454649 0.9346060159149583
49.87239950566788 0.9339980043726959
49.87854142678927 0.9334325535694522
49.88468334791065 0.9329120232147721
49.89082526903204 0.9324385112242095
49.89696719015343 0.9320138231200299
49.903109111274816 0.9316394412252103
49.909251032396206 0.9313164939956325
49.915392953517596 0.931045725889579
49.92153487463898 0.9308274682272003
49.92767679576037 0.9306616115441528
49.93381871688175 0.9305475799915544
49.93996063800314 0.930484308377145
49.94610255912453 0.9304702224782629
49.952244480245916 0.9305032232841464
49.95838640136731 0.9305806758412384
49.9645283224887 0.9306994033787682
49.97067024361008 0.930855687381083
49.97681216473147 0.9310452742463733
49.98295408585285 0.9312633891270713
49.98909600697424 0.9315047574841467
49.995237928095634 0.931763634804892
50.00137984921702 0.9320338448311836
50.00752177033841 0.9323088265226751
50.0136636914598 0.932581689837561
50.01980561258118 0.9328452802536809
50.02594753370257 0.9330922517767354
50.03208945482396 0.9333151479928377
50.038231375945344 0.933506490522825
50.044373297066734 0.933658874029686
50.050515218188124 0.9337650667227024
50.05665713930951 0.9338181150976614
50.0627990604309 0.9338114514573944
50.06894098155229 0.9337390025769184
50.07508290267367 0.933595297718767
50.08122482379506 0.9333755740728642
50.087366744916444 0.9330758775974739
50.093508666037835 0.9326931571789124
50.099650587159225 0.93222535001274
50.10579250828061 0.9316714561421026
50.111934429402 0.9310316001727552
50.11807635052339 0.9303070783207349
50.12421827164477 0.9295003891379575
50.13036019276616 0.9286152465018606
50.136502113887545 0.9276565737446606
50.142644035008935 0.9266304781312309
50.148785956130325 0.9255442052657777
50.15492787725171 0.9244060734086247
50.1610697983731 0.9232253881063642
50.16721171949449 0.922012337971107
50.17335364061587 0.9207778728764229
50.17949556173726 0.9195335662571342
50.18563748285865 0.9182914635955712
50.191779403980036 0.9170639195366221
50.197921325101426 0.9158634263869453
50.204063246222816 0.9147024370100929
50.2102051673442 0.9135931853204816
50.21634708846559 0.9125475076982855
50.22248900958698 0.9115766686895611
50.22863093070836 0.9106911943186026
50.23477285182975 0.909900716222297
50.240914772951136 0.9092138296211685
50.247056694072526 0.9086379678731952
50.25319861519392 0.9081792960209117
50.2593405363153 0.9078426253483305
