time TPR_both_C_closed_1_rho23_imag
0.0 0.0
0.00614192112138767 -1.1564013841189029e-06
0.01228384224277534 -9.20187460881137e-06
0.01842576336416301 -3.0780781512726156e-05
0.02456768448555068 -7.205717963455496e-05
0.030709605606938348 -0.0001384970659122085
0.03685152672832602 -0.00023467641388182268
0.042993447849713685 -0.0003641218585727355
0.04913536897110136 -0.0005291895028602641
0.05527729009248903 -0.0007309857281229599
0.061419211213876695 -0.0009693321685651373
0.06756113233526437 -0.0012427752352241709
0.07370305345665204 -0.0015486388353809454
0.07984497457803971 -0.0018831173044125855
0.08598689569942737 -0.0022414041202535617
0.09212881682081504 -0.0026178507639190093
0.09827073794220272 -0.0030061491669238507
0.10441265906359039 -0.003399530575776837
0.11055458018497806 -0.0037909733762331653
0.11669650130636572 -0.004173412450534207
0.12283842242775339 -0.004539942969292482
0.12898034354914106 -0.004884012112846932
0.13512226467052874 -0.005199593031310954
0.1412641857919164 -0.0054813363373168375
0.14740610691330408 -0.005724695525627063
0.15354802803469175 -0.005926023873341586
0.15968994915607942 -0.006082641539324783
0.16583187027746707 -0.006192872702147621
0.17197379139885474 -0.0062560536092969915
0.17811571252024241 -0.006272513321724789
0.1842576336416301 -0.006243529701060535
0.19039955476301776 -0.006171263785380551
0.19654147588440543 -0.006058676125822045
0.2026833970057931 -0.005909428911520636
0.20882531812718078 -0.005727777802736492
0.21496723924856845 -0.0055184573361623974
0.22110916036995612 -0.0052865635815167195
0.2272510814913438 -0.005037437437050541
0.23339300261273144 -0.0047765515777034055
0.2395349237341191 -0.004509403637862375
0.24567684485550678 -0.00424141774473969
0.25181876597689445 -0.003977856040223732
0.2579606870982821 -0.003723741358083216
0.2641026082196698 -0.003483791775980713
0.27024452934105747 -0.003262367350916143
0.27638645046244514 -0.0030634289821023885
0.2825283715838328 -0.0028905090331864287
0.2886702927052205 -0.002746693089401226
0.29481221382660816 -0.002634612025153983
0.30095413494799583 -0.002556443411878574
0.3070960560693835 -0.0025139212009684217
0.3132379771907712 -0.0025083525670895612
0.31937989831215885 -0.0025406407869848773
0.3255218194335465 -0.0026113130512610302
0.33166374055493414 -0.0027205521546106093
0.3378056616763218 -0.002868231076551187
0.3439475827977095 -0.003053949543475703
0.35008950391909716 -0.0032770717475453406
0.35623142504048483 -0.0035367644833273044
0.3623733461618725 -0.0038320350444676307
0.3685152672832602 -0.004161768296309958
0.37465718840464785 -0.004524762403309312
0.3807991095260355 -0.004919762740308662
0.3869410306474232 -0.0053454935530821545
0.39308295176881086 -0.005800686955698284
0.39922487289019853 -0.006284108860752471
0.4053667940115862 -0.00679458143470813
0.4115087151329739 -0.007331001656600023
0.41765063625436155 -0.007892355537078405
0.4237925573757492 -0.008477727529805192
0.4299344784971369 -0.009086304642814616
0.43607639961852457 -0.009717374738474822
0.44221832073991224 -0.01037031850248898
0.4483602418612999 -0.011044594570688602
0.4545021629826876 -0.011739717333149784
0.4606440841040752 -0.012455226994372124
0.4667860052254629 -0.01319065156163243
0.47292792634685055 -0.013945460566360656
0.4790698474682382 -0.014719010499806442
0.4852117685896259 -0.015510482167430775
0.49135368971101356 -0.016318810437751796
0.49749561083240124 -0.01714260718007194
0.5036375319537889 -0.017980078548363383
0.5097794530751766 -0.018828938169420724
0.5159213741965643 -0.019686318222797476
0.5220632953179519 -0.020548680845160625
0.5282052164393396 -0.021411732736120907
0.5343471375607273 -0.02227034626647856
0.5404890586821149 -0.023118490770184404
0.5466309798035026 -0.023949178012593175
0.5527729009248903 -0.024754426042450806
0.558914822046278 -0.025525245725498073
0.5650567431676656 -0.026251654196239288
0.5711986642890533 -0.026922719226202003
0.577340585410441 -0.027526638070780197
0.5834825065318286 -0.028050853707241714
0.5896244276532163 -0.02848221050615077
0.595766348774604 -0.02880715028926411
0.6019082698959917 -0.029011948431888944
0.6080501910173793 -0.029082988191910727
0.614192112138767 -0.029007069829206502
0.6203340332601547 -0.028771749368777303
0.6264759543815424 -0.028365700121557418
0.63261787550293 -0.027779088381881704
0.6387597966243177 -0.02700395315147053
0.6449017177457054 -0.026034578382782517
0.651043638867093 -0.024867845176744056
0.6571855599884806 -0.023503550694442276
0.6633274811098683 -0.021944680323833846
0.669469402231256 -0.020197619941465992
0.6756113233526436 -0.018272295967443317
0.6817532444740313 -0.016182232348082883
0.687895165595419 -0.013944515606936228
0.6940370867168066 -0.011579661644266685
0.7001790078381943 -0.009111380971076187
0.706320928959582 -0.006566242440933757
0.7124628500809697 -0.003973239169501612
0.7186047712023573 -0.0013632640643066736
0.724746692323745 0.0012314939332583295
0.7308886134451327 0.0037782183330170704
0.7370305345665203 0.0062441806768523955
0.743172455687908 0.008597483059537364
0.7493143768092957 0.010807805595373808
0.7554562979306834 0.012847135797192391
0.761598219052071 0.014690456673134115
0.7677401401734587 0.01631637110279529
0.7738820612948464 0.017707641723498237
0.780023982416234 0.018851628090706955
0.7861659035376217 0.01974060618167899
0.7923078246590094 0.020371959256642924
0.7984497457803971 0.02074823351226711
0.8045916669017847 0.02087705666821955
0.8107335880231724 0.02077092241444707
0.8168755091445601 0.020446848305370656
0.8230174302659478 0.019925919015191994
0.8291593513873354 0.019232730680971432
0.8353012725087231 0.018394755198993272
0.8414431936301108 0.017441645681872328
0.8475851147514984 0.016404505746105108
0.8537270358728861 0.015315145843438308
0.8598689569942738 0.014205349480274965
0.8660108781156615 0.013106170936003284
0.8721527992370491 0.012047284081015065
0.8782947203584368 0.011056399228321316
0.8844366414798245 0.010158761774088513
0.8905785626012122 0.009376742853425164
0.8967204837225998 0.00872952852685535
0.9028624048439875 0.008232910286856928
0.9090043259653752 0.007899176089273005
0.9151462470867628 0.007737097810711334
0.9212881682081504 0.007752008126615749
0.9274300893295381 0.007945957384872183
0.9335720104509257 0.008317939176652363
0.9397139315723134 0.008864172009979427
0.9458558526937011 0.00957842377387919
0.9519977738150888 0.010452365517585164
0.9581396949364764 0.011475941413393576
0.9642816160578641 0.012637742558917885
0.9704235371792518 0.0139253734273507
0.9765654583006395 0.01532580120787872
0.9827073794220271 0.01682567990481615
0.9888493005434148 0.018411642797256555
0.9949912216648025 0.02007055862062809
1.0011331427861903 0.0217897485457051
1.0072750639075778 0.023557162638573378
1.0134169850289656 0.025361515938315902
1.0195589061503532 0.027192385552272748
1.025700827271741 0.02904027121892338
1.0318427483931285 0.030896622615046464
1.0379846695145163 0.03275383728691528
1.0441265906359039 0.0346052334741107
1.0502685117572914 0.03644500228566676
1.0564104328786792 0.03826814370372136
1.0625523540000668 0.040070390755251796
1.0686942751214545 0.04184812593528753
1.074836196242842 0.04359829361299126
1.0809781173642299 0.045318311731973406
1.0871200384856174 0.047005985652923445
1.0932619596070052 0.04865942650211723
1.0994038807283928 0.05027697590233741
1.1055458018497806 0.05185713848849261
1.1116877229711681 0.05339852316047729
1.117829644092556 0.05489979360897149
1.1239715652139435 0.0563596282712575
1.1301134863353313 0.05777668953641036
1.1362554074567188 0.05914960172289078
1.1423973285781066 0.06047693709547293
1.1485392496994942 0.0617572089702641
1.154681170820882 0.06298887077339477
1.1608230919422695 0.06417031976769454
1.1669650130636573 0.06529990403954387
1.1731069341850449 0.06637593124298082
1.1792488553064326 0.06739667752891407
1.1853907764278202 0.06836039504402004
1.191532697549208 0.06926531636803106
1.1976746186705955 0.0701096542725325
1.2038165397919833 0.07089159523337409
1.209958460913371 0.07160928521793601
1.2161003820347587 0.07226080640441397
1.2222423031561462 0.07284414368034128
1.228384224277534 0.07335714001937463
1.2345261453989216 0.07379744015624845
1.2406680665203094 0.07416242237611581
1.246809987641697 0.07444911871086536
1.2529519087630847 0.07465412439349858
1.2590938298844723 0.07477349806085752
1.26523575100586 0.07480265490913605
1.2713776721272476 0.07473625578465416
1.2775195932486354 0.07456809601727618
1.283661514370023 0.07429099865189656
1.2898034354914107 0.0738967175738728
1.2959453566127983 0.0733758568193187
1.302087277734186 0.07271781306620413
1.3082291988555736 0.07191074886671826
1.3143711199769612 0.07094160455025367
1.320513041098349 0.06979615684193916
1.3266549622197366 0.06845913204610064
1.3327968833411243 0.06691438108262682
1.338938804462512 0.0651451226889311
1.3450807255838997 0.06313425967375043
1.3512226467052872 0.06086477120914079
1.357364567826675 0.05832018177074328
1.3635064889480626 0.0554851045040177
1.3696484100694504 0.052345853552686394
1.375790331190838 0.048891116311301094
1.3819322523122257 0.045112672763241955
1.3880741734336133 0.041006145175203984
1.394216094555001 0.03657175760371267
1.4003580156763886 0.03181508111627563
1.4064999367977764 0.02674773754422331
1.412641857919164 0.021388032179298914
1.4187837790405518 0.015761484312681023
1.4249257001619393 0.009901224090270421
1.431067621283327 0.003848224991478351
1.4372095424047147 -0.002348656540310927
1.4433514635261024 -0.008632859102940793
1.44949338464749 -0.014940531604133498
1.4556353057688778 -0.021201198848717066
1.4617772268902653 -0.027338682654732594
1.4679191480116531 -0.03327227481324966
1.4740610691330407 -0.03891814855937975
1.4802029902544285 -0.04419098519067831
1.486344911375816 -0.04900578247750717
1.4924868324972038 -0.053279802019396395
1.4986287536185914 -0.05693460418903814
1.5047706747399792 -0.05989811223897255
1.5109125958613667 -0.06210664195696098
1.5170545169827545 -0.06350683031356466
1.523196438104142 -0.06405739613110036
1.5293383592255299 -0.06373066808961879
1.5354802803469174 -0.06251382042038374
1.5416222014683052 -0.06040976433324529
1.5477641225896928 -0.0574376533569661
1.5539060437110805 -0.05363297298554319
1.560047964832468 -0.04904719884623572
1.5661898859538559 -0.04374702246809252
1.5723318070752434 -0.03781315899718789
1.578473728196631 -0.03133876620541614
1.5846156493180188 -0.024427518202924423
1.5907575704394064 -0.017191389756156618
1.5968994915607941 -0.009748217471286126
1.6030414126821817 -0.00221911186559433
1.6091833338035695 0.0052742008172627424
1.615325254924957 0.012612026478675003
1.6214671760463448 0.01967926159793387
1.6276090971677324 0.026367787588284175
1.6337510182891202 0.032578633709256774
1.6398929394105077 0.03822385083882645
1.6460348605318955 0.043228049990447055
1.652176781653283 0.04752957239056098
1.6583187027746709 0.0510812716078103
1.6644606238960584 0.053850902033186106
1.6706025450174462 0.05582112136124323
1.6767444661388338 0.05698912707918113
1.6828863872602216 0.057365957872804296
1.6890283083816091 0.0569754999415622
1.695170229502997 0.05585324522229637
1.7013121506243845 0.05404485330953896
1.7074540717457722 0.051604571397736373
1.7135959928671598 0.0485935669308868
1.7197379139885476 0.04507822599334512
1.7258798351099351 0.04112846705356544
1.732021756231323 0.036816114778979045
1.7381636773527105 0.03221337261066226
1.7443055984740983 0.02739142597334614
1.7504475195954858 0.02241920075004824
1.7565894407168736 0.01736229430275167
1.7627313618382612 0.012282089170145038
1.768873282959649 0.007235052876376071
1.7750152040810365 0.0022722212469355172
1.7811571252024243 -0.0025611425985401755
1.7872990463238119 -0.0072257257231265765
1.7934409674451997 -0.011688194825031901
1.7995828885665872 -0.015921095573221074
1.805724809687975 -0.01990264121761018
1.8118667308093626 -0.02361641050301343
1.8180086519307503 -0.027050974804518138
1.824150573052138 -0.030199473654130816
1.8302924941735257 -0.03305915656617467
1.8364344152949132 -0.035630907415759965
1.8425763364163008 -0.037918765700542686
1.8487182575376886 -0.03992945693220864
1.8548601786590762 -0.04167194225989458
1.861002099780464 -0.04315699530795512
1.8671440209018515 -0.04439681218440642
1.8732859420232393 -0.04540465873748829
1.8794278631446268 -0.046194557444263075
1.8855697842660146 -0.04678101483103061
1.8917117053874022 -0.04717878906207694
1.89785362650879 -0.04740269629170539
1.9039955476301775 -0.04746745354681572
1.9101374687515653 -0.047387555279064894
1.9162793898729529 -0.047177180277778695
1.9224213109943407 -0.04685012534529489
1.9285632321157282 -0.04641976198201792
1.934705153237116 -0.045899012285845815
1.9408470743585036 -0.04530034031759171
1.9469889954798913 -0.044635755300245036
1.953130916601279 -0.043916823187604974
1.9592728377226667 -0.043154683342026226
1.9654147588440543 -0.04236006728989457
1.971556679965442 -0.04154331676822331
1.9776986010868296 -0.04071439853068608
1.9838405222082174 -0.03988291364349053
1.989982443329605 -0.03905809927028516
1.9961243644509927 -0.038248821222394994
2.0022662855723805 -0.03746355583943274
2.008408206693768 -0.036710360070233025
2.0145501278151556 -0.03599682895032039
2.020692048936543 -0.03533004002506501
2.026833970057931 -0.03471648465217951
2.0329758911793188 -0.034161986537096026
2.0391178123007063 -0.033671608312203755
2.045259733422094 -0.03324954746587183
2.051401654543482 -0.032899023456749825
2.0575435756648695 -0.03262215840686667
2.063685496786257 -0.032419854343617244
2.0698274179076446 -0.03229167054189931
2.0759693390290326 -0.032235705085299465
2.08211126015042 -0.032248485297070514
2.0882531812718077 -0.032324872161571
2.0943951023931953 -0.032457984235448836
2.100537023514583 -0.03263914680329045
2.106678944635971 -0.032857872131613085
2.1128208657573584 -0.0331018765850417
2.118962786878746 -0.033357140058366395
2.1251047080001335 -0.03360801262102365
2.1312466291215215 -0.03383737244570414
2.137388550242909 -0.03402683798811022
2.1435304713642966 -0.03415703599898189
2.149672392485684 -0.03420792529385693
2.155814313607072 -0.03415917430667802
2.1619562347284598 -0.03399058835215995
2.1680981558498473 -0.03368258027695246
2.174240076971235 -0.033216675865255396
2.180381998092623 -0.03257604306954467
2.1865239192140105 -0.03174603196269342
2.192665840335398 -0.030714710364173052
2.1988077614567856 -0.029473378494761917
2.2049496825781736 -0.02801704487482513
2.211091603699561 -0.02634484510712582
2.2172335248209487 -0.024460385268846436
2.2233754459423363 -0.02237199245107371
2.2295173670637243 -0.020092856572521117
2.235659288185112 -0.017641049970225288
2.2418012093064994 -0.015039414408815429
2.247943130427887 -0.012315308987349291
2.254085051549275 -0.00950021685366161
2.2602269726706625 -0.006629213516634196
2.26636889379205 -0.0037403046976117816
2.2725108149134376 -0.0008736468755170122
2.2786527360348257 0.001929331271769502
2.284794657156213 0.004626883681674199
2.2909365782776008 0.00717795112018038
2.2970784993989883 0.009543184784685372
2.3032204205203763 0.0116859571807118
2.309362341641764 0.013573327246680006
2.3155042627631515 0.015176927086319097
2.321646183884539 0.01647373938915084
2.327788105005927 0.017446737651894972
2.3339300261273146 0.01808536556814869
2.340071947248702 0.018385837277557673
2.3462138683700897 0.018351246348960695
2.3523557894914777 0.017991478157070678
2.3584977106128653 0.017322927406570002
2.364639631734253 0.0163680296484668
2.3707815528556404 0.015154622405002724
2.376923473977028 0.01371515766842289
2.383065395098416 0.012085792792106661
2.3892073162198035 0.010305390920612249
2.395349237341191 0.00841446493493413
2.4014911584625787 0.006454100312399313
2.4076330795839667 0.004464892278612823
2.4137750007053542 0.00248593119378554
2.419916921826742 0.0005538673671247732
2.4260588429481293 -0.001297917409380633
2.4322007640695174 -0.003040009162426924
2.438342685190905 -0.00464751497086863
2.4444846063122925 -0.006100459195607794
2.45062652743368 -0.007384017884918528
2.456768448555068 -0.008488592523974834
2.4629103696764556 -0.00940972991087792
2.469052290797843 -0.010147899959617871
2.4751942119192307 -0.010708147475451811
2.4813361330406187 -0.011099637290241117
2.4874780541620063 -0.011335114505580592
2.493619975283394 -0.011430302942611801
2.4997618964047814 -0.011403265260526265
2.5059038175261694 -0.011273747645900667
2.512045738647557 -0.011062530593855835
2.5181876597689445 -0.010790805229642106
2.524329580890332 -0.010479592004965895
2.53047150201172 -0.010149215606565716
2.5366134231331077 -0.009818846695832384
2.5427553442544952 -0.009506117811508357
2.548897265375883 -0.009226817553085128
2.555039186497271 -0.008994664142084618
2.5611811076186584 -0.008821156731188488
2.567323028740046 -0.00871550047190822
2.5734649498614335 -0.008684599409887292
2.5796068709828215 -0.008733109778491907
2.585748792104209 -0.008863545209306536
2.5918907132255966 -0.00907642475626467
2.598032634346984 -0.009370454406116712
2.604174555468372 -0.009742732877136347
2.6103164765897597 -0.010188972937238453
2.6164583977111473 -0.010703730144002773
2.622600318832535 -0.011280631762928803
2.6287422399539224 -0.011912599598434761
2.6348841610753104 -0.012592061520269041
2.641026082196698 -0.013311147537318378
2.6471680033180855 -0.014061867319296331
2.653309924439473 -0.014836267060046494
2.659451845560861 -0.01562656448755166
2.6655937666822487 -0.016425261636167744
2.6717356878036362 -0.017225235694185242
2.677877608925024 -0.018019808819022275
2.684019530046412 -0.01880279827311596
2.6901614511677994 -0.01956854858033383
2.696303372289187 -0.02031194764339318
2.7024452934105745 -0.021028428907771388
2.7085872145319625 -0.021713961718938805
2.71472913565335 -0.022365032010258138
2.7208710567747376 -0.02297861539150044
2.727012977896125 -0.023552144595104484
2.733154899017513 -0.024083473090664477
2.7392968201389007 -0.024570836508097854
2.7454387412602883 -0.0250128133255827
2.751580662381676 -0.025408286087257086
2.757722583503064 -0.025756404223963594
2.7638645046244514 -0.02605654936270351
2.770006425745839 -0.026308303830332697
2.7761483468672266 -0.02651142288662033
2.7822902679886146 -0.026665811062352412
2.788432189110002 -0.02677150283014473
2.7945741102313897 -0.026828647698886394
2.8007160313527772 -0.02683749969670463
2.8068579524741653 -0.02679841109124154
2.812999873595553 -0.026711830089030632
2.8191417947169404 -0.026578302157125644
2.825283715838328 -0.02639847451937891
2.831425636959716 -0.02617310329675431
2.8375675580811035 -0.025903062686092417
2.843709479202491 -0.025589355505615037
2.8498514003238786 -0.02523312437947227
2.8559933214452666 -0.02483566278960604
2.862135242566654 -0.024398425193392654
2.8682771636880418 -0.023923035392555286
2.8744190848094293 -0.023411292345562298
2.8805610059308173 -0.02286517264506532
2.886702927052205 -0.022286828936663422
2.8928448481735924 -0.021678583637806125
2.89898676929498 -0.021042917427742676
2.9051286904163676 -0.020382452121953047
2.9112706115377556 -0.019699927717162932
2.917412532659143 -0.018998173594136462
2.9235544537805307 -0.01828007409161969
2.9296963749019183 -0.01754852891096781
2.9358382960233063 -0.01680640907016842
2.941980217144694 -0.016056509389399617
2.9481221382660814 -0.015301498747475852
2.954264059387469 -0.014543869587674271
2.960405980508857 -0.013785888359618867
2.9665479016302445 -0.013029548747781148
2.972689822751632 -0.012276529643547635
2.9788317438730196 -0.011528159854450557
2.9849736649944076 -0.010785391500520575
2.991115586115795 -0.010048783915838778
2.9972575072371828 -0.009318499648632982
3.0033994283585703 -0.008594313835170363
3.0095413494799583 -0.007875637815378284
3.015683270601346 -0.007161557370746427
3.0218251917227335 -0.006450885411919181
3.027967112844121 -0.005742228343727876
3.034109033965509 -0.005034064712918487
3.0402509550868966 -0.0043248341257951664
3.046392876208284 -0.0036130338391584045
3.0525347973296717 -0.0028973199090453535
3.0586767184510597 -0.0021766093580473174
3.0648186395724473 -0.0014501795212217385
3.070960560693835 -0.0007177605765476638
3.0771024818152224 2.0382723556877922e-05
3.0832444029366104 0.000763383917219974
3.089386324057998 0.0015097257285300346
3.0955282451793855 0.0022572118926264964
3.101670166300773 0.0030029621198932707
3.107812087422161 0.003743431588496517
3.1139540085435486 0.004474455436677284
3.120095929664936 0.005191317749957524
3.1262378507863238 0.0058888435475506415
3.1323797719077118 0.0065615113129195626
3.1385216930290993 0.007203582731552494
3.144663614150487 0.00780924553786504
3.1508055352718745 0.008372764770724895
3.156947456393262 0.008888637324083305
3.16308937751465 0.009351744477037027
3.1692312986360376 0.009757497107331656
3.175373219757425 0.010101968533728224
3.1815151408788127 0.010382010384552479
3.1876570620002007 0.010595347530446135
3.1937989831215883 0.010740648917974004
3.199940904242976 0.010817572059067597
3.2060828253643634 0.010826779925874525
3.2122247464857514 0.010769930025275981
3.218366667607139 0.010649636435782468
3.2245085887285265 0.010469406537659537
3.230650509849914 0.010233555015442998
3.236792430971302 0.009947098427383786
3.2429343520926897 0.009615634193595936
3.249076273214077 0.009245208237341599
3.2552181943354648 0.008842175714712883
3.261360115456853 0.008413059288695256
3.2675020365782403 0.007964409254285303
3.273643957699628 0.007502669519298492
3.2797858788210155 0.007034053013889853
3.2859277999424035 0.006564429567989223
3.292069721063791 0.006099228689683191
3.2982116421851786 0.005643359029703801
3.304353563306566 0.0052011456574390874
3.310495484427954 0.00477628562987387
3.3166374055493417 0.004371821730846426
3.3227793266707293 0.003990133713998623
3.328921247792117 0.003632945914085374
3.335063168913505 0.0033013497082015615
3.3412050900348924 0.0029958390163757824
3.34734701115628 0.0027163568306641066
3.3534889322776675 0.0024623506500558107
3.3596308533990555 0.0022328346684462874
3.365772774520443 0.002026456605223146
3.3719146956418307 0.00184156717133323
3.3780566167632182 0.0016762903156073477
3.3841985378846062 0.0015285925837712256
3.390340459005994 0.0013963501333590853
3.3964823801273814 0.0012774121698435397
3.402624301248769 0.0011696597920758508
3.4087662223701565 0.0010710594494764806
3.4149081434915445 0.0009797104119066292
3.421050064612932 0.0008938858301532139
3.4271919857343196 0.000812067116621782
3.433333906855707 0.0007329715000105649
3.439475827977095 0.000655572703870244
3.4456177490984827 0.0005791147678817158
3.4517596702198703 0.0005031190744746055
3.457901591341258 0.00042738466515015376
3.464043512462646 0.0003519819344826268
3.4701854335840334 0.00027723977981647537
3.476327354705421 0.0002037262661960167
3.4824692758268085 0.00013222284443055858
3.4886111969481965 6.369214097779966e-05
3.494753118069584 -7.606728397515696e-07
3.5008950391909717 -5.9932922285653334e-05
3.5070369603123592 -0.00011257584974302033
3.5131788814337472 -0.0001574523368806512
3.519320802555135 -0.0001934007760799055
3.5254627236765224 -0.00021940483054487425
3.53160464479791 -0.00023466867753454523
3.537746565919298 -0.00023869714483223156
3.5438884870406855 -0.0002313799255219282
3.550030408162073 -0.0002130787904308869
3.5561723292834606 -0.00018471641302034587
3.5623142504048486 -0.00014786508190186632
3.568456171526236 -0.00010483320772636732
3.5745980926476237 -5.8747142785489356e-05
3.5807400137690113 -1.3625435039600917e-05
3.5868819348903993 2.5557751708634273e-05
3.593023856011787 5.2823685109244136e-05
3.5991657771331744 6.115853215373933e-05
3.605307698254562 4.2505450396045235e-05
3.61144961937595 -1.2216341598439354e-05
3.6175915404973376 -0.00011306113036072739
3.623733461618725 -0.00027097065175699564
3.6298753827401127 -0.0004976484637828881
3.6360173038615007 -0.0008053913173880687
3.6421592249828882 -0.0012068748476283698
3.648301146104276 -0.0017148919120521023
3.6544430672256634 -0.0023420431699363357
3.6605849883470514 -0.0031003810251763707
3.666726909468439 -0.004001009835562498
3.6728688305898265 -0.005053647295992662
3.679010751711214 -0.006266154091231573
3.6851526728326016 -0.007644041226585286
3.6912945939539896 -0.00918996680643384
3.697436515075377 -0.010903236348208192
3.7035784361967647 -0.012779322885031965
3.7097203573181523 -0.014809425003162676
3.7158622784395403 -0.016980082451179383
3.722004199560928 -0.019272869913737275
3.7281461206823154 -0.0216641898337475
3.734288041803703 -0.024125184673480994
3.740429962925091 -0.026621787626238267
3.7465718840464786 -0.029114928451695898
3.752713805167866 -0.03156090777092951
3.7588557262892537 -0.03391194882544399
3.7649976474106417 -0.03611693043166433
3.7711395685320293 -0.038122298755418456
3.777281489653417 -0.03987314875300081
3.7834234107748044 -0.04131445889435266
3.7895653318961924 -0.04239245536824007
3.79570725301758 -0.04305607468024151
3.8018491741389675 -0.0432584867343335
3.807991095260355 -0.04295863449682855
3.814133016381743 -0.0421227415353065
3.8202749375031306 -0.040725735442326834
3.826416858624518 -0.03875253369036306
3.8325587797459058 -0.036199139055358175
3.8387007008672938 -0.03307349454615186
3.8448426219886813 -0.029396052844233047
3.850984543110069 -0.025200022543492073
3.8571264642314564 -0.020531262819387743
3.8632683853528444 -0.015447809273438607
3.869410306474232 -0.010019026206759157
3.8755522275956196 -0.004324393995863576
3.881694148717007 0.0015480459787251964
3.887836069838395 0.007503552867916557
3.8939779909597827 0.013442805703708557
3.9001199120811703 0.01926422071965874
3.906261833202558 0.0248663976380986
3.912403754323946 0.03015061927244909
3.9185456754453334 0.03502332503044989
3.924687596566721 0.039398478266907476
3.9308295176881085 0.04319975001505663
3.936971438809496 0.046362447360137775
3.943113359930884 0.04883512338843125
3.9492552810522716 0.05058081688553404
3.955397202173659 0.05157788327793252
3.9615391232950468 0.051820393119588255
3.9676810444164348 0.05131809005848819
3.9738229655378223 0.050095915981072804
3.97996488665921 0.04819312623238598
3.9861068077805974 0.04566203179338937
3.9922487289019855 0.04256641748374863
3.998390650023373 0.03897969516950823
4.004532571144761 0.03498285823471755
4.010674492266149 0.030662308006084646
4.016816413387536 0.02610762432543899
4.022958334508924 0.021409351112623373
4.029100255630311 0.016656863748842676
4.035242176751699 0.011936378748960365
4.041384097873086 0.007329157883992665
4.047526018994474 0.0029099491310489918
4.053667940115862 -0.0012543039261247004
4.05980986123725 -0.005105463830753619
4.0659517823586375 -0.008594902867988346
4.072093703480025 -0.01168390996668781
4.078235624601413 -0.014343812049022525
4.0843775457228 -0.016555829517669096
4.090519466844188 -0.018310692632361687
4.096661387965575 -0.019608050970556602
4.102803309086964 -0.020455711925417376
4.108945230208351 -0.020868746283796095
4.115087151329739 -0.020868499434740607
4.1212290724511265 -0.02048154583248841
4.127370993572514 -0.019738622170136447
4.133512914693902 -0.018673571535983504
4.139654835815289 -0.01732232686583344
4.145796756936677 -0.015721957516922708
4.151938678058065 -0.0139097980099548
4.158080599179453 -0.01192267313418077
4.16422252030084 -0.009796228879922746
4.170364441422228 -0.007564374215636951
4.176506362543615 -0.005258834690638864
4.182648283665003 -0.002908815313083148
4.1887902047863905 -0.0005407671847732909
4.194932125907778 0.0018217500025621022
4.201074047029166 0.004158119291064961
4.207215968150554 0.006450642501343187
4.213357889271942 0.008684452593204817
4.219499810393329 0.010847374164018183
4.225641731514717 0.012929743728924624
4.231783652636104 0.014924200916113538
4.237925573757492 0.01682546093597287
4.2440674948788795 0.018630077713101597
4.250209416000267 0.020336205967895076
4.2563513371216555 0.021943369355887865
4.262493258243043 0.023452240566497456
4.268635179364431 0.024864438087946056
4.274777100485818 0.02618234319300945
4.280919021607206 0.027408939613656216
4.287060942728593 0.028547677366807342
4.293202863849981 0.029602361276938244
4.299344784971368 0.03057706391707795
4.305486706092757 0.03147606195659663
4.311628627214144 0.03230379425753932
4.317770548335532 0.03306483949475995
4.3239124694569195 0.03376391058154698
4.330054390578307 0.0344058627548876
4.336196311699695 0.03499571180726422
4.342338232821082 0.03553865864117673
4.34848015394247 0.03604011606732509
4.354622075063858 0.036505733569548296
4.360763996185246 0.03694141562454822
4.366905917306633 0.03735332910092622
4.373047838428021 0.03774789528223754
4.3791897595494085 0.0381317621776614
4.385331680670796 0.03851175301886497
4.391473601792184 0.038894787211516985
4.397615522913571 0.03928777053382068
4.40375744403496 0.0396974520704585
4.409899365156347 0.040130246253875325
4.416041286277735 0.04059201946678434
4.422183207399122 0.0410878419446371
4.42832512852051 0.04162170720056394
4.434467049641897 0.04219622286353044
4.440608970763285 0.042812278646448855
4.4467508918846725 0.0434686991042051
4.452892813006061 0.044161890846605246
4.4590347341274486 0.04488549586738857
4.465176655248836 0.045630064552028
4.471318576370224 0.04638276363475305
4.477460497491611 0.04712713577859725
4.483602418612999 0.047842928433210516
4.489744339734386 0.04850601006282926
4.495886260855774 0.04908839161351087
4.5020281819771615 0.049558370097078974
4.50817010309855 0.049880809319778445
4.5143120242199375 0.05001757001327132
4.520453945341325 0.049928097905735234
4.526595866462713 0.04957017361517296
4.5327377875841 0.04890082271826946
4.538879708705488 0.04787737806272119
4.545021629826875 0.04645867952172768
4.551163550948263 0.04460638916496419
4.557305472069651 0.042286392521529506
4.563447393191039 0.0394702495621389
4.569589314312426 0.036136652588178116
4.575731235433814 0.03227284275989285
4.5818731565552016 0.02787593290010073
4.588015077676589 0.02295408182703339
4.594156998797977 0.017527465110049822
4.600298919919364 0.011628989048383855
4.606440841040753 0.005304699001407214
4.61258276216214 -0.0013861600016020455
4.618724683283528 -0.008371463244721978
4.624866604404915 -0.015566928374949657
4.631008525526303 -0.022877247722910304
4.6371504466476905 -0.0301976244167908
4.643292367769078 -0.03741569027913233
4.649434288890466 -0.04441376776625006
4.655576210011854 -0.05107142299322766
4.661718131133242 -0.05726824291719202
4.667860052254629 -0.06288675774543491
4.674001973376017 -0.06781542025369794
4.680143894497404 -0.07195154750786803
4.686285815618792 -0.07520412791093625
4.692427736740179 -0.07749639781499626
4.698569657861567 -0.07876809722930966
4.7047115789829554 -0.07897732330786318
4.710853500104343 -0.07810191300473994
4.716995421225731 -0.07614030204936113
4.723137342347118 -0.0731118255602465
4.729279263468506 -0.06905644539999571
4.735421184589893 -0.06403390990180247
4.741563105711281 -0.058122371953293527
4.747705026832668 -0.05141651069864824
4.753846947954056 -0.044025219463052136
4.759988869075444 -0.03606893716460138
4.766130790196832 -0.02767671184859198
4.7722727113182195 -0.018983092619429383
4.778414632439607 -0.010124949908521393
4.784556553560995 -0.0012383236536180713
4.790698474682382 0.007544605277492533
4.79684039580377 0.01609833288120809
4.802982316925157 0.02430656235708832
4.809124238046546 0.03206438364505994
4.815266159167933 0.03928005390943573
4.821408080289321 0.04587634684251475
4.8275500014107084 0.05179145506942817
4.833691922532096 0.056979445918666376
4.839833843653484 0.06141028573616355
4.845975764774871 0.06506946121716661
4.852117685896259 0.06795723747757706
4.858259607017647 0.07008760148160141
4.864401528139035 0.07148694581469428
4.870543449260422 0.07219255159870197
4.87668537038181 0.07225093066808787
4.882827291503197 0.07171608614441519
4.888969212624585 0.07064774752775478
4.8951111337459725 0.06910963169787313
4.90125305486736 0.06716777515428478
4.9073949759887485 0.06488897580936794
4.913536897110136 0.06233937506648686
4.919678818231524 0.05958320312815318
4.925820739352911 0.05668170281479903
4.931962660474299 0.05369223991335307
4.938104581595686 0.050667601443669094
4.944246502717074 0.04765547740027018
4.9503884238384614 0.044698116610361355
4.95653034495985 0.041832143406203365
4.9626722660812375 0.03908851885150773
4.968814187202625 0.03649262825627553
4.974956108324013 0.034064475597030054
4.9810980294454 0.03181896513830492
4.987239950566788 0.029766250917405607
4.993381871688175 0.02791213568864895
4.999523792809563 0.026258502303106033
5.00566571393095 0.024803762205606587
5.011807635052339 0.02354330765006889
5.017949556173726 0.022469956265670915
5.024091477295114 0.021574378661843686
5.0302333984165015 0.020845501766014043
5.036375319537889 0.020270882485957535
5.042517240659277 0.019837048034666262
5.048659161780664 0.01952980081961687
5.054801082902052 0.01933448716232355
5.06094300402344 0.019236230270754523
5.067084925144828 0.01922012883800297
5.073226846266215 0.01927142339386169
5.079368767387603 0.01937563310506545
5.0855106885089905 0.01951866612182568
5.091652609630378 0.01968690682171762
5.097794530751766 0.019867283426576413
5.103936451873153 0.020047319483086343
5.110078372994542 0.02021517262139603
5.116220294115929 0.02035966385488533
5.122362215237317 0.020470300472652407
5.128504136358704 0.020537295316651587
5.134646057480092 0.020551584937760745
5.140787978601479 0.020504848797283787
5.146929899722867 0.020389531328514978
5.1530718208442545 0.02019886830139923
5.159213741965643 0.019926918545185822
5.1653556630870305 0.019568601681651827
5.171497584208418 0.019119742106975077
5.177639505329806 0.018577119035763947
5.183781426451193 0.017938521988790156
5.189923347572581 0.017202810670263677
5.196065268693968 0.016369977746082513
5.202207189815356 0.015441212608107723
5.208349110936744 0.014418963799815622
5.214491032058132 0.013306997396377456
5.2206329531795195 0.012110448290085037
5.226774874300907 0.01083586104474851
5.232916795422295 0.009491216766519357
5.239058716543682 0.008085942310901538
5.24520063766507 0.0066308981243195925
5.251342558786457 0.005138341120903458
5.257484479907845 0.0036218592370937538
5.263626401029233 0.0020962747016683688
5.269768322150621 0.0005775136164389633
5.275910243272008 -0.0009175598323109234
5.282052164393396 -0.002371345321359833
5.2881940855147835 -0.003765744240373362
5.294336006636171 -0.0050824320023164175
5.300477927757559 -0.006303162075599666
5.306619848878946 -0.0074100976254983485
5.312761770000335 -0.008386165246880444
5.318903691121722 -0.009215423885541807
5.32504561224311 -0.009883440740806751
5.331187533364497 -0.010377664781519446
5.337329454485885 -0.010687787557224666
5.3434713756072725 -0.010806080311293617
5.34961329672866 -0.010727696063575832
5.355755217850048 -0.01045092537920129
5.361897138971436 -0.009977395017778333
5.368039060092824 -0.009312199588229382
5.374180981214211 -0.008463957724989389
5.380322902335599 -0.007444786136243516
5.386464823456986 -0.006270187116676035
5.392606744578374 -0.004958847705218764
5.398748665699761 -0.003532351519858019
5.404890586821149 -0.0020148073142494706
5.411032507942537 -0.00043240135616478637
5.417174429063925 0.0011871163040601677
5.4233163501853126 0.002814998860779721
5.4294582713067 0.004422107870886155
5.435600192428088 0.00597953934611202
5.441742113549475 0.007459252380871229
5.447884034670863 0.008834681227891104
5.45402595579225 0.010081311816100828
5.460167876913639 0.011177204542504409
5.466309798035026 0.01210344675019637
5.472451719156414 0.012844520579673098
5.4785936402778015 0.013388574766116428
5.484735561399189 0.013727592335281435
5.490877482520577 0.013857449882244228
5.497019403641964 0.013777868038166233
5.503161324763352 0.01349225666677398
5.509303245884739 0.013007462108708113
5.515445167006128 0.01233342723983713
5.521587088127515 0.011482778076977078
5.527729009248903 0.010470353023577563
5.53387093037029 0.00931269250233484
5.540012851491678 0.008027507610828273
5.5461547726130656 0.006633146538264125
5.552296693734453 0.005148076813415205
5.558438614855841 0.0035904000702488615
5.564580535977229 0.001977414006182167
5.570722457098617 0.0003252336835578166
5.576864378220004 -0.001351518576641692
5.583006299341392 -0.0030399485906807827
5.589148220462779 -0.004729048087589872
5.595290141584167 -0.006409775092116784
5.6014320627055545 -0.008075060074246618
5.607573983826942 -0.009719743631504367
5.6137159049483305 -0.011340453658473451
5.619857826069718 -0.012935431659338081
5.625999747191106 -0.01450431903409062
5.632141668312493 -0.01604791480588059
5.638283589433881 -0.017567916371005004
5.644425510555268 -0.01906665448309638
5.650567431676656 -0.02054683288765697
5.656709352798043 -0.022011281875611563
5.662851273919432 -0.02346273360817657
5.668993195040819 -0.024903625467845844
5.675135116162207 -0.026335935999158188
5.681277037283595 -0.02776105630095856
5.687418958404982 -0.02917969809360727
5.69356087952637 -0.030591838173433233
5.699702800647757 -0.031996697633092555
5.705844721769145 -0.033392753106856646
5.711986642890533 -0.034777776416630816
5.718128564011921 -0.03614889835669976
5.724270485133308 -0.03750269195966426
5.730412406254696 -0.03883527041920716
5.7365543273760835 -0.04014239488525096
5.742696248497471 -0.04141958756558335
5.748838169618859 -0.042662245932949275
5.754980090740246 -0.04386575431381785
5.761122011861635 -0.04502558969032533
5.767263932983022 -0.046137419147575326
5.77340585410441 -0.04719718701461542
5.779547775225797 -0.04820119035277538
5.785689696347185 -0.04914614201770172
5.7918316174685724 -0.05002922104399274
5.79797353858996 -0.050848110561050965
5.804115459711348 -0.051601023837229865
5.810257380832735 -0.052286719362154836
5.816399301954124 -0.05290450611332195
5.822541223075511 -0.053454240314696824
5.828683144196899 -0.0539363150863019
5.834825065318286 -0.05435164441062725
5.840966986439674 -0.05470164281115107
5.847108907561061 -0.05498820205795202
5.853250828682449 -0.05521366609313142
5.8593927498038365 -0.055380805212181645
5.865534670925225 -0.055492790353759903
5.8716765920466125 -0.055553168146215685
5.877818513168 -0.055565837140695316
5.883960434289388 -0.05553502543311403
5.890102355410775 -0.05546526964557672
5.896244276532163 -0.05536139500637583
5.90238619765355 -0.055228496040655044
5.908528118774938 -0.05507191716530517
5.914670039896326 -0.05489723227589664
5.920811961017714 -0.05471022222503736
5.9269538821391015 -0.05451684892557346
5.933095803260489 -0.05432322467429815
5.939237724381877 -0.054135575188800605
5.945379645503264 -0.053960194789069604
5.951521566624652 -0.05380339214445236
5.957663487746039 -0.053671425054102204
5.963805408867428 -0.05357042284395985
5.969947329988815 -0.05350629515433452
5.976089251110203 -0.05348462616741933
5.98223117223159 -0.0535105536905344
5.988373093352978 -0.05358863297353584
5.9945150144743655 -0.05372268569996315
6.000656935595753 -0.05391563524982086
6.006798856717141 -0.05416933008166823
6.012940777838529 -0.054484357911905805
6.019082698959917 -0.05485985426277058
6.025224620081304 -0.0552933098839766
6.031366541202692 -0.0557803824956793
6.037508462324079 -0.056314719215111594
6.043650383445467 -0.05688779687200719
6.0497923045668545 -0.057488788139342634
6.055934225688242 -0.058104461952366675
6.06207614680963 -0.05871912700445456
6.068218067931018 -0.059314627137367494
6.074359989052406 -0.05987039713356827
6.080501910173793 -0.06036358672349805
6.086643831295181 -0.06076925950560424
6.092785752416568 -0.06106067191991521
6.098927673537956 -0.061209635413315124
6.105069594659343 -0.06118696250359865
6.111211515780731 -0.060962994630739786
6.117353436902119 -0.06050820654376611
6.123495358023507 -0.059793878602160185
6.1296372791448945 -0.05879282488859802
6.135779200266282 -0.0574801615740947
6.14192112138767 -0.055834096704171124
6.148063042509057 -0.053836719654313775
6.154204963630445 -0.051474766107931544
6.160346884751832 -0.04874033270887108
6.166488805873221 -0.04563151468771932
6.172630726994608 -0.04215293988659364
6.178772648115996 -0.038316173806595556
6.1849145692373835 -0.03413997262800485
6.191056490358771 -0.029650364607327073
6.197198411480159 -0.024880544783356717
6.203340332601546 -0.019870573414152947
6.209482253722934 -0.01466687484865936
6.215624174844322 -0.009321540388199816
6.22176609596571 -0.003891445846932849
6.227908017087097 0.0015627983243915332
6.234049938208485 0.006978039650792057
6.240191859329872 0.012289888087462477
6.24633378045126 0.01743409618090465
6.2524757015726475 0.022347974790140116
6.258617622694035 0.026971801669091588
6.2647595438154235 0.03125017928408654
6.270901464936811 0.03513329902990495
6.277043386058199 0.0385780715233397
