time TPR_both_A_open_11_rho23_imag
62.83185307179586 0.00406506429706046
62.83799499291725 0.004024870745057858
62.844136914038636 0.003985493071523108
62.850278835160026 0.003951424644637707
62.856420756281416 0.003927084620325476
62.8625626774028 0.003916782875462664
62.86870459852419 0.003924685687941523
62.87484651964557 0.003954782391335137
62.88098844076696 0.00401085322511016
62.88713036188835 0.0040964385929155595
62.893272283009736 0.00421480993153825
62.899414204131126 0.004368942381746738
62.90555612525252 0.004561489439564189
62.9116980463739 0.0047947597526487775
62.91783996749529 0.0050706962115415
62.92398188861668 0.005390857469717573
62.93012380973806 0.005756402009801499
62.93626573085945 0.0061680748561178415
62.942407651980844 0.006626197016113927
62.94854957310223 0.007130657715259944
62.95469149422362 0.007680909471945347
62.960833415345 0.008275966040802551
62.96697533646639 0.008914403234938556
62.97311725758778 0.009594362619853735
62.979259178709164 0.010313558054523208
62.985401099830554 0.011069285038288244
62.991543020951944 0.011858432805968757
62.99768494207333 0.012677499098048356
63.00382686319472 0.013522607517958285
63.00996878431611 0.01438952737447021
63.01611070543749 0.01527369589404921
63.02225262655888 0.01617024267573878
63.028394547680264 0.01707401624979091
63.034536468801655 0.017979612590830845
63.040678389923045 0.018881405426847537
63.04682031104443 0.01977357817675617
63.05296223216582 0.02065015734165043
63.05910415328721 0.021505047168159007
63.06524607440859 0.02233206539651941
63.07138799552998 0.02312497990105983
63.07752991665137 0.02387754602672447
63.083671837772755 0.024583544422065017
63.089813758894145 0.02523681916673006
63.095955680015535 0.025831315989905554
63.10209760113692 0.02636112037536636
63.10823952225831 0.0268204953487925
63.11438144337969 0.027203918743771233
63.12052336450108 0.02750611974443301
63.12666528562247 0.02772211450498454
63.132807206743855 0.02784724064946705
63.138949127865246 0.02787719045893121
63.145091048986636 0.027808042557869134
63.15123297010802 0.027636291917179232
63.15737489122941 0.027358877997210033
63.1635168123508 0.026973210861520117
63.16965873347218 0.02647719509990336
63.17580065459357 0.02586925140801922
63.181942575714956 0.025148335680605798
63.188084496836346 0.024313955485722762
63.194226417957736 0.02336618379886213
63.20036833907912 0.022305669887926698
63.20651026020051 0.021133647253133665
63.2126521813219 0.019851938539744145
63.21879410244328 0.018462957356107784
63.22493602356467 0.016969706944877594
63.231077944686064 0.015375775671267243
63.23721986580745 0.013685329308821284
63.24336178692884 0.011903100120349421
63.24950370805023 0.010034372749280861
63.25564562917161 0.00808496695461203
63.261787550293 0.00606121724083983
63.267929471414384 0.003969949452589903
63.274071392535774 0.00181845442192034
63.280213313657164 -0.00038554122546823516
63.28635523477855 -0.0026339069810350705
63.29249715589994 -0.004918142939580698
63.29863907702133 -0.007229416702213773
63.30478099814271 -0.009558602521275762
63.3109229192641 -0.01189632249693001
63.31706484038549 -0.014232989620657839
63.323206761506874 -0.016558852447587473
63.329348682628265 -0.018864041167422994
63.33549060374965 -0.02113861483297042
63.34163252487104 -0.023372609495987365
63.34777444599243 -0.025556086992255127
63.35391636711381 -0.02767918411171526
63.3600582882352 -0.029732161885045714
63.36620020935659 -0.031705454715385814
63.372342130477975 -0.03358971908306693
63.378484051599365 -0.03537588155209883
63.384625972720755 -0.03705518580989248
63.39076789384214 -0.03861923847624395
63.39690981496353 -0.04006005342384382
63.40305173608492 -0.04137009436055136
63.4091936572063 -0.04254231543329765
63.41533557832769 -0.04357019962460861
63.421477499449075 -0.04444779472535163
63.427619420570466 -0.04516974668127527
63.433761341691856 -0.04573133012605289
63.43990326281324 -0.046128475929835246
63.44604518393463 -0.046357795609517
63.45218710505602 -0.04641660246496032
63.4583290261774 -0.046302929324125136
63.46447094729879 -0.046015542799264314
63.47061286842018 -0.04555395397593756
63.476754789541566 -0.04491842547641393
63.482896710662956 -0.04410997485893056
63.48903863178434 -0.04313037433413152
63.49518055290573 -0.04198214679967052
63.50132247402712 -0.04066855821334533
63.5074643951485 -0.03919360634407459
63.51360631626989 -0.03756200595848028
63.51974823739128 -0.03577917051868654
63.52589015851267 -0.03385119048408496
63.53203207963406 -0.03178480832623584
63.53817400075545 -0.029587390381675748
63.54431592187683 -0.02726689568211732
63.55045784299822 -0.024831841915392155
63.55659976411961 -0.022291268683414155
63.562741685240994 -0.019654698235395448
63.568883606362384 -0.016932093865599566
63.57502552748377 -0.014133816174989502
63.58116744860516 -0.011270577405195974
63.58730936972655 -0.00835339406144245
63.59345129084793 -0.005393538048199159
63.59959321196932 -0.0024024865476278854
63.60573513309071 0.0006081291238086816
63.611877054212094 0.0036265754408545945
63.618018975333484 0.006641069133884832
63.624160896454875 0.009639829946525158
63.63030281757626 0.012611133439185135
63.63644473869765 0.015543363590529463
63.64258665981904 0.018425064949191945
63.64872858094042 0.021244994089300067
63.65487050206181 0.02399217012554245
63.661012423183195 0.026655924046688612
63.667154344304585 0.02922594663069077
63.673296265425975 0.031692334709633334
63.67943818654736 0.03404563555909777
63.68558010766875 0.036276889193767134
63.69172202879014 0.03837766835947298
63.69786394991152 0.04034011602136795
63.70400587103291 0.04215698015843591
63.7101477921543 0.04382164568620205
63.716289713275685 0.04532816334226045
63.722431634397076 0.04667127538302152
63.72857355551846 0.047846437954941035
63.73471547663985 0.04884984001936823
63.74085739776124 0.04967841872694755
63.74699931888262 0.05032987115525023
63.75314124000401 0.05080266234183894
63.7592831611254 0.05109602956424926
63.765425082246786 0.05120998283828878
63.771567003368176 0.051145301626478755
63.777708924489566 0.05090352776930118
63.78385084561095 0.05048695467299993
63.78999276673234 0.04989861280889233
63.79613468785373 0.049142251600322706
63.80227660897511 0.04822231779435113
63.8084185300965 0.047143930435888014
63.814560451217886 0.04591285258207397
63.82070237233928 0.04453545991406702
63.82684429346067 0.04301870642195981
63.83298621458205 0.041370087356014856
63.83912813570344 0.03959759965375549
63.84527005682483 0.037709700067452515
63.85141197794621 0.03571526123006604
63.857553899067604 0.03362352590968373
63.863695820188994 0.03144405971277185
63.86983774131038 0.02918670250501213
63.87597966243177 0.026861518825157776
63.88212158355315 0.02447874757206481
63.88826350467454 0.02204875124777909
63.89440542579593 0.019581965040433944
63.900547346917314 0.01708884602948494
63.906689268038704 0.014579822792756823
63.912831189160094 0.012065245689789065
63.91897311028148 0.009555338089105917
63.92511503140287 0.007060148798498417
63.93125695252426 0.004589505947178849
63.93739887364564 0.0021529725568558114
63.94354079476703 -0.00024019597437503117
63.94968271588842 -0.002581092265901254
63.955824637009805 -0.004861195032448683
63.961966558131195 -0.007072404668693922
63.96810847925258 -0.009207076180823774
63.97425040037397 -0.011258049323348979
63.98039232149536 -0.01321867581798516
63.98653424261674 -0.015082843550398649
63.99267616373813 -0.01684499765966929
63.99881808485952 -0.018500158454450074
64.0049600059809 -0.020043936108853348
64.01110192710229 -0.02147254210982244
64.01724384822369 -0.022782797446148504
64.02338576934507 -0.023972137547193115
64.02952769046645 -0.025038613996709955
64.03566961158785 -0.025980893063723663
64.04181153270923 -0.026798251108349706
64.04795345383062 -0.027490566935473106
64.05409537495201 -0.028058311183336328
64.0602372960734 -0.02850253284739395
64.06637921719478 -0.02882484305211117
64.07252113831618 -0.029027396194725594
64.07866305943756 -0.02911286859545461
64.08480498055894 -0.029084434798100776
64.09094690168034 -0.028945741673525933
64.09708882280172 -0.02870088048613038
64.1032307439231 -0.02835435709021232
64.1093726650445 -0.02791106042896482
64.11551458616589 -0.027376229513962475
64.12165650728727 -0.02675541906727366
64.12779842840867 -0.02605446401186794
64.13394034953005 -0.025279442998824432
64.14008227065143 -0.024436641161979515
64.14622419177283 -0.023532512292134808
64.15236611289421 -0.02257364062379827
64.1585080340156 -0.021566702427661257
64.16464995513698 -0.02051842760165062
64.17079187625838 -0.01943556145242843
64.17693379737976 -0.018324826857662208
64.18307571850114 -0.017192886997228606
64.18921763962254 -0.016046308838766198
64.19535956074392 -0.014891527559605985
64.20150148186531 -0.013734812083085867
64.2076434029867 -0.01258223190258709
64.21378532410809 -0.011439625361250826
64.21992724522947 -0.010312569549251584
64.22606916635087 -0.009206351973699286
64.23221108747225 -0.008125944148649039
64.23835300859363 -0.007075977244329469
64.24449492971503 -0.006060719925553064
64.25063685083641 -0.005084058499277158
64.2567787719578 -0.004149479480487678
64.2629206930792 -0.0032600546739862102
64.26906261420058 -0.0024184288572345384
64.27520453532196 -0.0016268101362236682
64.28134645644336 -0.0008869630324237053
64.28748837756474 -0.00020020434422824278
64.29363029868613 0.00043259818894937093
64.29977221980752 0.0010110244075828834
64.3059141409289 0.0015350974419162337
64.31205606205029 0.0020052766314855907
64.31819798317167 0.0024224476918926156
64.32433990429307 0.002787910183585835
64.33048182541445 0.003103362354545788
64.33662374653584 0.0033708834458323674
64.34276566765723 0.0035929135657416845
64.34890758877862 0.0037722312547417984
64.3550495099 0.003911928879220353
64.3611914310214 0.004015386007245267
64.36733335214278 0.004086240933881548
64.37347527326416 0.004128360536957046
64.37961719438556 0.004145808656389786
64.38575911550694 0.004142813201173828
64.39190103662833 0.0041237321977228986
64.39804295774972 0.004093019001396454
64.4041848788711 0.004055186899594465
64.41032679999249 0.004014773339720486
64.41646872111389 0.003976304018516589
64.42261064223527 0.003944257070738503
64.42875256335665 0.003923027594833499
64.43489448447805 0.003916892751202492
64.44103640559943 0.0039299776647993305
64.44717832672082 0.003966222358272095
64.45332024784221 0.004029349934632154
64.4594621689636 0.004122836219637505
64.46560409008498 0.004249881063767546
64.47174601120636 0.004413381491957776
64.47788793232776 0.004615906876277476
64.48402985344914 0.004859676292589591
64.49017177457053 0.005146538207079775
64.49631369569192 0.005477952622508416
64.50245561681331 0.005854975797299603
64.50859753793469 0.006278247633270184
64.51473945905609 0.006747981810069643
64.52088138017747 0.00726395872642471
64.52702330129885 0.007825521290183062
64.53316522242025 0.00843157358107807
64.53930714354163 0.0090805823922409
64.54544906466302 0.009770581638878202
64.55159098578442 0.010499179605326328
64.5577329069058 0.011263568985015567
64.56387482802718 0.0120605396518038
64.57001674914858 0.012886494085743574
64.57615867026996 0.013737465361732806
64.58230059139134 0.014609137595690484
64.58844251251274 0.015496868729947079
64.59458443363413 0.0163957155274992
64.60072635475551 0.017300460633651392
64.6068682758769 0.018205641553364252
64.61301019699829 0.01910558138338186
64.61915211811967 0.019994421129890458
64.62529403924106 0.02086615343506109
64.63143596036245 0.021714657529361046
64.63757788148384 0.02253373522093109
64.64371980260522 0.023317147728627634
64.64986172372662 0.024058653161481845
64.656003644848 0.024752044444326046
64.66214556596938 0.02539118748714735
64.66828748709078 0.02597005939435105
64.67442940821216 0.02648278650952031
64.68057132933355 0.02692368209144149
64.68671325045494 0.027287283418129464
64.69285517157633 0.027568388117309963
64.69899709269771 0.02776208952430454
64.7051390138191 0.02786381087155325
64.71128093494049 0.02786933811804827
64.71742285606187 0.027774851231792318
64.72356477718327 0.02757695374406624
64.72970669830465 0.02727270040073922
64.73584861942604 0.026859622743143526
64.74199054054743 0.0263357524592059
64.74813246166882 0.02569964235449248
64.7542743827902 0.02495038480266512
64.7604163039116 0.024087627545596985
64.76655822503298 0.02311158672492391
64.77270014615436 0.02202305703921499
64.77884206727575 0.02082341893422948
64.78498398839714 0.019514642747708484
64.79112590951853 0.018099289744997856
64.79726783063991 0.01658050999726016
64.80340975176131 0.014962037070280626
64.80955167288269 0.013248179508577736
64.81569359400407 0.011443809116805323
64.82183551512547 0.009554346058188676
64.82797743624685 0.007585740807697278
64.83411935736824 0.005544453015888415
64.84026127848963 0.00343742735774244
64.84640319961102 0.0012720664590449712
64.8525451207324 -0.0009437989890046808
64.8586870418538 -0.0032019427983792184
64.86482896297518 -0.005493778390107747
64.87097088409656 -0.007810396274762972
64.87711280521796 -0.01014260372871189
64.88325472633935 -0.01248096647215919
64.88939664746073 -0.014815852140814325
64.89553856858213 -0.017137475329886392
64.90168048970351 -0.019435943977386856
64.90782241082489 -0.021701306843302
64.91396433194629 -0.02392360183219657
64.92010625306767 -0.026092904899520417
64.92624817418906 -0.02819937927618269
64.93239009531044 -0.030233324741902656
64.93853201643184 -0.03218522667570471
64.94467393755322 -0.03404580461142952
64.9508158586746 -0.035806060027567914
64.956957779796 -0.037457323103830376
64.96309970091738 -0.038991298181883176
64.96924162203877 -0.040400107674376046
64.97538354316016 -0.041676334174725244
64.98152546428155 -0.04281306053016533
64.98766738540293 -0.04380390765210094
64.99380930652433 -0.04464306985070502
64.99995122764571 -0.045325347495018986
65.00609314876709 -0.04584617681525639
65.01223506988849 -0.04620165668050495
65.01837699100987 -0.04638857220248824
65.02451891213126 -0.04640441503425128
65.03066083325265 -0.046247400251466037
65.03680275437404 -0.04591647972339636
65.04294467549542 -0.04541135190021048
65.04908659661682 -0.044732467963181415
65.0552285177382 -0.043881034304222036
65.06137043885958 -0.04285901132100599
65.06751235998098 -0.041669108533548035
65.07365428110236 -0.04031477604738486
65.07979620222375 -0.038800192407325754
65.08593812334513 -0.03713024890407332
65.09208004446653 -0.03531053041365848
65.09822196558791 -0.033347292866639906
65.1043638867093 -0.03124743746018674
65.11050580783069 -0.02901848174160069
65.11664772895207 -0.0266685277063129
65.12278965007346 -0.02420622706700033
65.12893157119485 -0.021640743863205407
65.13507349231624 -0.018981714592541592
65.14121541343762 -0.016239206055347306
65.14735733455902 -0.013423671114539439
65.1534992556804 -0.010545902581228842
65.15964117680178 -0.0076169854445669715
65.16578309792318 -0.004648247671316933
65.17192501904456 -0.0016512098065959006
65.17806694016595 0.0013624663876904504
65.18420886128735 0.00438103001598688
65.19035078240873 0.007392693609917121
65.19649270353011 0.010385685920627608
65.20263462465151 0.013348304695046128
65.20877654577289 0.01626896918809421
65.21491846689428 0.01913627216340882
65.22106038801567 0.02193903113653337
65.22720230913706 0.024666338617046167
65.23334423025844 0.0273076111095172
65.23948615137982 0.02985263663755356
65.24562807250122 0.03229162056073224
65.2517699936226 0.034615229460658196
65.25791191474399 0.03681463288000772
65.26405383586538 0.038881542706991366
65.27019575698677 0.040808250007459426
65.27633767810815 0.04258765911769242
65.28247959922955 0.04421331882279725
65.28862152035093 0.04567945045868351
65.29476344147231 0.046980972789654823
65.30090536259371 0.048113523528730766
65.3070472837151 0.04907347738395737
65.31318920483648 0.04985796053100567
65.31933112595787 0.050464861430271714
65.32547304707926 0.050892837925450816
65.33161496820064 0.05114132057999235
65.33775688932204 0.05121051222789025
65.34389881044342 0.05110138373582044
65.3500407315648 0.050815665994533306
65.3561826526862 0.0503558381785512
65.36232457380758 0.04972511233443337
65.36846649492897 0.04892741437899215
65.37460841605036 0.0479673616097654
65.38075033717175 0.046850236850528824
65.38689225829313 0.04558195937454374
65.39303417941451 0.04416905276745929
65.39917610053591 0.04261860991003132
65.4053180216573 0.04093825527807752
65.41145994277868 0.039136104773052766
65.41760186390007 0.037220723311336315
65.42374378502146 0.035201080413435656
65.42988570614284 0.033086504045850014
65.43602762726424 0.030886632978229217
65.44216954838562 0.02861136792643755
65.448311469507 0.026270821758285014
65.4544533906284 0.023875269042987448
65.46059531174978 0.021435095227632903
65.46673723287117 0.018960745724240523
65.47287915399257 0.016462675189422824
65.47902107511395 0.013951297275021106
65.48516299623533 0.011436935122623698
65.49130491735673 0.008929772867684862
65.49744683847811 0.006439808409889776
65.5035887595995 0.003976807695783239
65.50973068072089 0.0015502607476170407
65.51587260184228 -0.0008306603412311848
65.52201452296366 -0.0031571412386828188
65.52815644408506 -0.005420762844436254
65.53429836520644 -0.007613536225592958
65.54044028632782 -0.009727934862119134
65.5465822074492 -0.0117569240649709
65.5527241285706 -0.01369398744848014
65.55886604969199 -0.015533150357499888
65.56500797081337 -0.01726900016899746
65.57114989193477 -0.018896703406809934
65.57729181305615 -0.02041201962731282
65.58343373417753 -0.021811312052428894
65.58957565529893 -0.023091554944624684
65.59571757642031 -0.024250337736363984
65.6018594975417 -0.025285865943627858
65.6080014186631 -0.026196958909502018
65.61414333978448 -0.02698304443955339
65.62028526090586 -0.027644150405542793
65.62642718202726 -0.028180893407924245
65.63256910314864 -0.028594464600659914
65.63871102427002 -0.02888661279395953
65.64485294539142 -0.02905962496166054
65.6509948665128 -0.02911630429018855
65.65713678763419 -0.029059945915272535
65.66327870875558 -0.028894310500879872
65.66942062987697 -0.028623595822274913
65.67556255099835 -0.02825240652163069
65.68170447211975 -0.02778572221029405
65.68784639324113 -0.027228864096701784
65.69398831436251 -0.026587460323038468
65.7001302354839 -0.02586741019707651
65.7062721566053 -0.02507484750830311
65.71241407772668 -0.024216103119402442
65.71855599884806 -0.023297667025486742
65.72469791996946 -0.022326150074162082
65.73083984109084 -0.021308245539599226
65.73698176221222 -0.020250690743258817
65.74312368333362 -0.019160228912815245
65.749265604455 -0.01804357146911759
65.75540752557639 -0.016907360928718727
65.76154944669779 -0.01575813460660305
65.76769136781917 -0.014602289300196926
65.77383328894055 -0.013446047131560595
65.77997521006195 -0.012295422719823236
65.78611713118333 -0.011156191850367331
65.79225905230471 -0.01003386180100351
65.79840097342611 -0.008933643478386466
65.8045428945475 -0.007860425510132475
65.81068481566888 -0.006818750429534822
65.81682673679028 -0.005812793080421947
65.82296865791166 -0.004846341359504603
65.82911057903304 -0.003922779402558308
65.83525250015444 -0.003045073308993044
65.84139442127582 -0.002215759486739454
65.8475363423972 -0.0014369356860049263
65.85367826351859 -0.0007102547763627141
65.85982018463999 -3.6921306826866324e-05
65.86596210576137 0.0005823091268253055
65.87210402688275 0.0011471276991907304
65.87824594800415 0.0016576673649365548
65.88438786912553 0.0021144950859374656
65.89052979024692 0.0025186013177520747
65.89667171136831 0.002871386814468755
65.9028136324897 0.003174646828104794
65.90895555361108 0.003430552795743608
65.91509747473248 0.003641631624303126
65.92123939585386 0.003810742699127623
65.92738131697524 0.003941052758300647
65.93352323809664 0.0040360087895485695
65.93966515921802 0.004099309120712642
65.9458070803394 0.00413487288784995
65.9519490014608 0.0041468080769419165
65.95809092258219 0.004139378345841403
65.96423284370357 0.004116968842332567
65.97037476482497 0.0040840512419171825
65.97651668594635 0.00404514823509984
65.98265860706773 0.004004797698434708
65.98880052818913 0.003967516786367463
65.99494244931051 0.003937766181931335
66.0010843704319 0.0039199147436050396
66.00722629155328 0.003918204783120088
66.01336821267468 0.003936718204743483
66.01951013379606 0.003979343730586673
66.02565205491744 0.004049745428877589
66.03179397603884 0.004151332752937324
66.03793589716022 0.004287232287939229
66.04407781828161 0.00446026139049111
66.050219739403 0.004672903892786338
66.05636166052439 0.004927288028666262
66.06250358164577 0.0052251667235492716
66.06864550276717 0.005567900373955613
66.07478742388855 0.005956442225461027
66.08092934500993 0.00639132644048358
66.08707126613133 0.006872658929497659
66.09321318725272 0.0074001110012478204
66.0993551083741 0.007972915869433864
66.1054970294955 0.008589868035291161
66.11163895061688 0.009249325547659268
66.11778087173826 0.009949215124614313
66.12392279285966 0.01068704010365246
66.13006471398104 0.011459891170878886
66.13620663510243 0.012264459803747256
66.14234855622382 0.01309705434668481
66.1484904773452 0.01395361862452165
66.15463239846659 0.014829752985048147
66.16077431958797 0.015720737649292205
66.16691624070937 0.016621558236299613
66.17305816183075 0.01752693331829723
66.17920008295214 0.018431343852166646
66.18534200407353 0.019329064324125334
66.19148392519492 0.02021419543643376
66.1976258463163 0.021080698157782806
66.2037677674377 0.02192242895275973
66.20990968855908 0.022733176000438032
66.21605160968046 0.023506696207647358
66.22219353080186 0.024236752818847126
66.22833545192324 0.024917153421731137
66.23447737304463 0.025541788145703147
66.24061929416602 0.02610466784918375
66.2467612152874 0.026599962091309395
66.25290313640879 0.02702203668395926
66.25904505753019 0.027365490621204913
66.26518697865157 0.027625192185190557
66.27132889977295 0.027796314030135705
66.27747082089435 0.027874367049633333
66.28361274201573 0.027855232836654725
66.28975466313712 0.02773519455071002
66.29589658425851 0.027510966012489518
66.3020385053799 0.02717971885296386
66.30818042650128 0.02673910755142096
66.31432234762266 0.026187292205300795
66.32046426874406 0.025522958883856358
66.32660618986544 0.02474533742776528
66.33274811098683 0.023854216567703486
66.33889003210822 0.022849956246719642
66.34503195322961 0.0217334970438312
66.35117387435099 0.020506366609697436
66.35731579547239 0.01917068303950417
66.36345771659377 0.017729155123135915
66.36959963771515 0.016185079428390023
66.37574155883655 0.014542334189372863
66.38188347995793 0.012805369989065963
66.38802540107932 0.010979197242434994
66.39416732220072 0.00906937050430376
66.4003092433221 0.007081969644239652
66.40645116444348 0.0050235779489594175
66.41259308556488 0.002901257231160318
66.41873500668626 0.0007225200418833911
66.42487692780765 -0.001504700898419987
66.43101884892904 -0.003772085917145993
66.43716077005043 -0.006070964104963773
66.44330269117181 -0.008392351362620927
66.4494446122932 -0.010726990596402355
66.45558653341459 -0.013065393864621987
66.46172845453597 -0.01539788626360323
66.46787037565737 -0.01771465132877978
66.47401229677875 -0.020005777715159587
66.48015421790014 -0.02226130691133769
66.48629613902152 -0.024471281732626395
66.49243806014292 -0.026625795332007467
66.4985799812643 -0.028715040462260605
66.50472190238568 -0.030729358719137262
66.51086382350708 -0.03265928949358774
66.51700574462846 -0.03449561836113741
66.52314766574985 -0.03622942463832829
66.52928958687124 -0.03785212783971518
66.53543150799263 -0.03935553277436133
66.54157342911401 -0.04073187302789882
66.5477153502354 -0.04197385258496948
66.55385727135679 -0.04307468535730203
66.55999919247817 -0.04402813239456413
66.56614111359957 -0.04482853656838495
66.57228303472095 -0.045470854534560984
66.57842495584234 -0.04595068579418121
66.58456687696373 -0.046264298691145886
66.59070879808512 -0.046408653201225954
66.5968507192065 -0.04638142038618452
66.6029926403279 -0.04618099840544911
66.60913456144928 -0.045806524997263176
66.61527648257066 -0.045257886360954715
66.62141840369206 -0.04453572239183931
66.62756032481344 -0.04364142824017058
66.63370224593483 -0.04257715218531579
66.63984416705621 -0.04134578983588537
66.64598608817761 -0.039950974685705486
66.65212800929899 -0.03839706507425298
66.65826993042037 -0.036689127618299455
66.66441185154177 -0.03483291719905603
66.67055377266315 -0.03283485360587337
66.67669569378454 -0.030701994953549732
66.68283761490594 -0.02844200800551273
66.68897953602732 -0.026063135549401793
66.6951214571487 -0.023574160984954358
66.7012633782701 -0.020984370296606148
66.70740529939148 -0.018303511594674183
66.71354722051287 -0.015541752419532557
66.71968914163426 -0.012709635012838862
66.72583106275565 -0.009818029768441126
66.73197298387703 -0.006878087083263244
66.73811490499843 -0.0039011878352543856
66.74425682611981 -0.0008988927212060452
66.75039874724119 0.00211710930791843
66.75654066836259 0.005135053272516842
66.76268258948397 0.008143150806199732
66.76882451060536 0.011129642967359637
66.77496643172675 0.01408285297266247
66.78110835284814 0.016991238604540715
66.78725027396952 0.01984344404552147
66.7933921950909 0.022628350893865844
66.7995341162123 0.02533512811776683
66.80567603733368 0.027953280708962462
66.81181795845507 0.03047269680137113
66.81795987957646 0.032883693025995496
66.82410180069785 0.03517705788017117
66.83024372181923 0.03734409289706391
66.83638564294063 0.03937665141018188
66.84252756406201 0.041267174717730455
66.8486694851834 0.043008725462728964
66.85481140630479 0.044595018056961484
66.86095332742617 0.046020445990153945
66.86709524854756 0.0472801058800943
66.87323716966895 0.04836981813474651
66.87937909079034 0.04928614411379292
66.88552101191172 0.05002639969430726
66.89166293303312 0.050588665163384235
66.8978048541545 0.0509717913794966
66.90394677527588 0.05117540216394618
66.91008869639728 0.05119989290395982
66.91623061751866 0.051046425369639124
66.92237253864005 0.05071691876793947
66.92851445976143 0.05021403707803238
66.93465638088283 0.049541172733603395
66.94079830200421 0.04870242673874037
66.94694022312561 0.04770258532485667
66.95308214424699 0.0465470932765018
66.95922406536837 0.04524202407361034
66.96536598648976 0.0437940470167762
66.97150790761116 0.04221039152012428
66.97764982873254 0.04049880877332133
66.98379174985392 0.03866753098990443
66.98993367097532 0.036725228473453206
66.9960755920967 0.03468096474585276
67.00221751321808 0.032544149993012673
67.00835943433948 0.030324493092857223
67.01450135546087 0.028031952497914837
67.02064327658225 0.025676686250507806
67.02678519770365 0.023269001412358735
67.03292711882503 0.020819303192153582
67.03906903994641 0.018338044054418152
67.04521096106781 0.01583567309100584
67.05135288218919 0.013322585932375543
67.05749480331058 0.010809075469920314
67.06363672443197 0.008305283652972978
67.06977864555336 0.00582115461462605
67.07592056667474 0.0033663893694860217
67.08206248779612 0.0009504023140625338
67.08820440891752 -0.001417720253454711
67.0943463300389 -0.0037292593922592606
67.1004882511603 -0.005975900371257476
67.10663017228168 -0.008149766945994424
67.11277209340307 -0.010243452909423016
67.11891401452445 -0.0122500507839573
67.12505593564585 -0.014163177541131828
67.13119785676723 -0.015976997254137898
67.13733977788861 -0.017686240607709514
67.14348169901001 -0.019286221208834425
67.1496236201314 -0.020772848660742776
67.15576554125278 -0.02214263838121255
67.16190746237417 -0.023392718164331878
67.16804938349556 -0.024520831502535863
67.17419130461694 -0.02552533770270606
67.18033322573834 -0.026405208846326016
67.18647514685972 -0.027160023659203277
67.1926170679811 -0.027789958370874855
67.1987589891025 -0.028295774657492508
67.20490091022388 -0.02867880477482688
67.21104283134527 -0.028940933999874338
67.21718475246666 -0.02908458051041783
67.22332667358805 -0.02911267284188028
67.22946859470943 -0.029028625069809418
67.23561051583083 -0.028836309874395956
67.24175243695221 -0.028540029650642857
67.2478943580736 -0.028144485834114722
67.25403627919499 -0.027654746617661922
67.26017820031637 -0.027076213239213217
67.26632012143776 -0.026414585024635156
67.27246204255914 -0.025675823372827002
67.27860396368054 -0.024866114872711138
67.28474588480192 -0.023991833743577846
67.2908878059233 -0.02305950379140982
67.2970297270447 -0.022075760074349363
67.30317164816609 -0.021047310470405423
67.30931356928747 -0.01998089733982737
67.31545549040887 -0.018883259473320296
67.32159741153025 -0.01776109451542051
67.32773933265163 -0.016621022049892437
67.33388125377303 -0.015469547530952182
67.34002317489441 -0.014313027240417555
67.3461650960158 -0.013157634446534283
67.35230701713719 -0.012009326935220126
67.35844893825858 -0.010873816078735759
67.36459085937996 -0.009756537600342816
67.37073278050136 -0.008662624186328585
67.37687470162274 -0.007596880088791961
67.38301662274412 -0.006563757853820642
67.38915854386552 -0.005567337300135566
67.3953004649869 -0.004611306862875295
67.40144238610829 -0.003698947405989722
67.40758430722968 -0.0028331185947171656
67.41372622835107 -0.0020162479068008064
67.41986814947245 -0.0012503223475382966
67.42601007059383 -0.0005368829194915211
67.43215199171523 0.00012297811728661663
67.43829391283661 0.0007286171741878647
67.444435833958 0.0012798364479169229
67.4505777550794 0.001776878231554035
67.45671967620078 0.002220416451930088
67.46286159732216 0.0026115454794908414
67.46900351844356 0.0029517662739714733
67.47514543956494 0.003242969946334708
67.48128736068632 0.003487418834368765
67.48742928180772 0.003687725205956729
67.4935712029291 0.0038468277201965406
67.49971312405049 0.003967965792088389
67.50585504517188 0.004054652021271717
67.51199696629327 0.004110642859162207
67.51813888741465 0.004139907701642706
67.52428080853605 0.0041465966060742375
67.53042272965743 0.004135006841703932
67.53656465077881 0.0041095484914246035
67.54270657190021 0.004074709330190445
67.5488484930216 0.0040350192111421315
67.55499041414298 0.003995014194560571
67.56113233526438 0.00395920065710351
67.56727425638576 0.003932019619362287
67.57341617750714 0.0039178115285830465
67.57955809862852 0.003920781730435529
67.58570001974992 0.003944966859020627
67.5918419408713 0.003994202367915074
67.59798386199269 0.0040720914170360644
67.60412578311409 0.004181975320535275
67.61026770423547 0.004326905749914794
67.61640962535685 0.004509618874195113
67.62255154647825 0.0047325116053788625
67.62869346759963 0.004997620102791817
67.63483538872102 0.0053066006742736906
67.64097730984241 0.005660713195780202
67.6471192309638 0.006060807153915771
67.65326115208518 0.006507310398379355
67.65940307320658 0.007000220673425666
67.66554499432796 0.007539099979390298
67.67168691544934 0.008123071797228966
67.67782883657074 0.008750821191011605
67.68397075769212 0.009420597785549769
67.6901126788135 0.010130221598918143
67.6962545999349 0.010877091692667347
67.70239652105629 0.011658197586143006
67.70853844217767 0.012470133365586396
67.71468036329907 0.013309114403670186
67.72082228442045 0.014170996590910017
67.72696420554183 0.015051297967011462
67.73310612666322 0.015945222627703533
67.73924804778461 0.016847686771031274
67.745389968906 0.01775334673640898
67.75153189002738 0.018656628880018632
67.75767381114878 0.019551761121341393
67.76381573227016 0.020432805987764067
67.76995765339154 0.02129369497726715
67.77609957451294 0.022128264053170112
67.78224149563432 0.022930290079776556
67.7883834167557 0.02369352800348825
67.7945253378771 0.024411748580534447
67.80066725899849 0.02507877644987232
67.80680918011987 0.02568852834802799
67.81295110124127 0.026235051261665737
67.81909302236265 0.026712560313468636
67.82523494348403 0.027115476177481494
67.83137686460543 0.02743846182141897
67.83751878572681 0.027676458375546432
67.8436607068482 0.027824719930618677
67.8498026279696 0.027878847071038524
67.85594454909098 0.027834818953832333
67.86208647021236 0.027689023749278303
67.86822839133376 0.027438287265103542
67.87437031245514 0.027079899583026024
67.88051223357652 0.02661163954412696
67.88665415469791 0.026031796928136137
67.8927960758193 0.02533919218109357
67.89893799694069 0.024533193556162982
67.90507991806207 0.02361373154347244
67.91122183918347 0.02258131047689845
67.91736376030485 0.021437017218498458
67.92350568142624 0.020182526834931304
67.92964760254763 0.01882010519467921
67.93578952366902 0.017352608430003705
67.9419314447904 0.015783479223415022
67.9480733659118 0.014116739894969714
67.95421528703318 0.01235698228368947
67.96035720815456 0.01050935443388698
67.96649912927596 0.008579544115118921
67.97264105039734 0.006573759222566353
67.97878297151873 0.00449870512293241
67.98492489264012 0.002361559029340467
67.9910668137615 0.00016994150688001092
67.99720873488289 -0.0020681147715587386
68.00335065600429 -0.004344198881825338
68.00949257712567 -0.006649557963046286
68.01563449824705 -0.008975135819326966
68.02177641936845 -0.011311613622060556
68.02791834048983 -0.013649452511639692
68.03406026161122 -0.01597893788372368
68.0402021827326 -0.018290225132699622
68.046344103854 -0.02057338661394795
68.05248602497538 -0.022818459576763848
68.05862794609676 -0.02501549481169978
68.06476986721816 -0.027154605749466702
68.07091178833954 -0.029226017743749094
68.07705370946093 -0.03122011726717232
68.08319563058232 -0.03312750074826952
68.08933755170371 -0.03493902277783037
68.09547947282509 -0.03664584341528715
68.10162139394649 -0.03823947432981184
68.10776331506787 -0.039711823516691336
68.11390523618925 -0.041055238337090655
68.12004715731065 -0.04226254663847187
68.12618907843203 -0.04332709572376019
68.13233099955342 -0.044242788949591265
68.13847292067481 -0.04500411974756492
68.1446148417962 -0.04560620287734703
68.15075676291758 -0.04604480273645529
68.15689868403898 -0.04631635856853699
68.16304060516036 -0.04641800642981821
68.16918252628174 -0.0463475977919403
68.17532444740314 -0.04610371467849235
68.18146636852453 -0.04568568125207596
68.18760828964591 -0.04509357178850002
68.19375021076729 -0.04432821499460038
68.19989213188869 -0.04339119464605335
68.20603405301007 -0.04228484654128314
68.21217597413145 -0.04101225178700483
68.21831789525285 -0.03957722645003735
68.22445981637424 -0.03798430762858827
68.23060173749562 -0.03623873601420138
68.23674365861702 -0.034346435032926316
68.2428855797384 -0.03231398667084177
68.24902750085978 -0.030148604104857098
68.25516942198118 -0.027858101274717644
68.26131134310256 -0.025450859546171965
68.26745326422395 -0.022935791628406303
68.27359518534534 -0.02032230292112274
68.27973710646673 -0.017620250477856425
68.28587902758811 -0.014839899782428964
68.2920209487095 -0.011991879544842949
68.29816286983089 -0.009087134731255098
68.30430479095227 -0.0061368780500952284
68.31044671207367 -0.003152540122950012
68.31658863319505 -0.00014571857431360452
68.32273055431644 0.0028718737210846027
68.32887247543783 0.005888460990916959
68.33501439655922 0.008892257272713864
68.3411563176806 0.01187151922916943
68.34729823880198 0.014814598823362135
68.35344015992338 0.01770999560608701
68.35958208104476 0.020546408368418857
68.36572400216615 0.02331278591464688
68.37186592328754 0.0259983767135691
68.37800784440893 0.02859277719013024
68.38414976553031 0.031085978424324492
68.39029168665171 0.03346841103020503
68.39643360777309 0.03573098799493414
68.40257552889447 0.037865145265903566
68.40871745001587 0.03986287988309147
68.41485937113725 0.04171678546415535
68.42100129225864 0.043420084861126175
68.42714321338003 0.044966659819994335
68.43328513450142 0.046351077488064586
68.4394270556228 0.047568613628542075
68.4455689767442 0.04861527241739778
68.45171089786558 0.04948780271418199
68.45785281898696 0.0501837107159456
68.46399474010836 0.05070126892175591
68.47013666122974 0.05103952135441901
68.47627858235113 0.05119828500577231
68.48242050347253 0.051178147492221694
68.48856242459391 0.0509804609279516
68.49470434571529 0.05060733204426238
68.50084626683667 0.05006160860469416
68.50698818795807 0.049346862186778764
68.51313010907946 0.048467367422310684
68.51927203020084 0.04742807780872213
68.52541395132224 0.046234598224409514
68.53155587244362 0.044893154300411624
68.537697793565 0.04341055881958538
68.5438397146864 0.0417941753322382
68.54998163580778 0.040051879193775515
68.55612355692917 0.03819201624525797
68.56226547805056 0.03622335937173315
68.56840739917195 0.03415506318552756
68.57454932029333 0.03199661709237863
68.58069124141473 0.029757797007287454
68.58683316253611 0.027448615994019255
68.59297508365749 0.02507927410737231
68.59911700477889 0.022660107720662823
68.60525892590027 0.02020153862210545
68.61140084702166 0.017714023163095078
68.61754276814305 0.015208001738853977
68.62368468926444 0.012693848877316794
68.62982661038582 0.010181824205751132
68.63596853150722 0.007682024556542943
68.6421104526286 0.005204337463675306
68.64825237374998 0.002758396290030223
68.65439429487137 0.00035353721287277714
68.66053621599276 -0.00200124171938645
68.66667813711415 -0.004297319261314923
68.67282005823553 -0.006526487194068068
68.67896197935693 -0.00868098393421186
68.68510390047831 -0.010753525381487744
68.6912458215997 -0.01273733287771151
68.69738774272109 -0.014626158167773682
68.70352966384247 -0.01641430527284666
68.70967158496386 -0.018096649205034555
68.71581350608525 -0.019668651471693003
68.72195542720664 -0.021126372336553893
68.72809734832802 -0.022466479823278655
68.73423926944942 -0.023686255465039455
68.7403811905708 -0.02478359682125346
68.74652311169218 -0.02575701679939246
68.75266503281358 -0.026605639835804138
68.75880695393496 -0.02732919500479009
68.76494887505635 -0.027928006139572966
68.77109079617775 -0.028402979062235927
68.77723271729913 -0.028755586032325715
68.78337463842051 -0.028987847535417093
68.78951655954191 -0.029102311543566985
68.79565848066329 -0.029102030389336012
68.80180040178467 -0.02899053540382363
68.80794232290606 -0.028771809476998502
68.81408424402746 -0.028450257705605806
68.82022616514884 -0.02803067630001526
68.82636808627022 -0.027518219926668943
68.83251000739162 -0.026918367667252377
68.838651928513 -0.026236887779454928
68.84479384963439 -0.02547980144717929
68.85093577075578 -0.02465334571036323
68.85707769187717 -0.02376393576622958
68.86321961299855 -0.022818126834779653
68.86936153411995 -0.02182257578173326
68.87550345524133 -0.020784002691901785
68.88164537636271 -0.019709152585161673
68.88778729748411 -0.018604757465796408
68.89392921860549 -0.017477498893968844
68.90007113972688 -0.016333971265476217
68.90621306084827 -0.015180645982729191
68.91235498196966 -0.014023836696029501
68.91849690309104 -0.012869665789704558
68.92463882421244 -0.011724032282477526
68.93078074533382 -0.01059258130553882
68.9369226664552 -0.009480675315151578
68.9430645875766 -0.008393367189251594
68.94920650869798 -0.007335375349320346
68.95534842981937 -0.006311061039844508
68.96149035094075 -0.005324407887918622
68.96763227206215 -0.00437900385493491
68.97377419318353 -0.0034780256809145227
68.97991611430491 -0.0026242259098066254
68.98605803542631 -0.0018199225711075203
68.9921999565477 -0.0010669915793879688
68.99834187766908 -0.0003668618988627235
69.00448379879047 0.0002794864949559804
69.01062571991186 0.0008715218401857353
69.01676764103324 0.0014091569999383996
69.02290956215464 0.001892743076567828
69.02905148327602 0.0023230602621680746
69.0351934043974 0.0027013059757836364
69.0413353255188 0.003029080354941788
69.04747724664018 0.0033083691862182117
69.05361916776157 0.003541524376424153
69.05976108888296 0.0037312420825156493
69.06590301000435 0.0038805386343527645
69.07204493112573 0.0039927243997961775
69.07818685224713 0.004071375756179783
69.08432877336851 0.004120305345814988
69.0904706944899 0.0041435308057016845
69.09661261561129 0.004145242172915626
69.10275453673268 0.004129768177106691
69.10889645785406 0.004101541640047866
