time TPR_both_B_closed_1_rho11
0.0 1.0
0.00614192112138767 0.9999984919267584
0.01228384224277534 0.9999939779512669
0.01842576336416301 0.9999864887281141
0.02456768448555068 0.9999760750884576
0.030709605606938348 0.9999628076522155
0.03685152672832602 0.9999467762889698
0.042993447849713685 0.9999280894313891
0.04913536897110136 0.9999068732460155
0.05527729009248903 0.9998832706672715
0.061419211213876695 0.9998574403015137
0.06756113233526437 0.9998295552088747
0.07370305345665204 0.9997998015715095
0.07984497457803971 0.9997683772576693
0.08598689569942737 0.999735490291769
0.09212881682081504 0.9997013572412924
0.09827073794220272 0.9996662015319774
0.10441265906359039 0.999630251703248
0.11055458018497806 0.9995937396163017
0.11669650130636572 0.9995568986276151
0.12283842242775339 0.999519961740903
0.12898034354914106 0.9994831597507476
0.13512226467052874 0.9994467193912059
0.1412641857919164 0.9994108615027038
0.14740610691330408 0.9993757992304396
0.15354802803469175 0.9993417362673425
0.15968994915607942 0.9993088651543608
0.16583187027746707 0.9992773656505092
0.17197379139885474 0.9992474031846634
0.17811571252024241 0.9992191274005738
0.1842576336416301 0.9991926708059767
0.19039955476301776 0.9991681475360101
0.19654147588440543 0.9991456522404036
0.2026833970057931 0.999125259103107
0.20882531812718078 0.9991070210021606
0.21496723924856845 0.9990909688166904
0.22110916036995612 0.9990771108869444
0.2272510814913438 0.9990654326322823
0.23339300261273144 0.9990558963309771
0.2395349237341191 0.9990484410646211
0.24567684485550678 0.9990429828288265
0.25181876597689445 0.9990394148107974
0.2579606870982821 0.9990376078332293
0.2641026082196698 0.9990374109628672
0.27024452934105747 0.9990386522809319
0.27638645046244514 0.999041139811518
0.2825283715838328 0.9990446626029817
0.2886702927052205 0.999048991956269
0.29481221382660816 0.999053882793108
0.30095413494799583 0.9990590751560027
0.3070960560693835 0.9990642958310142
0.3132379771907712 0.9990692600834327
0.31937989831215885 0.9990736734956022
0.3255218194335465 0.9990772338953954
0.33166374055493414 0.9990796333631345
0.3378056616763218 0.9990805603041265
0.3439475827977095 0.9990797015734334
0.35008950391909716 0.9990767446390363
0.35623142504048483 0.9990713797691688
0.3623733461618725 0.9990633022293097
0.3685152672832602 0.999052214474126
0.37465718840464785 0.999037828319556
0.3807991095260355 0.9990198670802153
0.3869410306474232 0.9989980676573945
0.39308295176881086 0.9989721825631105
0.39922487289019853 0.9989419818659503
0.4053667940115862 0.9989072550448296
0.4115087151329739 0.9988678127372591
0.41765063625436155 0.9988234883692783
0.4237925573757492 0.9987741396548683
0.4299344784971369 0.9987196499534009
0.43607639961852457 0.9986599294744958
0.44221832073991224 0.9985949163205635
0.4483602418612999 0.9985245773582782
0.4545021629826876 0.9984489089112639
0.4606440841040752 0.9983679372673757
0.4667860052254629 0.9982817189951046
0.47292792634685055 0.9981903410648365
0.4790698474682382 0.9980939207719264
0.4852117685896259 0.9979926054598188
0.49135368971101356 0.9978865720427335
0.49749561083240124 0.9977760263287367
0.5036375319537889 0.9976612021453322
0.5097794530751766 0.997542360271007
0.5159213741965643 0.997419787177468
0.5220632953179519 0.9972937935885767
0.5282052164393396 0.9971647128632348
0.5343471375607273 0.9970328992106872
0.5404890586821149 0.996898725747869
0.5466309798035026 0.9967625824095365
0.5527729009248903 0.9966248737229684
0.558914822046278 0.9964860164600087
0.5650567431676656 0.996346437180129
0.5711986642890533 0.9962065696790109
0.577340585410441 0.9960668523578879
0.5834825065318286 0.995927725529536
0.5896244276532163 0.9957896286773428
0.595766348774604 0.9956529976843412
0.6019082698959917 0.9955182620494311
0.6080501910173793 0.9953858421082483
0.614192112138767 0.9952561462762731
0.6203340332601547 0.9951295683317769
0.6264759543815424 0.995006484756122
0.63261787550293 0.9948872521487159
0.6387597966243177 0.9947722047336115
0.6449017177457054 0.9946616519743168
0.651043638867093 0.9945558763128537
0.6571855599884806 0.9944551310484662
0.6633274811098683 0.9943596383706506
0.669469402231256 0.9942695875603498
0.6756113233526436 0.9941851333722342
0.6817532444740313 0.9941063946099897
0.687895165595419 0.9940334529054448
0.6940370867168066 0.9939663517112138
0.7001790078381943 0.9939050955153077
0.706320928959582 0.9938496492848756
0.7124628500809697 0.9937999381449074
0.7186047712023573 0.9937558472963423
0.724746692323745 0.9937172221766092
0.7308886134451327 0.9936838688641797
0.7370305345665203 0.993655554727242
0.743172455687908 0.9936320093151293
0.7493143768092957 0.99361292548965
0.7554562979306834 0.9935979607919911
0.761598219052071 0.9935867390394036
0.7677401401734587 0.9935788521444354
0.7738820612948464 0.9935738621480735
0.780023982416234 0.9935713034567818
0.7861659035376217 0.9935706852721028
0.7923078246590094 0.9935714942002256
0.7984497457803971 0.993573197027719
0.8045916669017847 0.9935752436484987
0.8107335880231724 0.9935770701260455
0.8168755091445601 0.9935781018739215
0.8230174302659478 0.9935777569367594
0.8291593513873354 0.9935754493531176
0.8353012725087231 0.9935705925809207
0.8414431936301108 0.9935626029656369
0.8475851147514984 0.9935509032308872
0.8537270358728861 0.9935349259708461
0.8598689569942738 0.993514117123569
0.8660108781156615 0.9934879394042866
0.8721527992370491 0.993455875677736
0.8782947203584368 0.9934174322487418
0.8844366414798245 0.9933721420505479
0.8905785626012122 0.9933195677107952
0.8967204837225998 0.9932593044755726
0.9028624048439875 0.9931909829726184
0.9090043259653752 0.9931142717955186
0.9151462470867628 0.993028879891637
0.9212881682081504 0.9929345587375138
0.9274300893295381 0.9928311042865772
0.9335720104509257 0.9927183586752265
0.9397139315723134 0.992596211674651
0.9458558526937011 0.9924646018771516
0.9519977738150888 0.992323517607208
0.9581396949364764 0.9921729975490919
0.9642816160578641 0.9920131310844447
0.9704235371792518 0.9918440583349143
0.9765654583006395 0.9916659699066663
0.9827073794220271 0.991479106335341
0.9888493005434148 0.9912837572318115
0.9949912216648025 0.991080260130894
1.0011331427861903 0.9908689990469596
1.0072750639075778 0.9906504027421911
1.0134169850289656 0.9904249427149995
1.0195589061503532 0.9901931309178557
1.025700827271741 0.9899555172154955
1.0318427483931285 0.9897126865961023
1.0379846695145163 0.9894652561496569
1.0441265906359039 0.9892138718291522
1.0502685117572914 0.9889592050118033
1.0564104328786792 0.9887019488787101
1.0625523540000668 0.9884428146326667
1.0686942751214545 0.9881825275749315
1.074836196242842 0.9879218230627765
1.0809781173642299 0.9876614423705108
1.0871200384856174 0.9874021284774253
1.0932619596070052 0.9871446218067139
1.0994038807283928 0.9868896559399015
1.1055458018497806 0.9866379533316327
1.1116877229711681 0.9863902210498598
1.117829644092556 0.9861471465665012
1.1239715652139435 0.9859093936235215
1.1301134863353313 0.9856775981991281
1.1362554074567188 0.9854523645983561
1.1423973285781066 0.9852342616917653
1.1485392496994942 0.9850238193252705
1.154681170820882 0.9848215249232816
1.1608230919422695 0.9846278203063665
1.1669650130636573 0.9844430987435404
1.1731069341850449 0.9842677022580653
1.1792488553064326 0.9841019192043003
1.1853907764278202 0.9839459821316988
1.191532697549208 0.9838000659504961
1.1976746186705955 0.9836642864119935
1.2038165397919833 0.9835386989146243
1.209958460913371 0.983423297645187
1.2161003820347587 0.9833180150627784
1.2222423031561462 0.9832227217310466
1.228384224277534 0.9831372265024306
1.2345261453989216 0.9830612770560709
1.2406680665203094 0.9829945607890709
1.246809987641697 0.9829367060587734
1.2529519087630847 0.982887283771708
1.2590938298844723 0.9828458093128609
1.26523575100586 0.9828117448069457
1.2713776721272476 0.9827845017014104
1.2775195932486354 0.98276344365902
1.283661514370023 0.9827478897460119
1.2898034354914107 0.982737117900045
1.2959453566127983 0.9827303686604667
1.302087277734186 0.982726849141803
1.3082291988555736 0.9827257372298626
1.3143711199769612 0.9827261859784233
1.320513041098349 0.9827273281831704
1.3266549622197366 0.9827282811083694
1.3327968833411243 0.9827281513406968
1.338938804462512 0.982726039743734
1.3450807255838997 0.9827210464858402
1.3512226467052872 0.9827122761134893
1.357364567826675 0.9826988426416623
1.3635064889480626 0.982679874632563
1.3696484100694504 0.9826545202337443
1.375790331190838 0.9826219521467238
1.3819322523122257 0.982581372497317
1.3880741734336133 0.9825320175792308
1.394216094555001 0.9824731624429367
1.4003580156763886 0.9824041253024847
1.4064999367977764 0.9823242717337218
1.412641857919164 0.9822330186383402
1.4187837790405518 0.9821298379492934
1.4249257001619393 0.9820142600543896
1.431067621283327 0.9818858769162815
1.4372095424047147 0.9817443448686203
1.4433514635261024 0.9815893870698282
1.44949338464749 0.9814207955977459
1.4556353057688778 0.9812384331703298
1.4617772268902653 0.9810422344796023
1.4679191480116531 0.9808322071281699
1.4740610691330407 0.980608432159826
1.4802029902544285 0.9803710641780227
1.486344911375816 0.9801203310483226
1.4924868324972038 0.9798565331833108
1.4986287536185914 0.9795800424108432
1.5047706747399792 0.9792913004289298
1.5109125958613667 0.978990816852958
1.5170545169827545 0.9786791668633712
1.523196438104142 0.9783569884642884
1.5293383592255299 0.9780249793658842
1.5354802803469174 0.9776838935056189
1.5416222014683052 0.9773345372256147
1.5477641225896928 0.9769777651255864
1.5539060437110805 0.9766144756127515
1.560047964832468 0.9762456061720486
1.5661898859538559 0.9758721283817705
1.5723318070752434 0.9754950427013579
1.578473728196631 0.9751153730595935
1.5846156493180188 0.9747341612727718
1.5907575704394064 0.9743524613235846
1.5968994915607941 0.9739713335324578
1.6030414126821817 0.9735918386538862
1.6091833338035695 0.9732150319309326
1.615325254924957 0.9728419571414935
1.6214671760463448 0.9724736406701664
1.6276090971677324 0.9721110856395936
1.6337510182891202 0.9717552661349976
1.6398929394105077 0.9714071215552661
1.6460348605318955 0.971067551123391
1.652176781653283 0.9707374085883221
1.6583187027746709 0.9704174971493568
1.6644606238960584 0.9701085646330758
1.6706025450174462 0.9698112989515342
1.6767444661388338 0.9695263238689535
1.6828863872602216 0.96925419510254
1.6890283083816091 0.9689953967812682
1.695170229502997 0.9687503382845616
1.7013121506243845 0.9685193514807418
1.7074540717457722 0.96830268838296
1.7135959928671598 0.968100519238046
1.7197379139885476 0.9679129310613436
1.7258798351099351 0.9677399266281561
1.732021756231323 0.9675814239299116
1.7381636773527105 0.9674372561005918
1.7443055984740983 0.9673071718163648
1.7504475195954858 0.967190836168736
1.7565894407168736 0.9670878320088925
1.7627313618382612 0.9669976617582846
1.768873282959649 0.9669197496778776
1.7750152040810365 0.9668534445859216
1.7811571252024243 0.966798023011559
1.7872990463238119 0.9667526927691154
1.7934409674451997 0.966716596935518
1.7995828885665872 0.9666888182109777
1.805724809687975 0.9666683836408521
1.8118667308093626 0.9666542696745077
1.8180086519307503 0.9666454075350189
1.824150573052138 0.9666406888716867
1.8302924941735257 0.966638971665664
1.8364344152949132 0.9666390863574136
1.8425763364163008 0.9666398421633365
1.8487182575376886 0.9666400335476858
1.8548601786590762 0.9666384468148309
1.861002099780464 0.9666338667860791
1.8671440209018515 0.9666250835245814
1.8732859420232393 0.9666108990713699
1.8794278631446268 0.9665901341552888
1.8855697842660146 0.9665616348394984
1.8917117053874022 0.966524279067345
1.89785362650879 0.9664769830707148
1.9039955476301775 0.966418707604513
1.9101374687515653 0.9663484639716314
1.9162793898729529 0.9662653198037032
1.9224213109943407 0.9661684045640571
1.9285632321157282 0.9660569147406085
1.934705153237116 0.9659301186979242
1.9408470743585036 0.9657873611593865
1.9469889954798913 0.9656280672922406
1.953130916601279 0.9654517463703375
1.9592728377226667 0.9652579949915643
1.9654147588440543 0.9650464998292828
1.971556679965442 0.9648170398995604
1.9776986010868296 0.964569488328559
1.9838405222082174 0.9643038136071435
1.989982443329605 0.9640200803225526
1.9961243644509927 0.9637184493598501
2.0022662855723805 0.9633991775687941
2.008408206693768 0.9630626168947498
2.0145501278151556 0.9627092129752711
2.020692048936543 0.9623395032070053
2.026833970057931 0.9619541142905905
2.0329758911793188 0.961553759264211
2.0391178123007063 0.9611392340394364
2.045259733422094 0.9607114134558677
2.051401654543482 0.9602712468739415
2.0575435756648695 0.9598197533279721
2.063685496786257 0.9593580162641419
2.0698274179076446 0.9588871778906412
2.0759693390290326 0.9584084331695216
2.08211126015042 0.9579230234820233
2.0882531812718077 0.9574322300011663
2.0943951023931953 0.9569373668072424
2.100537023514583 0.9564397737834942
2.106678944635971 0.9559408093307048
2.1128208657573584 0.9554418429406537
2.118962786878746 0.9549442476693896
2.1251047080001335 0.9544493925520393
2.1312466291215215 0.9539586350014049
2.137388550242909 0.9534733132328844
2.1435304713642966 0.9529947387583027
2.149672392485684 0.9525241889910302
2.155814313607072 0.9520629000043291
2.1619562347284598 0.951612059484172
2.1680981558498473 0.9511727999168562
2.174240076971235 0.9507461920505716
2.180381998092623 0.950333238668696
2.1865239192140105 0.9499348687109792
2.192665840335398 0.9495519317769641
2.1988077614567856 0.9491851930439705
2.2049496825781736 0.9488353286297655
2.211091603699561 0.9485029214276578
2.2172335248209487 0.9481884574392142
2.2233754459423363 0.9478923226271021
2.2295173670637243 0.947614800307739
2.235659288185112 0.9473560691004917
2.2418012093064994 0.9471162014471264
2.247943130427887 0.9468951627120915
2.254085051549275 0.9466928108710259
2.2602269726706625 0.9465088967916512
2.26636889379205 0.9463430651079423
2.2725108149134376 0.9461948556851937
2.2786527360348257 0.9460637056703272
2.284794657156213 0.9459489521185429
2.2909365782776008 0.9458498351842042
2.2970784993989883 0.945765501860704
2.3032204205203763 0.9456950102509847
2.309362341641764 0.9456373343474024
2.3155042627631515 0.9455913692967544
2.321646183884539 0.9455559371235335
2.327788105005927 0.9455297928818631
2.3339300261273146 0.9455116312041005
2.340071947248702 0.9455000932117982
2.3462138683700897 0.9454937737525935
2.3523557894914777 0.9454912289246593
2.3584977106128653 0.9454909838486187
2.364639631734253 0.9454915406452973
2.3707815528556404 0.9454913865763812
2.376923473977028 0.9454890023039664
2.383065395098416 0.9454828702241327
2.3892073162198035 0.9454714828290629
2.395349237341191 0.9454533510518607
2.4014911584625787 0.9454270125480889
2.4076330795839667 0.9453910398681793
2.4137750007053542 0.94534404847523
2.419916921826742 0.9452847045633326
2.4260588429481293 0.9452117326324309
2.4322007640695174 0.9451239227768307
2.438342685190905 0.9450201376458259
2.4444846063122925 0.9448993190364959
2.45062652743368 0.9447604940805406
2.456768448555068 0.9446027809890573
2.4629103696764556 0.9444253943214063
2.469052290797843 0.9442276497467637
2.4751942119192307 0.9440089682695891
2.4813361330406187 0.943768879893057
2.4874780541620063 0.9435070266974669
2.493619975283394 0.9432231653137768
2.4997618964047814 0.9429171687756538
2.5059038175261694 0.9425890277368023
2.512045738647557 0.9422388510437987
2.5181876597689445 0.941866865658195
2.524329580890332 0.9414734159252574
2.53047150201172 0.9410589621903384
2.5366134231331077 0.9406240787675368
2.5427553442544952 0.9401694512689432
2.548897265375883 0.9396958733063973
2.555039186497271 0.9392042425812579
2.5611811076186584 0.9386955563811943
2.567323028740046 0.9381709065064302
2.5734649498614335 0.9376314736511812
2.5796068709828215 0.9370785212692073
2.585748792104209 0.9365133889554361
2.5918907132255966 0.9359374853784733
2.598032634346984 0.9353522808014969
2.604174555468372 0.9347592992315066
2.6103164765897597 0.9341601102391559
2.6164583977111473 0.9335563204934194
2.622600318832535 0.9329495650571226
2.6287422399539224 0.932341498490888
2.6348841610753104 0.9317337858142982
2.641026082196698 0.9311280933740607
2.6471680033180855 0.9305260796696498
2.653309924439473 0.9299293861873158
2.659451845560861 0.929339628293466
2.6655937666822487 0.9287583862382547
2.6717356878036362 0.9281871963197571
2.677877608925024 0.9276275422583511
2.684019530046412 0.9270808468298999
2.6901614511677994 0.9265484638050191
2.696303372289187 0.9260316702401288
2.7024452934105745 0.9255316591641527
2.7085872145319625 0.9250495327026361
2.71472913565335 0.9245862956787232
2.7208710567747376 0.9241428497278844
2.727012977896125 0.9237199879605221
2.733154899017513 0.9233183902036279
2.7392968201389007 0.9229386188495314
2.7454387412602883 0.922581115336494
2.751580662381676 0.9222461972824683
2.757722583503064 0.9219340562897956
2.7638645046244514 0.9216447564349599
2.770006425745839 0.9213782334537889
2.7761483468672266 0.9211342946286973
2.7822902679886146 0.9209126193807393
2.788432189110002 0.9207127605653854
2.7945741102313897 0.9205341464670919
2.8007160313527772 0.9203760834839053
2.8068579524741653 0.9202377594895638
2.812999873595553 0.9201182478568342
2.8191417947169404 0.920016512122188
2.825283715838328 0.9199314112683843
2.831425636959716 0.9198617055981038
2.8375675580811035 0.919806063168508
2.843709479202491 0.9197630667534615
2.8498514003238786 0.9197312212972057
2.8559933214452666 0.9197089618204985
2.862135242566654 0.9196946617376646
2.8682771636880418 0.9196866415406444
2.8744190848094293 0.919683177803997
2.8805610059308173 0.9196825124629183
2.886702927052205 0.9196828623146888
2.8928448481735924 0.9196824286925757
2.89898676929498 0.9196794072600907
2.9051286904163676 0.9196719978726484
2.9112706115377556 0.9196584144530968
2.917412532659143 0.9196368948272984
2.9235544537805307 0.919605710465931
2.9296963749019183 0.9195631760789549
2.9358382960233063 0.9195076590097604
2.941980217144694 0.9194375883768597
2.9481221382660814 0.9193514639121266
2.954264059387469 0.9192478644459997
2.960405980508857 0.9191254559917585
2.9665479016302445 0.9189829993829436
2.972689822751632 0.9188193574202069
2.9788317438730196 0.9186335014863553
2.9849736649944076 0.9184245175910565
2.991115586115795 0.918191611809618
2.9972575072371828 0.9179341150833976
3.0033994283585703 0.9176514873527578
3.0095413494799583 0.9173433209970034
3.015683270601346 0.9170093435594423
3.0218251917227335 0.9166494197395427
3.027967112844121 0.9162635526381332
3.034109033965509 0.9158518842456533
3.0402509550868966 0.9154146951676186
3.046392876208284 0.9149524035856692
3.0525347973296717 0.914465563456819
3.0586767184510597 0.9139548619577746
3.0648186395724473 0.9134211161854409
3.070960560693835 0.9128652691289284
3.0771024818152224 0.9122883849325272
3.0832444029366104 0.9116916434731595
3.089386324057998 0.9110763342797726
3.0955282451793855 0.910443849825936
3.101670166300773 0.9097956782305575
3.107812087422161 0.9091333954050994
3.1139540085435486 0.908458656688935
3.120095929664936 0.9077731880175304
3.1262378507863238 0.9070787766709256
3.1323797719077118 0.9063772616525267
3.1385216930290993 0.9056705237504755
3.144663614150487 0.9049604753358268
3.1508055352718745 0.904249049953424
3.156947456393262 0.9035381917627038
3.16308937751465 0.902829844886679
3.1692312986360376 0.9021259427280358
3.175373219757425 0.901428397311629
3.1815151408788127 0.9007390887126655
3.1876570620002007 0.9000598546295417
3.1937989831215883 0.8993924801596258
3.199940904242976 0.8987386878352746
3.2060828253643634 0.8981001279760423
3.2122247464857514 0.8974783694113871
3.218366667607139 0.8968748906262137
3.2245085887285265 0.8962910713793321
3.230650509849914 0.8957281848423627
3.236792430971302 0.8951873903037987
3.2429343520926897 0.8946697264798665
3.249076273214077 0.8941761054705198
3.2552181943354648 0.8937073073953756
3.261360115456853 0.8932639757406906
3.2675020365782403 0.8928466134445794
3.273643957699628 0.892455579743638
3.2797858788210155 0.8920910877999682
3.2859277999424035 0.8917532031233214
3.292069721063791 0.891441842798732
3.2982116421851786 0.8911567755255978
3.304353563306566 0.8908976224697299
3.310495484427954 0.8906638589254399
3.3166374055493417 0.8904548167803118
3.3227793266707293 0.8902696877709069
3.328921247792117 0.8901075275133328
3.335063168913505 0.8899672602883641
3.3412050900348924 0.889847684556677
3.34734701115628 0.8897474791757574
3.3534889322776675 0.8896652102861997
3.3596308533990555 0.8895993388314324
3.365772774520443 0.8895482286714215
3.3719146956418307 0.8895101552476222
3.3780566167632182 0.8894833147533958
3.3841985378846062 0.889465833761286
3.390340459005994 0.8894557792559927
3.3964823801273814 0.88945116901958
3.402624301248769 0.8894499823134364
3.4087662223701565 0.8894501707997804
3.4149081434915445 0.8894496696440668
3.421050064612932 0.889446408738528
3.4271919857343196 0.8894383239862675
3.433333906855707 0.8894233685848283
3.439475827977095 0.8893995242479805
3.4456177490984827 0.8893648123046214
3.4517596702198703 0.8893173046141475
3.457901591341258 0.8892551342384539
3.464043512462646 0.8891765058118253
3.4701854335840334 0.8890797055514111
3.476327354705421 0.8889631108527193
3.4824692758268085 0.8888251994165971
3.4886111969481965 0.8886645578565144
3.494753118069584 0.8884798897375763
3.5008950391909717 0.8882700230015933
3.5070369603123592 0.8880339167356881
3.5131788814337472 0.8877706672453182
3.519320802555135 0.8874795133962229
3.5254627236765224 0.8871598411936434
3.53160464479791 0.886811187571195
3.537746565919298 0.8864332433659788
3.5438884870406855 0.8860258554608752
3.550030408162073 0.8855890280794454
3.5561723292834606 0.8851229232234572
3.5623142504048486 0.8846278602477223
3.568456171526236 0.8841043145716553
3.5745980926476237 0.8835529155317193
3.5807400137690113 0.8829744433836821
3.5868819348903993 0.8823698254683354
3.593023856011787 0.8817401315590137
3.5991657771331744 0.881086568413851
3.605307698254562 0.880410473560213
3.61144961937595 0.8797133083431028
3.6175915404973376 0.8789966502735534
3.623733461618725 0.8782621847170383
3.6298753827401127 0.8775116959657482
3.6360173038615007 0.8767470577421704
3.6421592249828882 0.8759702231847324
3.648301146104276 0.8751832143693314
3.6544430672256634 0.874388111423331
3.6605849883470514 0.8735870412910564
3.666726909468439 0.8727821662119446
3.6728688305898265 0.8719756719742846
3.679010751711214 0.8711697560089118
3.6851526728326016 0.8703666153882894
3.6912945939539896 0.8695684347971022
3.697436515075377 0.8687773745408117
3.7035784361967647 0.8679955586585656
3.7097203573181523 0.8672250632064203
3.7158622784395403 0.8664679047760263
3.722004199560928 0.8657260293127443
3.7281461206823154 0.8650013012956187
3.734288041803703 0.8642954933397294
3.740429962925091 0.863610276279202
3.7465718840464786 0.8629472097865784
3.752713805167866 0.8623077335813583
3.7588557262892537 0.8616931592773315
3.7649976474106417 0.8611046629148486
3.7711395685320293 0.8605432782204478
3.777281489653417 0.8600098906322874
3.7834234107748044 0.8595052321256472
3.7895653318961924 0.8590298768683904
3.79570725301758 0.8585842377317339
3.8018491741389675 0.8581685636770001
3.807991095260355 0.8577829380342237
3.814133016381743 0.8574272776836096
3.8202749375031306 0.8571013331459036
3.826416858624518 0.856804689582757
3.8325587797459058 0.856536768703199
3.8387007008672938 0.8562968315673718
3.8448426219886813 0.8560839822737828
3.850984543110069 0.855897172511494
3.8571264642314564 0.8557352069539446
3.8632683853528444 0.8555967494664967
3.869410306474232 0.8554803300953425
3.8755522275956196 0.8553843528011293
3.881694148717007 0.8553071038965745
3.887836069838395 0.8552467611434724
3.8939779909597827 0.855201403460863
3.9001199120811703 0.8551690211927486
3.906261833202558 0.8551475268806438
3.912403754323946 0.855134766483417
3.9185456754453334 0.8551285309843715
3.924687596566721 0.8551265683233019
3.9308295176881085 0.8551265955893966
3.936971438809496 0.8551263114093067
3.943113359930884 0.8551234084635161
3.9492552810522716 0.855115586063299
3.955397202173659 0.8551005627200684
3.9615391232950468 0.8550760886387945
3.9676810444164348 0.8550399580674041
3.9738229655378223 0.8549900214346806
3.97996488665921 0.8549241972101354
3.9861068077805974 0.8548404834206447
3.9922487289019855 0.8547369687603157
3.998390650023373 0.854611843232059
4.004532571144761 0.8544634082616993
4.010674492266149 0.8542900862281348
4.016816413387536 0.8540904293560477
4.022958334508924 0.853863127920964
4.029100255630311 0.8536070177200401
4.035242176751699 0.8533210867657992
4.041384097873086 0.8530044811641367
4.047526018994474 0.852656510142242
4.053667940115862 0.8522766501966105
4.05980986123725 0.8518645483360434
4.0659517823586375 0.8514200243994008
4.072093703480025 0.8509430724328876
4.078235624601413 0.8504338611167683
4.0843775457228 0.8498927332366
4.090519466844188 0.8493202041993211
4.096661387965575 0.8487169595998052
4.102803309086964 0.8480838518487436
4.108945230208351 0.8474218958779515
4.115087151329739 0.846732263944344
4.1212290724511265 0.846016279558887
4.127370993572514 0.8452754105717636
4.133512914693902 0.8445112614497664
4.139654835815289 0.8437255647865227
4.145796756936677 0.8429201720905332
4.151938678058065 0.8420970439001481
4.158080599179453 0.841258239278479
4.16422252030084 0.8404059047448315
4.170364441422228 0.8395422627025235
4.176506362543615 0.8386695994259006
4.182648283665003 0.8377902526719561
4.1887902047863905 0.836906598984202
4.194932125907778 0.8360210407582854
4.201074047029166 0.8351359931403106
4.207215968150554 0.8342538708298906
4.213357889271942 0.8333770748606046
4.219499810393329 0.8325079794307854
4.225641731514717 0.831648918857386
4.231783652636104 0.8308021747251007
4.237925573757492 0.8299699633019156
4.2440674948788795 0.8291544232908801
4.250209416000267 0.8283576039860916
4.2563513371216555 0.8275814538987245
4.262493258243043 0.8268278099163818
4.268635179364431 0.8260983870561552
4.274777100485818 0.8253947688685422
4.280919021607206 0.8247183985458117
4.287060942728593 0.8240705707845605
4.293202863849981 0.8234524244480712
4.299344784971368 0.8228649360697102
4.305486706092757 0.8223089142339953
4.311628627214144 0.8217849948671653
4.317770548335532 0.8212936374641093
4.3239124694569195 0.820835122273399
4.330054390578307 0.820409548456936
4.336196311699695 0.8200168332354132
4.342338232821082 0.8196567120254193
4.34848015394247 0.8193287395686156
4.354622075063858 0.8190322920480249
4.360763996185246 0.8187665701811062
4.366905917306633 0.8185306032739904
4.373047838428021 0.818323254216034
4.3791897595494085 0.818143225388755
4.385331680670796 0.8179890654582508
4.391473601792184 0.8178591770154158
4.397615522913571 0.8177518250236703
4.40375744403496 0.8176651460295331
4.409899365156347 0.8175971580872206
4.416041286277735 0.817545771344566
4.422183207399122 0.817508799233939
4.42832512852051 0.8174839702085278
4.434467049641897 0.8174689399613394
4.440608970763285 0.8174613040615948
4.4467508918846725 0.8174586109408553
4.452892813006061 0.8174583751592288
4.4590347341274486 0.8174580908803816
4.465176655248836 0.8174552454828258
4.471318576370224 0.8174473332340801
4.477460497491611 0.8174318689538076
4.483602418612999 0.8174064015919328
4.489744339734386 0.8173685276480236
4.495886260855774 0.8173159043588984
4.5020281819771615 0.8172462625824819
4.50817010309855 0.8171574193073764
4.5143120242199375 0.8170472897194412
4.520453945341325 0.816913898758867
4.526595866462713 0.8167553921037893
4.5327377875841 0.8165700465193937
4.538879708705488 0.8163562795147108
4.545021629826875 0.8161126582528705
4.551163550948263 0.8158379076644584
4.557305472069651 0.8155309177177876
4.563447393191039 0.8151907498043278
4.569589314312426 0.8148166422022197
4.575731235433814 0.8144080145857028
4.5818731565552016 0.8139644715533936
4.588015077676589 0.8134858051536217
4.594156998797977 0.8129719963904593
4.600298919919364 0.8124232156996101
4.606440841040753 0.8118398223889558
4.61258276216214 0.8112223630442298
4.618724683283528 0.8105715689060009
4.624866604404915 0.8098883522298397
4.631008525526303 0.8091738016471992
4.6371504466476905 0.8084291765501279
4.643292367769078 0.8076559005284072
4.649434288890466 0.8068555538930519
4.655576210011854 0.8060298653252818
4.661718131133242 0.805180702695045
4.667860052254629 0.8043100630979183
4.674001973376017 0.8034200621636869
4.680143894497404 0.8025129226941095
4.686285815618792 0.8015909626912499
4.692427736740179 0.8006565828413049
4.698569657861567 0.7997122535220468
4.7047115789829554 0.7987605014047964
4.710853500104343 0.7978038957242614
4.716995421225731 0.7968450342915591
4.723137342347118 0.7958865293273197
4.729279263468506 0.7949309931928935
4.735421184589893 0.7939810240983752
4.741563105711281 0.7930391918664008
4.747705026832668 0.7921080238304595
4.753846947954056 0.7911899909458058
4.759988869075444 0.790287494189951
4.766130790196832 0.7894028513281719
4.7722727113182195 0.7885382841174995
4.778414632439607 0.7876959060202634
4.784556553560995 0.7868777104954752
4.790698474682382 0.786085559933155
4.79684039580377 0.7853211752931647
4.802982316925157 0.7845861265062216
4.809124238046546 0.7838818236905591
4.815266159167933 0.7832095092331965
4.821408080289321 0.7825702507800051
4.8275500014107084 0.7819649351737474
4.833691922532096 0.781394263374038
4.839833843653484 0.7808587463877716
4.845975764774871 0.7803587022330083
4.852117685896259 0.7798942539536307
4.858259607017647 0.7794653286963326
4.864401528139035 0.7790716578556844
4.870543449260422 0.7787127782871872
4.87668537038181 0.7783880345824031
4.882827291503197 0.7780965823944721
4.888969212624585 0.7778373927966133
4.8951111337459725 0.7776092576506078
4.90125305486736 0.7774107959567848
4.9073949759887485 0.7772404611517253
4.913536897110136 0.7770965493147741
4.919678818231524 0.7769772082395406
4.925820739352911 0.7768804473219038
4.931962660474299 0.776804148211627
4.938104581595686 0.7767460761705689
4.944246502717074 0.7767038920766546
4.9503884238384614 0.7766751650092826
4.95653034495985 0.7766573853486832
4.9626722660812375 0.7766479783189493
4.968814187202625 0.7766443179020275
4.974956108324013 0.7766437410479133
4.9810980294454 0.7766435621046318
4.987239950566788 0.7766410873903306
4.993381871688175 0.7766336298289599
4.999523792809563 0.7766185235705692
5.00566571393095 0.7765931385172246
5.011807635052339 0.7765548946759362
5.017949556173726 0.7765012762607804
5.024091477295114 0.7764298454676115
5.0302333984165015 0.7763382558463742
5.036375319537889 0.776224265198032
5.042517240659277 0.7760857479255385
5.048659161780664 0.775920706771051
5.054801082902052 0.7757272838747402
5.06094300402344 0.7755037710940472
5.067084925144828 0.7752486195260777
5.073226846266215 0.774960448179979
5.079368767387603 0.7746380517506004
5.0855106885089905 0.77428040744947
5.091652609630378 0.7738866808541075
5.097794530751766 0.7734562307419083
5.103936451873153 0.772988612880256
5.110078372994542 0.7724835827501119
5.116220294115929 0.7719410971860762
5.122362215237317 0.7713613149217725
5.128504136358704 0.7707445960353512
5.134646057480092 0.7700915002959073
5.140787978601479 0.769402784417625
5.146929899722867 0.7686793982344684
5.1530718208442545 0.7679224798141994
5.159213741965643 0.7671333495363809
5.1653556630870305 0.7663135031647949
5.171497584208418 0.7654646039503206
5.177639505329806 0.7645884738057626
5.183781426451193 0.7636870835993425
5.189923347572581 0.7627625426185574
5.196065268693968 0.7618170872608161
5.202207189815356 0.7608530690116784
5.208349110936744 0.7598729417755992
5.214491032058132 0.7588792486278102
5.2206329531795195 0.7578746080593188
5.226774874300907 0.756861699789957
5.232916795422295 0.7558432502269442
5.239058716543682 0.7548220176485345
5.24520063766507 0.7538007771939655
5.251342558786457 0.7527823057421296
5.257484479907845 0.7517693667621153
5.263626401029233 0.7507646952190307
5.269768322150621 0.7497709826183058
5.275910243272008 0.7487908622709891
5.282052164393396 0.747826894861405
5.2881940855147835 0.7468815543969197
5.294336006636171 0.7459572146175079
5.300477927757559 0.7450561359403014
5.306619848878946 0.7441804530113794
5.312761770000335 0.7433321629337226
5.318903691121722 0.7425131142365367
5.32504561224311 0.7417249966470618
5.331187533364497 0.740969331721565
5.337329454485885 0.7402474643874701
5.3434713756072725 0.7395605554435609
5.34961329672866 0.7389095750599093
5.355755217850048 0.7382952973136786
5.361897138971436 0.7377182957912533
5.368039060092824 0.7371789402812872
5.374180981214211 0.7366773945772753
5.380322902335599 0.7362136154021758
5.386464823456986 0.7357873524614704
5.392606744578374 0.7353981496248845
5.398748665699761 0.7350453472308317
5.404890586821149 0.7347280855015371
5.411032507942537 0.7344453090507476
5.417174429063925 0.7341957724600084
5.4233163501853126 0.733978046893691
5.4294582713067 0.7337905277173253
5.435600192428088 0.7336314430783691
5.441742113549475 0.7334988634033367
5.447884034670863 0.7333907117602607
5.45402595579225 0.7333047750307887
5.460167876913639 0.733238715831839
5.466309798035026 0.7331900851226903
5.472451719156414 0.7331563354296732
5.4785936402778015 0.7331348346172781
5.484735561399189 0.7331228801315299
5.490877482520577 0.7331177136388946
5.497019403641964 0.7331165359818137
5.503161324763352 0.7331165223702024
5.509303245884739 0.7331148377269109
5.515445167006128 0.7331086521042494
5.521587088127515 0.7330951560882092
5.527729009248903 0.7330715761069834
5.53387093037029 0.7330351895608052
5.540012851491678 0.7329833396909732
5.5461547726130656 0.7329134501072173
5.552296693734453 0.7328230388942776
5.558438614855841 0.7327097322207066
5.564580535977229 0.7325712773754588
5.570722457098617 0.7324055551607839
5.576864378220004 0.7322105915732829
5.583006299341392 0.7319845687087017
5.589148220462779 0.7317258348301043
5.595290141584167 0.7314329135434764
5.6014320627055545 0.7311045120295243
5.607573983826942 0.7307395282854502
5.6137159049483305 0.730337057335756
5.619857826069718 0.7298963963766472
5.625999747191106 0.7294170488243328
5.632141668312493 0.7288987272434284
5.638283589433881 0.728341355137726
5.644425510555268 0.727745067591773
5.650567431676656 0.727110210757968
5.656709352798043 0.7264373401901909
5.662851273919432 0.7257272180313205
5.668993195040819 0.7249808090683009
5.675135116162207 0.7241992756746801
5.681277037283595 0.7233839716667089
5.687418958404982 0.7225364351051331
5.69356087952637 0.7216583800806979
5.699702800647757 0.7207516875270646
5.705844721769145 0.7198183951103089
5.711986642890533 0.718860686249363
5.718128564011921 0.7178808783266755
5.724270485133308 0.7168814101529475
5.730412406254696 0.7158648287540411
5.7365543273760835 0.7148337755520202
5.742696248497471 0.7137909720157424
5.748838169618859 0.7127392048594684
5.754980090740246 0.7116813108705565
5.761122011861635 0.7106201614494564
5.767263932983022 0.7095586469469009
5.77340585410441 0.7084996608843901
5.779547775225797 0.7074460841447803
5.785689696347185 0.7064007692200067
5.7918316174685724 0.7053665246027078
5.79797353858996 0.7043460994077494
5.804115459711348 0.703342168308407
5.810257380832735 0.702357316870233
5.816399301954124 0.7013940273634482
5.822541223075511 0.7004546651320459
5.828683144196899 0.699541465594712
5.834825065318286 0.6986565219491623
5.840966986439674 0.6978017736475945
5.847108907561061 0.6969789957066761
5.853250828682449 0.6961897889108669
5.8593927498038365 0.695435570962928
5.865534670925225 0.6947175686302327
5.8716765920466125 0.6940368109300006
5.877818513168 0.6933941233908456
5.883960434289388 0.6927901234221139
5.890102355410775 0.6922252168163985
5.896244276532163 0.6916995954044144
5.90238619765355 0.6912132358751126
5.908528118774938 0.6907658997675525
5.914670039896326 0.6903571346346742
5.920811961017714 0.6899862763727413
5.9269538821391015 0.6896524527039047
5.933095803260489 0.6893545877930957
5.939237724381877 0.6890914079743301
5.945379645503264 0.6888614485555231
5.951521566624652 0.6886630616651053
5.957663487746039 0.6884944250981346
5.963805408867428 0.688353552114228
5.969947329988815 0.6882383021345335
5.976089251110203 0.6881463922801447
5.98223117223159 0.6880754096898473
5.988373093352978 0.6880228245509161
5.9945150144743655 0.6879860037728521
6.000656935595753 0.6879622252304969
6.006798856717141 0.6879486924998993
6.012940777838529 0.6879425500076449
6.019082698959917 0.687940898512111
6.025224620081304 0.6879408108332935
6.031366541202692 0.6879393477464644
6.037508462324079 0.6879335739539805
6.043650383445467 0.6879205740490678
6.0497923045668545 0.6878974683853656
6.055934225688242 0.6878614287664231
6.06207614680963 0.6878096938702001
6.068218067931018 0.6877395843249335
6.074359989052406 0.6876485173544794
6.080501910173793 0.6875340209134249
6.086643831295181 0.6873937472348769
6.092785752416568 0.687225485716857
6.098927673537956 0.6870271750766574
6.105069594659343 0.6867969147063221
6.111211515780731 0.6865329751665963
6.117353436902119 0.6862338077612087
6.123495358023507 0.6858980531382022
6.1296372791448945 0.6855245488701832
6.135779200266282 0.6851123359707864
6.14192112138767 0.684660664310332
6.148063042509057 0.6841689968995562
6.154204963630445 0.6836370130163807
6.160346884751832 0.6830646101569449
6.166488805873221 0.6824519047984955
6.172630726994608 0.6817992319682015
6.178772648115996 0.681107143618484
6.1849145692373835 0.6803764058160023
6.191056490358771 0.679607994757966
6.197198411480159 0.6788030916359228
6.203340332601546 0.6779630763735677
6.209482253722934 0.6770895202713759
6.215624174844322 0.6761841775969754
6.22176609596571 0.6752489761660716
6.227908017087097 0.6742860069644155
6.234049938208485 0.6732975128667089
6.240191859329872 0.6722858765134462
6.24633378045126 0.6712536074114694
6.2524757015726475 0.670203328328427
6.258617622694035 0.6691377610553539
6.2647595438154235 0.668059711615209
6.270901464936811 0.6669720549983837
6.277043386058199 0.6658777195089244
