time TPR_both_C_closed_1_rho33
0.0 0.0
0.00614192112138767 3.553254746800331e-08
0.01228384224277534 5.664413953520994e-07
0.01842576336416301 2.8501597894005636e-06
0.02456768448555068 8.931327546071603e-06
0.030709605606938348 2.156719179193317e-05
0.03685152672832602 4.412712534365058e-05
0.042993447849713685 8.047001269454943e-05
0.04913536897110136 0.00013480404066849492
0.05527729009248903 0.0002115340247595509
0.061419211213876695 0.00031510178092633833
0.06756113233526437 0.00044982520462542625
0.07370305345665204 0.0006197416434779246
0.07984497457803971 0.0008284608570668745
0.08598689569942737 0.0010790323665753935
0.09212881682081504 0.0013738313362799718
0.09827073794220272 0.001714466332916542
0.10441265906359039 0.002101711416849196
0.11055458018497806 0.002535464072441221
0.11669650130636572 0.0030147295259650123
0.12283842242775339 0.003537631067898443
0.12898034354914106 0.004101445129006012
0.13512226467052874 0.004702659087493002
0.1412641857919164 0.005337049132736468
0.14740610691330408 0.005999774997579477
0.15354802803469175 0.00668548800650977
0.15968994915607942 0.007388448674554062
0.16583187027746707 0.008102650027921904
0.17197379139885474 0.008821942892802106
0.17811571252024241 0.009540159598674951
0.1842576336416301 0.010251232848583262
0.19039955476301776 0.01094930689986493
0.19654147588440543 0.011628838652314975
0.2026833970057931 0.012284686733776397
0.20882531812718078 0.0129121871837033
0.21496723924856845 0.013507214842922123
0.22110916036995612 0.01406623004464707
0.2272510814913438 0.014586310652682836
0.23339300261273144 0.015065169895764672
0.2395349237341191 0.015501160793544735
0.24567684485550678 0.015893268254491118
0.25181876597689445 0.01624109014663316
0.2579606870982821 0.016544808799118512
0.2641026082196698 0.01680515448874665
0.27024452934105747 0.017023362505718054
0.27638645046244514 0.017201125382932805
0.2825283715838328 0.017340541820409606
0.2886702927052205 0.01744406374843814
0.29481221382660816 0.017514442857733507
0.30095413494799583 0.017554677789745086
0.3070960560693835 0.01756796303252436
0.3132379771907712 0.01755764041362396
0.31937989831215885 0.017527153926985676
0.3255218194335465 0.017480008480335082
0.33166374055493414 0.01741973300690502
0.3378056616763218 0.01734984825304317
0.3439475827977095 0.01727383943315718
0.35008950391909716 0.01719513383637422
0.35623142504048483 0.017117083375314028
0.3623733461618725 0.017042951985891584
0.3685152672832602 0.016975907716913555
0.37465718840464785 0.016919019287808375
0.3807991095260355 0.01687525684021968
0.3869410306474232 0.01684749656229122
0.39308295176881086 0.016838528821106074
0.39922487289019853 0.01685106939678991
0.4053667940115862 0.016887773369284806
0.4115087151329739 0.016951251164055416
0.41765063625436155 0.017044086214684902
0.4237925573757492 0.017168853647607965
0.4299344784971369 0.01732813933682924
0.43607639961852457 0.017524558614749094
0.44221832073991224 0.017760773860244373
0.4483602418612999 0.018039510118779703
0.4545021629826876 0.018363567844217162
0.4606440841040752 0.018735831791631425
0.4667860052254629 0.0191592750391106
0.47292792634685055 0.0196369570792651
0.4790698474682382 0.020172014903662105
0.4852117685896259 0.020767646011837393
0.49135368971101356 0.021427082317395426
0.49749561083240124 0.022153554003519437
0.5036375319537889 0.022950242505229746
0.5097794530751766 0.023820221971561376
0.5159213741965643 0.024766388792033085
0.5220632953179519 0.02579137906139086
0.5282052164393396 0.026897474205689734
0.5343471375607273 0.02808649539993939
0.5404890586821149 0.02935968786850363
0.5466309798035026 0.030717596666664237
0.5527729009248903 0.032159936084135296
0.558914822046278 0.033685455374030636
0.5650567431676656 0.03529180407532778
0.5711986642890533 0.03697540074121971
0.577340585410441 0.038731309384813624
0.5834825065318286 0.040553128379940816
0.5896244276532163 0.042432896879422734
0.595766348774604 0.04436102400672768
0.6019082698959917 0.046326246111354115
0.6080501910173793 0.048315617227931734
0.614192112138767 0.05031453752269217
0.6203340332601547 0.05230682393340867
0.6264759543815424 0.054274826402602484
0.63261787550293 0.05619959207040947
0.6387597966243177 0.058061078545039294
0.6449017177457054 0.05983841592851714
0.651043638867093 0.061510215678222444
0.6571855599884806 0.06305492267680383
0.6633274811098683 0.0644512051209687
0.669469402231256 0.06567837508891203
0.6756113233526436 0.06671683097889833
0.6817532444740313 0.06754851150368248
0.687895165595419 0.06815734965342177
0.6940370867168066 0.06852971407656044
0.7001790078381943 0.06865482473968548
0.706320928959582 0.0685251295682209
0.7124628500809697 0.06813662907988731
0.7186047712023573 0.06748913682393108
0.724746692323745 0.06658646473259047
0.7308886134451327 0.06543652425647263
0.7370305345665203 0.06405133634936451
0.743172455687908 0.06244694592565228
0.7493143768092957 0.06064323925034347
0.7554562979306834 0.058663665736361566
0.761598219052071 0.056534868702507936
0.7677401401734587 0.0542862326669941
0.7738820612948464 0.05194935759268006
0.780023982416234 0.04955747304221311
0.7861659035376217 0.0471448073353448
0.7923078246590094 0.04474592843366046
0.7984497457803971 0.042395074337133805
0.8045916669017847 0.0401254912140074
0.8107335880231724 0.03796879727913696
0.8168755091445601 0.03595438959290434
0.8230174302659478 0.034108909507750244
0.8291593513873354 0.03245578050306687
0.8353012725087231 0.031014829705394452
0.8414431936301108 0.029802001592082492
0.8475851147514984 0.028829169338831957
0.8537270358728861 0.02810404611859052
0.8598689569942738 0.027630195516559992
0.8660108781156615 0.027407137214728088
0.8721527992370491 0.02743054133063486
0.8782947203584368 0.027692502365618144
0.8844366414798245 0.028181881705565483
0.8905785626012122 0.028884706078915343
0.8967204837225998 0.029784608346113576
0.9028624048439875 0.030863296482598633
0.9090043259653752 0.03210103661204772
0.9151462470867628 0.033477136416133355
0.9212881682081504 0.03497041614199584
0.9274300893295381 0.03655965568562384
0.9335720104509257 0.03822400777487832
0.9397139315723134 0.03994336903056158
0.9458558526937011 0.04169870256638121
0.9519977738150888 0.043472307719427825
0.9581396949364764 0.045248034407642405
0.9642816160578641 0.047011441423463425
0.9704235371792518 0.04874989963730248
0.9765654583006395 0.050452642556112585
0.9827073794220271 0.052110767928739386
0.9888493005434148 0.053717195090930495
0.9949912216648025 0.055266583490536564
1.0011331427861903 0.05675521833003479
1.0072750639075778 0.05818086952086683
1.0134169850289656 0.05954263018174573
1.0195589061503532 0.060840740756508985
1.025700827271741 0.06207640450583688
1.0318427483931285 0.06325159967311202
1.0379846695145163 0.06436889307048262
1.0441265906359039 0.06543125920871629
1.0502685117572914 0.06644190843371016
1.0564104328786792 0.06740412686076595
1.0625523540000668 0.06832113023867394
1.0686942751214545 0.06919593324913785
1.074836196242842 0.07003123516891441
1.0809781173642299 0.0708293223040282
1.0871200384856174 0.07159198715551734
1.0932619596070052 0.07232046389884374
1.0994038807283928 0.07301537945576697
1.1055458018497806 0.07367671920693827
1.1116877229711681 0.0743038062324351
1.117829644092556 0.07489529287103835
1.1239715652139435 0.07544916335123517
1.1301134863353313 0.07596274626097962
1.1362554074567188 0.07643273568208903
1.1423973285781066 0.07685521991166744
1.1485392496994942 0.07722571682019073
1.154681170820882 0.07753921504724726
1.1608230919422695 0.07779022040522501
1.1669650130636573 0.07797280704274262
1.1731069341850449 0.07808067310803343
1.1792488553064326 0.0781072008428648
1.1853907764278202 0.07804552122519669
1.191532697549208 0.07788858345905952
1.1976746186705955 0.07762922977840861
1.2038165397919833 0.07726027618315098
1.209958460913371 0.07677459985494603
1.2161003820347587 0.07616523410210144
1.2222423031561462 0.07542547175071389
1.228384224277534 0.0745489779263522
1.2345261453989216 0.07352991314969849
1.2406680665203094 0.07236306759285527
1.246809987641697 0.07104400720243341
1.2529519087630847 0.06956923218303153
1.2590938298844723 0.06793634804269962
1.26523575100586 0.06614424902377487
1.2713776721272476 0.06419331327293538
1.2775195932486354 0.06208560854051358
1.283661514370023 0.05982510654111102
1.2898034354914107 0.05741790335922503
1.2959453566127983 0.054872442453429794
1.302087277734186 0.052199735914545124
1.3082291988555736 0.04941357868716089
1.3143711199769612 0.04653074949645898
1.320513041098349 0.043571191266977054
1.3266549622197366 0.04055816291715156
1.3327968833411243 0.03751835360999186
1.338938804462512 0.034481949888521705
1.3450807255838997 0.03148264568139483
1.3512226467052872 0.028557584988455117
1.357364567826675 0.02574722720704798
1.3635064889480626 0.02309512559373358
1.3696484100694504 0.020647610322530107
1.375790331190838 0.018453369039759474
1.3819322523122257 0.016562919752950617
1.3880741734336133 0.015027973335351526
1.394216094555001 0.013900685865400792
1.4003580156763886 0.013232804414654792
1.4064999367977764 0.013074713684182865
1.412641857919164 0.013474394976541657
1.4187837790405518 0.014476313258650885
1.4249257001619393 0.01612025237473532
1.431067621283327 0.01844012263983803
1.4372095424047147 0.021462768897567413
1.4433514635261024 0.025206810464296493
1.44949338464749 0.029681547007182535
1.4556353057688778 0.03488596612353467
1.4617772268902653 0.04080788903032198
1.4679191480116531 0.047423290189546254
1.4740610691330407 0.05469582478134809
1.4802029902544285 0.06257659463417486
1.486344911375816 0.07100417852874391
1.4924868324972038 0.07990494677072497
1.4986287536185914 0.08919367270195894
1.5047706747399792 0.09877444558217317
1.5109125958613667 0.10854188027373443
1.5170545169827545 0.11838260970518959
1.523196438104142 0.12817703652126006
1.5293383592255299 0.13780131102135973
1.5354802803469174 0.14712949383042784
1.5416222014683052 0.15603585411250648
1.5477641225896928 0.16439724788049148
1.5539060437110805 0.17209551638163326
1.560047964832468 0.17901984189285264
1.5661898859538559 0.185068997712008
1.5723318070752434 0.19015343076342173
1.578473728196631 0.1941971190375355
1.5846156493180188 0.19713915194990203
1.5907575704394064 0.1989349894366448
1.5968994915607941 0.19955736492148243
1.6030414126821817 0.19899680784226922
1.6091833338035695 0.19726177280749702
1.615325254924957 0.19437837422537074
1.6214671760463448 0.19038973695634423
1.6276090971677324 0.18535498473883208
1.6337510182891202 0.17934789841057802
1.6398929394105077 0.17245528492616075
1.6460348605318955 0.1647751055496702
1.652176781653283 0.15641441715232793
1.6583187027746709 0.14748718412373052
1.6644606238960584 0.13811201995616063
1.6706025450174462 0.12840991711425626
1.6767444661388338 0.11850202146846443
1.6828863872602216 0.10850750353302575
1.6890283083816091 0.09854157324993691
1.695170229502997 0.08871367838634835
1.7013121506243845 0.07912591907999786
1.7074540717457722 0.06987170300412907
1.7135959928671598 0.061034657355649204
1.7197379139885476 0.05268780570677509
1.7258798351099351 0.04489300998062555
1.732021756231323 0.03770067065575901
1.7381636773527105 0.031149671968282517
1.7443055984740983 0.025267553507697205
1.7504475195954858 0.020070885287676254
1.7565894407168736 0.015565820159100019
1.7627313618382612 0.011748795316993943
1.768873282959649 0.008607353591366128
1.7750152040810365 0.006121055125462779
1.7811571252024243 0.004262450827461975
1.7872990463238119 0.002998090507303222
1.7934409674451997 0.002289540741396875
1.7995828885665872 0.002094390101733228
1.805724809687975 0.0023672223013509654
1.8118667308093626 0.00306054091119406
1.8180086519307503 0.004125632471446636
1.824150573052138 0.00551335794547399
1.8302924941735257 0.007174865455235794
1.8364344152949132 0.009062220019989175
1.8425763364163008 0.011128948539700893
1.8487182575376886 0.013330500482536627
1.8548601786590762 0.015624626629762807
1.861002099780464 0.017971679793279776
1.8671440209018515 0.020334842654876676
1.8732859420232393 0.02268028879620126
1.8794278631446268 0.024977283616152417
1.8855697842660146 0.027198232195296594
1.8917117053874022 0.029318681295942416
1.89785362650879 0.03131728261446749
1.9039955476301775 0.033175724162478784
1.9101374687515653 0.03487863627758471
1.9162793898729529 0.03641347828327083
1.9224213109943407 0.03777041125834629
1.9285632321157282 0.03894216176440592
1.934705153237116 0.03992388073624597
1.9408470743585036 0.040713001083427326
1.9469889954798913 0.04130909689629659
1.953130916601279 0.0417137465089337
1.9592728377226667 0.041930401054285325
1.9654147588440543 0.041964259560539965
1.971556679965442 0.041822151088181575
1.9776986010868296 0.041512423898320994
1.9838405222082174 0.04104484117808174
1.989982443329605 0.04043048243066129
1.9961243644509927 0.03968164926861689
2.0022662855723805 0.03881177403140726
2.008408206693768 0.037835329385013876
2.0145501278151556 0.03676773685576635
2.020692048936543 0.03562527210602565
2.026833970057931 0.0344249646803816
2.0329758911793188 0.03318448994217038
2.0391178123007063 0.031922050986347816
2.045259733422094 0.03065624846098669
2.051401654543482 0.0294059364604673
2.0575435756648695 0.02819006297257784
2.063685496786257 0.02702749377173437
2.0698274179076446 0.02593681915203846
2.0759693390290326 0.024936143485180973
2.08211126015042 0.024042858264550448
2.0882531812718077 0.023273400050050998
2.0943951023931953 0.022642995545779306
2.100537023514583 0.022165396908135838
2.106678944635971 0.0218526112737737
2.1128208657573584 0.02171462938893755
2.118962786878746 0.021759159083614595
2.1251047080001335 0.02199137013085315
2.1312466291215215 0.022413657725651792
2.137388550242909 0.02302543236881597
2.1435304713642966 0.023822944308140526
2.149672392485684 0.024799150832111004
2.155814313607072 0.025943634592784516
2.1619562347284598 0.027242580722390518
2.1680981558498473 0.028678819777562186
2.174240076971235 0.03023194248063619
2.180381998092623 0.031878490825559415
2.1865239192140105 0.03359222838668375
2.192665840335398 0.03534449063731631
2.1988077614567856 0.037104613792577665
2.2049496825781736 0.038840438195431065
2.211091603699561 0.04051887963887645
2.2172335248209487 0.042106559348622646
2.2233754459423363 0.04357048073816347
2.2295173670637243 0.04487873859957994
2.235659288185112 0.046001244220248656
2.2418012093064994 0.04691044812892527
2.247943130427887 0.047582040879244884
2.254085051549275 0.0479956115676233
2.2602269726706625 0.048135243731571034
2.26636889379205 0.047990028936670995
2.2725108149134376 0.04755447976195457
2.2786527360348257 0.0468288260296295
2.284794657156213 0.04581918095889914
2.2909365782776008 0.04453756738460601
2.2970784993989883 0.04300179816726652
2.3032204205203763 0.04123520930034776
2.309362341641764 0.039266248837657974
2.3155042627631515 0.03712792944473628
2.321646183884539 0.03485715693892691
2.327788105005927 0.032493951437252484
2.3339300261273146 0.030080581500129395
2.340071947248702 0.02766063477925692
2.3462138683700897 0.025278051010928546
2.3523557894914777 0.02297614463460227
2.3584977106128653 0.020796644791513712
2.364639631734253 0.018778779941733752
2.3707815528556404 0.016958432846141448
2.376923473977028 0.015367389251105833
2.383065395098416 0.01403270038735578
2.3892073162198035 0.012976175485123207
2.395349237341191 0.012214016078475928
2.4014911584625787 0.011756599106695643
2.4076330795839667 0.011608410914919194
2.4137750007053542 0.011768129407206552
2.419916921826742 0.012228847002249018
2.4260588429481293 0.012978422858136674
2.4322007640695174 0.013999949216838167
2.438342685190905 0.015272313789821303
2.4444846063122925 0.01677083794734746
2.45062652743368 0.018467969132087942
2.456768448555068 0.020334005402056893
2.4629103696764556 0.02233783029177956
2.469052290797843 0.024447637204922268
2.4751942119192307 0.026631624229354566
2.4813361330406187 0.028858642487984715
2.4874780541620063 0.031098783781618518
2.493619975283394 0.03332389621104442
2.4997618964047814 0.0355080195504074
2.5059038175261694 0.037627735253208096
2.512045738647557 0.03966242898662362
2.5181876597689445 0.0415944664046483
2.524329580890332 0.04340928539919763
2.53047150201172 0.04509541024441155
2.5366134231331077 0.04664439482767064
2.5427553442544952 0.04805070351698832
2.548897265375883 0.04931153914390317
2.555039186497271 0.05042662809695183
2.5611811076186584 0.051397972651550376
2.567323028740046 0.05222958044801149
2.5734649498614335 0.052927180519668396
2.5796068709828215 0.0534979345224313
2.585748792104209 0.053950150882826065
2.5918907132255966 0.05429300852061538
2.598032634346984 0.05453629566873671
2.604174555468372 0.05469016815714152
2.6103164765897597 0.054764930391744154
2.6164583977111473 0.05477084118162692
2.622600318832535 0.05471794557593329
2.6287422399539224 0.05461593298796754
2.6348841610753104 0.05447402112206663
2.641026082196698 0.05430086458624749
2.6471680033180855 0.05410448657193198
2.653309924439473 0.05389223160763739
2.659451845560861 0.053670737138751944
2.6655937666822487 0.05344592153967088
2.6717356878036362 0.053222986114807774
2.677877608925024 0.05300642867722266
2.684019530046412 0.05280006639325355
2.6901614511677994 0.052607065734203755
2.696303372289187 0.05242997756812543
2.7024452934105745 0.05227077564344039
2.7085872145319625 0.05213089695030902
2.71472913565335 0.05201128268557712
2.7208710567747376 0.051912418784667666
2.727012977896125 0.05183437521238444
2.733154899017513 0.05177684341919136
2.7392968201389007 0.05173917156642755
2.7454387412602883 0.05172039730061967
2.751580662381676 0.05171927801209325
2.757722583503064 0.05173431864584016
2.7638645046244514 0.051763797243106195
2.770006425745839 0.05180578848094987
2.7761483468672266 0.0518581855449576
2.7822902679886146 0.05191872071845543
2.788432189110002 0.05198498510110884
2.7945741102313897 0.05205444788194235
2.8007160313527772 0.05212447558769695
2.8068579524741653 0.05219235170816205
2.812999873595553 0.052255297066681666
2.8191417947169404 0.05231049125738813
2.825283715838328 0.05235509541177735
2.831425636959716 0.052386276486937694
2.8375675580811035 0.052401233187084985
2.843709479202491 0.05239722354018408
2.8498514003238786 0.0523715940537091
2.8559933214452666 0.052321810269643665
2.862135242566654 0.05224548843062456
2.8682771636880418 0.05214042785905317
2.8744190848094293 0.0520046435418259
2.8805610059308173 0.0518363983082904
2.886702927052205 0.05163423389175309
2.8928448481735924 0.05139700007934786
2.89898676929498 0.05112388108560466
2.9051286904163676 0.05081441823606934
2.9112706115377556 0.05046852802325532
2.917412532659143 0.050086514602291354
2.9235544537805307 0.049669075831677935
2.9296963749019183 0.04921730203871638
2.9358382960233063 0.04873266680162963
2.941980217144694 0.04821700919215169
2.9481221382660814 0.04767250711297585
2.954264059387469 0.04710164159180456
2.960405980508857 0.046507152153891694
2.9665479016302445 0.04589198368203463
2.972689822751632 0.04525922547914686
2.9788317438730196 0.044612043564153665
2.9849736649944076 0.04395360754569322
2.991115586115795 0.04328701371732716
2.9972575072371828 0.0426152062891288
3.0033994283585703 0.041940898899731495
3.0095413494799583 0.04126649872656882
3.015683270601346 0.0405940356174863
3.0218251917227335 0.03992509869322278
3.027967112844121 0.039260782808952996
3.034109033965509 0.03860164710876677
3.0402509550868966 0.03794768765793514
3.046392876208284 0.037298325796512315
3.0525347973296717 0.036652413431059384
3.0586767184510597 0.03600825598029704
3.0648186395724473 0.03536365313078045
3.070960560693835 0.034715956959509686
3.0771024818152224 0.0340621463641221
3.0832444029366104 0.033398916132535525
3.089386324057998 0.03272277840830967
3.0955282451793855 0.03203017379114313
3.101670166300773 0.03131758887799679
3.107812087422161 0.030581676720822057
3.1139540085435486 0.029819376469373944
3.120095929664936 0.02902802839478095
3.1262378507863238 0.02820548055835391
3.1323797719077118 0.027350183601198758
3.1385216930290993 0.02646127047772902
3.144663614150487 0.025538618427993078
3.1508055352718745 0.024582891061836806
3.156947456393262 0.023595559089290303
3.16308937751465 0.022578898949252062
3.1692312986360376 0.021535969333001424
3.175373219757425 0.020470566339623283
3.1815151408788127 0.019387158706792026
3.1876570620002007 0.018290805204130105
3.1937989831215883 0.01718705683238097
3.199940904242976 0.016081846919194558
3.2060828253643634 0.014981372526036952
3.2122247464857514 0.013891970771167873
3.218366667607139 0.0128199937275599
3.2245085887285265 0.011771685474982228
3.230650509849914 0.010753064680912756
3.236792430971302 0.009769815769220137
3.2429343520926897 0.008827191326579416
3.249076273214077 0.007929927915338812
3.2552181943354648 0.00708217693093121
3.261360115456853 0.006287451585510478
3.2675020365782403 0.005548590540415316
3.273643957699628 0.0048677381699314595
3.2797858788210155 0.004246340936831932
3.2859277999424035 0.0036851589124030524
3.292069721063791 0.003184291092587909
3.2982116421851786 0.0027432128561125256
3.304353563306566 0.0023608236847133344
3.310495484427954 0.0020355031208217898
3.3166374055493417 0.0017651728718322446
3.3227793266707293 0.0015473629769817933
3.328921247792117 0.001379280025118079
3.335063168913505 0.001257875539665741
3.3412050900348924 0.0011799128202314771
3.34734701115628 0.001142030737297808
3.3534889322776675 0.0011408032061774795
3.3596308533990555 0.0011727933082024738
3.365772774520443 0.0012346012713144062
3.3719146956418307 0.0013229057603658943
3.3780566167632182 0.0014344981525498683
3.3841985378846062 0.0015663096800254746
3.390340459005994 0.0017154315061715664
3.3964823801273814 0.0018791279616691384
3.402624301248769 0.002054843300902399
3.4087662223701565 0.002240202448330547
3.4149081434915445 0.0024330062899211927
3.421050064612932 0.0026312221286822006
3.4271919857343196 0.002832969968614878
3.433333906855707 0.0030365053212530945
3.439475827977095 0.0032401992467387467
3.4456177490984827 0.003442516350485423
3.4517596702198703 0.003641991460085769
3.457901591341258 0.003837205708081139
3.464043512462646 0.004026762746943394
3.4701854335840334 0.004209265824981803
3.476327354705421 0.0043832964571277186
3.4824692758268085 0.004547395433237032
3.4886111969481965 0.004700046918546101
3.494753118069584 0.004839666415350478
3.5008950391909717 0.004964593370239651
3.5070369603123592 0.0050730892249790886
3.5131788814337472 0.005163341718341933
3.519320802555135 0.005233476247151226
3.5254627236765224 0.0052815750831887035
3.53160464479791 0.005305705213625101
3.537746565919298 0.0053039555209822885
3.5438884870406855 0.005274483938829088
3.550030408162073 0.005215575105821093
3.5561723292834606 0.005125708887817611
3.5623142504048486 0.005003639940516038
3.568456171526236 0.0048484882388783145
3.5745980926476237 0.004659840201143026
3.5807400137690113 0.004437859682372878
3.5868819348903993 0.0041834077050388425
3.593023856011787 0.003898169334083553
3.5991657771331744 0.003584785595900172
3.605307698254562 0.0032469877924541646
3.61144961937595 0.002889730984562096
3.6175915404973376 0.0025193228270685205
3.623733461618725 0.0021435433522063504
3.6298753827401127 0.0017717507386353988
3.6360173038615007 0.0014149675991993868
3.6421592249828882 0.0010859419004495539
3.648301146104276 0.0007991763244094444
3.6544430672256634 0.000570919732780898
3.6605849883470514 0.0004191144314167926
3.666726909468439 0.0003632931932304002
3.6728688305898265 0.00042442051302497456
3.679010751711214 0.0006246733656604471
3.6851526728326016 0.0009871578403579107
3.6912945939539896 0.0015355594404689523
3.697436515075377 0.0022937265699473513
3.7035784361967647 0.0032851887616753145
3.7097203573181523 0.004532613509835958
3.7158622784395403 0.006057208102888328
3.722004199560928 0.007878075551876827
3.7281461206823154 0.01001153648956136
3.734288041803703 0.012470431681171406
3.740429962925091 0.015263422424649557
3.7465718840464786 0.018394308502546777
3.752713805167866 0.021861385347295172
3.7588557262892537 0.02565686356230438
3.7649976474106417 0.029766374773205973
3.7711395685320293 0.034168587847695095
3.777281489653417 0.03883495871836848
3.7834234107748044 0.04372963529625848
3.7895653318961924 0.04880953623196879
3.79570725301758 0.05402461856425343
3.8018491741389675 0.05931834463455641
3.807991095260355 0.06462835312977373
3.814133016381743 0.06988733288189816
3.8202749375031306 0.07502409128653852
3.826416858624518 0.07996480212925926
3.8325587797459058 0.08463441049133849
3.8387007008672938 0.08895816553270004
3.8448426219886813 0.09286324562099375
3.850984543110069 0.09628043479357007
3.8571264642314564 0.0991458051898497
3.8632683853528444 0.10140235713128501
3.869410306474232 0.1030015671653063
3.8755522275956196 0.10390479477996514
3.881694148717007 0.10408450071886365
3.887836069838395 0.10352523388449102
3.8939779909597827 0.102224349632675
3.9001199120811703 0.10019242966905434
3.906261833202558 0.09745338251936152
3.912403754323946 0.09404421334821604
3.9185456754453334 0.09001446237854853
3.924687596566721 0.085425321907674
3.9308295176881085 0.080348452496874
3.936971438809496 0.07486452889870097
3.943113359930884 0.06906155526984037
3.9492552810522716 0.06303299682748058
3.955397202173659 0.0568757810328102
3.9615391232950468 0.05068822538969562
3.9676810444164348 0.044567950878557486
3.9738229655378223 0.03860983984612398
3.97996488665921 0.032904094876551236
3.9861068077805974 0.027534450905047674
3.9922487289019855 0.02257658681171628
3.998390650023373 0.018096775232351755
4.004532571144761 0.014150800681940776
4.010674492266149 0.010783166681349638
4.016816413387536 0.008026602802907658
4.022958334508924 0.005901872800706475
4.029100255630311 0.004417875641958546
4.035242176751699 0.003572022646693738
4.041384097873086 0.0033508663649413324
4.047526018994474 0.0037309505037367626
4.053667940115862 0.004679845324112256
4.05980986123725 0.006157329553769987
4.0659517823586375 0.008116678027884097
4.072093703480025 0.010506013936354492
4.078235624601413 0.01326968562016816
4.0843775457228 0.016349630172345544
4.090519466844188 0.019686689471921193
4.096661387965575 0.023221848497638226
4.102803309086964 0.026897370602085646
4.108945230208351 0.030657809644427905
4.115087151329739 0.03445088425572454
4.1212290724511265 0.038228204836729375
4.127370993572514 0.04194584897944717
4.133512914693902 0.04556478570523543
4.139654835815289 0.04905115310101179
4.145796756936677 0.052376397522240936
4.151938678058065 0.05551728546151931
4.158080599179453 0.05845580143120579
4.16422252030084 0.06117894678282992
4.170364441422228 0.06367845531485604
4.176506362543615 0.06595044185391291
4.182648283665003 0.06799499979831775
4.1887902047863905 0.06981576296271294
4.194932125907778 0.07141944604096846
4.201074047029166 0.07281537669509203
4.207215968150554 0.07401503076287863
4.213357889271942 0.07503158043383652
4.219499810393329 0.07587946354194912
4.225641731514717 0.07657398042685491
4.231783652636104 0.07713092317423635
4.237925573757492 0.07756624050380458
4.2440674948788795 0.07789574016156484
4.250209416000267 0.07813482941497761
4.2563513371216555 0.0782982931595611
4.262493258243043 0.07840010823024327
4.268635179364431 0.07845329177082751
4.274777100485818 0.07846978094559172
4.280919021607206 0.07846034086964711
4.287060942728593 0.07843449737777276
4.293202863849981 0.07840049113175306
4.299344784971368 0.07836524956960443
4.305486706092757 0.07833437331213838
4.311628627214144 0.07831213384909423
4.317770548335532 0.07830147961539544
4.3239124694569195 0.0783040479257363
4.330054390578307 0.0783201806515736
4.336196311699695 0.07834894198856995
4.342338232821082 0.07838813716532833
4.34848015394247 0.07843433147713201
4.354622075063858 0.07848286958279403
4.360763996185246 0.07852789556982713
4.366905917306633 0.07856237486348691
4.373047838428021 0.07857811961821774
4.3791897595494085 0.07856581977351527
4.385331680670796 0.07851508246621808
4.391473601792184 0.07841448295164596
4.397615522913571 0.07825163057848535
4.40375744403496 0.07801325366638462
4.409899365156347 0.07768530732845162
4.416041286277735 0.07725310833938417
4.422183207399122 0.0767015010492431
4.42832512852051 0.07601505805858505
4.434467049641897 0.07517831888000157
4.440608970763285 0.07417606909424297
4.4467508918846725 0.07299366155089979
4.452892813006061 0.07161737995547102
4.4590347341274486 0.07003484372644465
4.465176655248836 0.06823545130803568
4.471318576370224 0.06621085720896447
4.477460497491611 0.06395547594135319
4.483602418612999 0.061467003807570905
4.489744339734386 0.05874694719318722
4.495886260855774 0.05580114375285209
4.5020281819771615 0.05264026071884732
4.50817010309855 0.049280252627360195
4.5143120242199375 0.04574275916239322
4.520453945341325 0.04205542268373924
4.526595866462713 0.038252104455417636
4.5327377875841 0.03437297873976486
4.538879708705488 0.030464484872117913
4.545021629826875 0.026579119263292508
4.551163550948263 0.022775052045503053
4.557305472069651 0.019115556800754954
4.563447393191039 0.015668246466733555
4.569589314312426 0.012504114035572401
4.575731235433814 0.00969638292843389
4.5818731565552016 0.007319178776753155
4.588015077676589 0.005446041554731396
4.594156998797977 0.004148304329764581
4.600298919919364 0.0034933720354209203
4.606440841040753 0.0035429403084307753
4.61258276216214 0.004351200238981158
4.618724683283528 0.005963079538864708
4.624866604404915 0.008412573832417086
4.631008525526303 0.011721223257025586
4.6371504466476905 0.015896789115234476
4.643292367769078 0.020932182812061138
4.649434288890466 0.02680469468589555
4.655576210011854 0.03347556363924557
4.661718131133242 0.04088991983454422
4.667860052254629 0.048977122375928966
4.674001973376017 0.057651502178123405
4.680143894497404 0.06681350753713935
4.686285815618792 0.07635123673822009
4.692427736740179 0.08614232888236724
4.698569657861567 0.09605617152244317
4.7047115789829554 0.10595637220605575
4.710853500104343 0.11570343112564598
4.716995421225731 0.12515754421861436
4.723137342347118 0.13418146060254754
4.729279263468506 0.14264331543219888
4.735421184589893 0.15041935927001113
4.741563105711281 0.15739650789115633
4.747705026832668 0.16347464199245157
4.753846947954056 0.1685685943168933
4.759988869075444 0.17260977190782625
4.766130790196832 0.17554737314306168
4.7722727113182195 0.1773491723737782
4.778414632439607 0.17800185886518088
4.784556553560995 0.177510930747235
4.790698474682382 0.17590015828527425
4.79684039580377 0.17321064345807308
4.802982316925157 0.1694995141295606
4.809124238046546 0.16483830064170246
4.815266159167933 0.15931105015390895
4.821408080289321 0.1530122393229829
4.8275500014107084 0.14604454887529605
4.833691922532096 0.13851656428938344
4.839833843653484 0.1305404652966305
4.845975764774871 0.12222976341717562
4.852117685896259 0.11369714154250626
4.858259607017647 0.10505244297125399
4.864401528139035 0.09640084964870893
4.870543449260422 0.08784128101607408
4.87668537038181 0.07946503620172828
4.882827291503197 0.07135469362412092
4.888969212624585 0.06358327373261312
4.8951111337459725 0.056213662854355556
4.90125305486736 0.04929828915819562
4.9073949759887485 0.04287903575288748
4.913536897110136 0.03698737101394694
4.919678818231524 0.031644672435540665
4.925820739352911 0.02686271763574783
4.931962660474299 0.022644314566767312
4.938104581595686 0.018984042421041677
4.944246502717074 0.015869075075976766
4.9503884238384614 0.013280060059417472
4.95653034495985 0.01119202780795384
4.9626722660812375 0.00957530828766942
4.968814187202625 0.008396434710357045
4.974956108324013 0.007619016972342976
4.9810980294454 0.007204570443672992
4.987239950566788 0.007113288732526581
4.993381871688175 0.0073047519496620555
4.999523792809563 0.007738564724176668
5.00566571393095 0.008374920716166214
5.011807635052339 0.009175092592205194
5.017949556173726 0.010101848349883133
5.024091477295114 0.011119796485929508
5.0302333984165015 0.012195663798854062
5.036375319537889 0.01329851061164977
5.042517240659277 0.014399888910969064
5.048659161780664 0.015473949350146378
5.054801082902052 0.016497503282300915
5.06094300402344 0.01745004600656422
5.067084925144828 0.01831374725609599
5.073226846266215 0.019073414661454166
5.079368767387603 0.019716435516236006
5.0855106885089905 0.020232701680880382
5.091652609630378 0.020614521909849647
5.097794530751766 0.02085652529913387
5.103936451873153 0.020955558944413158
5.110078372994542 0.020910582291840566
5.116220294115929 0.020722560067294702
5.122362215237317 0.020394355097829983
5.128504136358704 0.0199306218006537
5.134646057480092 0.01933770061832663
5.140787978601479 0.018623513230685868
5.146929899722867 0.01779745797981351
5.1530718208442545 0.016870304608986145
5.159213741965643 0.01585408714408396
5.1653556630870305 0.014761993540092465
5.171497584208418 0.01360825057938454
5.177639505329806 0.01240800244534154
5.183781426451193 0.011177181407041948
5.189923347572581 0.009932369140134378
5.196065268693968 0.008690647376785496
5.202207189815356 0.007469436823917866
5.208349110936744 0.006286323612699192
5.214491032058132 0.005158872940670169
5.2206329531795195 0.004104430036313299
5.226774874300907 0.00313990910731197
5.232916795422295 0.002281571518716016
5.239058716543682 0.0015447950734254652
5.24520063766507 0.0009438369196222762
5.251342558786457 0.0004915932698802805
5.257484479907845 0.0001993597637155703
5.263626401029233 7.659691583128541e-05
5.269768322150621 0.00013070564074101556
5.275910243272008 0.00036681830391863633
5.282052164393396 0.0007876110926884561
5.2881940855147835 0.001393143699823011
5.294336006636171 0.002180732344057864
5.300477927757559 0.0031448619923034674
5.306619848878946 0.004277143280505969
5.312761770000335 0.005566319041986609
5.318903691121722 0.006998324538941664
5.32504561224311 0.008556404458221947
5.331187533364497 0.010221288489422033
5.337329454485885 0.011971425874470542
5.3434713756072725 0.013783277736185002
5.34961329672866 0.015631664301303052
5.355755217850048 0.017490162382987368
5.361897138971436 0.01933154673802277
5.368039060092824 0.021128267229911166
5.374180981214211 0.02285295217917942
5.380322902335599 0.024478926935292813
5.386464823456986 0.025980735626799038
5.392606744578374 0.027334653297921726
5.398748665699761 0.028519175271683236
5.404890586821149 0.029515470630235324
5.411032507942537 0.0303077871956987
5.417174429063925 0.030883796335378782
5.4233163501853126 0.031234867290855048
5.4294582713067 0.03135626250889832
5.435600192428088 0.031247247582282815
5.441742113549475 0.03091111182166086
5.447884034670863 0.030355098092031386
5.45402595579225 0.029590243263524173
5.460167876913639 0.028631133343219598
5.466309798035026 0.027495579966609642
5.472451719156414 0.026204227330275855
5.4785936402778015 0.024780100744782686
5.484735561399189 0.02324810969401371
5.490877482520577 0.021634519535836397
5.497019403641964 0.019966406720455195
5.503161324763352 0.01827111261074411
5.509303245884739 0.0165757106604624
5.515445167006128 0.01490650086243794
5.521587088127515 0.013288544062925853
5.527729009248903 0.011745247013910155
5.53387093037029 0.010298006982322735
5.540012851491678 0.008965922446683745
5.5461547726130656 0.007765573987844858
5.552296693734453 0.006710877024200385
5.558438614855841 0.005813005653217208
5.564580535977229 0.005080384633365359
5.570722457098617 0.004518744554876187
5.576864378220004 0.004131233570583227
5.583006299341392 0.003918577738309954
5.589148220462779 0.0038792810938646995
5.595290141584167 0.004009856039460469
5.6014320627055545 0.004305074488535647
5.607573983826942 0.004758230429847276
5.6137159049483305 0.0053614051221900355
5.619857826069718 0.006105726955525197
5.625999747191106 0.006981619055945706
5.632141668312493 0.007979028907449972
5.638283589433881 0.00908763554855461
5.644425510555268 0.010297031214094365
5.650567431676656 0.011596875574849057
5.656709352798043 0.01297702192987257
5.662851273919432 0.014427615787489596
5.668993195040819 0.01593916719977259
5.675135116162207 0.017502598971218978
5.681277037283595 0.019109273434854933
5.687418958404982 0.020751000877189393
5.69356087952637 0.022420032904879924
5.699702800647757 0.024109044095261926
5.705844721769145 0.02581110518011699
5.711986642890533 0.02751965080110227
5.718128564011921 0.029228444572176545
5.724270485133308 0.030931543815810012
5.730412406254696 0.032623265931684554
5.7365543273760835 0.0342981579330408
5.742696248497471 0.03595097026811675
5.748838169618859 0.0375766356501933
5.754980090740246 0.039170253263833194
5.761122011861635 0.0407270784073455
5.767263932983022 0.04224251737894258
5.77340585410441 0.04371212721959366
5.779547775225797 0.04513161978921359
5.785689696347185 0.04649686957190706
5.7918316174685724 0.047803924575743
5.79797353858996 0.04904901970659467
5.804115459711348 0.050228592046508994
5.810257380832735 0.051339297546824085
5.816399301954124 0.05237802874661913
5.822541223075511 0.05334193324000605
5.828683144196899 0.05422843273365484
5.834825065318286 0.055035242651828006
5.840966986439674 0.05576039235391077
5.847108907561061 0.056402246123640476
5.853250828682449 0.05695952516551366
5.8593927498038365 0.05743133089858462
5.865534670925225 0.05781716986827197
5.8716765920466125 0.05811698060080185
5.877818513168 0.05833116270114326
5.883960434289388 0.05846060844293434
5.890102355410775 0.058506737017696875
5.896244276532163 0.05847153150083244
5.90238619765355 0.058357578454214395
5.908528118774938 0.05816810992086762
5.914670039896326 0.05790704737803313
5.920811961017714 0.05757904700322984
5.9269538821391015 0.05718954537683199
5.933095803260489 0.056744804498066674
5.939237724381877 0.056251954734018714
5.945379645503264 0.055719034059068924
5.951521566624652 0.05515502168220404
5.957663487746039 0.05456986391007593
5.963805408867428 0.05397448986409475
5.969947329988815 0.053380814471035966
5.976089251110203 0.052801725990644796
5.98223117223159 0.05225105524359731
5.988373093352978 0.051743523672766106
5.9945150144743655 0.05129466742428919
6.000656935595753 0.050920734786620264
6.006798856717141 0.05063855458901927
6.012940777838529 0.05046537354787079
6.019082698959917 0.050418661069588755
6.025224620081304 0.05051588067929435
6.031366541202692 0.050774228047418234
6.037508462324079 0.05121033652923135
6.043650383445467 0.0518399522063555
6.0497923045668545 0.05267758160896236
6.055934225688242 0.053736116579524096
6.06207614680963 0.05502644208257527
6.068218067931018 0.05655703413091462
6.074359989052406 0.05833355634024586
6.080501910173793 0.060358464887734
6.086643831295181 0.06263063277599092
6.092785752416568 0.06514500522940363
6.098927673537956 0.0678922987097498
6.105069594659343 0.0708587563692402
6.111211515780731 0.07402597270248305
6.117353436902119 0.07737079966332783
6.123495358023507 0.08086534553863335
6.1296372791448945 0.08447707639437456
6.135779200266282 0.08816902792424221
6.14192112138767 0.09190013305231874
6.148063042509057 0.09562566770812955
6.154204963630445 0.09929781386734945
6.160346884751832 0.10286633532196611
6.166488805873221 0.10627935781998774
6.172630726994608 0.10948424132721409
6.178772648115996 0.11242852835856927
6.1849145692373835 0.11506094876095085
6.191056490358771 0.11733245816433643
6.197198411480159 0.1191972847102945
6.203340332601546 0.1206139567627973
6.209482253722934 0.12154628323139911
6.215624174844322 0.12196425799011888
6.22176609596571 0.12184486072121106
6.227908017087097 0.12117272837612704
6.234049938208485 0.11994067430754522
6.240191859329872 0.11815003592237992
6.24633378045126 0.11581083632766394
6.2524757015726475 0.11294175073923035
6.258617622694035 0.10956987421138736
6.2647595438154235 0.10573029331022457
6.270901464936811 0.10146547046099534
6.277043386058199 0.09682445561041625
