time TPR_both_B_open_1_rho22
0.0 0.0
0.00614192112138767 1.499302218658933e-06
0.01228384224277534 5.952209118316879e-06
0.01842576336416301 1.327687918862759e-05
0.02456768448555068 2.3372916901890323e-05
0.030709605606938348 3.612219734833487e-05
0.03685152672832602 5.138982172651588e-05
0.042993447849713685 6.902519595077363e-05
0.04913536897110136 8.886322382246781e-05
0.05527729009248903 0.00011072560546053932
0.061419211213876695 0.00013442223100461196
0.06756113233526437 0.00015975265899450267
0.07370305345665204 0.00018650766829731398
0.07984497457803971 0.0002144708720003248
0.08598689569942737 0.00024342038131717792
0.09212881682081504 0.0002731305072683032
0.09827073794220272 0.00030337348769543065
0.10441265906359039 0.00033392122705515397
0.11055458018497806 0.0003645470364079295
0.11669650130636572 0.0003950273610761652
0.12283842242775339 0.0004251434835871305
0.12898034354914106 0.0004546831897416976
0.13512226467052874 0.0004834423859562572
0.1412641857919164 0.0005112266564098872
0.14740610691330408 0.0005378527489888301
0.15354802803469175 0.0005631499795519437
0.15968994915607942 0.0005869615446399999
0.16583187027746707 0.0006091457334140627
0.17197379139885474 0.000629577030328909
0.17811571252024241 0.0006481471008214222
0.1842576336416301 0.0006647656531157195
0.19039955476301776 0.0006793611701107869
0.19654147588440543 0.000691881506216786
0.2026833970057931 0.0007022943449369028
0.20882531812718078 0.0007105875139465125
0.21496723924856845 0.0007167691553943002
0.22110916036995612 0.0007208677501345038
0.2272510814913438 0.000722931995589346
0.23339300261273144 0.0007230305379297116
0.2395349237341191 0.0007212515602439794
0.24567684485550678 0.0007177022293335069
0.25181876597689445 0.0007125080047225613
0.2579606870982821 0.0007058118143946574
0.2641026082196698 0.0006977731026606034
0.27024452934105747 0.0006885667564206055
0.27638645046244514 0.0006783819168983253
0.2825283715838328 0.0006674206846938387
0.2886702927052205 0.0006558967267203411
0.29481221382660816 0.0006440337942518127
0.30095413494799583 0.0006320641619116557
0.3070960560693835 0.0006202269979718776
0.3132379771907712 0.0006087666768053727
0.31937989831215885 0.0005979310447373704
0.3255218194335465 0.0005879696508736058
0.33166374055493414 0.0005791319547401558
0.3378056616763218 0.0005716655227514948
0.3439475827977095 0.000565814225627916
0.35008950391909716 0.0005618164489102887
0.35623142504048483 0.0005599033286688413
0.3623733461618725 0.0005602970243734347
0.3685152672832602 0.0005632090406862415
0.37465718840464785 0.0005688386096549589
0.3807991095260355 0.00057737114442721
0.3869410306474232 0.0005889767751766687
0.39308295176881086 0.0006038089774311245
0.39922487289019853 0.000622003302425156
0.4053667940115862 0.0006436762184686196
0.4115087151329739 0.0006689240716306122
0.41765063625436155 0.0006978221732910808
0.4237925573757492 0.0007304240213134173
0.4299344784971369 0.000766760660746101
0.43607639961852457 0.0008068401890749845
0.44221832073991224 0.0008506474101257166
0.4483602418612999 0.0008981436397638508
0.4545021629826876 0.0009492666655644527
0.4606440841040752 0.001003930861629728
0.4667860052254629 0.0010620274587287005
0.47292792634685055 0.0011234249689237939
0.4790698474682382 0.0011879697628418384
0.4852117685896259 0.0012554867967481255
0.49135368971101356 0.001325780485598194
0.49749561083240124 0.0013986357172795457
0.5036375319537889 0.0014738190023207795
0.5097794530751766 0.0015510797524449253
0.5159213741965643 0.0016301516804830103
0.5220632953179519 0.0017107543133488188
0.5282052164393396 0.001792594609011883
0.5343471375607273 0.0018753686676980265
0.5404890586821149 0.0019587635269000194
0.5466309798035026 0.0020424590291994353
0.5527729009248903 0.0021261297513884654
0.558914822046278 0.0022094469829407287
0.5650567431676656 0.002292080741515901
0.5711986642890533 0.0023737018128967323
0.577340585410441 0.0024539838025506256
0.5834825065318286 0.0025326051858827916
0.5896244276532163 0.0026092513442048672
0.595766348774604 0.0026836165734821543
0.6019082698959917 0.0027554060530439522
0.6080501910173793 0.0028243377616440747
0.614192112138767 0.002890144328541274
0.6203340332601547 0.002952574807630008
0.6264759543815424 0.0030113963630885483
0.63261787550293 0.003066395855520959
0.6387597966243177 0.0031173813181487597
0.6449017177457054 0.0031641833132533942
0.651043638867093 0.0032066561597779075
0.6571855599884806 0.0032446790237609918
0.6633274811098683 0.0032781568640940528
0.669469402231256 0.0033070212269570576
0.6756113233526436 0.003331230883196283
0.6817532444740313 0.003350772303851151
0.687895165595419 0.0033656599700123157
0.6940370867168066 0.0033759365141931034
0.7001790078381943 0.0033816726914153187
0.706320928959582 0.0033829671792421213
0.7124628500809697 0.0033799462070290063
0.7186047712023573 0.0033727630157027286
0.724746692323745 0.00336159715041105
0.7308886134451327 0.00334665358940748
0.7370305345665203 0.0033281617135385785
0.743172455687908 0.0033063741216811083
0.7493143768092957 0.0032815652984265454
0.7554562979306834 0.0032540301412256525
0.761598219052071 0.0032240823550806087
0.7677401401734587 0.0031920527237014706
0.7738820612948464 0.0031582872668225767
0.780023982416234 0.0031231452940983884
0.7861659035376217 0.0030869973666628305
0.7923078246590094 0.003050223178037467
0.7984497457803971 0.0030132093666082665
0.8045916669017847 0.0029763472723549097
0.8107335880231724 0.0029400306509077346
0.8168755091445601 0.0029046533583229612
0.8230174302659478 0.002870607020204704
0.8291593513873354 0.0028382786989607544
0.8353012725087231 0.0028080485730569886
0.8414431936301108 0.0027802876421316744
0.8475851147514984 0.0027553554717455555
0.8537270358728861 0.002733597991376502
0.8598689569942738 0.002715345359019243
0.8660108781156615 0.0027009099054222823
0.8721527992370491 0.0026905841705870083
0.8782947203584368 0.002684639044670178
0.8844366414798245 0.0026833220248728066
0.8905785626012122 0.0026868555992688265
0.8967204837225998 0.002695435767829053
0.9028624048439875 0.002709230710133667
0.9090043259653752 0.0027283796084437745
0.9151462470867628 0.002752991633924138
0.9212881682081504 0.0027831451028798417
0.9274300893295381 0.0028188868088946505
0.9335720104509257 0.00286023153574382
0.9397139315723134 0.0029071617549049004
0.9458558526937011 0.002959627510412894
0.9519977738150888 0.0030175464927072325
0.9581396949364764 0.00308080430200409
0.9642816160578641 0.00314925490060519
0.9704235371792518 0.003222721252430288
0.9765654583006395 0.0033009961469418667
0.9827073794220271 0.003383843203524031
0.9888493005434148 0.0034709980512900953
0.9949912216648025 0.003562169678231603
1.0011331427861903 0.0036570419425922024
1.0072750639075778 0.0037552752383593797
1.0134169850289656 0.0038565083058217336
1.0195589061503532 0.003960360177245325
1.025700827271741 0.004066432246885246
1.0318427483931285 0.004174310453773321
1.0379846695145163 0.004283567565014653
1.0441265906359039 0.004393765546689161
1.0502685117572914 0.00450445800889323
1.0564104328786792 0.004615192710974953
1.0625523540000668 0.004725514112616846
1.0686942751214545 0.004834965956105376
1.074836196242842 0.004943093864898696
1.0809781173642299 0.005049447943464349
1.0871200384856174 0.0051535853633081765
1.0932619596070052 0.005255072920154419
1.0994038807283928 0.0053534895473649115
1.1055458018497806 0.005448428770901411
1.1116877229711681 0.005539501091438144
1.117829644092556 0.005626336279619513
1.1239715652139435 0.005708585570928447
1.1301134863353313 0.005785923747180791
1.1362554074567188 0.005858051092287286
1.1423973285781066 0.005924695210623132
1.1485392496994942 0.005985612697111573
1.154681170820882 0.006040590648957791
1.1608230919422695 0.006089448009857683
1.1669650130636573 0.006132036738447479
1.1731069341850449 0.006168242793749117
1.1792488553064326 0.006197986931397078
1.1853907764278202 0.006221225305498905
1.191532697549208 0.006237949872077875
1.1976746186705955 0.006248188591165945
1.2038165397919833 0.006252005425751887
1.209958460913371 0.006249500136936861
1.2161003820347587 0.006240807875801631
1.2222423031561462 0.006226098573639258
1.228384224277534 0.00620557613334862
1.2345261453989216 0.006179477425910944
1.2406680665203094 0.006148071096977755
1.246809987641697 0.006111656189678305
1.2529519087630847 0.006070560590801651
1.2590938298844723 0.006025139308517809
1.26523575100586 0.005975772590768135
1.2713776721272476 0.0059228638943722685
1.2775195932486354 0.005866837715762792
1.283661514370023 0.005808137295064294
1.2898034354914107 0.005747222205976796
1.2959453566127983 0.005684565844600181
1.302087277734186 0.005620652830942782
1.3082291988555736 0.005555976337390238
1.3143711199769612 0.005491035358867021
1.320513041098349 0.005426331939800056
1.3266549622197366 0.0053623683732893215
1.3327968833411243 0.005299644388102225
1.338938804462512 0.005238654339235447
1.3450807255838997 0.005179884417828783
1.3512226467052872 0.005123809896169414
1.357364567826675 0.005070892423392025
1.3635064889480626 0.005021577387260119
1.3696484100694504 0.004976291357107663
1.375790331190838 0.004935439622628707
1.3819322523122257 0.004899403842727476
1.3880741734336133 0.004868539818084585
1.394216094555001 0.004843175400458929
1.4003580156763886 0.004823608551032312
1.4064999367977764 0.004810105559318423
1.412641857919164 0.004802899433303009
1.4187837790405518 0.004802188470562422
1.4249257001619393 0.0048081350191275865
1.431067621283327 0.004820864435825151
1.4372095424047147 0.004840464248742272
1.4433514635261024 0.004866983529332267
1.44949338464749 0.004900432478511194
1.4556353057688778 0.004940782229896719
1.4617772268902653 0.004987964872117372
1.4679191480116531 0.005041873690879043
1.4740610691330407 0.005102363630223959
1.4802029902544285 0.005169251971162225
1.486344911375816 0.005242319224605199
1.4924868324972038 0.0053213102342906495
1.4986287536185914 0.005405935484169429
1.5047706747399792 0.005495872603529806
1.5109125958613667 0.0055907680619758475
1.5170545169827545 0.005690239045257683
1.523196438104142 0.005793875501881001
1.5293383592255299 0.005901242349407631
1.5354802803469174 0.006011881828404824
1.5416222014683052 0.006125315991114159
1.5477641225896928 0.006241049311097438
1.5539060437110805 0.006358571399381797
1.560047964832468 0.0064773598119743
1.5661898859538559 0.006596882933051815
1.5723318070752434 0.006716602917658549
1.578473728196631 0.006835978677364476
1.5846156493180188 0.006954468892055416
1.5907575704394064 0.00707153503084165
1.5968994915607941 0.00718664436498778
1.6030414126821817 0.007299272955782786
1.6091833338035695 0.007408908600385626
1.615325254924957 0.00751505371889765
1.6214671760463448 0.007617228166227086
1.6276090971677324 0.0077149719527209466
1.6337510182891202 0.007807847858043179
1.6398929394105077 0.007895443923371642
1.6460348605318955 0.007977375807666663
1.652176781653283 0.008053288994526234
1.6583187027746709 0.008122860836982673
1.6644606238960584 0.00818580242850726
1.6706025450174462 0.008241860289467858
1.6767444661388338 0.008290817859323153
1.6828863872602216 0.008332496785930184
1.6890283083816091 0.008366758004482352
1.695170229502997 0.008393502599776403
1.7013121506243845 0.008412672446721907
1.7074540717457722 0.008424250625248595
1.7135959928671598 0.008428261607028075
1.7197379139885476 0.008424771212700041
1.7258798351099351 0.008413886339571604
1.732021756231323 0.008395754461034964
1.7381636773527105 0.00837056290021596
1.7443055984740983 0.008338537881617314
1.7504475195954858 0.008299943365748906
1.7565894407168736 0.008255079672936462
1.7627313618382612 0.00820428190366344
1.768873282959649 0.008147918163922404
1.7750152040810365 0.008086387605126212
1.7811571252024243 0.008020118289150176
1.7872990463238119 0.007949564890039002
1.7934409674451997 0.007875206244811802
1.7995828885665872 0.00779754276663037
1.805724809687975 0.007717093734356161
1.8118667308093626 0.0076343944732061185
1.8180086519307503 0.00754999344182337
1.824150573052138 0.00746444924160297
1.8302924941735257 0.007378327564552525
1.8364344152949132 0.007292198096320751
1.8425763364163008 0.0072066313912918295
1.8487182575376886 0.007122195736818646
1.8548601786590762 0.0070394540237525074
1.861002099780464 0.0069589606404204555
1.8671440209018515 0.006881258407103475
1.8732859420232393 0.006806875567880207
1.8794278631446268 0.00673632285642198
1.8855697842660146 0.006670090651957126
1.8917117053874022 0.006608646241167312
1.89785362650879 0.006552431201238055
1.9039955476301775 0.006501858918662026
1.9101374687515653 0.00645731225769011
1.9162793898729529 0.006419141391544735
1.9224213109943407 0.006387661808656351
1.9285632321157282 0.006363152505261293
1.934705153237116 0.006345854374711868
1.9408470743585036 0.006335968802802453
1.9469889954798913 0.006333656477313699
1.953130916601279 0.006339036418826164
1.9592728377226667 0.00635218523866082
1.9654147588440543 0.006373136628572964
1.971556679965442 0.006401881085564547
1.9776986010868296 0.0064383658738946595
1.9838405222082174 0.006482495225065585
1.989982443329605 0.0065341307752496535
1.9961243644509927 0.006593092238307408
2.0022662855723805 0.0066591583112374465
2.008408206693768 0.006732067807600419
2.0145501278151556 0.006811521013181147
2.020692048936543 0.006897181256901366
2.026833970057931 0.006988676688778293
2.0329758911793188 0.007085602255548336
2.0391178123007063 0.007187521863447826
2.045259733422094 0.007293970716570445
2.051401654543482 0.007404457818210496
2.0575435756648695 0.0075184686216586485
2.063685496786257 0.007635467816048004
2.0698274179076446 0.007754902232058678
2.0759693390290326 0.007876203851583724
2.08211126015042 0.007998792904842355
2.0882531812718077 0.008122081037902238
2.0943951023931953 0.008245474533144372
2.100537023514583 0.008368377564874584
2.106678944635971 0.008490195472057278
2.1128208657573584 0.008610338030021045
2.118962786878746 0.008728222702963416
2.1251047080001335 0.008843277859163345
2.1312466291215215 0.008954945930994754
2.137388550242909 0.009062686502121664
2.1435304713642966 0.009165979304643343
2.149672392485684 0.009264327109444227
2.155814313607072 0.009357258493585437
2.1619562347284598 0.009444330469248651
2.1680981558498473 0.009525130959505421
2.174240076971235 0.009599281107030554
2.180381998092623 0.009666437402802475
2.1865239192140105 0.00972629362283062
2.192665840335398 0.009778582562014061
2.1988077614567856 0.009823077555360651
2.2049496825781736 0.009859593777975137
2.211091603699561 0.009887989316451077
2.2172335248209487 0.00990816600556808
2.2233754459423363 0.00992007002549539
2.2295173670637243 0.009923692256027624
2.235659288185112 0.009919068385721432
2.2418012093064994 0.009906278775154907
2.247943130427887 0.009885448074887462
2.254085051549275 0.009856744600049178
2.2602269726706625 0.009820379464827488
2.26636889379205 0.009776605481438714
2.2725108149134376 0.00972571582946489
2.2786527360348257 0.009668042502695621
2.284794657156213 0.009603954541834086
2.2909365782776008 0.00953385606259864
2.2970784993989883 0.009458184089871343
2.3032204205203763 0.009377406209605773
2.309362341641764 0.009292018051203532
2.3155042627631515 0.0092025406139966
2.321646183884539 0.009109517452326575
2.327788105005927 0.009013511734487199
2.3339300261273146 0.008915103191490012
2.340071947248702 0.008814884972220192
2.3462138683700897 0.008713460422068432
2.3523557894914777 0.008611439802551699
2.3584977106128653 0.008509436969769156
2.364639631734253 0.008408066029777417
2.3707815528556404 0.008307937989110729
2.376923473977028 0.008209657418715193
2.383065395098416 0.00811381914951229
2.3892073162198035 0.00802100501765503
2.395349237341191 0.007931780677291243
2.4014911584625787 0.00784669249830369
2.4076330795839667 0.007766264566057379
2.4137750007053542 0.007690995799652812
2.419916921826742 0.0076213572045624465
2.4260588429481293 0.0075577892748191385
2.4322007640695174 0.007500699559133546
2.438342685190905 0.007450460404445965
2.4444846063122925 0.007407406889471366
2.45062652743368 0.007371834959779089
2.456768448555068 0.007343999774866085
2.4629103696764556 0.007324114276540016
2.469052290797843 0.007312347986732131
2.4751942119192307 0.007308826041615681
2.4813361330406187 0.007313628467620402
2.4874780541620063 0.0073267897036140015
2.493619975283394 0.007348298372174963
2.4997618964047814 0.007378097301514385
2.5059038175261694 0.0074160837982257454
2.512045738647557 0.007462110169657995
2.5181876597689445 0.007515984493326877
2.524329580890332 0.0075774716294098885
2.53047150201172 0.0076462944710193785
2.5366134231331077 0.007722135425623909
2.5427553442544952 0.0078046381196977
2.548897265375883 0.007893409317429337
2.555039186497271 0.007988021043121275
2.5611811076186584 0.008088012895768056
2.567323028740046 0.008192894543220398
2.5734649498614335 0.008302148382330942
2.5796068709828215 0.00841523235054117
2.585748792104209 0.008531582873514111
2.5918907132255966 0.008650617932648213
2.598032634346984 0.008771740235629669
2.604174555468372 0.008894340472596931
2.6103164765897597 0.00901780064000612
2.6164583977111473 0.009141497413902114
2.622600318832535 0.009264805554019706
2.6287422399539224 0.009387101319964041
2.6348841610753104 0.009507765880650264
2.641026082196698 0.009626188698219669
2.6471680033180855 0.009741770867792914
2.653309924439473 0.009853928394669254
2.659451845560861 0.009962095390932573
2.6655937666822487 0.010065727173877949
2.6717356878036362 0.01016430324922373
2.677877608925024 0.010257330162720141
2.684019530046412 0.010344344204502254
2.6901614511677994 0.010424913951358193
2.696303372289187 0.010498642632987805
2.7024452934105745 0.010565170309306957
2.7085872145319625 0.010624175846902558
2.71472913565335 0.010675378683856906
2.7208710567747376 0.010718540373330594
2.727012977896125 0.010753465897513984
2.733154899017513 0.010780004744821466
2.7392968201389007 0.010798051744502721
2.7454387412602883 0.01080754765417407
2.751580662381676 0.010808479497122984
2.757722583503064 0.01080088064760277
2.7638645046244514 0.010784830663704597
2.770006425745839 0.01076045486876336
2.7761483468672266 0.010727923683614629
2.7822902679886146 0.010687451713365407
2.788432189110002 0.010639296593664251
2.7945741102313897 0.01058375760274971
2.8007160313527772 0.01052117404681361
2.8068579524741653 0.010451923427430837
2.812999873595553 0.010376419400973984
2.8191417947169404 0.010295109541043733
2.825283715838328 0.010208472915998534
2.831425636959716 0.010117017494655108
2.8375675580811035 0.010021277394149347
2.843709479202491 0.009921809984791242
2.8498514003238786 0.009819192867513166
2.8559933214452666 0.00971402074019458
2.862135242566654 0.00960690216974473
2.8682771636880418 0.009498456287335042
2.8744190848094293 0.009389309424592478
2.8805610059308173 0.009280091708891667
2.886702927052205 0.009171433636115747
2.8928448481735924 0.009063962639391956
2.89898676929498 0.008958299672347705
2.9051286904163676 0.00885505582537517
2.9112706115377556 0.008754828993238041
2.917412532659143 0.008658200612102696
2.9235544537805307 0.008565732483729379
2.9296963749019183 0.00847796370411783
2.9358382960233063 0.008395407713368186
2.941980217144694 0.008318549482894238
2.9481221382660814 0.00824784285541493
2.954264059387469 0.008183708052354438
2.960405980508857 0.008126529362405127
2.9665479016302445 0.008076653024054876
2.972689822751632 0.008034385313855611
2.9788317438730196 0.007999990851118008
2.9849736649944076 0.007973691128563595
2.991115586115795 0.007955663277256027
2.9972575072371828 0.007946039072873539
3.0033994283585703 0.00794490418908173
3.0095413494799583 0.007952297702426177
3.015683270601346 0.00796821185179513
3.0218251917227335 0.007992592054111356
3.027967112844121 0.008025337176506097
3.034109033965509 0.008066300063815425
3.0402509550868966 0.008115288318827586
3.046392876208284 0.008172065331307246
3.0525347973296717 0.008236351550437249
3.0586767184510597 0.008307825993958042
3.0648186395724473 0.008386127985957963
3.070960560693835 0.008470859113981467
3.0771024818152224 0.00856158539488515
3.0832444029366104 0.00865783963769031
3.089386324057998 0.008759123990563295
3.0955282451793855 0.00886491265800755
3.101670166300773 0.008974654773380827
3.107812087422161 0.009087777410963484
3.1139540085435486 0.009203688721004534
3.120095929664936 0.009321781170466463
3.1262378507863238 0.009441434871581944
3.1323797719077118 0.009562020979829621
3.1385216930290993 0.009682905142535022
3.144663614150487 0.009803450979009217
3.1508055352718745 0.009923023572953667
3.156947456393262 0.010040992957786226
3.16308937751465 0.010156737575580745
3.1692312986360376 0.010269647690460855
3.175373219757425 0.010379128737546725
3.1815151408788127 0.01048460458891946
3.1876570620002007 0.010585520718539838
3.1937989831215883 0.010681347248632574
3.199940904242976 0.010771581860720863
3.2060828253643634 0.010855752555264313
3.2122247464857514 0.010933420244711643
3.218366667607139 0.011004181165722233
3.2245085887285265 0.011067669097331988
3.230650509849914 0.011123557372932752
3.236792430971302 0.011171560675093724
3.2429343520926897 0.011211436603471318
3.249076273214077 0.011242987007322909
3.2552181943354648 0.011266059075452792
3.261360115456853 0.01128054617776727
3.2675020365782403 0.011286388453992649
3.273643957699628 0.0112835731465066
3.2797858788210155 0.011272134675642611
3.2859277999424035 0.011252154457240229
3.292069721063791 0.01122376046362354
3.2982116421851786 0.011187126530588643
3.304353563306566 0.01114247141436008
3.310495484427954 0.01109005760382944
3.3166374055493417 0.01103018989470894
3.3227793266707293 0.010963213733512453
3.328921247792117 0.010889513340509053
3.335063168913505 0.010809509621974071
3.3412050900348924 0.010723657883183645
3.34734701115628 0.010632445354655445
3.3534889322776675 0.010536388545125576
3.3596308533990555 0.010436030435664972
3.365772774520443 0.01033193753017343
3.3719146956418307 0.010224696778242172
3.3780566167632182 0.010114912387042804
3.3841985378846062 0.010003202539478957
3.390340459005994 0.009890196036324043
3.3964823801273814 0.009776528880462402
3.402624301248769 0.009662840821649915
3.4087662223701565 0.009549771880412686
3.4149081434915445 0.009437958869807837
3.421050064612932 0.009328031933778427
3.4271919857343196 0.00922061112074513
3.433333906855707 0.009116303010890918
3.439475827977095 0.00901569741531273
3.4456177490984827 0.008919364164837146
3.4517596702198703 0.008827850005827241
3.457901591341258 0.008741675619747436
3.464043512462646 0.008661332782604505
3.4701854335840334 0.008587281679649518
3.476327354705421 0.00851994838991031
3.4824692758268085 0.008459722554231202
3.4886111969481965 0.008406955239530414
3.494753118069584 0.008361957010950235
3.5008950391909717 0.008324996222475886
3.5070369603123592 0.008296297535441179
3.5131788814337472 0.008276040673128406
3.519320802555135 0.008264359418412281
3.5254627236765224 0.008261340860099647
3.53160464479791 0.008267024892284338
3.537746565919298 0.008281403969677442
3.5438884870406855 0.0083044231204937
3.550030408162073 0.008335980217082449
3.5561723292834606 0.008375926503094083
3.5623142504048486 0.008424067374577232
3.568456171526236 0.0084801634110163
3.5745980926476237 0.008543931650950428
3.5807400137690113 0.008615047105471797
3.5868819348903993 0.008693144501590314
3.593023856011787 0.008777820246181301
3.5991657771331744 0.008868634600009594
3.605307698254562 0.008965114050155012
3.61144961937595 0.009066753868057085
3.6175915404973376 0.009173020839358111
3.623733461618725 0.009283356150758811
3.6298753827401127 0.00939717841821658
3.6360173038615007 0.009513886840017322
3.6421592249828882 0.009632864457543553
3.648301146104276 0.009753481505947952
3.6544430672256634 0.0098750988364268
3.6605849883470514 0.009997071391375146
3.666726909468439 0.010118751713397387
3.6728688305898265 0.01023949346894578
3.679010751711214 0.01035865496726599
3.6851526728326016 0.010475602655344316
3.6912945939539896 0.010589714569675534
3.697436515075377 0.010700383725902466
3.7035784361967647 0.01080702142771774
3.7097203573181523 0.01090906047686204
3.7158622784395403 0.011005958266599275
3.722004199560928 0.011097199741694201
3.7281461206823154 0.01118230020865816
3.734288041803703 0.011260807980859325
3.740429962925091 0.011332306844010338
3.7465718840464786 0.011396418328542882
3.752713805167866 0.011452803776449695
3.7588557262892537 0.011501166191313457
3.7649976474106417 0.011541251861442123
3.7711395685320293 0.011572851747284719
3.777281489653417 0.01159580262560285
3.7834234107748044 0.01160998798421398
3.7895653318961924 0.011615338662494867
3.79570725301758 0.011611833234229898
3.8018491741389675 0.01159949813080147
3.807991095260355 0.011578407504139847
3.814133016381743 0.011548682830270794
3.8202749375031306 0.011510492255712266
3.826416858624518 0.011464049690369332
3.8325587797459058 0.011409613651951561
3.8387007008672938 0.011347485868281942
3.8448426219886813 0.011278009645174173
3.850984543110069 0.011201568008818552
3.8571264642314564 0.01111858163282971
3.8632683853528444 0.01102950656126534
3.869410306474232 0.010934831740018384
3.8755522275956196 0.010835076370009987
3.881694148717007 0.010730787096562064
3.887836069838395 0.01062253505020176
3.8939779909597827 0.010510912754940867
3.9001199120811703 0.010396530920778017
3.906261833202558 0.010280015137786178
3.912403754323946 0.010162002489670245
3.9185456754453334 0.01004313810510632
3.924687596566721 0.009924071665503992
3.9308295176881085 0.009805453888063654
3.936971438809496 0.00968793300313168
3.943113359930884 0.009572151244886607
3.9492552810522716 0.009458741374318937
3.955397202173659 0.009348323253296249
3.9615391232950468 0.009241500488234912
3.9676810444164348 0.009138857161530931
3.9738229655378223 0.009040954668437113
3.97996488665921 0.00894832867651422
3.9861068077805974 0.008861486224132548
3.9922487289019855 0.00878090297376076
3.998390650023373 0.00870702063495437
4.004532571144761 0.008640244571050957
4.010674492266149 0.008580941602597756
4.016816413387536 0.008529438019484211
4.022958334508924 0.008486017812633124
4.029100255630311 0.008450921134924438
4.035242176751699 0.008424342999791952
4.041384097873086 0.008406432224651199
4.047526018994474 0.008397290624993663
4.053667940115862 0.00839697246362486
4.05980986123725 0.008405484158139059
4.0659517823586375 0.00842278424831909
4.072093703480025 0.008448783623733126
4.078235624601413 0.008483346010379469
4.0843775457228 0.008526288713813055
4.090519466844188 0.008577383614781444
4.096661387965575 0.008636358412011342
4.102803309086964 0.008702898105427303
4.108945230208351 0.008776646711759532
4.115087151329739 0.008857209203215699
4.1212290724511265 0.008944153658659516
4.127370993572514 0.009037013615563737
4.133512914693902 0.009135290609894283
4.139654835815289 0.009238456890041534
4.145796756936677 0.00934595828995112
4.151938678058065 0.009457217245724946
4.158080599179453 0.009571635939169324
4.16422252030084 0.009688599551065578
4.170364441422228 0.009807479606333339
4.176506362543615 0.009927637392751773
4.182648283665003 0.01004842743450197
4.1887902047863905 0.010169201001497064
4.194932125907778 0.010289309635277117
4.201074047029166 0.010408108672164277
4.207215968150554 0.01052496074440059
4.213357889271942 0.010639239240125975
4.219499810393329 0.010750331703295963
4.225641731514717 0.010857643154986555
4.231783652636104 0.010960599317984446
4.237925573757492 0.011058649727112185
4.2440674948788795 0.011151270708385869
4.250209416000267 0.011237968210844064
4.2563513371216555 0.011318280475715642
4.262493258243043 0.011391780528506576
4.268635179364431 0.011458078480575598
4.274777100485818 0.01151682362783011
4.280919021607206 0.011567706335300527
4.287060942728593 0.01161045969753676
4.293202863849981 0.011644860966007635
4.299344784971368 0.01167073273596604
4.305486706092757 0.011687943886561419
4.311628627214144 0.011696410269330316
4.317770548335532 0.0116960951415667
4.3239124694569195 0.011687009342459734
4.330054390578307 0.011669211211279602
4.336196311699695 0.01164280624828463
4.342338232821082 0.011607946520407766
4.34848015394247 0.011564829815150234
4.354622075063858 0.011513698547457612
4.360763996185246 0.011454838425672013
4.366905917306633 0.011388576883936574
4.373047838428021 0.011315281289668529
4.3791897595494085 0.011235356935909076
4.385331680670796 0.011149244829495543
4.391473601792184 0.011057419287078908
4.397615522913571 0.010960385352022184
4.40375744403496 0.010858676046157728
4.409899365156347 0.010752849471249538
4.416041286277735 0.010643485775796144
4.422183207399122 0.010531184003517016
4.42832512852051 0.010416558840486917
4.434467049641897 0.010300237278415824
4.440608970763285 0.010182855212013993
4.4467508918846725 0.010065053988730558
4.452892813006061 0.009947476929408021
4.4590347341274486 0.009830765838552679
4.465176655248836 0.009715557522981871
4.471318576370224 0.009602480337572173
4.477460497491611 0.009492150776698571
4.483602418612999 0.009385170129723612
4.489744339734386 0.009282121218568352
4.495886260855774 0.009183565234975004
4.5020281819771615 0.00909003869455635
4.50817010309855 0.009002050524121398
4.5143120242199375 0.008920079298072986
4.520453945341325 0.008844570638894439
4.526595866462713 0.008775934795882248
4.5327377875841 0.008714544415344184
4.538879708705488 0.00866073251447164
4.545021629826875 0.008614790670016229
4.551163550948263 0.00857696743175881
4.557305472069651 0.008547466969559964
4.563447393191039 0.008526447961530344
4.569589314312426 0.008514022729563846
4.575731235433814 0.00851025662714251
4.5818731565552016 0.008515167682956775
4.588015077676589 0.008528726502495275
4.594156998797977 0.008550856428352172
4.600298919919364 0.008581433958584857
4.606440841040753 0.00862028942103858
4.61258276216214 0.008667207900144809
4.618724683283528 0.00872193041130535
4.624866604404915 0.008784155316602002
4.631008525526303 0.008853539974230006
4.6371504466476905 0.008929702612750657
4.643292367769078 0.009012224420001607
4.649434288890466 0.009100651835300613
4.655576210011854 0.00919449903243649
4.661718131133242 0.009293250579867116
4.667860052254629 0.009396364263545065
4.674001973376017 0.00950327405687278
4.680143894497404 0.009613393221457048
4.686285815618792 0.009726117521592007
4.692427736740179 0.009840828534755711
4.698569657861567 0.009956897039861305
4.7047115789829554 0.010073686464563759
4.710853500104343 0.010190556372589477
4.716995421225731 0.01030686597183117
4.723137342347118 0.010421977623835415
4.729279263468506 0.010535260335306232
4.735421184589893 0.010646093212354536
4.741563105711281 0.010753868858440015
4.747705026832668 0.010857996697277177
4.753846947954056 0.01095790620240905
4.759988869075444 0.011053050015687519
4.766130790196832 0.011142906937534959
4.7722727113182195 0.011226984772593828
4.778414632439607 0.01130482301519441
4.784556553560995 0.011375995359980892
4.790698474682382 0.011440112024026576
4.79684039580377 0.011496821867834307
4.802982316925157 0.011545814303751357
4.809124238046546 0.011586820981522443
4.815266159167933 0.011619617241952564
4.821408080289321 0.011644023330946067
4.8275500014107084 0.011659905367521544
4.833691922532096 0.011667176060766282
4.839833843653484 0.011665795172081328
4.845975764774871 0.011655769720470216
4.852117685896259 0.011637153930033914
4.858259607017647 0.01161004892024308
4.864401528139035 0.01157460214095881
4.870543449260422 0.011531006555557038
4.87668537038181 0.01147949957687229
4.882827291503197 0.011420361762006285
4.888969212624585 0.011353915273339035
4.8951111337459725 0.011280522114328166
4.90125305486736 0.011200582149879628
4.9073949759887485 0.011114530922213999
4.913536897110136 0.011022837274231586
4.919678818231524 0.010926000793391373
4.925820739352911 0.010824549090058451
4.931962660474299 0.010719034925138116
4.938104581595686 0.010610033202597624
4.944246502717074 0.010498137843175699
4.9503884238384614 0.010383958556191921
4.95653034495985 0.010268117526890441
4.9626722660812375 0.010151246037182846
4.968814187202625 0.010033981037991645
4.974956108324013 0.009916961691637407
4.9810980294454 0.009800825902858098
4.987239950566788 0.009686206857098058
4.993381871688175 0.009573729584656515
4.999523792809563 0.009464007569141576
5.00566571393095 0.009357639418436285
5.011807635052339 0.009255205616049748
5.017949556173726 0.009157265370299998
5.024091477295114 0.009064353578258414
5.0302333984165015 0.00897697792078048
5.036375319537889 0.008895616104257268
5.042517240659277 0.00882071326394955
5.048659161780664 0.008752679542915677
5.054801082902052 0.008691887859618918
5.06094300402344 0.008638671876304765
5.067084925144828 0.008593324179178111
5.073226846266215 0.008556094680289566
5.079368767387603 0.0085271892498648
5.0855106885089905 0.008506768586586631
5.091652609630378 0.008494947332072487
5.097794530751766 0.008491793434486503
5.103936451873153 0.008497327764892166
5.110078372994542 0.008511523988595294
5.116220294115929 0.008534308692354919
5.122362215237317 0.008565561766959025
5.128504136358704 0.008605117043279863
5.134646057480092 0.008652763178547764
5.140787978601479 0.008708244788220042
5.146929899722867 0.008771263817480548
5.1530718208442545 0.008841481145093024
5.159213741965643 0.008918518411055173
5.1653556630870305 0.009001960058267372
5.171497584208418 0.009091355577247674
5.177639505329806 0.009186221941799692
5.183781426451193 0.009286046222479007
5.189923347572581 0.00939028836371319
5.196065268693968 0.009498384109516117
5.202207189815356 0.009609748061904795
5.208349110936744 0.009723776855381375
5.214491032058132 0.009839852430188775
5.2206329531795195 0.009957345386489996
5.226774874300907 0.010075618401161593
5.232916795422295 0.01019402968853439
5.239058716543682 0.010311936486161266
5.24520063766507 0.010428698546544666
5.251342558786457 0.010543681615716114
5.257484479907845 0.01065626087962715
5.263626401029233 0.010765824359485069
5.269768322150621 0.010871776237447011
5.275910243272008 0.010973540094470427
5.282052164393396 0.011070562042604586
5.2881940855147835 0.011162313734593777
5.294336006636171 0.011248295234344464
5.300477927757559 0.011328037732582053
5.306619848878946 0.011401106092883286
5.312761770000335 0.011467101214212619
5.318903691121722 0.011525662197109586
5.32504561224311 0.011576468301762946
5.331187533364497 0.011619240687360219
5.337329454485885 0.011653743923310911
5.3434713756072725 0.011679787264201586
5.34961329672866 0.011697225681643287
5.355755217850048 0.011705960647509601
5.361897138971436 0.011705940664428793
5.368039060092824 0.011697161540778484
5.374180981214211 0.011679666408828386
5.380322902335599 0.011653545486077983
5.386464823456986 0.011618935581233811
5.392606744578374 0.011576019347657746
5.398748665699761 0.011525024288485803
5.404890586821149 0.01146622151895912
5.411032507942537 0.011399924292817816
5.417174429063925 0.011326486300877634
5.4233163501853126 0.011246299751131807
5.4294582713067 0.011159793240890326
5.435600192428088 0.011067429432579816
5.441742113549475 0.010969702545873684
5.447884034670863 0.010867135679799116
5.45402595579225 0.010760277979369954
5.460167876913639 0.010649701662117893
5.466309798035026 0.010535998920635024
5.472451719156414 0.010419778717894726
5.4785936402778015 0.010301663492682325
5.484735561399189 0.01018228579293886
5.490877482520577 0.010062284855198734
5.497019403641964 0.00994230314858313
5.503161324763352 0.009822982901994277
5.509303245884739 0.009704962633240647
5.515445167006128 0.00958887369880903
5.521587088127515 0.009475336882886515
5.527729009248903 0.00936495904402437
5.53387093037029 0.009258329837527389
5.540012851491678 0.009156018531248228
5.5461547726130656 0.009058570931968409
5.552296693734453 0.008966506438958364
5.558438614855841 0.008880315240631254
5.564580535977229 0.00880045566944224
5.570722457098617 0.00872735172934053
5.576864378220004 0.0086613908091598
5.583006299341392 0.008602921594338075
5.589148220462779 0.008552252188296017
5.595290141584167 0.008509648453677918
5.6014320627055545 0.008475332582478423
5.607573983826942 0.008449481902846074
5.6137159049483305 0.008432227929078672
5.619857826069718 0.008423655660011676
5.625999747191106 0.008423803129656498
5.632141668312493 0.008432661212577703
5.638283589433881 0.008450173685114146
5.644425510555268 0.008476237542156363
5.650567431676656 0.008510703567799031
5.656709352798043 0.00855337715680024
5.662851273919432 0.008604019382406868
5.668993195040819 0.008662348304754933
5.675135116162207 0.008728040512733189
5.681277037283595 0.008800732890914915
5.687418958404982 0.008880024601924226
5.69356087952637 0.008965479273416491
5.699702800647757 0.009056627377724422
5.705844721769145 0.009152968791158704
5.711986642890533 0.009253975518960986
5.718128564011921 0.009359094570993444
5.724270485133308 0.009467750972418264
5.730412406254696 0.009579350892877364
5.7365543273760835 0.00969328487703171
5.742696248497471 0.00980893115876479
5.748838169618859 0.009925659040898923
5.754980090740246 0.010042832321919532
5.761122011861635 0.010159812750952537
5.767263932983022 0.010275963492095605
5.77340585410441 0.010390652579165636
5.779547775225797 0.010503256341992477
5.785689696347185 0.010613162785562338
5.7918316174685724 0.01071977490359208
5.79797353858996 0.010822513908495795
5.804115459711348 0.010920822360185418
5.810257380832735 0.01101416717672444
5.816399301954124 0.01110204251052453
5.822541223075511 0.011183972474534587
5.828683144196899 0.011259513703716192
5.834825065318286 0.011328257738023014
5.840966986439674 0.011389833214099088
5.847108907561061 0.011443907853976013
5.853250828682449 0.011490190240175627
5.8593927498038365 0.01152843136780603
5.865534670925225 0.011558425965468133
5.8716765920466125 0.011580013578059888
5.877818513168 0.011593079405869223
5.883960434289388 0.011597554895676553
5.890102355410775 0.011593418080936786
5.896244276532163 0.011580693669470931
5.90238619765355 0.011559452878461997
5.908528118774938 0.011529813017910987
5.914670039896326 0.011491936825059524
5.920811961017714 0.011446031553618887
5.9269538821391015 0.011392347822953949
5.933095803260489 0.011331178233648159
5.939237724381877 0.011262855757115792
5.945379645503264 0.011187751908123891
5.951521566624652 0.011106274710232953
5.957663487746039 0.011018866465256683
5.963805408867428 0.010926001338871779
5.969947329988815 0.010828182775473908
5.976089251110203 0.010725940756270978
5.98223117223159 0.0106198289154255
5.988373093352978 0.010510421529800177
5.9945150144743655 0.010398310398521557
6.000656935595753 0.010284101629152465
6.006798856717141 0.010168412347752185
6.012940777838529 0.010051867350501988
6.019082698959917 0.009935095714880375
6.025224620081304 0.009818727388586029
6.031366541202692 0.009703389774525797
6.037508462324079 0.009589704330209583
6.043650383445467 0.009478283199823067
6.0497923045668545 0.009369725897083746
6.055934225688242 0.009264616056725527
6.06207614680963 0.009163518272103838
6.068218067931018 0.009066975035967966
6.074359989052406 0.008975503800912193
6.080501910173793 0.008889594175394498
6.086643831295181 0.008809705270504032
6.092785752416568 0.008736263211869285
6.098927673537956 0.008669658830231533
6.105069594659343 0.008610245543266903
6.111211515780731 0.008558337440229553
6.117353436902119 0.008514207579912843
6.123495358023507 0.008478086511290398
6.1296372791448945 0.00845016102501011
6.135779200266282 0.008430573142677299
6.14192112138767 0.008419419349584916
6.148063042509057 0.008416750075235296
6.154204963630445 0.008422569424656514
6.160346884751832 0.008436835162153948
6.166488805873221 0.008459458947761577
6.172630726994608 0.008490306825275363
6.178772648115996 0.008529199959370442
6.1849145692373835 0.008575915617932495
6.191056490358771 0.008630188394379415
6.197198411480159 0.00869171166341996
6.203340332601546 0.008760139262399293
6.209482253722934 0.008835087389124597
6.215624174844322 0.00891613670585514
6.22176609596571 0.009002834637986897
6.227908017087097 0.009094697854869771
6.234049938208485 0.009191214919171683
6.240191859329872 0.009291849090254921
6.24633378045126 0.009396041266161918
6.2524757015726475 0.00950321304802537
6.258617622694035 0.009612769910026485
6.2647595438154235 0.009724104457428972
6.270901464936811 0.009836599754719635
6.277043386058199 0.009949632705491363
