time TPR_both_B_open_145_rho13_real
904.7786842338604 -0.494666310688572
904.7848261549818 -0.4946676058542551
904.7909680761032 -0.4946688873060468
904.7971099972245 -0.49467015214639215
904.803251918346 -0.4946713973300063
904.8093938394674 -0.4946726196762587
904.8155357605888 -0.4946738158825774
904.8216776817102 -0.49467498253884007
904.8278196028315 -0.4946761161426658
904.8339615239529 -0.49467721311552115
904.8401034450743 -0.4946782698195877
904.8462453661957 -0.4946792825752625
904.852387287317 -0.4946802476792322
904.8585292084384 -0.4946811614230016
904.8646711295598 -0.4946820201118122
904.8708130506812 -0.4946828200838067
904.8769549718027 -0.4946835577293699
904.883096892924 -0.49468422951053037
904.8892388140454 -0.4946848319803082
904.8953807351668 -0.49468536180193423
904.9015226562882 -0.49468581576779436
904.9076645774096 -0.49468619081802556
904.9138064985309 -0.4946864840586513
904.9199484196523 -0.4946866927791425
904.9260903407737 -0.4946868144693402
904.9322322618951 -0.49468684683559916
904.9383741830165 -0.49468678781609254
904.9445161041378 -0.49468663559518067
904.9506580252593 -0.4946863886167458
904.9567999463807 -0.49468604559645013
904.9629418675021 -0.4946856055327958
904.9690837886234 -0.49468506771695764
904.9752257097448 -0.4946844317412983
904.9813676308662 -0.49468369750654445
904.9875095519876 -0.4946828652275351
904.993651473109 -0.4946819354375285
904.9997933942303 -0.4946809089910268
905.0059353153517 -0.4946797870650774
905.0120772364731 -0.4946785711590655
905.0182191575946 -0.4946772630929436
905.024361078716 -0.49467586500392724
905.0305029998373 -0.49467437934164815
905.0366449209587 -0.49467280886177023
905.0427868420801 -0.49467115661811845
905.0489287632015 -0.4946694259533074
905.0550706843229 -0.49466762048793694
905.0612126054442 -0.49466574410838904
905.0673545265656 -0.49466380095326645
905.073496447687 -0.4946617953985627
905.0796383688084 -0.49465973204158736
905.0857802899299 -0.49465761568375033
905.0919222110512 -0.49465545131227345
905.0980641321726 -0.49465324408090217
905.104206053294 -0.49465099928974
905.1103479744154 -0.494648722364259
905.1164898955367 -0.49464641883361704
905.1226318166581 -0.4946440943083637
905.1287737377795 -0.4946417544576733
905.1349156589009 -0.4946394049861744
905.1410575800223 -0.494637051610519
905.1471995011436 -0.49463470003579646
905.153341422265 -0.49463235593189697
905.1594833433865 -0.4946300249099726
905.1656252645079 -0.4946277124990706
905.1717671856293 -0.49462542412308597
905.1779091067506 -0.4946231650781367
905.184051027872 -0.4946209405104673
905.1901929489934 -0.4946187553950176
905.1963348701148 -0.49461661451472755
905.2024767912362 -0.49461452244070975
905.2086187123575 -0.49461248351338
905.2147606334789 -0.4946105018246321
905.2209025546003 -0.4946085812011753
905.2270444757218 -0.49460672518908044
905.233186396843 -0.4946049370396435
905.2393283179645 -0.4946032196966146
905.2454702390859 -0.49460157578489045
905.2516121602073 -0.49460000760068673
905.2577540813287 -0.49459851710327
905.26389600245 -0.4945971059082824
905.2700379235714 -0.49459577528268167
905.2761798446928 -0.49459452614135585
905.2823217658142 -0.4945933590453847
905.2884636869356 -0.49459227420199214
905.2946056080569 -0.4945912714661762
905.3007475291784 -0.4945903503440008
905.3068894502998 -0.49458950999756274
905.3130313714212 -0.49458874925156665
905.3191732925426 -0.4945880666015077
905.3253152136639 -0.4945874602234095
905.3314571347853 -0.49458692798505566
905.3375990559067 -0.4945864674586934
905.3437409770281 -0.4945860759350998
905.3498828981494 -0.49458575043897446
905.3560248192708 -0.49458548774555566
905.3621667403922 -0.494585284398409
905.3683086615137 -0.4945851367282569
905.3744505826351 -0.4945850408727865
905.3805925037564 -0.4945849927973216
905.3867344248778 -0.4945849883162506
905.3928763459992 -0.49458502311512564
905.3990182671206 -0.49458509277328705
905.405160188242 -0.49458519278692464
905.4113021093633 -0.49458531859245447
905.4174440304847 -0.4945854655900779
905.4235859516061 -0.4945856291674414
905.4297278727275 -0.4945858047232315
905.435869793849 -0.49458598769062145
905.4420117149702 -0.49458617356044043
905.4481536360917 -0.49458635790393923
905.4542955572131 -0.4945865363950708
905.4604374783345 -0.49458670483213135
905.4665793994558 -0.49458685915869055
905.4727213205772 -0.49458699548367985
905.4788632416986 -0.49458711010057427
905.48500516282 -0.4945871995055315
905.4911470839414 -0.4945872604144305
905.4972890050627 -0.49458728977871763
905.5034309261841 -0.49458728479996966
905.5095728473055 -0.49458724294314094
905.515714768427 -0.4945871619483839
905.5218566895484 -0.4945870398414237
905.5279986106697 -0.4945868749424259
905.5341405317911 -0.49458666587330863
905.5402824529125 -0.49458641156349825
905.5464243740339 -0.4945861112540638
905.5525662951553 -0.494585764500247
905.5587082162766 -0.4945853711723691
905.564850137398 -0.49458493145511034
905.5709920585194 -0.4945844458451997
905.5771339796408 -0.49458391514749495
905.5832759007621 -0.49458334046951347
905.5894178218836 -0.4945827232144232
905.595559743005 -0.4945820650725729
905.6017016641264 -0.49458136801156943
905.6078435852478 -0.4945806342649924
905.6139855063691 -0.49457986631980205
905.6201274274905 -0.49457906690250214
905.6262693486119 -0.4945782389641689
905.6324112697333 -0.4945773856643868
905.6385531908547 -0.494576510354214
905.644695111976 -0.49457561655826293
905.6508370330974 -0.4945747079559816
905.6569789542189 -0.4945737883622733
905.6631208753403 -0.4945728617075172
905.6692627964617 -0.49457193201713046
905.675404717583 -0.4945710033907719
905.6815466387044 -0.4945700799812897
905.6876885598258 -0.4945691659735559
905.6938304809472 -0.4945682655632605
905.6999724020686 -0.49456738293580865
905.7061143231899 -0.49456652224541975
905.7122562443113 -0.49456568759453157
905.7183981654327 -0.4945648830136441
905.7245400865542 -0.49456411244166876
905.7306820076755 -0.4945633797069145
905.7368239287969 -0.4945626885087857
905.7429658499183 -0.49456204240031565
905.7491077710397 -0.4945614447715808
905.7552496921611 -0.49456089883411125
905.7613916132824 -0.49456040760636083
905.7675335344038 -0.49455997390029693
905.7736754555252 -0.49455960030920515
905.7798173766466 -0.4945592891967223
905.785959297768 -0.49455904268717843
905.7921012188893 -0.4945588626572792
905.7982431400108 -0.4945587507291514
905.8043850611322 -0.4945587082648113
905.8105269822536 -0.49455873636202946
905.816668903375 -0.49455883585163607
905.8228108244963 -0.49455900729625873
905.8289527456177 -0.49455925099047593
905.8350946667391 -0.4945595669624058
905.8412365878605 -0.4945599549766672
905.8473785089818 -0.49456041453871785
905.8535204301032 -0.4945609449005093
905.8596623512246 -0.49456154506745065
905.865804272346 -0.4945622138065872
905.8719461934675 -0.49456294965597275
905.8780881145888 -0.49456375093515975
905.8842300357102 -0.4945646157567312
905.8903719568316 -0.49456554203883274
905.896513877953 -0.49456652751858104
905.9026557990744 -0.49456756976630306
905.9087977201957 -0.49456866620050266
905.9149396413171 -0.49456981410345885
905.9210815624385 -0.49457101063739023
905.9272234835599 -0.49457225286104856
905.9333654046814 -0.4945735377466758
905.9395073258027 -0.4945748621972133
905.9456492469241 -0.49457622306365334
905.9517911680455 -0.49457761716246207
905.9579330891669 -0.4945790412929331
905.9640750102882 -0.49458049225440387
905.9702169314096 -0.4945819668632117
905.976358852531 -0.4945834619693264
905.9825007736524 -0.49458497447252125
905.9886426947738 -0.4945865013380254
905.9947846158951 -0.494588039611555
906.0009265370165 -0.4945895864336313
906.007068458138 -0.4945911390531345
906.0132103792594 -0.49459269483997836
906.0193523003808 -0.4945942512968638
906.0254942215021 -0.4945958060700396
906.0316361426235 -0.49459735695899815
906.0377780637449 -0.494598901925086
906.0439199848663 -0.4946004390989425
906.0500619059877 -0.4946019667867561
906.056203827109 -0.49460348347529826
906.0623457482304 -0.4946049878356977
906.0684876693518 -0.49460647872596997
906.0746295904733 -0.4946079551922492
906.0807715115945 -0.49460941646875367
906.086913432716 -0.494610861976465
906.0930553538374 -0.49461229132056655
906.0991972749588 -0.49461370428661916
906.1053391960802 -0.4946151008355337
906.1114811172015 -0.49461648109736367
906.1176230383229 -0.494617845363949
906.1237649594443 -0.49461919408049176
906.1299068805657 -0.4946205278360763
906.1360488016871 -0.4946218473532262
906.1421907228084 -0.4946231534765548
906.1483326439298 -0.49462444716057247
906.1544745650513 -0.4946257294567575
906.1606164861727 -0.4946270014999329
906.1667584072941 -0.4946282644940669
906.1729003284154 -0.49462951969757524
906.1790422495368 -0.49463076840820946
906.1851841706582 -0.49463201194765855
906.1913260917796 -0.494633251645918
906.1974680129009 -0.4946344888255619
906.2036099340223 -0.49463572478599005
906.2097518551437 -0.4946369607877865
906.2158937762651 -0.4946381980372461
906.2220356973866 -0.49463943767120044
906.2281776185079 -0.4946406807422295
906.2343195396293 -0.49464192820434516
906.2404614607507 -0.4946431808992698
906.2466033818721 -0.4946444395433585
906.2527453029935 -0.49464570471528185
906.2588872241148 -0.49464697684453995
906.2650291452362 -0.4946482562008762
906.2711710663576 -0.4946495428846909
906.277312987479 -0.4946508368184813
906.2834549086004 -0.49465213773939953
906.2895968297217 -0.4946534451929692
906.2957387508432 -0.4946547585280013
906.3018806719646 -0.49465607689277696
906.308022593086 -0.4946573992324917
906.3141645142074 -0.49465872428801405
906.3203064353287 -0.49466005059597135
906.3264483564501 -0.49466137649015685
906.3325902775715 -0.49466270010429697
906.3387321986929 -0.4946640193761292
906.3448741198142 -0.49466533205281266
906.3510160409356 -0.4946666356976235
906.357157962057 -0.4946679276979449
906.3632998831785 -0.49466920527447017
906.3694418042999 -0.4946704654916111
906.3755837254212 -0.4946717052690496
906.3817256465426 -0.4946729213943672
906.387867567664 -0.4946741105367209
906.3940094887854 -0.4946752692614563
906.4001514099068 -0.4946763940456128
906.4062933310281 -0.49467748129423333
906.4124352521495 -0.4946785273573825
906.4185771732709 -0.49467952854781727
906.4247190943923 -0.4946804811591745
906.4308610155138 -0.49468138148461116
906.437002936635 -0.4946822258357889
906.4431448577565 -0.4946830105620897
906.4492867788779 -0.4946837320699919
906.4554286999993 -0.4946843868424609
906.4615706211206 -0.49468497145828194
906.467712542242 -0.4946854826112041
906.4738544633634 -0.49468591712882615
906.4799963844848 -0.4946862719910767
906.4861383056062 -0.49468654434821707
906.4922802267275 -0.4946867315382588
906.4984221478489 -0.49468683110368267
906.5045640689704 -0.49468684080740044
906.5107059900918 -0.4946867586478234
906.5168479112132 -0.4946865828729825
906.5229898323345 -0.49468631199360696
906.5291317534559 -0.4946859447950719
906.5352736745773 -0.49468548034817855
906.5414155956987 -0.49468491801865094
906.5475575168201 -0.4946842574753279
906.5536994379414 -0.49468349869698125
906.5598413590628 -0.49468264197770434
906.5659832801842 -0.4946816879308622
906.5721252013057 -0.49468063749152924
906.578267122427 -0.494679491917423
906.5844090435484 -0.49467825278829003
906.5905509646698 -0.4946769220037712
906.5966928857912 -0.4946755017797001
906.6028348069126 -0.49467399464287287
906.6089767280339 -0.4946724034242961
906.6151186491553 -0.4946707312509209
906.6212605702767 -0.4946689815359291
906.6274024913981 -0.49466715796756316
906.6335444125195 -0.494665264496582
906.6396863336408 -0.4946633053223812
906.6458282547623 -0.49466128487782984
906.6519701758837 -0.4946592078129222
906.6581120970051 -0.49465707897727557
906.6642540181265 -0.4946549034015862
906.6703959392478 -0.49465268627811854
906.6765378603692 -0.4946504329403087
906.6826797814906 -0.4946481488416101
906.688821702612 -0.4946458395336385
906.6949636237333 -0.494643510643757
906.7011055448547 -0.49464116785218126
906.7072474659761 -0.4946388168687529
906.7133893870975 -0.4946364634094475
906.719531308219 -0.4946341131727681
906.7256732293403 -0.4946317718161279
906.7318151504617 -0.4946294449323265
906.7379570715831 -0.49462713802627156
906.7440989927045 -0.49462485649201526
906.7502409138259 -0.4946226055902542
906.7563828349472 -0.4946203904263939
906.7625247560686 -0.49461821592927624
906.76866667719 -0.4946160868307096
906.7748085983114 -0.49461400764586155
906.7809505194328 -0.494611982654644
906.7870924405541 -0.49461001588417586
906.7932343616756 -0.49460811109239927
906.799376282797 -0.49460627175296623
906.8055182039184 -0.49460450104142656
906.8116601250397 -0.4946028018228253
906.8178020461611 -0.4946011766407443
906.8239439672825 -0.4945996277078776
906.8300858884039 -0.49459815689814784
906.8362278095253 -0.49459676574043515
906.8423697306466 -0.4945954554139381
906.848511651768 -0.4945942267451835
906.8546535728894 -0.4945930802067285
906.8607954940109 -0.49459201591752144
906.8669374151323 -0.49459103364495216
906.8730793362536 -0.49459013280856884
906.879221257375 -0.4945893124854342
906.8853631784964 -0.4945885714171243
906.8915050996178 -0.4945879080182935
906.8976470207392 -0.494587320386793
906.9037889418605 -0.49458680631528246
906.9099308629819 -0.49458636330426353
906.9160727841033 -0.49458598857650293
906.9222147052247 -0.4945856790927296
906.9283566263462 -0.4945854315685567
906.9344985474675 -0.49458524249253394
906.9406404685889 -0.49458510814522844
906.9467823897103 -0.49458502461926845
906.9529243108317 -0.49458498784020677
906.959066231953 -0.4945849935881332
906.9652081530744 -0.4945850375199008
906.9713500741958 -0.4945851151918883
906.9774919953172 -0.49458522208314043
906.9836339164386 -0.4945853536188047
906.9897758375599 -0.4945855051937312
906.9959177586813 -0.4945856721961119
907.0020596798028 -0.49458585003106803
907.0082016009242 -0.4945860341440278
907.0143435220456 -0.49458622004380814
907.0204854431669 -0.49458640332527476
907.0266273642883 -0.49458657969145736
907.0327692854097 -0.4945867449750411
907.0389112065311 -0.4945868951590861
907.0450531276525 -0.4945870263969034
907.0511950487738 -0.49458713503097984
907.0573369698952 -0.4945872176108474
907.0634788910166 -0.4945872709098416
907.069620812138 -0.49458729194062573
907.0757627332594 -0.4945872779694391
907.0819046543808 -0.49458722652897674
907.0880465755022 -0.49458713542987215
907.0941884966236 -0.49458700277068846
907.100330417745 -0.494586826946404
907.1064723388663 -0.4945866066553423
907.1126142599877 -0.4945863409045093
907.1187561811091 -0.49458602901334575
907.1248981022305 -0.4945856706158408
907.1310400233519 -0.4945852656610355
907.1371819444732 -0.4945848144119069
907.1433238655947 -0.4945843174426387
907.1494657867161 -0.49458377563432865
907.1556077078375 -0.4945831901691215
907.1617496289589 -0.49458256252283495
907.1678915500802 -0.49458189445611717
907.1740334712016 -0.4945811880041743
907.180175392323 -0.4945804454651628
907.1863173134444 -0.49457966938727144
907.1924592345657 -0.49457886255460015
907.1986011556871 -0.49457802797189143
907.2047430768085 -0.4945771688482336
907.21088499793 -0.4945762885797859
907.2170269190514 -0.49457539073165124
907.2231688401727 -0.4945744790189891
907.2293107612941 -0.4945735572874585
907.2354526824155 -0.49457262949313235
907.2415946035369 -0.4945716996819488
907.2477365246583 -0.49457077196884386
907.2538784457796 -0.4945698505166643
907.260020366901 -0.49456893951496667
907.2661622880224 -0.4945680431588445
907.2723042091438 -0.49456716562785513
907.2784461302653 -0.4945663110651876
907.2845880513865 -0.49456548355717206
907.290729972508 -0.4945646871132243
907.2968718936294 -0.4945639256463627
907.3030138147508 -0.4945632029543548
907.3091557358721 -0.4945625227016217
907.3152976569935 -0.4945618884019685
907.3214395781149 -0.4945613034022591
907.3275814992363 -0.494560770867073
907.3337234203577 -0.4945602937644528
907.339865341479 -0.4945598748527971
907.3460072626004 -0.49455951666895054
907.3521491837218 -0.4945592215175793
907.3582911048433 -0.49455899146183385
907.3644330259647 -0.4945588283153712
907.370574947086 -0.49455873363576025
907.3767168682074 -0.4945587087192807
907.3828587893288 -0.4945587545971672
907.3890007104502 -0.49455887203326154
907.3951426315716 -0.4945590615231075
907.4012845526929 -0.4945593232944709
907.4074264738143 -0.4945596573092568
907.4135683949357 -0.4945600632668365
907.4197103160571 -0.4945605406087087
907.4258522371784 -0.49456108852449293
907.4319941582999 -0.4945617059591869
907.4381360794213 -0.49456239162166693
907.4442780005427 -0.4945631439943353
907.4504199216641 -0.4945639613438802
907.4565618427854 -0.49456484173306997
907.4627037639068 -0.4945657830334955
907.4688456850282 -0.4945667829392138
907.4749876061496 -0.49456783898116563
907.481129527271 -0.4945689485423122
907.4872714483923 -0.49457010887338854
907.4934133695137 -0.49457131710916885
907.4995552906352 -0.49457257028517837
907.5056972117566 -0.4945738653547127
907.511839132878 -0.494575199206094
907.5179810539993 -0.4945765686800556
907.5241229751207 -0.49457797058714137
907.5302648962421 -0.49457940172505155
907.5364068173635 -0.4945808588957946
907.5425487384849 -0.4945823389225758
907.5486906596062 -0.49458383866631866
907.5548325807276 -0.494585355041712
907.560974501849 -0.4945868850327251
907.5671164229705 -0.49458842570746137
907.5732583440918 -0.49458997423229883
907.5794002652132 -0.4945915278852169
907.5855421863346 -0.49459308406826374
907.591684107456 -0.4945946403190586
907.5978260285774 -0.49459619432129315
907.6039679496987 -0.49459774391416617
907.6101098708201 -0.4945992871006896
907.6162517919415 -0.49460082205485284
907.6223937130629 -0.49460234712756634
907.6285356341843 -0.49460386085138486
907.6346775553056 -0.4946053619439774
907.640819476427 -0.4946068493103171
907.6469613975485 -0.49460832204361393
907.6531033186699 -0.4946097794249495
907.6592452397913 -0.4946112209216484
907.6653871609126 -0.4946126461843945
907.671529082034 -0.4946140550431004
907.6776710031554 -0.49461544750159153
907.6838129242768 -0.4946168237310997
907.6899548453981 -0.4946181840626423
907.6960967665195 -0.4946195289783136
907.7022386876409 -0.4946208591015754
907.7083806087624 -0.4946221751865714
907.7145225298838 -0.49462347810656193
907.7206644510051 -0.494624768841545
907.7268063721265 -0.49462604846513003
907.7329482932479 -0.4946273181307809
907.7390902143693 -0.49462857905747293
907.7452321354907 -0.4946298325148846
907.751374056612 -0.49463107980821147
907.7575159777334 -0.49463232226268394
907.7636578988548 -0.49463356120792074
907.7697998199762 -0.494634797962176
907.7759417410977 -0.4946360338166105
907.782083662219 -0.4946372700196763
907.7882255833404 -0.494638507761708
907.7943675044618 -0.49463974815984507
907.8005094255832 -0.49464099224334557
907.8066513467045 -0.4946422409394168
907.8127932678259 -0.4946434950596309
907.8189351889473 -0.4946447552870479
907.8250771100687 -0.4946460221640877
907.8312190311901 -0.49464729608126573
907.8373609523114 -0.4946485772668542
907.8435028734328 -0.4946498657775314
907.8496447945543 -0.49465116149011384
907.8557867156757 -0.49465246409438884
907.8619286367971 -0.4946537730871291
907.8680705579184 -0.4946550877673275
907.8742124790398 -0.4946564072326762
907.8803544001612 -0.49465773037735594
907.8864963212826 -0.4946590558911149
907.892638242404 -0.494660382259686
907.8987801635253 -0.49466170776654056
907.9049220846467 -0.4946630304959669
907.9110640057681 -0.4946643483375016
907.9172059268896 -0.4946656589916536
907.9233478480108 -0.49466695997693416
907.9294897691323 -0.49466824863813685
907.9356316902537 -0.4946695221558659
907.9417736113751 -0.49467077755722366
907.9479155324965 -0.49467201172764025
907.9540574536178 -0.4946732214237765
907.9601993747392 -0.49467440328742435
907.9663412958606 -0.49467555386036866
907.972483216982 -0.4946766696000907
907.9786251381034 -0.49467774689626576
907.9847670592247 -0.49467878208795857
907.9909089803461 -0.4946797714814153
907.9970509014676 -0.49468071136839237
908.003192822589 -0.49468159804488204
908.0093347437104 -0.49468242783016547
908.0154766648317 -0.4946831970860854
908.0216185859531 -0.49468390223641834
908.0277605070745 -0.49468453978627924
908.0339024281959 -0.49468510634140717
908.0400443493172 -0.49468559862726275
908.0461862704386 -0.49468601350780517
908.05232819156 -0.4946863480038818
908.0584701126814 -0.49468659931108383
908.0646120338029 -0.494686764817
908.0707539549242 -0.49468684211776076
908.0768958760456 -0.49468682903377004
908.083037797167 -0.4946867236245615
908.0891797182884 -0.4946865242026567
908.0953216394098 -0.4946862293463701
908.1014635605311 -0.49468583791147724
908.1076054816525 -0.494685349041663
908.1137474027739 -0.49468476217771773
908.1198893238953 -0.4946840770653785
908.1260312450167 -0.49468329376179726
908.132173166138 -0.4946824126405789
908.1383150872595 -0.4946814343953394
908.1444570083809 -0.4946803600417881
908.1505989295023 -0.49467919091826623
908.1567408506237 -0.49467792868475835
908.162882771745 -0.4946765753203606
908.1690246928664 -0.49467513311919287
908.1751666139878 -0.4946736046847984
908.1813085351092 -0.49467199292300124
908.1874504562305 -0.49467030103328385
908.1935923773519 -0.49466853249868814
908.1997342984733 -0.4946666910743177
908.2058762195948 -0.494664780774442
908.2120181407162 -0.49466280585829353
908.2181600618375 -0.4946607708146072
908.2243019829589 -0.4946586803449594
908.2304439040803 -0.49465653934601733
908.2365858252017 -0.49465435289073384
908.2427277463231 -0.4946521262086094
908.2488696674444 -0.49464986466510186
908.2550115885658 -0.4946475737402715
908.2611535096872 -0.4946452590067946
908.2672954308086 -0.4946429261074079
908.27343735193 -0.49464058073192685
908.2795792730514 -0.49463822859393514
908.2857211941728 -0.4946358754072518
908.2918631152942 -0.4946335268623212
908.2980050364156 -0.4946311886026003
908.3041469575369 -0.4946288662010931
908.3102888786583 -0.4946265651371234
908.3164307997797 -0.49462429077349634
908.3225727209011 -0.4946220483341172
908.3287146420225 -0.494619842882215
908.3348565631438 -0.49461767929926526
908.3409984842652 -0.4946155622647114
908.3471404053867 -0.4946134962366133
908.3532823265081 -0.4946114854332847
908.3594242476295 -0.49460953381603767
908.3655661687508 -0.4946076450731141
908.3717080898722 -0.4946058226048752
908.3778500109936 -0.4946040695103536
908.383991932115 -0.4946023885751961
908.3901338532364 -0.49460078226108983
908.3962757743577 -0.4945992526967128
908.4024176954791 -0.4945978016702476
908.4085596166005 -0.49459643062352604
908.414701537722 -0.494595140647793
908.4208434588433 -0.4945939324811444
908.4269853799647 -0.4945928065076296
908.4331273010861 -0.4945917627580516
908.4392692222075 -0.4945908009124265
908.4454111433289 -0.4945899203041135
908.4515530644502 -0.49458911992559085
908.4576949855716 -0.49458839843583363
908.463836906693 -0.4945877541692894
908.4699788278144 -0.49458718514636624
908.4761207489358 -0.4945866890854058
908.4822626700571 -0.49458626341607803
908.4884045911786 -0.4945859052941134
908.4945465123 -0.4945856116173318
908.5006884334214 -0.49458537904284566
908.5068303545428 -0.4945852040053806
908.5129722756641 -0.4945850827366109
908.5191141967855 -0.49458501128540294
908.5252561179069 -0.49458498553889324
908.5313980390283 -0.4945850012442553
908.5375399601496 -0.49458505403107805
908.543681881271 -0.4945851394342175
908.5498238023924 -0.49458525291704075
908.5559657235139 -0.49458538989490414
908.5621076446353 -0.4945855457587766
908.5682495657566 -0.49458571589888245
908.574391486878 -0.4945858957282314
908.5805334079994 -0.4945860807059516
908.5866753291208 -0.4945862663602666
908.5928172502422 -0.49458644831103155
908.5989591713635 -0.49458662229170913
908.6051010924849 -0.49458678417066043
908.6112430136063 -0.49458692997168296
908.6173849347277 -0.4945870558936465
908.6235268558491 -0.49458715832916544
908.6296687769704 -0.4945872338822033
908.6358106980919 -0.49458727938451497
908.6419526192133 -0.49458729191087564
908.6480945403347 -0.49458726879298415
908.6542364614561 -0.49458720763200414
908.6603783825774 -0.4945871063096733
908.6665203036988 -0.4945869629979192
908.6726622248202 -0.4945867761669697
908.6788041459416 -0.49458654459188
908.6849460670629 -0.49458626735748185
908.6910879881843 -0.49458594386171173
908.6972299093057 -0.4945855738173402
908.7033718304272 -0.4945851572520596
908.7095137515486 -0.4945846945069653
908.7156556726699 -0.4945841862334397
908.7217975937913 -0.49458363338844524
908.7279395149127 -0.49458303722829705
908.7340814360341 -0.4945823993009056
908.7402233571555 -0.49458172143657425
908.7463652782768 -0.49458100573739266
908.7525071993982 -0.49458025456527854
908.7586491205196 -0.49457947052877005
908.764791041641 -0.4945786564686004
908.7709329627625 -0.4945778154421694
908.7770748838838 -0.49457695070698754
908.7832168050052 -0.494576065703177
908.7893587261266 -0.49457516403515484
908.795500647248 -0.49457424945256084
908.8016425683693 -0.4945733258305658
908.8077844894907 -0.4945723971496433
908.8139264106121 -0.49457146747495057
908.8200683317335 -0.4945705409353835
908.8262102528549 -0.49456962170245455
908.8323521739762 -0.4945687139690925
908.8384940950976 -0.4945678219284686
908.844636016219 -0.4945669497529922
908.8507779373405 -0.4945661015735426
908.8569198584619 -0.49456528145908024
908.8630617795832 -0.4945644933967308
908.8692037007046 -0.4945637412724329
908.875345621826 -0.49456302885228504
908.8814875429474 -0.494562359764637
908.8876294640688 -0.4945617374830554
908.8937713851901 -0.49456116531023014
908.8999133063115 -0.49456064636289504
908.906055227433 -0.4945601835578659
908.9121971485544 -0.49455977959921976
908.9183390696757 -0.49455943696670823
908.9244809907971 -0.4945591579054353
908.9306229119185 -0.49455894441687454
908.9367648330399 -0.4945587982512245
908.9429067541613 -0.4945587209011627
908.9490486752826 -0.49455871359700987
908.955190596404 -0.4945587773033098
908.9613325175254 -0.4945589127168612
908.9674744386468 -0.49455912026615884
908.9736163597682 -0.4945594001122677
908.9797582808895 -0.4945597521510998
908.985900202011 -0.4945601760170625
908.9920421231324 -0.49456067108807406
908.9981840442538 -0.4945612364918683
909.0043259653752 -0.4945618711135728
909.0104678864965 -0.4945625736044963
909.0166098076179 -0.494563342392058
909.0227517287393 -0.49456417569082367
909.0288936498607 -0.4945650715145355
909.035035570982 -0.4945660276890954
909.0411774921034 -0.49456704186639344
909.0473194132248 -0.49456811153893326
909.0534613343463 -0.49456923405512015
909.0596032554677 -0.49457040663515467
909.065745176589 -0.49457162638742286
909.0718870977104 -0.4945728903252803
909.0780290188318 -0.49457419538415665
909.0841709399532 -0.4945755384388445
909.0903128610746 -0.494576916320898
909.0964547821959 -0.49457832583603484
909.1025967033173 -0.494579763781427
909.1087386244387 -0.4945812269628136
909.1148805455601 -0.4945827122112972
909.1210224666816 -0.4945842163997566
909.1271643878028 -0.4945857364587758
909.1333063089243 -0.4945872693919851
909.1394482300457 -0.49458881229076307
909.1455901511671 -0.4945903623481705
909.1517320722884 -0.4945919168720767
909.1578739934098 -0.49459347329737624
909.1640159145312 -0.4945950291972651
909.1701578356526 -0.4945965822934695
909.176299756774 -0.49459813046540635
909.1824416778953 -0.49459967175821223
909.1885835990167 -0.4946012043895908
909.1947255201381 -0.4946027267554718
909.2008674412596 -0.4946042374344121
909.207009362381 -0.49460573519075
909.2131512835023 -0.49460721897648613
909.2192932046237 -0.494608687931876
909.2254351257451 -0.4946101413847663
909.2315770468665 -0.4946115788486402
909.2377189679879 -0.49461300001942243
909.2438608891092 -0.49461440477105434
909.2500028102306 -0.4946157931498612
909.256144731352 -0.4946171653677805
909.2622866524734 -0.4946185217944549
909.2684285735947 -0.49461986294827515
909.2745704947162 -0.4946211894864047
909.2807124158376 -0.49462250219388604
909.286854336959 -0.49462380197185446
909.2929962580804 -0.49462508982496683
909.2991381792017 -0.4946263668481154
909.3052801003231 -0.4946276342125004
909.3114220214445 -0.49462889315117936
909.3175639425659 -0.494630144944147
909.3237058636873 -0.494631390903066
909.3298477848086 -0.494632632355742
909.33598970593 -0.49463387063042397
909.3421316270515 -0.4946351070400669
909.3482735481729 -0.4946363428666112
909.3544154692943 -0.4946375793454126
909.3605573904156 -0.4946388176499115
909.366699311537 -0.49464005887662954
909.3728412326584 -0.49464130403062045
909.3789831537798 -0.49464255401142987
909.3851250749012 -0.4946438095996842
909.3912669960225 -0.49464507144438824
909.3974089171439 -0.49464634005100283
909.4035508382653 -0.4946476157704158
909.4096927593868 -0.4946488987888359
909.415834680508 -0.4946501891187141
909.4219766016295 -0.49465148659073005
909.4281185227509 -0.4946527908469339
909.4342604438723 -0.4946541013350516
909.4404023649937 -0.4946554173040295
909.446544286115 -0.4946567378008444
909.4526862072364 -0.49465806166859705
909.4588281283578 -0.4946593875459428
909.4649700494792 -0.4946607138678325
909.4711119706006 -0.4946620388675992
909.477253891722 -0.4946633605803825
909.4833958128434 -0.4946646768478677
909.4895377339648 -0.49466598532435757
909.4956796550862 -0.49466728348410743
909.5018215762076 -0.4946685686299276
909.5079634973289 -0.4946698379029991
909.5141054184503 -0.49467108829385076
909.5202473395717 -0.49467231665447153
909.5263892606931 -0.4946735197114628
909.5325311818144 -0.4946746940801921
909.5386731029358 -0.49467583627985795
909.5448150240572 -0.49467694274941687
909.5509569451787 -0.49467800986425403
909.5570988663001 -0.4946790339535381
909.5632407874214 -0.4946800113181628
909.5693827085428 -0.4946809382491669
909.5755246296642 -0.49468181104657105
909.5816665507856 -0.4946826260384836
909.587808471907 -0.49468337960041076
909.5939503930283 -0.4946840681746526
909.6000923141497 -0.4946846882896714
909.6062342352711 -0.49468523657935876
909.6123761563925 -0.494685709802052
909.618518077514 -0.4946861048592311
909.6246599986353 -0.49468641881377706
909.6308019197567 -0.49468664890768493
909.6369438408781 -0.4946867925791594
909.6430857619995 -0.49468684747895686
909.6492276831208 -0.49468681148591315
909.6553696042422 -0.4946866827215438
909.6615115253636 -0.49468645956366347
909.667653446485 -0.4946861406589036
909.6737953676064 -0.49468572493408486
909.6799372887277 -0.4946852116063637
909.6860792098491 -0.4946846001920783
909.6922211309706 -0.4946838905142709
909.698363052092 -0.4946830827087908
909.7045049732134 -0.49468217722896846
909.7106468943347 -0.4946811748488133
909.7167888154561 -0.4946800766646954
909.7229307365775 -0.49467888409552213
909.7290726576989 -0.49467759888135326
909.7352145788203 -0.494676223080483
909.7413564999416 -0.49467475906497793
909.747498421063 -0.4946732095146729
909.7536403421844 -0.4946715774096749
909.7597822633059 -0.49466986602135776
909.7659241844271 -0.4946680789019179
909.7720661055486 -0.4946662198725045
909.77820802667 -0.49466429301001236
909.7843499477914 -0.494662302632546
909.7904918689128 -0.49466025328365626
909.7966337900341 -0.49465814971540417
909.8027757111555 -0.4946559968703231
909.8089176322769 -0.4946537998623903
909.8150595533983 -0.49465156395705684
909.8212014745197 -0.49464929455045925
909.827343395641 -0.494646997147902
909.8334853167624 -0.49464467734170336
909.8396272378839 -0.4946423407885415
909.8457691590053 -0.4946399931863692
909.8519110801267 -0.49463764025103957
909.858053001248 -0.4946352876927485
909.8641949223694 -0.4946329411923976
909.8703368434908 -0.4946306063780244
909.8764787646122 -0.4946282888013767
909.8826206857336 -0.494625993914777
909.8887626068549 -0.49462372704838187
909.8949045279763 -0.49462149338793965
909.9010464490977 -0.4946192979531889
909.9071883702192 -0.4946171455769632
909.9133302913405 -0.4946150408851421
909.9194722124619 -0.4946129882775229
909.9256141335833 -0.49461099190974384
909.9317560547047 -0.4946090556763075
909.9378979758261 -0.49460718319482133
909.9440398969474 -0.49460537779152686
909.9501818180688 -0.49460364248817756
909.9563237391902 -0.49460197999036565
909.9624656603116 -0.4946003926773128
909.968607581433 -0.4945988825932115
909.9747495025543 -0.4945974514401479
909.9808914236758 -0.4945961005726331
909.9870333447972 -0.49459483099380114
909.9931752659186 -0.4945936433532538
909.99931718704 -0.49459253794659197
910.0054591081613 -0.494591514716626
910.0116010292827 -0.49459057325625166
910.0177429504041 -0.49458971281300457
910.0238848715255 -0.494588932295232
910.0300267926468 -0.4945882302798809
910.0361687137682 -0.4945876050218406
910.0423106348896 -0.4945870544648254
910.0484525560111 -0.49458657625369923
910.0545944771325 -0.4945861677482136
910.0607363982538 -0.49458582603807655
910.0668783193752 -0.4945855479592666
910.0730202404966 -0.4945853301115431
910.079162161618 -0.4945851688770181
910.0853040827394 -0.49458506043973144
910.0914460038607 -0.49458500080611706
910.0975879249821 -0.49458498582624827
910.1037298461035 -0.49458501121578563
910.109871767225 -0.49458507257847445
910.1160136883464 -0.4945851654291112
910.1221556094677 -0.4945852852168521
910.1282975305891 -0.4945854273487346
910.1344394517105 -0.49458558721332924
910.1405813728319 -0.49458576020435546
910.1467232939532 -0.49458594174418236
910.1528652150746 -0.4945861273070671
910.159007136196 -0.49458631244205037
910.1651490573174 -0.4945864927953535
910.1712909784388 -0.4945866641321944
910.1774328995601 -0.49458682235790685
910.1835748206815 -0.4945869635382454
910.189716741803 -0.49458708391880796
910.1958586629244 -0.494587179943439
910.2020005840458 -0.49458724827155404
910.2081425051671 -0.4945872857942909
910.2142844262885 -0.4945872896493984
910.2204263474099 -0.4945872572348233
910.2265682685313 -0.4945871862208879
910.2327101896527 -0.49458707456103335
910.238852110774 -0.49458692050106856
910.2449940318954 -0.4945867225868715
910.2511359530168 -0.49458647967054203
910.2572778741383 -0.494586190914938
910.2634197952596 -0.49458585579661135
910.269561716381 -0.4945854741071121
910.2757036375024 -0.4945850459526904
910.2818455586238 -0.49458457175236775
910.2879874797452 -0.4945840522344221
910.2941294008665 -0.4945834884313038
910.3002713219879 -0.49458288167300485
910.3064132431093 -0.494582233578955
910.3125551642307 -0.494581546048452
910.3186970853521 -0.49458082124971287
910.3248390064734 -0.494580061607603
910.3309809275949 -0.4945792697901
910.3371228487163 -0.49457844869360357
910.3432647698377 -0.4945776014271307
910.3494066909591 -0.49457673129551905
910.3555486120804 -0.4945758417817178
910.3616905332018 -0.49457493652825785
910.3678324543232 -0.4945740193180319
910.3739743754446 -0.4945730940544495
910.3801162965659 -0.4945721647411086
910.3862582176873 -0.49457123546106657
910.3924001388087 -0.4945703103558616
910.3985420599302 -0.4945693936043475
910.4046839810516 -0.49456848940149367
910.4108259021729 -0.49456760193724814
910.4169678232943 -0.49456673537556506
910.4231097444157 -0.49456589383374144
910.4292516655371 -0.4945650813621252
910.4353935866585 -0.4945643019243331
910.4415355077798 -0.49456355937807056
910.4476774289012 -0.4945628574566384
910.4538193500226 -0.49456219975125504
910.459961271144 -0.4945615896942374
910.4661031922655 -0.49456103054315725
910.4722451133867 -0.4945605253660394
910.4783870345082 -0.49456007702766364
910.4845289556296 -0.4945596881770643
910.490670876751 -0.49455936123624744
910.4968127978724 -0.49455909839020273
910.5029547189937 -0.4945589015782474
910.5090966401151 -0.4945587724867266
910.5152385612365 -0.4945587125431281
910.5213804823579 -0.4945587229115922
910.5275224034792 -0.49455880448986067
910.5336643246006 -0.49455895790764615
910.539806245722 -0.4945591835264514
910.5459481668435 -0.4945594814407846
910.5520900879649 -0.4945598514807855
910.5582320090862 -0.4945602932162225
910.5643739302076 -0.4945608059618202
910.570515851329 -0.4945613887839044
910.5766577724504 -0.4945620405082775
910.5827996935718 -0.4945627597293005
910.5889416146931 -0.4945635448201094
910.5950835358145 -0.49456439394389157
910.6012254569359 -0.49456530506617885
910.6073673780573 -0.49456627596804076
910.6135092991788 -0.4945673042601252
910.6196512203 -0.4945683873974529
910.6257931414215 -0.4945695226948627
910.6319350625429 -0.4945707073430491
910.6380769836643 -0.49457193842505265
910.6442189047856 -0.4945732129331397
910.650360825907 -0.49457452778594774
910.6565027470284 -0.4945758798458288
910.6626446681498 -0.49457726593624884
910.6687865892712 -0.4945786828591725
910.6749285103925 -0.49458012741232515
910.681070431514 -0.4945815964062192
910.6872123526354 -0.4945830866808821
910.6933542737568 -0.4945845951221462
910.6994961948782 -0.494586118677442
910.7056381159995 -0.49458765437099245
910.7117800371209 -0.49458919931831413
910.7179219582423 -0.49459075073997527
910.7240638793637 -0.4945923059744914
910.7302058004851 -0.494593862490318
910.7363477216064 -0.4945954178968658
910.7424896427278 -0.49459696995446406
910.7486315638492 -0.49459851658325377
910.7547734849707 -0.4946000558709169
910.760915406092 -0.49460158607923665
910.7670573272134 -0.4946031056494291
910.7731992483348 -0.4946046132062529
910.7793411694562 -0.4946061075608348
910.7854830905776 -0.4946075877122325
910.7916250116989 -0.4946090528477173
910.7977669328203 -0.4946105023417707
910.8039088539417 -0.49461193575383644
910.8100507750631 -0.4946133528248055
910.8161926961845 -0.49461475347228784
910.8223346173058 -0.4946161377846969
910.8284765384273 -0.4946175060141737
910.8346184595487 -0.49461885856842996
910.8407603806701 -0.49462019600152124
910.8469023017915 -0.4946215190036411
910.8530442229128 -0.4946228283899924
910.8591861440342 -0.4946241250887945
910.8653280651556 -0.4946254101285368
910.871469986277 -0.4946266846245159
910.8776119073983 -0.4946279497647759
910.8837538285197 -0.49462920679551636
910.8898957496411 -0.49463045700609465
910.8960376707626 -0.49463170171367254
910.902179591884 -0.49463294224764087
910.9083215130053 -0.49463417993390674
910.9144634341267 -0.49463541607913497
910.9206053552481 -0.4946366519550741
910.9267472763695 -0.49463788878302645
910.9328891974909 -0.4946391277185927
910.9390311186122 -0.49464036983677856
910.9451730397336 -0.4946416161175476
910.951314960855 -0.4946428674319489
910.9574568819764 -0.4946441245288647
910.9635988030979 -0.49464538802249736
910.9697407242192 -0.4946466583806689
910.9758826453406 -0.4946479359139998
910.982024566462 -0.4946492207660711
910.9881664875834 -0.4946505129045978
910.9943084087047 -0.49465181211370557
911.0004503298261 -0.4946531179873435
911.0065922509475 -0.4946544299239138
911.0127341720689 -0.49465574712211907
911.0188760931903 -0.4946570685780934
911.0250180143116 -0.49465839308383364
911.031159935433 -0.49465971922694113
911.0373018565544 -0.49466104539171635
911.0434437776759 -0.4946623697615708
911.0495856987973 -0.49466369032278346
911.0557276199186 -0.4946650048695799
