time TPR_both_B_open_145_rho33
904.7786842338604 0.49733093284665647
904.7848261549818 0.4973297322694733
904.7909680761032 0.49732860526056666
904.7971099972245 0.4973275515163022
904.803251918346 0.4973265696693372
904.8093938394674 0.4973256573135604
904.8155357605888 0.4973248110373187
904.8216776817102 0.49732402646470125
904.8278196028315 0.497323298304601
904.8339615239529 0.4973226204072207
904.8401034450743 0.4973219858276505
904.8462453661957 0.4973213868960917
904.852387287317 0.49732081529426375
904.8585292084384 0.4973202621374903
904.8646711295598 0.49731971806192204
904.8708130506812 0.49731917331632475
904.8769549718027 0.497318617857825
904.883096892924 0.4973180414509834
904.8892388140454 0.4973174337695434
904.8953807351668 0.4973167845001791
904.9015226562882 0.4973160834475563
904.9076645774096 0.49731532064000855
904.9138064985309 0.4973144864351193
904.9199484196523 0.4973135716245045
904.9260903407737 0.49731256753708725
904.9322322618951 0.4973114661401631
904.9383741830165 0.497310260137564
904.9445161041378 0.497308943064244
904.9506580252593 0.4973075093766275
904.9567999463807 0.4973059545380792
904.9629418675021 0.497304275098888
904.9690837886234 0.49730246877017803
904.9752257097448 0.4973005344911992
904.9813676308662 0.49729847248948317
904.9875095519876 0.4972962843333902
904.993651473109 0.4972939729766141
904.9997933942303 0.49729154279426047
905.0059353153517 0.49728899961015643
905.0120772364731 0.4972863507151024
905.0182191575946 0.49728360487582846
905.024361078716 0.4972807723344689
905.0305029998373 0.49727786479842423
905.0366449209587 0.49727489542053666
905.0427868420801 0.49727187876955686
905.0489287632015 0.49726883079094475
905.0550706843229 0.49726576875809303
905.0612126054442 0.4972627112141293
905.0673545265656 0.49725967790449993
905.073496447687 0.49725668970060133
905.0796383688084 0.4972537685147717
905.0857802899299 0.49725093720701535
905.0919222110512 0.4972482194838763
905.0980641321726 0.49724563978993236
905.104206053294 0.4972432231924226
905.1103479744154 0.49724099525956833
905.1164898955367 0.49723898193318916
905.1226318166581 0.49723720939624777
905.1287737377795 0.4972357039360018
905.1349156589009 0.4972344918034626
905.1410575800223 0.4972335990698932
905.1471995011436 0.49723305148110425
905.153341422265 0.4972328743103167
905.1594833433865 0.4972330922103863
905.1656252645079 0.49723372906619007
905.1717671856293 0.49723480784798196
905.1779091067506 0.49723635046653086
905.184051027872 0.49723837763084855
905.1901929489934 0.49724090870931104
905.1963348701148 0.4972439615949653
905.2024767912362 0.4972475525757984
905.2086187123575 0.4972516962107263
905.2147606334789 0.49725640521203623
905.2209025546003 0.4972616903349889
905.2270444757218 0.49726756027525404
905.233186396843 0.49727402157481826
905.2393283179645 0.49728107853696424
905.2454702390859 0.49728873315087707
905.2516121602073 0.497296985026389
905.2577540813287 0.49730583133932144
905.26389600245 0.49731526678783655
905.2700379235714 0.4973252835601505
905.2761798446928 0.49733587131390755
905.2823217658142 0.4973470171674555
905.2884636869356 0.4973587057032005
905.2946056080569 0.49737091898316027
905.3007475291784 0.4973836365767719
905.3068894502998 0.49739683560094555
905.3130313714212 0.4974104907722953
905.3191732925426 0.4974245744714111
905.3253152136639 0.4974390568189778
905.3314571347853 0.49745390576348
905.3375990559067 0.49746908718017346
905.3437409770281 0.49748456498094473
905.3498828981494 0.4975003012346188
905.3560248192708 0.4975162562972235
905.3621667403922 0.4975323889516623
905.3683086615137 0.49754865655619646
905.3744505826351 0.49756501520109253
905.3805925037564 0.4975814198727401
905.3867344248778 0.49759782462451185
905.3928763459992 0.49761418275358965
905.3990182671206 0.49763044698295644
905.405160188242 0.49764656964771675
905.4113021093633 0.4976625028848852
905.4174440304847 0.4976781988257616
905.4235859516061 0.49769360978999233
905.4297278727275 0.49770868848040856
905.435869793849 0.4977233881777175
905.4420117149702 0.4977376629341294
905.4481536360917 0.4977514677649936
905.4542955572131 0.49776475883753357
905.4604374783345 0.4977774936557724
905.4665793994558 0.49778963124076286
905.4727213205772 0.4978011323052532
905.4788632416986 0.4978119594219429
905.48500516282 0.49782207718451443
905.4911470839414 0.49783145236065823
905.4972890050627 0.49784005403634485
905.5034309261841 0.49784785375064056
905.5095728473055 0.4978548256204063
905.515714768427 0.497860946454265
905.5218566895484 0.4978661958552798
905.5279986106697 0.4978705563118323
905.5341405317911 0.49787401327625064
905.5402824529125 0.497876555230795
905.5464243740339 0.49787817374066956
905.5525662951553 0.4978788634937907
905.5587082162766 0.497878622327106
905.564850137398 0.49787745123932575
905.5709920585194 0.4978753543899911
905.5771339796408 0.49787233908487083
905.5832759007621 0.49786841574774476
905.5894178218836 0.4978635978786996
905.595559743005 0.49785790199912355
905.6017016641264 0.49785134758365696
905.6078435852478 0.49784395697941397
905.6139855063691 0.4978357553128551
905.6201274274905 0.4978267703847503
905.6262693486119 0.49781703255372656
905.6324112697333 0.497806574608953
905.6385531908547 0.49779543163256773
905.644695111976 0.49778364085249716
905.6508370330974 0.4977712414863694
905.6569789542189 0.4977582745772611
905.6631208753403 0.4977447828220584
905.6692627964617 0.4977308103932481
905.675404717583 0.49771640275498263
905.6815466387044 0.49770160647429146
905.6876885598258 0.4976864690283332
905.6938304809472 0.4976710386085995
905.6999724020686 0.4976553639229935
905.7061143231899 0.49763949399671675
905.7122562443113 0.4976234779728982
905.7183981654327 0.49760736491390123
905.7245400865542 0.49759120360423476
905.7306820076755 0.4975750423559874
905.7368239287969 0.4975589288176841
905.7429658499183 0.49754290978745086
905.7491077710397 0.49752703103134
905.7552496921611 0.49751133710764817
905.7613916132824 0.49749587119802186
905.7675335344038 0.4974806749461081
905.7736754555252 0.49746578830446997
905.7798173766466 0.4974512493904401
905.785959297768 0.49743709435153854
905.7921012188893 0.4974233572410309
905.7982431400108 0.497410069904149
905.8043850611322 0.4973972618754411
905.8105269822536 0.497384960287659
905.816668903375 0.4973731897925314
905.8228108244963 0.49736197249371017
905.8289527456177 0.49735132789211295
905.8350946667391 0.497341272843823
905.8412365878605 0.4973318215306428
905.8473785089818 0.4973229854433322
905.8535204301032 0.4973147733774988
905.8596623512246 0.49730719144204455
905.865804272346 0.49730024308000825
905.8719461934675 0.4972939291015834
905.8780881145888 0.4972882477290289
905.8842300357102 0.4972831946531323
905.8903719568316 0.4972787631008289
905.896513877953 0.497274943913526
905.9026557990744 0.4972717256356277
905.9087977201957 0.49726909461271296
905.9149396413171 0.49726703509876674
905.9210815624385 0.497265529371827
905.9272234835599 0.4972645578573733
905.9333654046814 0.4972640992587418
905.9395073258027 0.4972641306938287
905.9456492469241 0.4972646278373104
905.9517911680455 0.4972655650675943
905.9579330891669 0.4972669156176878
905.9640750102882 0.49726865172916723
905.9702169314096 0.4972707448084139
905.976358852531 0.49727316558428386
905.9825007736524 0.4972758842663752
905.9886426947738 0.4972788707030631
905.9947846158951 0.4972820945384799
906.0009265370165 0.4972855253676321
906.007068458138 0.4972891328888647
906.0132103792594 0.49729288705290015
906.0193523003808 0.4972967582077105
906.0254942215021 0.4973007172385087
906.0316361426235 0.49730473570217393
906.0377780637449 0.49730878595547134
906.0439199848663 0.4973128412764568
906.0500619059877 0.49731687597850516
906.056203827109 0.4973208655164479
906.0623457482304 0.4973247865843473
906.0684876693518 0.49732861720449323
906.0746295904733 0.49733233680725203
906.0807715115945 0.49733592630145795
906.086913432716 0.49733936813509116
906.0930553538374 0.4973426463460377
906.0991972749588 0.4973457466027935
906.1053391960802 0.4973486562350213
906.1114811172015 0.4973513642539358
906.1176230383229 0.4973538613625448
906.1237649594443 0.4973561399558333
906.1299068805657 0.4973581941110314
906.1360488016871 0.497360019568166
906.1421907228084 0.49736161370114407
906.1483326439298 0.49736297547967345
906.1544745650513 0.49736410542237175
906.1606164861727 0.497365005541465
906.1667584072941 0.4973656792795217
906.1729003284154 0.4973661314387093
906.1790422495368 0.4973663681031016
906.1851841706582 0.4973663965546006
906.1913260917796 0.49736622518306906
906.1974680129009 0.4973658633912996
906.2036099340223 0.4973653214954712
906.2097518551437 0.4973646106217685
906.2158937762651 0.4973637425998511
906.2220356973866 0.49736272985388125
906.2281776185079 0.49736158529182123
906.2343195396293 0.49736032219372184
906.2404614607507 0.4973589540997217
906.2466033818721 0.4973574946984761
906.2527453029935 0.49735595771672547
906.2588872241148 0.497354356810704
906.2650291452362 0.49735270546007004
906.2711710663576 0.49735101686502714
906.277312987479 0.497349303847274
906.2834549086004 0.4973475787553994
906.2895968297217 0.49734585337530796
906.2957387508432 0.49734413884622525
906.3018806719646 0.4973424455827979
906.308022593086 0.49734078320376274
906.3141645142074 0.4973391604676147
906.3203064353287 0.49733758521566107
906.3264483564501 0.49733606432280153
906.3325902775715 0.49733460365632276
906.3387321986929 0.4973332080429464
906.3448741198142 0.4973318812443175
906.3510160409356 0.4973306259410674
906.357157962057 0.49732944372552823
906.3632998831785 0.49732833510312646
906.3694418042999 0.4973272995024229
906.3755837254212 0.4973263352937173
906.3817256465426 0.497325439816079
906.387867567664 0.4973246094126113
906.3940094887854 0.4973238394737077
906.4001514099068 0.49732312448800803
906.4062933310281 0.4973224581007097
906.4124352521495 0.49732183317884715
906.4185771732709 0.49732124188310756
906.4247190943923 0.49732067574570554
906.4308610155138 0.49732012575380585
906.437002936635 0.4973195824379431
906.4431448577565 0.4973190359648559
906.4492867788779 0.4973184762341253
906.4554286999993 0.4973178929779793
906.4615706211206 0.4973172758636042
906.467712542242 0.4973166145972866
906.4738544633634 0.49731589902969386
906.4799963844848 0.49731511926159266
906.4861383056062 0.49731426574929816
906.4922802267275 0.4973133294091455
906.4984221478489 0.4973123017202776
906.5045640689704 0.49731117482504955
906.5107059900918 0.49730994162636083
906.5168479112132 0.4973085958812428
906.5229898323345 0.4973071322900464
906.5291317534559 0.4973055465805962
906.5352736745773 0.4973038355867105
906.5414155956987 0.4973019973205062
906.5475575168201 0.497300031037954
906.5536994379414 0.49729793729717314
906.5598413590628 0.49729571800900785
906.5659832801842 0.49729337647945976
906.5721252013057 0.49729091744360404
906.578267122427 0.49728834709065917
906.5844090435484 0.497285673079936
906.5905509646698 0.49728290454743884
906.5966928857912 0.49728005210294646
906.6028348069126 0.49727712781745753
906.6089767280339 0.49727414520093866
906.6151186491553 0.49727111917036915
906.6212605702767 0.49726806600813583
906.6274024913981 0.4972650033108855
906.6335444125195 0.49726194992900014
906.6396863336408 0.4972589258969164
906.6458282547623 0.4972559523545653
906.6519701758837 0.4972530514602609
906.6581120970051 0.497250246295419
906.6642540181265 0.4972475607615422
906.6703959392478 0.4972450194699459
906.6765378603692 0.49724264762475545
906.6826797814906 0.4972404708997437
906.688821702612 0.4972385153096166
906.6949636237333 0.497236807076397
906.7011055448547 0.4972353724915846
906.7072474659761 0.4972342377748061
906.7133893870975 0.4972334289296909
906.719531308219 0.4972329715977347
906.7256732293403 0.49723289091092837
906.7318151504617 0.4972332113439481
906.7379570715831 0.49723395656670677
906.7440989927045 0.4972351492980808
906.7502409138259 0.4972368111616188
906.7563828349472 0.4972389625440435
906.7625247560686 0.4972416224573454
906.76866667719 0.49724480840525803
906.7748085983114 0.49724853625488713
906.7809505194328 0.4972528201142443
906.7870924405541 0.49725767221641554
906.7932343616756 0.49726310281105857
906.799376282797 0.4972691200638992
906.8055182039184 0.497275729964852
906.8116601250397 0.49728293624535536
906.8178020461611 0.49729074030546777
906.8239439672825 0.49729914115121904
906.8300858884039 0.4973081353426699
906.8362278095253 0.4973177169530719
906.8423697306466 0.49732787753947066
906.848511651768 0.4973386061250349
906.8546535728894 0.49734988919333767
906.8607954940109 0.4973617106947516
906.8669374151323 0.4973740520650633
906.8730793362536 0.4973868922563455
906.879221257375 0.49740020778006494
906.8853631784964 0.49741397276233723
906.8915050996178 0.49742815901118254
906.8976470207392 0.4974427360955673
906.9037889418605 0.497457671435958
906.9099308629819 0.4974729304060526
906.9160727841033 0.49748847644529576
906.9222147052247 0.4975042711817235
906.9283566263462 0.4975202745646338
906.9344985474675 0.4975364450065186
906.9406404685889 0.49755273953365114
906.9467823897103 0.49756911394466624
906.9529243108317 0.49758552297643494
906.959066231953 0.49760192047648844
906.9652081530744 0.49761825958121386
906.9713500741958 0.4976344928990069
906.9774919953172 0.4976505726975402
906.9836339164386 0.4976664510942834
906.9897758375599 0.4976820802493837
906.9959177586813 0.49769741256000766
907.0020596798028 0.4977124008552287
907.0082016009242 0.49772699859053954
907.0143435220456 0.497741160041067
907.0204854431669 0.49775484049256863
907.0266273642883 0.49776799642929914
907.0327692854097 0.4977805857178452
907.0389112065311 0.49779256778604486
907.0450531276525 0.49780390379612866
907.0511950487738 0.49781455681124476
907.0573369698952 0.49782449195456097
907.0634788910166 0.49783367656016997
907.069620812138 0.49784208031506144
907.0757627332594 0.4978496753914692
907.0819046543808 0.49785643656894146
907.0880465755022 0.49786234134553836
907.0941884966236 0.49786737003760406
907.100330417745 0.4978715058676226
907.1064723388663 0.49787473503972085
907.1126142599877 0.4978770468024385
907.1187561811091 0.49787843349845173
907.1248981022305 0.49787889060099605
907.1310400233519 0.49787841673679945
907.1371819444732 0.49787701369540155
907.1433238655947 0.49787468642480265
907.1494657867161 0.49787144301344904
907.1556077078375 0.4978672946586305
907.1617496289589 0.49786225562143027
907.1678915500802 0.49785634316843236
907.1740334712016 0.4978495775004578
907.180175392323 0.497841981668661
907.1863173134444 0.4978335814783823
907.1924592345657 0.4978244053812072
907.1986011556871 0.4978144843557455
907.2047430768085 0.49780385177769304
907.21088499793 0.4977925432797931
907.2170269190514 0.49778059660236285
907.2231688401727 0.4977680514350931
907.2293107612941 0.4977549492508751
907.2354526824155 0.4977413331324406
907.2415946035369 0.4977272475926413
907.2477365246583 0.497712738389218
907.2538784457796 0.49769785233493724
907.260020366901 0.49768263710399585
907.2661622880224 0.497667141035606
907.2723042091438 0.4976514129356882
907.2784461302653 0.49763550187760647
907.2845880513865 0.4976194570028789
907.290729972508 0.49760332732279944
907.2968718936294 0.497587161521894
907.3030138147508 0.49757100776412644
907.3091557358721 0.49755491350275105
907.3152976569935 0.4975389252946869
907.3214395781149 0.4975230886202659
907.3275814992363 0.49750744770917416
907.3337234203577 0.49749204537337344
907.339865341479 0.497476922847754
907.3460072626004 0.49746211963922143
907.3521491837218 0.49744767338488577
907.3582911048433 0.49743361971996175
907.3644330259647 0.49741999215594646
907.370574947086 0.49740682196957964
907.3767168682074 0.4973941381030438
907.3828587893288 0.4973819670757915
907.3890007104502 0.4973703329083373
907.3951426315716 0.49735925705828554
907.4012845526929 0.49734875836879916
907.4074264738143 0.49733885302965614
907.4135683949357 0.49732955455097455
907.4197103160571 0.4973208737496188
907.4258522371784 0.4973128187482407
907.4319941582999 0.4973053949868429
907.4381360794213 0.49729860524668745
907.4442780005427 0.4972924496863162
907.4504199216641 0.49728692588938367
907.4565618427854 0.49728202892394924
907.4627037639068 0.49727775141281555
907.4688456850282 0.4972740836144531
907.4749876061496 0.49727101351399133
907.481129527271 0.497268526923718
907.4872714483923 0.4972666075924748
907.4934133695137 0.4972652373233059
907.4995552906352 0.4972643960986699
907.5056972117566 0.49726406221249825
907.511839132878 0.4972642124083504
907.5179810539993 0.4972648220228922
907.5241229751207 0.49726586513390164
907.5302648962421 0.49726731471199126
907.5364068173635 0.4972691427752208
907.5425487384849 0.4972713205457713
907.5486906596062 0.49727381860784187
907.5548325807276 0.4972766070659362
907.560974501849 0.49727965570271077
907.5671164229705 0.49728293413556446
907.5732583440918 0.49728641197116613
907.5794002652132 0.4972900589571324
907.5855421863346 0.4972938451300956
907.591684107456 0.4972977409594196
907.5978260285774 0.49730171748586316
907.6039679496987 0.49730574645451264
907.6101098708201 0.4973098004413531
907.6162517919415 0.49731385297287933
907.6223937130629 0.4973178786381996
907.6285356341843 0.4973218531931223
907.6346775553056 0.49732575365577497
907.640819476427 0.49732955839334525
907.6469613975485 0.4973332471995926
907.6531033186699 0.4973368013628337
907.6592452397913 0.49734020372415705
907.6653871609126 0.49734343872568076
907.671529082034 0.4973464924487249
907.6776710031554 0.4973493526418261
907.6838129242768 0.49735200873858215
907.6899548453981 0.49735445186536825
907.6960967665195 0.4973566748390262
907.7022386876409 0.497358672154683
907.7083806087624 0.49736043996391016
907.7145225298838 0.49736197604348537
907.7206644510051 0.49736327975507544
907.7268063721265 0.4973643519962039
907.7329482932479 0.4973651951429143
907.7390902143693 0.4973658129845877
907.7452321354907 0.4973662106514112
907.751374056612 0.49736639453503445
907.7575159777334 0.49736637220298746
907.7636578988548 0.49736615230746206
907.7697998199762 0.49736574448909127
907.7759417410977 0.4973651592763825
907.782083662219 0.49736440798148357
907.7882255833404 0.4973635025929759
907.7943675044618 0.49736245566640186
907.8005094255832 0.4973612802132424
907.8066513467045 0.4973599895890656
907.8127932678259 0.49735859738156696
907.8189351889473 0.49735711729921567
907.8250771100687 0.4973555630612192
907.8312190311901 0.4973539482894983
907.8373609523114 0.49735228640335394
907.8435028734328 0.49735059051748576
907.8496447945543 0.4973488733439976
907.8557867156757 0.4973471470989958
907.8619286367971 0.4973454234143603
907.8680705579184 0.49734371325522614
907.8742124790398 0.4973420268436836
907.8803544001612 0.4973403735891578
907.8864963212826 0.49733876202588884
907.892638242404 0.4973371997578883
907.8987801635253 0.4973356934116969
907.9049220846467 0.4973342485972222
907.9110640057681 0.49733286987688147
907.9172059268896 0.49733156074322393
907.9233478480108 0.49733032360514956
907.9294897691323 0.49732915978279507
907.9356316902537 0.49732806951109276
907.9417736113751 0.49732705195196214
907.9479155324965 0.49732610521503623
907.9540574536178 0.49732522638676957
907.9601993747392 0.49732441156772667
907.9663412958606 0.4973236559177924
907.972483216982 0.4973229537089998
907.9786251381034 0.4973222983856227
907.9847670592247 0.49732168263113075
907.9909089803461 0.4973210984415667
907.9970509014676 0.4973205372048567
908.003192822589 0.4973199897855364
908.0093347437104 0.4973194466143285
908.0154766648317 0.497318897781988
908.0216185859531 0.4973183331367916
908.0277605070745 0.49731774238503185
908.0339024281959 0.4973171151938507
908.0400443493172 0.4973164412957307
908.0461862704386 0.4973157105939513
908.05232819156 0.49731491326830646
908.0584701126814 0.497314039880376
908.0646120338029 0.49731308147764186
908.0707539549242 0.49731202969574556
908.0768958760456 0.49731087685818837
908.083037797167 0.4973096160727896
908.0891797182884 0.49730824132423523
908.0953216394098 0.49730674756206505
908.1014635605311 0.49730513078347416
908.1076054816525 0.4973033881103313
908.1137474027739 0.497301517859847
908.1198893238953 0.49729951960835733
908.1260312450167 0.4972973942477328
908.132173166138 0.49729514403395525
908.1383150872595 0.49729277262745586
908.1444570083809 0.4972902851248467
908.1505989295023 0.49728768808173623
908.1567408506237 0.49728498952635936
908.162882771745 0.497282198963812
908.1690246928664 0.4972793273707333
908.1751666139878 0.4972763871803297
908.1813085351092 0.49727339225769485
908.1874504562305 0.4972703578654355
908.1935923773519 0.4972673006196679
908.1997342984733 0.49726423843650897
908.2058762195948 0.49726119046923856
908.2120181407162 0.4972581770363725
908.2181600618375 0.49725521954093
908.2243019829589 0.49725234038124283
908.2304439040803 0.4972495628536988
908.2365858252017 0.49724691104786384
908.2427277463231 0.4972444097344755
908.2488696674444 0.4972420842468449
908.2550115885658 0.4972399603562481
908.2611535096872 0.4972380641419237
908.2672954308086 0.4972364218563356
908.27343735193 0.4972350597863881
908.2795792730514 0.4972340041113118
908.2857211941728 0.4972332807579649
908.2918631152942 0.4972329152543135
908.2980050364156 0.49723293258187673
908.3041469575369 0.4972333570279311
908.3102888786583 0.4972342120382799
908.3164307997797 0.4972355200713997
908.3225727209011 0.4972373024547714
908.3287146420225 0.49723957924420514
908.3348565631438 0.4972423690869573
908.3409984842652 0.49724568908942124
908.3471404053867 0.49724955469016313
908.3532823265081 0.49725397953904804
908.3594242476295 0.4972589753831755
908.3655661687508 0.49726455196031616
908.3717080898722 0.4972707169005062
908.3778500109936 0.4972774756364188
908.383991932115 0.49728483132308976
908.3901338532364 0.4972927847675326
908.3962757743577 0.4973013343687269
908.4024176954791 0.4973104760684182
908.4085596166005 0.49732020331310905
908.414701537722 0.49733050702756876
908.4208434588433 0.49734137560013264
908.4269853799647 0.4973527948799977
908.4331273010861 0.4973647481866664
908.4392692222075 0.4973772163316242
908.4454111433289 0.4973901776522741
908.4515530644502 0.49740360805809297
908.4576949855716 0.4974174810889032
908.463836906693 0.49743176798509625
908.4699788278144 0.4974464377695813
908.4761207489358 0.497461457341167
908.4822626700571 0.4974767915790283
908.4884045911786 0.49749240345784757
908.4945465123 0.49750825417316713
908.5006884334214 0.4975243032764281
908.5068303545428 0.49754050881912654
908.5129722756641 0.49755682750546176
908.5191141967855 0.4975732148528082
908.5252561179069 0.49758962535929807
908.5313980390283 0.49760601267776294
908.5375399601496 0.4976223297952461
908.543681881271 0.49763852921726404
908.5498238023924 0.4976545631559701
908.5559657235139 0.4976703837213481
908.5621076446353 0.49768594311454323
908.5682495657566 0.4977011938224273
908.574391486878 0.49771608881247775
908.5805334079994 0.4977305817270529
908.5866753291208 0.4977446270761382
908.5928172502422 0.49775818042764497
908.5989591713635 0.4977711985943538
908.6051010924849 0.49778363981660134
908.6112430136063 0.49779546393983637
908.6173849347277 0.4978066325861833
908.6235268558491 0.49781710931918677
908.6296687769704 0.49782685980093516
908.6358106980919 0.4978358519407998
908.6419526192133 0.49784405603506476
908.6480945403347 0.4978514448967631
908.6542364614561 0.49785799397508385
908.6603783825774 0.49786368146376164
908.6665203036988 0.4978684883979148
908.6726622248202 0.497872398738851
908.6788041459416 0.49787539944642056
908.6849460670629 0.4978774805385513
908.6910879881843 0.4978786351376689
908.6972299093057 0.49787885950376204
908.7033718304272 0.49787815305392147
908.7095137515486 0.49787651836824426
908.7156556726699 0.49787396118206395
908.7217975937913 0.4978704903645284
908.7279395149127 0.49786611788362045
908.7340814360341 0.4978608587577754
908.7402233571555 0.4978547309943172
908.7463652782768 0.4978477555150019
908.7525071993982 0.49783995606901316
908.7586491205196 0.49783135913382176
908.764791041641 0.4978219938043748
908.7709329627625 0.497811891671141
908.7770748838838 0.49780108668758677
908.7832168050052 0.49778961502771546
908.7893587261266 0.4977775149343436
908.795500647248 0.49776482655883525
908.8016425683693 0.4977515917930571
908.8077844894907 0.49773785409434973
908.8139264106121 0.4977236583043487
908.8200683317335 0.497709050462512
908.8262102528549 0.4976940776152394
908.8323521739762 0.49767878762148526
908.8384940950976 0.4976632289557834
908.844636016219 0.49764745050961345
908.8507779373405 0.49763150139204143
908.8569198584619 0.4976154307305717
908.8630617795832 0.49759928747314
908.8692037007046 0.4975831201921729
908.875345621826 0.49756697689162144
908.8814875429474 0.49755090481786274
908.8876294640688 0.4975349502753396
908.8937713851901 0.49751915844778094
908.8999133063115 0.49750357322581584
908.906055227433 0.4974882370417595
908.9121971485544 0.4974731907123092
908.9183390696757 0.4974584732898477
908.9244809907971 0.4974441219230031
908.9306229119185 0.49743017172706844
908.9367648330399 0.49741665566482984
908.9429067541613 0.4974036044382962
908.9490486752826 0.4973910463917712
908.955190596404 0.4973790074266437
908.9613325175254 0.4973675109282157
908.9674744386468 0.49735657770482194
908.9736163597682 0.4973462259394362
908.9797582808895 0.4973364711538895
908.985900202011 0.49732732618576575
908.9920421231324 0.49731880117797456
908.9981840442538 0.49731090358093577
909.0043259653752 0.49730363816724765
909.0104678864965 0.49729700705864865
909.0166098076179 0.49729100976502016
909.0227517287393 0.4972856432351205
909.0288936498607 0.49728090191867835
909.035035570982 0.49727677783942453
909.0411774921034 0.49727326067858263
909.0473194132248 0.49727033786829145
909.0534613343463 0.49726799469438754
909.0596032554677 0.49726621440792634
909.065745176589 0.4972649783447871
909.0718870977104 0.49726426605266494
909.0780290188318 0.49726405542472485
909.0841709399532 0.4972643228391614
909.0903128610746 0.4972650433038836
909.0964547821959 0.4972661906055272
909.1025967033173 0.4972677374619764
909.1087386244387 0.4972696556775714
909.1148805455601 0.4972719163001653
909.1210224666816 0.49727448977919725
909.1271643878028 0.49727734612394586
909.1333063089243 0.4972804550611399
909.1394482300457 0.4972837861911069
909.1455901511671 0.49728730914166086
909.1517320722884 0.497290993718949
909.1578739934098 0.497294810054498
909.1640159145312 0.49729872874773395
909.1701578356526 0.4973027210032727
909.176299756774 0.4973067587623215
909.1824416778953 0.4973108148275634
909.1885835990167 0.4973148629809418
909.1947255201381 0.497318878093805
909.2008674412596 0.4973228362289173
909.207009362381 0.4973267147338942
909.2131512835023 0.497330492325667
909.2192932046237 0.49733414916563873
909.2254351257451 0.49733766692524756
909.2315770468665 0.49734102884170744
909.2377189679879 0.49734421976375426
909.2438608891092 0.4973472261872834
909.2500028102306 0.4973500362808207
909.256144731352 0.49735263990082856
909.2622866524734 0.49735502859690417
909.2684285735947 0.497357195606984
909.2745704947162 0.49735913584272584
909.2807124158376 0.49736084586529145
909.286854336959 0.49736232385180773
909.2929962580804 0.49736356955283445
909.2991381792017 0.4973645842412147
909.3052801003231 0.4973653706527334
909.3114220214445 0.49736593291904807
909.3175639425659 0.4973662764934039
909.3237058636873 0.4973664080696751
909.3298477848086 0.49736633549531467
909.33598970593 0.49736606767882674
909.3421316270515 0.497365614492396
909.3482735481729 0.49736498667034
909.3544154692943 0.4973641957040663
909.3605573904156 0.49736325373423257
909.366699311537 0.4973621734408186
909.3728412326584 0.49736096793182993
909.3789831537798 0.49735965063135124
909.3851250749012 0.49735823516767114
909.3912669960225 0.4973567352621928
909.3974089171439 0.4973551646198356
909.4035508382653 0.49735353682162015
909.4096927593868 0.4973518652201131
909.415834680508 0.49735016283838285
909.4219766016295 0.49734844227309766
909.4281185227509 0.4973467156023648
909.4342604438723 0.49734499429887935
909.4404023649937 0.497343289148915
909.446544286115 0.4973416101776523
909.4526862072364 0.4973399665812951
909.4588281283578 0.4973383666663873
909.4649700494792 0.49733681779669037
909.4711119706006 0.4973353263479373
909.477253891722 0.49733389767072733
909.4833958128434 0.4973325360617745
909.4895377339648 0.49733124474366963
909.4956796550862 0.49733002585326275
909.5018215762076 0.4973288804387171
909.5079634973289 0.4973278084652334
909.5141054184503 0.49732680882938596
909.5202473395717 0.49732587938196104
909.5263892606931 0.49732501695913084
909.5325311818144 0.4973242174217481
909.5386731029358 0.497323475702492
909.5448150240572 0.49732278586054707
909.5509569451787 0.49732214114344997
909.5570988663001 0.4973215340556944
909.5632407874214 0.49732095643363755
909.5693827085428 0.4973203995262161
909.5755246296642 0.49731985408093715
909.5816665507856 0.4973193104345808
909.587808471907 0.4973187586080138
909.5939503930283 0.4973181884044929
909.6000923141497 0.49731758951080607
909.6062342352711 0.4973169516005845
909.6123761563925 0.49731626443910104
909.618518077514 0.4973155179888583
909.6246599986353 0.4973147025152606
909.6308019197567 0.4973138086916629
909.6369438408781 0.4973128277030887
909.6430857619995 0.4973117513479122
909.6492276831208 0.4973105721368128
909.6553696042422 0.4973092833883175
909.6615115253636 0.497307879320269
909.667653446485 0.49730635513657395
909.6737953676064 0.49730470710861435
909.6799372887277 0.49730293265072945
909.6860792098491 0.49730103038921086
909.6922211309706 0.49729900022428886
909.698363052092 0.4972968433846228
909.7045049732134 0.49729456247385573
909.7106468943347 0.4972921615088321
909.7167888154561 0.4972896459491292
909.7229307365775 0.497287022717598
909.7290726576989 0.49728430021166237
909.7352145788203 0.49728148830517865
909.7413564999416 0.4972785983407104
909.747498421063 0.4972756431121289
909.7536403421844 0.49727263683750633
909.7597822633059 0.4972695951223263
909.7659241844271 0.49726653491308953
909.7720661055486 0.49726347444145386
909.77820802667 0.4972604331591009
909.7843499477914 0.4972574316635776
909.7904918689128 0.49725449161541513
909.7966337900341 0.49725163564688285
909.8027757111555 0.49724888726278244
909.8089176322769 0.4972462707337403
909.8150595533983 0.49724381098250114
909.8212014745197 0.49724153346377115
909.827343395641 0.49723946403820063
909.8334853167624 0.4972376288411366
909.8396272378839 0.49723605414680655
909.8457691590053 0.4972347662286332
909.8519110801267 0.4972337912164045
909.858053001248 0.497233154951045
909.8641949223694 0.49723288283776595
909.8703368434908 0.4972329996983732
909.8764787646122 0.49723352962353806
909.8826206857336 0.4972344958258344
909.8887626068549 0.49723592049435517
909.8949045279763 0.4972378246517177
909.9010464490977 0.4972402280142612
909.9071883702192 0.49724314885623405
909.9133302913405 0.49724660387875047
909.9194722124619 0.4972506080842796
909.9256141335833 0.4972551746574071
909.9317560547047 0.4972603148525826
909.9378979758261 0.49726603788953627
909.9440398969474 0.4972723508570105
909.9501818180688 0.49727925862541683
909.9563237391902 0.49728676376898723
909.9624656603116 0.49729486649793714
909.968607581433 0.4973035646011196
909.9747495025543 0.4973128533995877
909.9808914236758 0.49732272571143754
909.9870333447972 0.4973331718282429
909.9931752659186 0.49734417950333504
909.99931718704 0.4973557339521259
910.0054591081613 0.49736781786460194
910.0116010292827 0.49738041143006817
910.0177429504041 0.49739349237414343
910.0238848715255 0.497407036007958
910.0300267926468 0.4974210152894304
910.0361687137682 0.497435400896447
910.0423106348896 0.4974501613116976
910.0484525560111 0.49746526291886456
910.0545944771325 0.4974806701097976
910.0607363982538 0.49749634540225485
910.0668783193752 0.49751224956772694
910.0730202404966 0.4975283417688114
910.079162161618 0.4975445797055519
910.0853040827394 0.497560919770107
910.0914460038607 0.4975773172090681
910.0975879249821 0.49759372629270426
910.1037298461035 0.4976101004903706
910.109871767225 0.49762639265128705
910.1160136883464 0.4976425551898558
910.1221556094677 0.4976585402746642
910.1282975305891 0.497674300020298
910.1344394517105 0.4976897866810657
910.1405813728319 0.4977049528457283
910.1467232939532 0.497719751632314
910.1528652150746 0.4977341368820981
910.159007136196 0.49774806335182253
910.1651490573174 0.497761486903241
910.1712909784388 0.49777436468908187
910.1774328995601 0.4977866553345335
910.1835748206815 0.4977983191133819
910.189716741803 0.4978093181179461
910.1958586629244 0.497819616421991
910.2020005840458 0.49782918023582523
910.2081425051671 0.4978379780528293
910.2142844262885 0.49784598078669934
910.2204263474099 0.4978531618987335
910.2265682685313 0.4978594975145383
910.2327101896527 0.49786496652957785
910.238852110774 0.4978695507030471
910.2449940318954 0.4978732347396015
910.2511359530168 0.49787600635853635
910.2572778741383 0.4978778563500706
910.2634197952596 0.4978787786184466
910.269561716381 0.4978787702116283
910.2757036375024 0.4978778313374381
910.2818455586238 0.4978759653660453
910.2879874797452 0.4978731788187764
910.2941294008665 0.49786948134329456
910.3002713219879 0.49786488567525083
910.3064132431093 0.4978594075865828
910.3125551642307 0.49785306582069994
910.3186970853521 0.49784588201485286
910.3248390064734 0.4978378806100562
910.3309809275949 0.49782908874898263
910.3371228487163 0.4978195361623164
910.3432647698377 0.4978092550440987
910.3494066909591 0.49779827991665976
910.3555486120804 0.49778664748577683
910.3616905332018 0.49777439648674504
910.3678324543232 0.4977615675220956
910.3739743754446 0.4977482028917268
910.3801162965659 0.4977343464162603
910.3862582176873 0.4977200432544568
910.3924001388087 0.4977053397155571
910.3985420599302 0.49769028306744034
910.4046839810516 0.4976749213415028
910.4108259021729 0.4976593031351812
910.4169678232943 0.49764347741304915
910.4231097444157 0.497627493307424
910.4292516655371 0.49761139991941594
910.4353935866585 0.49759524612135225
910.4415355077798 0.49757908036149495
910.4476774289012 0.49756295047195936
910.4538193500226 0.49754690348071906
910.459961271144 0.4975309854285627
910.4661031922655 0.4975152411918385
910.4722451133867 0.49749971431178913
910.4783870345082 0.49748444683124776
910.4845289556296 0.4974694791394228
910.490670876751 0.49745484982545535
910.4968127978724 0.4974405955413903
910.5029547189937 0.4974267508751487
910.5090966401151 0.49741334823403643
910.5152385612365 0.49740041773927174
910.5213804823579 0.4973879871319525
910.5275224034792 0.49737608169082964
910.5336643246006 0.4973647241621856
910.539806245722 0.4973539347020611
910.5459481668435 0.4973437308310041
910.5520900879649 0.49733412740145405
910.5582320090862 0.49732513657780975
910.5643739302076 0.4973167678291633
910.570515851329 0.4973090279346201
910.5766577724504 0.49730192100106035
910.5827996935718 0.497295448493138
910.5889416146931 0.49728960927524685
910.5950835358145 0.4972843996651315
910.6012254569359 0.49727981349875766
910.6073673780573 0.49727584220600435
910.6135092991788 0.49727247489668985
910.6196512203 0.4972696984563897
910.6257931414215 0.4972674976514624
910.6319350625429 0.4972658552426559
910.6380769836643 0.4972647521066248
910.6442189047856 0.49726416736465784
910.650360825907 0.4972640785178803
910.6565027470284 0.49726446158816784
910.6626446681498 0.4972652912639904
910.6687865892712 0.4972665410503776
910.6749285103925 0.49726818342219087
910.681070431514 0.4972701899798703
910.6872123526354 0.49727253160682466
910.6933542737568 0.497275178627628
910.6994961948782 0.4972781009661887
910.7056381159995 0.49728126830307123
910.7117800371209 0.4972846502311533
910.7179219582423 0.4972882164088258
910.7240638793637 0.49729193670995986
910.7302058004851 0.4972957813698886
910.7363477216064 0.4972997211266832
910.7424896427278 0.49730372735703304
910.7486315638492 0.49730777220607386
910.7547734849707 0.49731182871055085
910.760915406092 0.4973158709147424
910.7670573272134 0.4973198739786151
910.7731992483348 0.4973238142777308
910.7793411694562 0.49732766949447327
910.7854830905776 0.4973314187002162
910.7916250116989 0.497335042428105
910.7977669328203 0.49733852273618423
910.8039088539417 0.4973418432606529
910.8100507750631 0.4973449892590922
910.8161926961845 0.4973479476435648
910.8223346173058 0.49735070700354206
910.8284765384273 0.49735325761867527
910.8346184595487 0.49735559146148306
910.8407603806701 0.497357702190082
910.8469023017915 0.49735958513114553
910.8530442229128 0.4973612372533283
910.8591861440342 0.49736265713144595
910.8653280651556 0.4973638449017521
910.871469986277 0.4973648022086987
910.8776119073983 0.4973655321436173
910.8837538285197 0.49736603917579725
910.8898957496411 0.49736632907647854
910.8960376707626 0.49736640883631555
910.902179591884 0.49736628657689913
910.9083215130053 0.4973659714569565
910.9144634341267 0.49736547357387423
910.9206053552481 0.4973648038612113
910.9267472763695 0.49736397398289145
910.9328891974909 0.4973629962247745
910.9390311186122 0.4973618833843184
910.9451730397336 0.49736064865905294
910.951314960855 0.4973593055345835
910.9574568819764 0.4973578676728457
910.9635988030979 0.4973563488013229
910.9697407242192 0.49735476260392975
910.9758826453406 0.49735312261424924
910.982024566462 0.4973514421117952
910.9881664875834 0.4973497340219452
910.9943084087047 0.4973480108201695
911.0004503298261 0.497346284441145
911.0065922509475 0.4973445661933168
911.0127341720689 0.49734286667942823
911.0188760931903 0.4973411957235048
911.0250180143116 0.4973395623047352
911.031159935433 0.49733797449864514
911.0373018565544 0.49733643942591677
911.0434437776759 0.4973349632091555
911.0495856987973 0.49733355093785436
911.0557276199186 0.49733220664175853
