time TPR_both_B_open_145_rho22
904.7786842338604 0.00011782088985630012
904.7848261549818 0.00011905882460181585
904.7909680761032 0.00012031434563013606
904.7971099972245 0.00012158209760762973
904.803251918346 0.00012285711728178463
904.8093938394674 0.00012413485603709527
904.8155357605888 0.00012541119964065695
904.8216776817102 0.00012668248508003813
904.8278196028315 0.00012794551441302335
904.8339615239529 0.00012919756556626372
904.8401034450743 0.0001304364000376367
904.8462453661957 0.00013166026747509605
904.852387287317 0.00013286790712288126
904.8585292084384 0.0001340585461440441
904.8646711295598 0.00013523189484623577
904.8708130506812 0.00013638813885547156
904.8769549718027 0.00013752792830005626
904.883096892924 0.00013865236408389998
904.8892388140454 0.00013976298134499792
904.8953807351668 0.0001408617302107882
904.9015226562882 0.0001419509539773442
904.9076645774096 0.0001430333648538407
904.9138064985309 0.0001441120174273412
904.9199484196523 0.000145190280015661
904.9260903407737 0.00014627180408775215
904.9322322618951 0.0001473604919417109
904.9383741830165 0.0001484604628400493
904.9445161041378 0.00014957601781025794
904.9506580252593 0.00015071160332588585
904.9567999463807 0.000151871774089325
904.9629418675021 0.00015306115514219948
904.9690837886234 0.00015428440353270262
904.9752257097448 0.00015554616977136944
904.9813676308662 0.00015685105930763964
904.9875095519876 0.00015820359425913112
904.993651473109 0.00015960817562382553
904.9997933942303 0.00016106904620239113
905.0059353153517 0.00016259025445362424
905.0120772364731 0.00016417561950053534
905.0182191575946 0.0001658286974979518
905.024361078716 0.0001675527495647106
905.0305029998373 0.00016935071147458186
905.0366449209587 0.0001712251652900971
905.0427868420801 0.00017317831311245582
905.0489287632015 0.00017521195310874176
905.0550706843229 0.00017732745796483578
905.0612126054442 0.00017952575589876414
905.0673545265656 0.00018180731435479174
905.073496447687 0.0001841721264834784
905.0796383688084 0.00018661970049722192
905.0857802899299 0.00018914905197457365
905.0919222110512 0.00019175869916997004
905.0980641321726 0.00019444666136848437
905.104206053294 0.00019721046030794868
905.1103479744154 0.0002000471246733102
905.1164898955367 0.00020295319765057087
905.1226318166581 0.00020592474751011708
905.1287737377795 0.00020895738117181258
905.1349156589009 0.00021204626068700927
905.1410575800223 0.0002151861225556866
905.1471995011436 0.00021837129978036232
905.153341422265 0.00022159574654236145
905.1594833433865 0.00022485306537049904
905.1656252645079 0.00022813653665739228
905.1717671856293 0.0002314391503645035
905.1779091067506 0.00023475363974373678
905.184051027872 0.00023807251689103614
905.1901929489934 0.000241388109936043
905.1963348701148 0.0002446926016615442
905.2024767912362 0.000247978069337216
905.2086187123575 0.0002512365255441536
905.2147606334789 0.00025445995975986854
905.2209025546003 0.0002576403804679399
905.2270444757218 0.0002607698575523062
905.233186396843 0.0002638405647333689
905.2393283179645 0.0002668448218016302
905.2454702390859 0.000269775136404545
905.2516121602073 0.00027262424514363115
905.2577540813287 0.00027538515374166844
905.26389600245 0.00027805117604397966
905.2700379235714 0.0002806159716233603
905.2761798446928 0.0002830735817651424
905.2823217658142 0.0002854184636171149
905.2884636869356 0.00028764552229855944
905.2946056080569 0.0002897501407734053
905.3007475291784 0.0002917282073044339
905.3068894502998 0.0002935761403184953
905.3130313714212 0.0002952909105267513
905.3191732925426 0.00029687006015896025
905.3253152136639 0.0002983117191866926
905.3314571347853 0.0002996146184269928
905.3375990559067 0.00030077809943530447
905.3437409770281 0.0003018021211143551
905.3498828981494 0.00030268726298402664
905.3560248192708 0.0003034347250759224
905.3621667403922 0.00030404632443529664
905.3683086615137 0.00030452448823204266
905.3744505826351 0.0003048722435015701
905.3805925037564 0.00030509320355536667
905.3867344248778 0.00030519155111983647
905.3928763459992 0.00030517201828052416
905.3990182671206 0.00030503986332686573
905.405160188242 0.0003048008446101709
905.4113021093633 0.0003044611915444821
905.4174440304847 0.00030402757289614356
905.4235859516061 0.0003035070625233339
905.4297278727275 0.0003029071027413356
905.435869793849 0.00030223546550284285
905.4420117149702 0.00030150021159512175
905.4481536360917 0.0003007096480672251
905.4542955572131 0.0002998722841106779
905.4604374783345 0.00029899678562605547
905.4665793994558 0.00029809192871559813
905.4727213205772 0.00029716655234842684
905.4788632416986 0.0002962295104500172
905.48500516282 0.00029528962367130623
905.4911470839414 0.00029435563109514787
905.4972890050627 0.0002934361421388131
905.5034309261841 0.0002925395889107799
905.5095728473055 0.0002916741792782722
905.515714768427 0.0002908478508988179
905.5218566895484 0.0002900682264645824
905.5279986106697 0.00028934257040237734
905.5341405317911 0.00028867774726511376
905.5402824529125 0.0002880801820420713
905.5464243740339 0.0002875558226057798
905.5525662951553 0.0002871101045025248
905.5587082162766 0.00028674791828165564
905.564850137398 0.00028647357954599966
905.5709920585194 0.0002862908018917607
905.5771339796408 0.00028620267289157877
905.5832759007621 0.000286211633258767
905.5894178218836 0.000286319459314433
905.595559743005 0.0002865272488621379
905.6017016641264 0.0002868354105571798
905.6078435852478 0.00028724365683945047
905.6139855063691 0.0002877510004803443
905.6201274274905 0.00028835575477538744
905.6262693486119 0.00028905553739521435
905.6324112697333 0.00028984727788840194
905.6385531908547 0.00029072722881051205
905.644695111976 0.00029169098043460963
905.6508370330974 0.00029273347897965834
905.6569789542189 0.00029384904827454603
905.6631208753403 0.0002950314147573079
905.6692627964617 0.0002962737356913292
905.675404717583 0.00029756863046314605
905.6815466387044 0.0002989082148099465
905.6876885598258 0.0003002841378091248
905.6938304809472 0.00030168762144733606
905.6999724020686 0.0003031095025725008
905.7061143231899 0.00030454027701930166
905.7122562443113 0.00030597014568675
905.7183981654327 0.00030738906233576473
905.7245400865542 0.0003087867828651151
905.7306820076755 0.00031015291581592885
905.7368239287969 0.00031147697384799393
905.7429658499183 0.00031274842592559244
905.7491077710397 0.0003139567499464613
905.7552496921611 0.0003150914855447483
905.7613916132824 0.0003161422867976637
905.7675335344038 0.00031709897456563385
905.7736754555252 0.00031795158819754234
905.7798173766466 0.0003186904363357175
905.785959297768 0.00031930614655995097
905.7921012188893 0.0003197897136157596
905.7982431400108 0.000320132545979578
905.8043850611322 0.0003203265105222179
905.8105269822536 0.00032036397504195944
905.816668903375 0.00032023784844993066
905.8228108244963 0.0003199416184028104
905.8289527456177 0.00031946938619140705
905.8350946667391 0.0003188158987082564
905.8412365878605 0.00031797657733276746
905.8473785089818 0.00031694754358884737
905.8535204301032 0.0003157256414469121
905.8596623512246 0.0003143084561599609
905.865804272346 0.0003126943295416078
905.8719461934675 0.00031088237161265076
905.8780881145888 0.00030887246856183524
905.8842300357102 0.00030666528698561883
905.8903719568316 0.0003042622743911892
905.896513877953 0.0003016656559663055
905.9026557990744 0.0002988784276388177
905.9087977201957 0.0002959043454677411
905.9149396413171 0.0002927479114265493
905.9210815624385 0.0002894143556576441
905.9272234835599 0.00028590961529477866
905.9333654046814 0.00028224030996749255
905.9395073258027 0.00027841371411805216
905.9456492469241 0.00027443772627725474
905.9517911680455 0.00027032083546029003
905.9579330891669 0.0002660720848578919
905.9640750102882 0.00026170103301102076
905.9702169314096 0.0002572177126692601
905.976358852531 0.00025263258754401635
905.9825007736524 0.00024795650717733374
905.9886426947738 0.0002432006601556722
905.9947846158951 0.00023837652590533794
906.0009265370165 0.00023349582531240686
906.007068458138 0.00022857047041474707
906.0132103792594 0.00022361251341736628
906.0193523003808 0.00021863409528461198
906.0254942215021 0.00021364739416370818
906.0316361426235 0.0002086645738939538
906.0377780637449 0.0002036977328542879
906.0439199848663 0.0001987588533991961
906.0500619059877 0.00019385975212898263
906.056203827109 0.0001890120312351869
906.0623457482304 0.00018422703115558738
906.0684876693518 0.00017951578476574573
906.0746295904733 0.00017488897332550474
906.0807715115945 0.00017035688438916442
906.086913432716 0.00016592937187752502
906.0930553538374 0.00016161581849833968
906.0991972749588 0.000157425100689373
906.1053391960802 0.0001533655562448926
906.1114811172015 0.00014944495477244995
906.1176230383229 0.00014567047111203594
906.1237649594443 0.00014204866183435645
906.1299068805657 0.00013858544491901194
906.1360488016871 0.0001352860826970196
906.1421907228084 0.00013215516812524467
906.1483326439298 0.00012919661444320906
906.1544745650513 0.000126413648245363
906.1606164861727 0.00012380880598431273
906.1667584072941 0.0001213839339029495
906.1729003284154 0.00011914019137574896
906.1790422495368 0.00011707805762198522
906.1851841706582 0.00011519734173632626
906.1913260917796 0.00011349719596511743
906.1974680129009 0.00011197613214000861
906.2036099340223 0.00011063204116425795
906.2097518551437 0.0001094622154313474
906.2158937762651 0.00010846337404034814
906.2220356973866 0.00010763169065807851
906.2281776185079 0.00010696282386443529
906.2343195396293 0.00010645194980439957
906.2404614607507 0.0001060937969584332
906.2466033818721 0.00010588268283196378
906.2527453029935 0.0001058125523549359
906.2588872241148 0.00010587701777360883
906.2650291452362 0.0001060693998092529
906.2711710663576 0.00010638276985212055
906.277312987479 0.00010680999295394324
906.2834549086004 0.00010734377137850532
906.2895968297217 0.00010797668846736744
906.2957387508432 0.00010870125257675316
906.3018806719646 0.0001095099408419093
906.308022593086 0.0001103952425268038
906.3141645142074 0.00011134970172012894
906.3203064353287 0.0001123659591428506
906.3264483564501 0.00011343679283819225
906.3325902775715 0.00011455515752202319
906.3387321986929 0.00011571422237965844
906.3448741198142 0.00011690740710470574
906.3510160409356 0.00011812841598603039
906.357157962057 0.00011937126986069413
906.3632998831785 0.00012063033576343132
906.3694418042999 0.00012190035411684992
906.3755837254212 0.0001231764633211554
906.3817256465426 0.0001244542216175155
906.387867567664 0.00012572962611519614
906.3940094887854 0.00012699912888926903
906.4001514099068 0.0001282596500727892
906.4062933310281 0.00012950858788491368
906.4124352521495 0.00013074382555422454
906.4185771732709 0.00013196373511457422
906.4247190943923 0.00013316717806882537
906.4308610155138 0.00013435350293396385
906.437002936635 0.00013552253969900495
906.4431448577565 0.00013667459124478313
906.4492867788779 0.00013781042179216135
906.4554286999993 0.00013893124246200763
906.4615706211206 0.00014003869404681973
906.467712542242 0.000141134827109555
906.4738544633634 0.00014222207954034377
906.4799963844848 0.00014330325171598392
906.4861383056062 0.0001443814794205314
906.4922802267275 0.00014546020469780103
906.4984221478489 0.00014654314481794942
906.5045640689704 0.00014763425955071442
906.5107059900918 0.0001487377169472198
906.5168479112132 0.00014985785784024072
906.5229898323345 0.00015099915927974352
906.5291317534559 0.00015216619712625745
906.5352736745773 0.00015336360802889685
906.5414155956987 0.00015459605101804386
906.5475575168201 0.00015586816894451805
906.5536994379414 0.00015718454999764692
906.5598413590628 0.0001585496895337431
906.5659832801842 0.00015996795244471525
906.5721252013057 0.00016144353629291605
906.578267122427 0.00016298043543411556
906.5844090435484 0.00016458240634447603
906.5905509646698 0.00016625293436059883
906.5966928857912 0.00016799520203356942
906.6028348069126 0.0001698120592887539
906.6089767280339 0.00017170599557285817
906.6151186491553 0.00017367911415854014
906.6212605702767 0.00017573310876465908
906.6274024913981 0.00017786924263721922
906.6335444125195 0.0001800883302222016
906.6396863336408 0.00018239072154688086
906.6458282547623 0.00018477628941100695
906.6519701758837 0.00018724441947328996
906.6581120970051 0.00018979400330244227
906.6642540181265 0.00019242343444510394
906.6703959392478 0.00019513060754604755
906.6765378603692 0.00019791292053855292
906.6826797814906 0.0002007672799055662
906.688821702612 0.00020369010899448103
906.6949636237333 0.00020667735935105434
906.7011055448547 0.0002097245250204793
906.7072474659761 0.00021282665974650254
906.7133893870975 0.00021597839698261505
906.719531308219 0.0002191739726128812
906.7256732293403 0.00022240725026410492
906.7318151504617 0.0002256717490755453
906.7379570715831 0.00022896067377785242
906.7440989927045 0.0002322669469188811
906.7502409138259 0.00023558324306105315
906.7563828349472 0.0002389020247627646
906.7625247560686 0.0002422155801452102
906.76866667719 0.00024551606183593295
906.7748085983114 0.0002487955270715234
906.7809505194328 0.00025204597873407225
906.7870924405541 0.00025525940708964344
906.7932343616756 0.0002584278319917142
906.799376282797 0.0002615433453087633
906.8055182039184 0.00026459815333268336
906.8116601250397 0.00026758461892360347
906.8178020461611 0.0002704953031469909
906.8239439672825 0.00027332300616066514
906.8300858884039 0.0002760608071124493
906.8362278095253 0.000278702102813706
906.8423697306466 0.00028124064495997696
906.848511651768 0.00028367057567706925
906.8546535728894 0.0002859864611796588
906.8607954940109 0.000288183323339183
906.8669374151323 0.0002902566689689282
906.8730793362536 0.00029220251664639806
906.879221257375 0.00029401742090633885
906.8853631784964 0.0002956984936521052
906.8915050996178 0.0002972434226482655
906.8976470207392 0.00029865048697343133
906.9037889418605 0.00029991856932910283
906.9099308629819 0.00030104716511773885
906.9160727841033 0.000302036388221314
906.9222147052247 0.00030288697343003914
906.9283566263462 0.00030360027548963626
906.9344985474675 0.00030417826475463824
906.9406404685889 0.00030462351945414307
906.9467823897103 0.00030493921459564985
906.9529243108317 0.00030512910755146113
906.959066231953 0.00030519752039092545
906.9652081530744 0.0003051493190401829
906.9713500741958 0.000304989889368981
906.9774919953172 0.0003047251103215742
906.9836339164386 0.0003043613242254777
906.9897758375599 0.00030390530442781524
906.9959177586813 0.00030336422042427267
907.0020596798028 0.0003027456006598641
907.0082016009242 0.000302057293194089
907.0143435220456 0.0003013074244351531
907.0204854431669 0.00030050435615929275
907.0266273642883 0.0002996566410407627
907.0327692854097 0.00029877297692718205
907.0389112065311 0.0002978621601019346
907.0450531276525 0.0002969330377817021
907.0511950487738 0.00029599446010177113
907.0573369698952 0.0002950552318452825
907.0634788910166 0.000294124064174422
907.069620812138 0.0002932095266223229
907.0757627332594 0.0002923199996036232
907.0819046543808 0.00029146362769939815
907.0880465755022 0.00029064827396881244
907.0941884966236 0.00028988147553483923
907.100330417745 0.0002891704006853682
907.1064723388663 0.00028852180772336153
907.1126142599877 0.0002879420057912909
907.1187561811091 0.00028743681788494615
907.1248981022305 0.0002870115462608354
907.1310400233519 0.00028667094042920314
907.1371819444732 0.00028641916791159944
907.1433238655947 0.00028625978792773643
907.1494657867161 0.00028619572816157937
907.1556077078375 0.000286229264740491
907.1617496289589 0.0002863620055451337
907.1678915500802 0.00028659487695032306
907.1740334712016 0.00028692811407945594
907.180175392323 0.0002873612546368674
907.1863173134444 0.0002878931363639584
907.1924592345657 0.00028852189814596713
907.1986011556871 0.0002892449847772521
907.2047430768085 0.0002900591553738598
907.21088499793 0.0002909604954028637
907.2170269190514 0.0002919444322790287
907.2231688401727 0.00029300575446056693
907.2293107612941 0.0002941386339570546
907.2354526824155 0.0002953366521447041
907.2415946035369 0.00029659282876628025
907.2477365246583 0.0002978996539762129
907.2538784457796 0.00029924912327492767
907.260020366901 0.00030063277516094813
907.2661622880224 0.00030204173131462693
907.2723042091438 0.00030346673911366465
907.2784461302653 0.00030489821626781134
907.2845880513865 0.0003063262973485807
907.290729972508 0.00030774088197941586
907.2968718936294 0.0003091316844425095
907.3030138147508 0.00031048828445053635
907.3091557358721 0.00031180017882513747
907.3152976569935 0.00031305683381863076
907.3214395781149 0.0003142477378117702
907.3275814992363 0.000315362454117996
907.3337234203577 0.0003163906736237402
907.339865341479 0.0003173222669949159
907.3460072626004 0.0003181473361818288
907.3521491837218 0.00031885626495814994
907.3582911048433 0.00031943976823459874
907.3644330259647 0.0003198889398943255
907.370574947086 0.0003201952989046754
907.3767168682074 0.0003203508334690469
907.3828587893288 0.000320348042993
907.3890007104502 0.0003201799776501318
907.3951426315716 0.00031984027534617793
907.4012845526929 0.0003193231958933221
907.4074264738143 0.0003186236522216915
907.4135683949357 0.0003177372384705842
907.4197103160571 0.00031666025481849423
907.4258522371784 0.0003153897289282936
907.4319941582999 0.00031392343390169183
907.4381360794213 0.0003122599026555609
907.4442780005427 0.0003103984386513931
907.4504199216641 0.00030833912292835166
907.4565618427854 0.0003060828174095765
907.4627037639068 0.0003036311644708132
907.4688456850282 0.0003009865827797811
907.4749876061496 0.00029815225943391905
907.481129527271 0.00029513213844310505
907.4872714483923 0.0002919309056226363
907.4934133695137 0.0002885539699799069
907.4995552906352 0.0002850074416960262
907.5056972117566 0.00028129810682047605
907.511839132878 0.0002774333988134698
907.5179810539993 0.00027342136708609246
907.5241229751207 0.0002692706427030182
907.5302648962421 0.000264990401426428
907.5364068173635 0.0002605903242924064
907.5425487384849 0.00025608055592284194
907.5486906596062 0.0002514716607864824
907.5548325807276 0.00024677457763217154
907.560974501849 0.0002420005723255912
907.5671164229705 0.00023716118932786762
907.5732583440918 0.00023226820206009703
907.5794002652132 0.00022733356240257823
907.5855421863346 0.0002223693495805193
907.591684107456 0.00021738771869020106
907.5978260285774 0.00021240084912014959
907.6039679496987 0.00020742089312129907
907.6101098708201 0.00020245992477834287
907.6162517919415 0.0001975298896313696
907.6223937130629 0.000192642555192553
907.6285356341843 0.00018780946259728203
907.6346775553056 0.00018304187962231943
907.640819476427 0.00017835075529598355
907.6469613975485 0.00017374667631639177
907.6531033186699 0.00016923982548395925
907.6592452397913 0.0001648399423435123
907.6653871609126 0.0001605562862196027
907.671529082034 0.00015639760181585435
907.6776710031554 0.00015237208753583168
907.6838129242768 0.00014848736666862454
907.6899548453981 0.00014475046156744943
907.6960967665195 0.00014116777093408484
907.7022386876409 0.00013774505030588415
907.7083806087624 0.00013448739582558854
907.7145225298838 0.00013139923135730282
907.7206644510051 0.00012848429899476325
907.7268063721265 0.00012574565299056832
907.7329482932479 0.00012318565711752052
907.7390902143693 0.0001208059854555892
907.7452321354907 0.00011860762658035272
907.751374056612 0.00011659089111135191
907.7575159777334 0.00011475542256148864
907.7636578988548 0.00011310021141156628
907.7697998199762 0.0001116236123175274
907.7759417410977 0.00011032336434172794
907.782083662219 0.00010919661408400744
907.7882255833404 0.00010823994157338033
907.7943675044618 0.0001074493887668323
907.8005094255832 0.00010682049048834014
907.8066513467045 0.00010634830762859444
907.8127932678259 0.00010602746241422637
907.8189351889473 0.00010585217554479021
907.8250771100687 0.00010581630498608994
907.8312190311901 0.00010591338620010832
907.8373609523114 0.00010613667358445624
907.8435028734328 0.00010647918288833402
907.8496447945543 0.00010693373436721606
907.8557867156757 0.0001074929964350448
907.8619286367971 0.00010814952957062066
907.8680705579184 0.00010889583023419233
907.8742124790398 0.00010972437455071382
907.8803544001612 0.00011062766151842306
907.8864963212826 0.00011159825550452249
907.892638242404 0.00011262882779454962
907.8987801635253 0.00011371219696801639
907.9049220846467 0.00011484136788006664
907.9110640057681 0.000116009569037594
907.9172059268896 0.00011721028816782472
907.9233478480108 0.0001184373057883966
907.9294897691323 0.00011968472659979195
907.9356316902537 0.00012094700853403704
907.9417736113751 0.00012221898930744453
907.9479155324965 0.0001234959103399282
907.9540574536178 0.0001247734379189715
907.9601993747392 0.00012604768150249672
907.9663412958606 0.00012731520907161383
907.972483216982 0.00012857305946159368
907.9786251381034 0.00012981875161691535
907.9847670592247 0.00013105029073412418
907.9909089803461 0.00013226617127438573
907.9970509014676 0.0001334653768455895
908.003192822589 0.00013464737697203033
908.0093347437104 0.00013581212078748954
908.0154766648317 0.0001369600277052334
908.0216185859531 0.00013809197513567418
908.0277605070745 0.00013920928333929672
908.0339024281959 0.0001403136975186337
908.0400443493172 0.00014140736726874615
908.0461862704386 0.00014249282352050906
908.05232819156 0.00014357295312502475
908.0584701126814 0.00014465097124074554
908.0646120338029 0.00014573039169695235
908.0707539549242 0.0001468149955185838
908.0768958760456 0.0001479087978073555
908.083037797167 0.00014901601318321358
908.0891797182884 0.00015014101999783532
908.0953216394098 0.00015128832353858575
908.1014635605311 0.00015246251844664338
908.1076054816525 0.00015366825057701205
908.1137474027739 0.00015491017853106522
908.1198893238953 0.0001561929350936664
908.1260312450167 0.0001575210888071708
908.132173166138 0.00015889910591354117
908.1383150872595 0.00016033131289344135
908.1444570083809 0.00016182185982754538
908.1505989295023 0.00016337468480051424
908.1567408506237 0.00016499347956193942
908.162882771745 0.0001666816566513847
908.1690246928664 0.00016844231818628693
908.1751666139878 0.00017027822650196678
908.1813085351092 0.00017219177682258042
908.1874504562305 0.00017418497213029886
908.1935923773519 0.00017625940038768943
908.1997342984733 0.00017841621425486112
908.2058762195948 0.00018065611342908794
908.2120181407162 0.00018297932971970295
908.2181600618375 0.00018538561495570324
908.2243019829589 0.00018787423180756756
908.2304439040803 0.00019044394758823714
908.2365858252017 0.00019309303108149721
908.2427277463231 0.00019581925242870805
908.2488696674444 0.00019861988608752289
908.2550115885658 0.00020149171685872937
908.2611535096872 0.00020443104895974192
908.2672954308086 0.00020743371810585194
908.27343735193 0.00021049510654295653
908.2795792730514 0.00021361016095840175
908.2857211941728 0.00021677341317981788
908.2918631152942 0.00021997900355549843
908.2980050364156 0.00022322070689405462
908.3041469575369 0.0002264919608259345
908.3102888786583 0.00022978589643479243
908.3164307997797 0.0002330953709931222
908.3225727209011 0.00023641300262368747
908.3287146420225 0.00023973120669628197
908.3348565631438 0.0002430422337587004
908.3409984842652 0.00024633820879076546
908.3471404053867 0.0002496111715618868
908.3532823265081 0.00025285311786497417
908.3594242476295 0.00025605604139354154
908.3655661687508 0.00025921197602387497
908.3717080898722 0.00026231303826071244
908.3778500109936 0.00026535146960268767
908.383991932115 0.00026831967858305747
908.3901338532364 0.0002712102822419121
908.3962757743577 0.00027401614678812644
908.4024176954791 0.0002767304272127733
908.4085596166005 0.0002793466056206308
908.414701537722 0.0002818585280526528
908.4208434588433 0.00028426043957978207
908.4269853799647 0.0002865470174575054
908.4331273010861 0.0002887134021406097
908.4392692222075 0.00029075522596894973
908.4454111433289 0.000292668639347552
908.4515530644502 0.00029445033425793847
908.4576949855716 0.0002960975649520305
908.463836906693 0.0002976081656955079
908.4699788278144 0.00029898056544375157
908.4761207489358 0.000300213799350422
908.4822626700571 0.0003013075170263963
908.4884045911786 0.00030226198748483735
908.4945465123 0.0003030781007267955
908.5006884334214 0.0003037573659404031
908.5068303545428 0.0003043019063059479
908.5129722756641 0.00030471445041800144
908.5191141967855 0.00030499832035498555
908.5252561179069 0.00030515741644537083
908.5313980390283 0.00030519619879844855
908.5375399601496 0.0003051196656857956
908.543681881271 0.00030493332887749573
908.5498238023924 0.00030464318605430304
908.5559657235139 0.0003042556904336659
908.5621076446353 0.0003037777177631594
908.5682495657566 0.00030321653085009005
908.574391486878 0.0003025797418097632
908.5805334079994 0.00030187527222829953
908.5866753291208 0.0003011113114474634
908.5928172502422 0.0003002962731901338
908.5989591713635 0.0002994387507543296
908.6051010924849 0.0002985474710123872
908.6112430136063 0.00029763124745869744
908.6173849347277 0.0002966989325553176
908.6235268558491 0.00029575936962917903
908.6296687769704 0.00029482134457754734
908.6358106980919 0.0002938935376401703
908.6419526192133 0.00029298447549671
908.6480945403347 0.0002921024839470272
908.6542364614561 0.00029125564142932456
908.6603783825774 0.00029045173362732583
908.6665203036988 0.0002896982094125064
908.6726622248202 0.00028900213836084986
908.6788041459416 0.00028837017007586233
908.6849460670629 0.00028780849554056075
908.6910879881843 0.0002873228107110357
908.6972299093057 0.0002869182825526995
908.7033718304272 0.00028659951770824147
908.7095137515486 0.00028637053397262977
908.7156556726699 0.0002862347347363385
908.7217975937913 0.0002861948865427465
908.7279395149127 0.00028625309988966684
908.7340814360341 0.000286410813388228
908.7402233571555 0.00028666878137509274
908.7463652782768 0.0002870270650560567
908.7525071993982 0.0002874850272407852
908.7586491205196 0.0002880413307098234
908.764791041641 0.0002886939402360071
908.7709329627625 0.000289440128263376
908.7770748838838 0.00029027648422752603
908.7832168050052 0.00029119892748215363
908.7893587261266 0.00029220272377765405
908.795500647248 0.0002932825052187395
908.8016425683693 0.00029443229360976016
908.8077844894907 0.00029564552707827613
908.8139264106121 0.0002969150898500179
908.8200683317335 0.00029823334503156545
908.8262102528549 0.00029959217024073286
908.8323521739762 0.00030098299590964494
908.8384940950976 0.0003023968460706163
908.844636016219 0.0003038243814219025
908.8507779373405 0.00030525594445756976
908.8569198584619 0.00030668160643472253
908.8630617795832 0.00030809121594100155
908.8692037007046 0.000309474448816504
908.875345621826 0.0003108208591766541
908.8814875429474 0.0003121199312763641
908.8876294640688 0.00031336113195091315
908.8937713851901 0.0003145339633656717
908.8999133063115 0.00031562801580470415
908.906055227433 0.0003166330202278756
908.9121971485544 0.00031753890032694827
908.9183390696757 0.00031833582381360267
908.9244809907971 0.0003190142526761804
908.9306229119185 0.0003195649921472496
908.9367648330399 0.0003199792381307379
908.9429067541613 0.00032024862284548133
908.9490486752826 0.00032036525845140673
908.955190596404 0.0003203217784351868
908.9613325175254 0.0003201113765440734
908.9674744386468 0.00031972784306959424
908.9736163597682 0.0003191655982967943
908.9797582808895 0.00031841972294977477
908.985900202011 0.0003174859854801984
908.9920421231324 0.0003163608660619818
908.9981840442538 0.00031504157717302396
909.0043259653752 0.0003135260806626074
909.0104678864965 0.00031181310122168336
909.0166098076179 0.00030990213619214646
909.0227517287393 0.00030779346167027595
909.0288936498607 0.0003054881348788776
909.035035570982 0.000302987992802079
909.0411774921034 0.00030029564709593165
909.0473194132248 0.00029741447530731436
909.0534613343463 0.0002943486084523625
909.0596032554677 0.00029110291502434883
909.065745176589 0.000287682981518952
909.0718870977104 0.0002840950895823677
909.0780290188318 0.0002803461899046829
909.0841709399532 0.0002764438729970074
909.0903128610746 0.00027239633700624604
909.0964547821959 0.0002682123527358795
909.1025967033173 0.0002639012260545634
909.1087386244387 0.0002594727578869364
909.1148805455601 0.0002549372019924188
909.1210224666816 0.000250305220748042
909.1271643878028 0.00024558783916056836
909.1333063089243 0.00024079639734114145
909.1394482300457 0.00023594250168224577
909.1455901511671 0.00023103797498248566
909.1517320722884 0.00022609480576869648
909.1578739934098 0.00022112509706791457
909.1640159145312 0.0002161410148834525
909.1701578356526 0.00021115473662953161
909.176299756774 0.00020617839977820994
909.1824416778953 0.00020122405097010117
909.1885835990167 0.00019630359583700728
909.1947255201381 0.00019142874978004358
909.2008674412596 0.0001866109899409718
909.207009362381 0.0001818615085976273
909.2131512835023 0.00017719116820622105
909.2192932046237 0.00017261045830422518
909.2254351257451 0.0001681294544773994
909.2315770468665 0.00016375777958348855
909.2377189679879 0.00015950456741302562
909.2438608891092 0.00015537842895485332
909.2500028102306 0.0001513874214203055
909.256144731352 0.00014753902016562755
909.2622866524734 0.0001438400936370691
909.2684285735947 0.0001402968814475381
909.2745704947162 0.00013691497567744793
909.2807124158376 0.0001336993054757857
909.286854336959 0.0001306541250205409
909.2929962580804 0.00012778300488018764
909.2991381792017 0.00012508882680059295
909.3052801003231 0.00012257378192406305
909.3114220214445 0.00012023937242962994
909.3175639425659 0.00011808641656604589
909.3237058636873 0.00011611505703158026
909.3298477848086 0.00011432477263748757
909.33598970593 0.00011271439317502024
909.3421316270515 0.00011128211738947997
909.3482735481729 0.00011002553394868993
909.3544154692943 0.00010894164527783855
909.3605573904156 0.0001080268941178823
909.366699311537 0.00010727719265053497
909.3728412326584 0.00010668795401979534
909.3789831537798 0.00010625412606736305
909.3851250749012 0.00010597022708814677
909.3912669960225 0.00010583038340147416
909.3974089171439 0.00010582836852450291
909.4035508382653 0.00010595764372604238
909.4096927593868 0.00010621139973220951
909.415834680508 0.00010658259934950346
909.4219766016295 0.00010706402076659252
909.4281185227509 0.00010764830129290612
909.4342604438723 0.00010832798129048597
909.4404023649937 0.00010909554805496632
909.446544286115 0.00010994347940272574
909.4526862072364 0.00011086428672338503
909.4588281283578 0.00011185055726060038
909.4649700494792 0.00011289499538903917
909.4711119706006 0.00011399046266188059
909.477253891722 0.00011513001641054021
909.4833958128434 0.00011630694668745062
909.4895377339648 0.00011751481135246803
909.4956796550862 0.00011874746911483059
909.5018215762076 0.00011999911035472471
909.5079634973289 0.00012126428556168185
909.5141054184503 0.0001225379312412716
909.5202473395717 0.00012381539315637924
909.5263892606931 0.00012509244678516826
909.5325311818144 0.00012636531489408487
909.5386731029358 0.0001276306821412332
909.5448150240572 0.00012888570664272098
909.5509569451787 0.00013012802845235755
909.5570988663001 0.0001313557749229305
909.5632407874214 0.000132567562935445
909.5693827085428 0.00013376249800075137
909.5755246296642 0.00013494017025599946
909.5816665507856 0.00013610064739626144
909.587808471907 0.0001372444645991467
909.5939503930283 0.00013837261151742803
909.6000923141497 0.00013948651643135598
909.6062342352711 0.00014058802766849326
909.6123761563925 0.00014167939241422668
909.618518077514 0.00014276323305090324
909.6246599986353 0.00014384252117729062
909.6308019197567 0.0001449205494730266
909.6369438408781 0.00014600090158470668
909.6430857619995 0.00014708742022112375
909.6492276831208 0.0001481841736550291
909.6553696042422 0.00014929542083745288
909.6615115253636 0.00015042557533813468
909.667653446485 0.0001515791683318565
909.6737953676064 0.00015276081085555723
909.6799372887277 0.00015397515556478077
909.6860792098491 0.00015522685822058285
909.6922211309706 0.0001565205391391085
909.698363052092 0.0001578607448360104
909.7045049732134 0.00015925191009649367
909.7106468943347 0.00016069832069897467
909.7167888154561 0.00016220407701666734
909.7229307365775 0.0001637730587159134
909.7290726576989 0.00016540889076407795
909.7352145788203 0.0001671149109520109
909.7413564999416 0.00016889413912762495
909.747498421063 0.0001707492483273228
909.7536403421844 0.0001726825379812736
909.7597822633059 0.000174695909356893
909.7659241844271 0.0001767908433921341
909.7720661055486 0.00017896838105689914
909.77820802667 0.00018122910636646878
909.7843499477914 0.00018357313215605894
909.7904918689128 0.00018600008870997876
909.7966337900341 0.00018850911532279104
909.8027757111555 0.0001910988548533062
909.8089176322769 0.0001937674513153085
909.8150595533983 0.00019651255053169578
909.8212014745197 0.00019933130386127942
909.827343395641 0.00020222037498998226
909.8334853167624 0.00020517594976059543
909.8396272378839 0.0002081937489978627
909.8457691590053 0.00021126904426825157
909.8519110801267 0.0002143966764969141
909.858053001248 0.0002175710773474994
909.8641949223694 0.00022078629325443375
909.8703368434908 0.00022403601198148584
909.8764787646122 0.00022731359156555857
909.8826206857336 0.00023061209149015832
909.8887626068549 0.00023392430591971783
909.8949045279763 0.00023724279881310665
909.9010464490977 0.00024055994072325109
909.9071883702192 0.00024386794707898751
909.9133302913405 0.0002471589177358848
909.9194722124619 0.00025042487757444233
909.9256141335833 0.0002536578179168678
909.9317560547047 0.00025684973852794287
909.9378979758261 0.00025999268996080416
909.9440398969474 0.00026307881600549443
909.9501818180688 0.00026610039599612566
909.9563237391902 0.0002690498867322809
909.9624656603116 0.0002719199637712007
909.968607581433 0.0002747035618497893
909.9747495025543 0.0002773939141992095
909.9808914236758 0.0002799845905201352
909.9870333447972 0.000282469533393314
909.9931752659186 0.00028484309290796334
909.99931718704 0.0002871000592997254
910.0054591081613 0.00028923569340045537
910.0116010292827 0.00029124575471362345
910.0177429504041 0.000293126526941971
910.0238848715255 0.0002948748408077991
910.0300267926468 0.000296488094021124
910.0361687137682 0.0002979642682664782
910.0423106348896 0.0002993019430956806
910.0484525560111 0.0003005003066310506
910.0545944771325 0.00030155916300116087
910.0607363982538 0.0003024789364495952
910.0668783193752 0.00030326067207571926
910.0730202404966 0.00030390603318533426
910.079162161618 0.0003044172952482127
910.0853040827394 0.00030479733647849897
910.0914460038607 0.0003050496250730789
910.0975879249821 0.0003051782031618525
910.1037298461035 0.00030518766754236834
910.109871767225 0.00030508314728956395
910.1160136883464 0.00030487027834892204
910.1221556094677 0.0003045551752385824
910.1282975305891 0.00030414440000217354
910.1344394517105 0.00030364492856994034
910.1405813728319 0.0003030641147003422
910.1467232939532 0.0003024096516881491
910.1528652150746 0.00030168953203782884
910.159007136196 0.00030091200531267177
910.1651490573174 0.00030008553438065763
910.1712909784388 0.00029921875028732887
910.1774328995601 0.00029832040599401047
910.1835748206815 0.00029739932922644467
910.189716741803 0.0002964643746843998
910.1958586629244 0.0002955243758667609
910.2020005840458 0.00029458809676942264
910.2081425051671 0.0002936641837145116
910.2142844262885 0.0002927611175694908
910.2204263474099 0.00029188716661311404
910.2265682685313 0.00029105034030244513
910.2327101896527 0.0002902583441909933
910.238852110774 0.00028951853624238573
910.2449940318954 0.0002888378847773225
910.2511359530168 0.0002882229282832999
910.2572778741383 0.0002876797373075136
910.2634197952596 0.00028721387864267677
910.269561716381 0.0002868303820040107
910.2757036375024 0.00028653370938305724
910.2818455586238 0.00028632772725019535
910.2879874797452 0.0002862156817633535
910.2941294008665 0.0002862001771248915
910.3002713219879 0.0002862831572125284
910.3064132431093 0.00028646589059324495
910.3125551642307 0.000286748959011743
910.3186970853521 0.00028713224942693836
910.3248390064734 0.0002876149496516679
910.3309809275949 0.000288195547631943
910.3371228487163 0.00028887183438322365
910.3432647698377 0.00028964091058192656
910.3494066909591 0.00029049919679137025
910.3555486120804 0.00029144244728216963
910.3616905332018 0.00029246576738813643
910.3678324543232 0.0002935636343201254
910.3739743754446 0.0002947299213418384
910.3801162965659 0.0002959579251938301
910.3862582176873 0.0002972403966345129
910.3924001388087 0.00029856957395035756
910.3985420599302 0.00029993721927147626
910.4046839810516 0.00030133465751368114
910.4108259021729 0.0003027528177539371
910.4169678232943 0.0003041822768327792
910.4231097444157 0.0003056133049652085
910.4292516655371 0.0003070359131305864
910.4353935866585 0.0003084399020021126
910.4415355077798 0.00030981491216799717
910.4476774289012 0.00031115047538922397
910.4538193500226 0.00031243606663283974
910.459961271144 0.0003136611566152653
910.4661031922655 0.00031481526458709445
910.4722451133867 0.0003158880110891544
910.4783870345082 0.00031686917040956824
910.4845289556296 0.0003177487224727244
910.490670876751 0.00031851690389398415
910.4968127978724 0.0003191642579380689
910.5029547189937 0.000319681683124774
910.5090966401151 0.00032006048023267084
910.5152385612365 0.00032029239745980207
910.5213804823579 0.0003203696735102669
910.5275224034792 0.0003202850783861835
910.5336643246006 0.0003200319516770855
910.539806245722 0.0003196042381516924
910.5459481668435 0.0003189965204714857
910.5520900879649 0.0003182040488607649
910.5582320090862 0.0003172227675837873
910.5643739302076 0.0003160493380967492
910.570515851329 0.00031468115875968913
910.5766577724504 0.0003131163810116518
910.5827996935718 0.0003113539219309712
910.5889416146931 0.0003093934731215292
910.5950835358145 0.00030723550588498933
910.6012254569359 0.0003048812726584439
910.6073673780573 0.00030233280471613904
910.6135092991788 0.0002995929061533923
910.6196512203 0.0002966651441898159
910.6257931414215 0.00029355383584785946
910.6319350625429 0.0002902640310810866
910.6380769836643 0.00028680149244460505
910.6442189047856 0.0002831726714173576
910.650360825907 0.00027938468150285267
910.6565027470284 0.0002754452682506906
910.6626446681498 0.0002713627763564942
910.6687865892712 0.0002671461140121292
910.6749285103925 0.0002628047146911329
910.681070431514 0.00025834849656683576
910.6872123526354 0.00025378781977149824
910.6933542737568 0.00024913344171504173
910.6994961948782 0.0002443964706906596
910.7056381159995 0.00023958831800229276
910.7117800371209 0.00023472064885537617
910.7179219582423 0.00022980533225740152
910.7240638793637 0.0002248543901787405
910.7302058004851 0.00021987994622679202
910.7363477216064 0.0002148941740878038
910.7424896427278 0.00020990924599090078
910.7486315638492 0.0002049372814474711
910.7547734849707 0.00019999029651676547
910.760915406092 0.00019508015384478406
910.7670573272134 0.0001902185137186552
910.7731992483348 0.00018541678637264754
910.7793411694562 0.0001806860857747672
910.7854830905776 0.00017603718511455745
910.7916250116989 0.00017148047420333857
910.7977669328203 0.00016702591898782289
910.8039088539417 0.000162683023366656
910.8100507750631 0.00015846079348719882
910.8161926961845 0.0001543677046868403
910.8223346173058 0.0001504116712292392
910.8284765384273 0.00014660001897133686
910.8346184595487 0.00014293946108175716
910.8407603806701 0.00013943607691548009
910.8469023017915 0.00013609529413325197
910.8530442229128 0.00013292187413764314
910.8591861440342 0.00012991990088050015
910.8653280651556 0.00012709277307918228
910.871469986277 0.0001244431998615858
910.8776119073983 0.00012197319984218686
910.8837538285197 0.00011968410361386876
910.8898957496411 0.00011757655962260814
910.8960376707626 0.00011565054337477202
910.902179591884 0.00011390536990962648
910.9083215130053 0.00011233970945280311
910.9144634341267 0.00011095160615012687
910.9206053552481 0.0001097384997652699
910.9267472763695 0.00010869725020945405
910.9328891974909 0.00010782416475670402
910.9390311186122 0.00010711502778447307
910.9451730397336 0.00010656513286617861
910.951314960855 0.00010616931703026622
910.9574568819764 0.00010592199698915877
910.9635988030979 0.00010581720713139871
910.9697407242192 0.00010584863906121644
910.9758826453406 0.00010600968246201125
910.982024566462 0.00010629346705350624
910.9881664875834 0.00010669290540704697
910.9943084087047 0.0001072007363793518
911.0004503298261 0.00010780956892227729
911.0065922509475 0.00010851192602484028
911.0127341720689 0.00010930028854344788
911.0188760931903 0.00011016713867783987
911.0250180143116 0.00011110500285270513
911.031159935433 0.00011210649376905457
911.0373018565544 0.0001131643513947416
911.0434437776759 0.00011427148267009308
911.0495856987973 0.00011542099971270314
911.0557276199186 0.00011660625631435482
