time TPR_both_C_open_1_rho11
0.0 1.0
0.00614192112138767 0.9999624604596006
0.01228384224277534 0.9998508374478879
0.01842576336416301 0.9996671973977623
0.02456768448555068 0.9994143394068473
0.030709605606938348 0.9990957471245121
0.03685152672832602 0.9987155308709367
0.042993447849713685 0.9982783612300575
0.04913536897110136 0.9977893955038557
0.05527729009248903 0.997254198523762
0.061419211213876695 0.9966786593842406
0.06756113233526437 0.9960689056934374
0.07370305345665204 0.9954312169269168
0.07984497457803971 0.9947719384249226
0.08598689569942737 0.9940973974942219
0.09212881682081504 0.9934138229662652
0.09827073794220272 0.9927272694286069
0.10441265906359039 0.9920435471912648
0.11055458018497806 0.9913681588792186
0.11669650130636572 0.9907062433619024
0.12283842242775339 0.9900625275455882
0.12898034354914106 0.9894412863699944
0.13512226467052874 0.9888463111708732
0.1412641857919164 0.9882808863998316
0.14740610691330408 0.9877477745347307
0.15354802803469175 0.987249208871542
0.15968994915607942 0.9867868937637126
0.16583187027746707 0.9863620117694262
0.17197379139885474 0.9859752370815298
0.17811571252024241 0.9856267545495943
0.1842576336416301 0.985316283558319
0.19039955476301776 0.9850431060005308
0.19654147588440543 0.984806097575185
0.2026833970057931 0.9846037616495718
0.20882531812718078 0.9844342649486001
0.21496723924856845 0.9842954743706522
0.22110916036995612 0.9841849942770247
0.2272510814913438 0.9841002036583112
0.23339300261273144 0.9840382926441668
0.2395349237341191 0.9839962978906928
0.24567684485550678 0.9839711364503057
0.25181876597689445 0.9839596378005996
0.2579606870982821 0.9839585737797928
0.2641026082196698 0.9839646862454069
0.27024452934105747 0.9839747123386429
0.27638645046244514 0.9839854072984311
0.2825283715838328 0.98399356482551
0.2886702927052205 0.9839960350474691
0.29481221382660816 0.9839897401800105
0.30095413494799583 0.9839716880174433
0.3070960560693835 0.9839389834164832
0.3132379771907712 0.9838888379617876
0.31937989831215885 0.983818578019437
0.3255218194335465 0.9837256513960096
0.33166374055493414 0.9836076328263003
0.3378056616763218 0.9834622285124921
0.3439475827977095 0.9832872799321625
0.35008950391909716 0.9830807671223482
0.35623142504048483 0.9828408116325492
0.3623733461618725 0.9825656793215359
0.3685152672832602 0.9822537831516723
0.37465718840464785 0.9819036861107434
0.3807991095260355 0.9815141043654918
0.3869410306474232 0.9810839107237846
0.39308295176881086 0.9806121384540533
0.39922487289019853 0.9800979854819113
0.4053667940115862 0.9795408189551548
0.4115087151329739 0.9789401801401901
0.41765063625436155 0.978295789585814
0.4237925573757492 0.9776075524646544
0.4299344784971369 0.976875563978965
0.43607639961852457 0.976100114696279
0.44221832073991224 0.9752816956621351
0.4483602418612999 0.9744210031220879
0.4545021629826876 0.9735189426739024
0.4606440841040752 0.9725766326635442
0.4667860052254629 0.9715954066356121
0.47292792634685055 0.9705768146504445
0.4790698474682382 0.9695226232864242
0.4852117685896259 0.9684348141570637
0.49135368971101356 0.9673155807882565
0.49749561083240124 0.9661673237214686
0.5036375319537889 0.964992643733358
0.5097794530751766 0.9637943330909655
0.5159213741965643 0.9625753647936878
0.5220632953179519 0.9613388797880942
0.5282052164393396 0.9600881721785196
0.5343471375607273 0.9588266724944073
0.5404890586821149 0.9575579291136462
0.5466309798035026 0.9562855879786528
0.5527729009248903 0.9550133707776791
0.558914822046278 0.9537450517967635
0.5650567431676656 0.9524844336769247
0.5711986642890533 0.9512353223357528
0.577340585410441 0.9500015013317105
0.5834825065318286 0.9487867059626324
0.5896244276532163 0.947594597396683
0.595766348774604 0.9464287371342045
0.6019082698959917 0.9452925620924848
0.6080501910173793 0.9441893605927574
0.614192112138767 0.9431222495101952
0.6203340332601547 0.9420941528239717
0.6264759543815424 0.941107781776503
0.63261787550293 0.9401656168197751
0.6387597966243177 0.9392698914932979
0.6449017177457054 0.9384225783438706
0.651043638867093 0.9376253769631143
0.6571855599884806 0.936879704185701
0.6633274811098683 0.9361866864603144
0.669469402231256 0.9355471543774024
0.6756113233526436 0.9349616393132839
0.6817532444740313 0.9344303721295303
0.687895165595419 0.9339532838498426
0.6940370867168066 0.9335300082238329
0.7001790078381943 0.9331598860778684
0.706320928959582 0.932841971346998
0.7124628500809697 0.9325750386783956
0.7186047712023573 0.9323575924950585
0.724746692323745 0.9321878774080632
0.7308886134451327 0.9320638898659056
0.7370305345665203 0.9319833909298136
0.743172455687908 0.9319439200640658
0.7493143768092957 0.9319428098300536
0.7554562979306834 0.931977201372042
0.761598219052071 0.9320440605814497
0.7677401401734587 0.9321401948252417
0.7738820612948464 0.9322622701230983
0.780023982416234 0.9324068286578441
0.7861659035376217 0.9325703065046667
0.7923078246590094 0.9327490514673624
0.7984497457803971 0.9329393409145791
0.8045916669017847 0.9331373995160038
0.8107335880231724 0.9333394167877369
0.8168755091445601 0.9335415643675883
0.8230174302659478 0.9337400129544171
0.8291593513873354 0.9339309488604424
0.8353012725087231 0.9341105901410449
0.8414431936301108 0.9342752022822263
0.8475851147514984 0.9344211134407885
0.8537270358728861 0.9345447292456447
0.8598689569942738 0.9346425471797162
0.8660108781156615 0.934711170569965
0.8721527992370491 0.9347473222177669
0.8782947203584368 0.934747857702731
0.8844366414798245 0.9347097783901497
0.8905785626012122 0.9346302441656242
0.8967204837225998 0.9345065859104311
0.9028624048439875 0.9343363177183956
0.9090043259653752 0.9341171488401476
0.9151462470867628 0.9338469953244651
0.9212881682081504 0.9335239913098736
0.9274300893295381 0.9331464999036607
0.9335720104509257 0.9327131235708865
0.9397139315723134 0.9322227139435825
0.9458558526937011 0.9316743809508229
0.9519977738150888 0.9310675011642033
0.9581396949364764 0.930401725250789
0.9642816160578641 0.9296769844269187
0.9704235371792518 0.9288934958112738
0.9765654583006395 0.9280517665840878
0.9827073794220271 0.9271525968708278
0.9888493005434148 0.9261970812825582
0.9949912216648025 0.925186609060809
1.0011331427861903 0.924122862791367
1.0072750639075778 0.9230078156682067
1.0134169850289656 0.9218437273050084
1.0195589061503532 0.9206331381066503
1.025700827271741 0.9193788622260474
1.0318427483931285 0.9180839791422101
1.0379846695145163 0.9167518239029723
1.0441265906359039 0.9153859760802108
1.0502685117572914 0.9139902474864057
1.0564104328786792 0.9125686686990743
1.0625523540000668 0.9111254744341163
1.0686942751214545 0.9096650878007077
1.074836196242842 0.9081921034595124
1.0809781173642299 0.9067112696931601
1.0871200384856174 0.9052274693837954
1.0932619596070052 0.9037456998777482
1.0994038807283928 0.9022710517027592
1.1055458018497806 0.9008086860895278
1.1116877229711681 0.899363811237457
1.117829644092556 0.8979416572551693
1.1239715652139435 0.8965474497004752
1.1301134863353313 0.8951863816427631
1.1362554074567188 0.8938635841739772
1.1423973285781066 0.8925840953030962
1.1485392496994942 0.8913528271839195
1.154681170820882 0.8901745316474372
1.1608230919422695 0.8890537640384958
1.1669650130636573 0.8879948453920361
1.1731069341850449 0.8870018230269697
1.1792488553064326 0.8860784296856214
1.1853907764278202 0.8852280414033064
1.191532697549208 0.884453634355512
1.1976746186705955 0.8837577409985662
1.2038165397919833 0.8831424058926347
1.209958460913371 0.8826091416721715
1.2161003820347587 0.8821588857070801
1.2222423031561462 0.8817919580761069
1.228384224277534 0.8815080215504211
1.2345261453989216 0.8813060443577294
1.2406680665203094 0.8811842665632382
1.246809987641697 0.8811401709607168
1.2529519087630847 0.8811704594121367
1.2590938298844723 0.8812710356050631
1.26523575100586 0.8814369952103788
1.2713776721272476 0.8816626244162867
1.2775195932486354 0.8819414077853193
1.283661514370023 0.882266046326963
1.2898034354914107 0.8826284865975625
1.2959453566127983 0.8830199615299223
1.302087277734186 0.8834310435566268
1.3082291988555736 0.8838517104233587
1.3143711199769612 0.8842714238920618
1.320513041098349 0.8846792213101774
1.3266549622197366 0.8850638197738757
1.3327968833411243 0.885413732343696
1.338938804462512 0.8857173954848339
1.3450807255838997 0.8859633066069932
1.3512226467052872 0.88614017027676
1.357364567826675 0.8862370513761895
1.3635064889480626 0.886243533192811
1.3696484100694504 0.8861498781571272
1.375790331190838 0.8859471887028405
1.3819322523122257 0.8856275655214061
1.3880741734336133 0.8851842603248024
1.394216094555001 0.8846118201267299
1.4003580156763886 0.8839062200100417
1.4064999367977764 0.8830649813730658
1.412641857919164 0.8820872727440747
1.4187837790405518 0.8809739904241582
1.4249257001619393 0.8797278164647602
1.431067621283327 0.8783532518055668
1.4372095424047147 0.8768566227873498
1.4433514635261024 0.875246059706515
1.44949338464749 0.8735314465849731
1.4556353057688778 0.8717243418798895
1.4617772268902653 0.8698378704404106
1.4679191480116531 0.8678865876185973
1.4740610691330407 0.8658863170444013
1.4802029902544285 0.8638539641638537
1.486344911375816 0.861807308199772
1.4924868324972038 0.8597647757097555
1.4986287536185914 0.8577451993724061
1.5047706747399792 0.8557675660164092
1.5109125958613667 0.8538507582070212
1.5170545169827545 0.8520132939115426
1.523196438104142 0.8502730688730128
1.5293383592255299 0.8486471063258588
1.5354802803469174 0.847151318587698
1.5416222014683052 0.8458002848599068
1.5477641225896928 0.8446070492707004
1.5539060437110805 0.8435829428056913
1.560047964832468 0.8427374323019042
1.5661898859538559 0.8420779991437203
1.5723318070752434 0.8416100497065275
1.578473728196631 0.8413368589604733
1.5846156493180188 0.8412595479879483
1.5907575704394064 0.8413770954999106
1.5968994915607941 0.8416863827734232
1.6030414126821817 0.8421822707909312
1.6091833338035695 0.8428577077550694
1.615325254924957 0.8437038645942886
1.6214671760463448 0.8447102955759723
1.6276090971677324 0.8458651207149825
1.6337510182891202 0.8471552263148975
1.6398929394105077 0.8485664797127279
1.6460348605318955 0.8500839541197124
1.652176781653283 0.8516921593628457
1.6583187027746709 0.8533752743338878
1.6644606238960584 0.8551173770424584
1.6706025450174462 0.8569026683431502
1.6767444661388338 0.8587156856572159
1.6828863872602216 0.8605415033294359
1.6890283083816091 0.8623659166409059
1.695170229502997 0.8641756069280984
1.7013121506243845 0.8659582857261502
1.7074540717457722 0.8677028163477507
1.7135959928671598 0.8693993118158371
1.7197379139885476 0.8710392085761534
1.7258798351099351 0.8726153159126343
1.732021756231323 0.8741218414632551
1.7381636773527105 0.8755543936762086
1.7443055984740983 0.8769099624470558
1.7504475195954858 0.8781868795293765
1.7565894407168736 0.8793847606085907
1.7627313618382612 0.8805044311669701
1.768873282959649 0.8815478384451284
1.7750152040810365 0.8825179519209686
1.7811571252024243 0.8834186547823528
1.7872990463238119 0.8842546288673905
1.7934409674451997 0.8850312354903191
1.7995828885665872 0.8857543944667605
1.805724809687975 0.8864304635058565
1.8118667308093626 0.8870661199552923
1.8180086519307503 0.8876682466757465
1.824150573052138 0.8882438235912986
1.8302924941735257 0.8887998262190914
1.8364344152949132 0.8893431322321369
1.8425763364163008 0.8898804368601154
1.8487182575376886 0.8904181776902789
1.8548601786590762 0.8909624691993201
1.861002099780464 0.8915190471316621
1.8671440209018515 0.8920932226435717
1.8732859420232393 0.8926898459584304
1.8794278631446268 0.8933132791281921
1.8855697842660146 0.8939673773705004
1.8917117053874022 0.8946554783503653
1.89785362650879 0.8953803986993069
1.9039955476301775 0.8961444370124712
1.9101374687515653 0.8969493825339866
1.9162793898729529 0.8977965287309305
1.9224213109943407 0.8986866909646475
1.9285632321157282 0.899620227492538
1.934705153237116 0.9005970630714614
1.9408470743585036 0.90161671448319
1.9469889954798913 0.9026783173605643
1.953130916601279 0.9037806537578806
1.9592728377226667 0.9049221799784662
1.9654147588440543 0.9061010542443804
1.971556679965442 0.907315163865954
1.9776986010868296 0.9085621516408079
1.9838405222082174 0.9098394412816798
1.989982443329605 0.9111442617385977
1.9961243644509927 0.9124736703426214
2.0022662855723805 0.9138245747546506
2.008408206693768 0.9151937537529516
2.0145501278151556 0.9165778769365066
2.020692048936543 0.9179735234576087
2.026833970057931 0.919377199925991
2.0329758911793188 0.9207853576479961
2.0391178123007063 0.9221944093777835
2.045259733422094 0.9236007457633492
2.051401654543482 0.9250007516683336
2.0575435756648695 0.9263908225414619
2.063685496786257 0.9277673809893354
2.0698274179076446 0.9291268936856556
2.0759693390290326 0.9304658887213858
2.08211126015042 0.9317809734665522
2.0882531812718077 0.9330688529761846
2.0943951023931953 0.9343263489312326
2.100537023514583 0.9355504190612369
2.106678944635971 0.9367381769502284
2.1128208657573584 0.9378869120820129
2.118962786878746 0.9389941099369811
2.1251047080001335 0.9400574719111734
2.1312466291215215 0.9410749347908702
2.137388550242909 0.9420446894837393
2.1435304713642966 0.9429651986817745
2.149672392485684 0.9438352131129698
2.155814313607072 0.9446537860288087
2.1619562347284598 0.9454202855739281
2.1680981558498473 0.9461344046931935
2.174240076971235 0.9467961682501015
2.180381998092623 0.9474059370588216
2.1865239192140105 0.9479644085698938
2.192665840335398 0.9484726139959382
2.1988077614567856 0.948931911717725
2.2049496825781736 0.949343976871377
2.211091603699561 0.9497107870828719
2.2172335248209487 0.9500346043847758
2.2233754459423363 0.9503179534205266
2.2295173670637243 0.9505635961118247
2.235659288185112 0.9507745030329968
2.2418012093064994 0.9509538218008865
2.247943130427887 0.9511048428483253
2.254085051549275 0.9512309630021736
2.2602269726706625 0.9513356473321268
2.26636889379205 0.9514223897730688
2.2725108149134376 0.9514946730510618
2.2786527360348257 0.951555928460744
2.284794657156213 0.9516094960498258
2.2909365782776008 0.9516585857646588
2.2970784993989883 0.9517062400998147
2.3032204205203763 0.9517552987747337
2.309362341641764 0.951808365932379
2.3155042627631515 0.9518677803191652
2.321646183884539 0.9519355888629366
2.327788105005927 0.9520135240172298
2.3339300261273146 0.9521029851862163
2.340071947248702 0.9522050244863536
2.3462138683700897 0.9523203370386267
2.3523557894914777 0.9524492559200947
2.3584977106128653 0.9525917518360502
2.364639631734253 0.9527474375052651
2.3707815528556404 0.9529155766813998
2.376923473977028 0.9530950976646406
2.383065395098416 0.953284611090017
2.3892073162198035 0.9534824317137324
2.395349237341191 0.9536866038573956
2.4014911584625787 0.9538949301134783
2.4076330795839667 0.9541050028648794
2.4137750007053542 0.9543142381283658
2.419916921826742 0.9545199111970114
2.4260588429481293 0.9547191935315866
2.4322007640695174 0.9549091903359794
2.438342685190905 0.9550869782477619
2.4444846063122925 0.9552496425822676
2.45062652743368 0.955394313587039
2.456768448555068 0.9555182011929171
2.4629103696764556 0.9556186277877436
2.469052290797843 0.9556930585876636
2.4751942119192307 0.9557391292380866
2.4813361330406187 0.9557546703399923
2.4874780541620063 0.9557377286657281
2.493619975283394 0.955686584899904
2.4997618964047814 0.9555997678135225
2.5059038175261694 0.9554760648511904
2.512045738647557 0.9553145291802786
2.5181876597689445 0.9551144833155497
2.524329580890332 0.9548755194915223
2.53047150201172 0.9545974970064227
2.5366134231331077 0.9542805368049792
2.5427553442544952 0.9539250136018237
2.548897265375883 0.9535315458724742
2.555039186497271 0.9531009840546509
2.5611811076186584 0.952634397309198
2.567323028740046 0.9521330591875541
2.5734649498614335 0.9515984325421668
2.5796068709828215 0.9510321539983113
2.585748792104209 0.9504360182813959
2.5918907132255966 0.949811962664084
2.598032634346984 0.9491620517635392
2.604174555468372 0.9484884628819423
2.6103164765897597 0.9477934720442467
2.6164583977111473 0.9470794408469898
2.622600318832535 0.9463488041918677
2.6287422399539224 0.9456040589385882
2.6348841610753104 0.9448477534740614
2.641026082196698 0.9440824781599356
2.6471680033180855 0.9433108565884311
2.653309924439473 0.9425355375478083
2.659451845560861 0.9417591875740284
2.6655937666822487 0.940984483944448
2.6717356878036362 0.940214107952965
2.677877608925024 0.9394507382939936
2.684019530046412 0.9386970443750519
2.6901614511677994 0.9379556793746224
2.696303372289187 0.9372292728632592
2.7024452934105745 0.9365204228116162
2.7085872145319625 0.9358316868190979
2.71472913565335 0.93516557241109
2.7208710567747376 0.9345245262711191
2.727012977896125 0.9339109222967041
2.733154899017513 0.9333270483939576
2.7392968201389007 0.9327750919560263
2.7454387412602883 0.932257124004025
2.751580662381676 0.9317750820060043
2.757722583503064 0.9313307514293924
2.7638645046244514 0.9309257461249514
2.770006425745839 0.9305614876851295
2.7761483468672266 0.9302391839662868
2.7822902679886146 0.9299598070120048
2.788432189110002 0.929724070662833
2.7945741102313897 0.9295324081855622
2.8007160313527772 0.9293849503014755
2.8068579524741653 0.9292815040369737
2.812999873595553 0.9292215328603014
2.8191417947169404 0.9292041386035641
2.825283715838328 0.9292280456984665
2.831425636959716 0.9292915882758025
2.8375675580811035 0.9293927006912752
2.843709479202491 0.929528912042283
2.8498514003238786 0.9296973452305226
2.8559933214452666 0.9298947211023699
2.862135242566654 0.9301173681619036
2.8682771636880418 0.9303612382992497
2.8744190848094293 0.9306219289090386
2.8805610059308173 0.9308947116899062
2.886702927052205 0.931174568316239
2.8928448481735924 0.9314562330583392
2.89898676929498 0.9317342422978819
2.9051286904163676 0.932002990743542
2.9112706115377556 0.9322567939990676
2.917412532659143 0.9324899569755313
2.9235544537805307 0.932696847474168
2.9296963749019183 0.9328719740998048
2.9358382960233063 0.9330100675015087
2.941980217144694 0.9331061637812273
2.9481221382660814 0.9331556887676167
2.954264059387469 0.9331545417258406
2.960405980508857 0.9330991769697902
2.9665479016302445 0.9329866817656458
2.972689822751632 0.9328148488694157
2.9788317438730196 0.9325822420299532
2.9849736649944076 0.9322882528162242
2.991115586115795 0.9319331471956691
2.9972575072371828 0.9315181004007806
3.0033994283585703 0.9310452187737601
3.0095413494799583 0.9305175474733535
3.015683270601346 0.9299390631614056
3.0218251917227335 0.9293146510556952
3.027967112844121 0.9286500660352691
3.034109033965509 0.9279518778085993
3.0402509550868966 0.9272274004961089
3.046392876208284 0.9264846073286714
3.0525347973296717 0.9257320315135635
3.0586767184510597 0.9249786546595178
3.0648186395724473 0.9242337844733001
3.070960560693835 0.9235069237320231
3.0771024818152224 0.9228076327890987
3.0832444029366104 0.9221453880789622
3.089386324057998 0.9215294392392349
3.0955282451793855 0.9209686675629376
3.101670166300773 0.9204714485234844
3.107812087422161 0.920045521079047
3.1139540085435486 0.9196978663599942
3.120095929664936 0.9194345981750236
3.1262378507863238 0.9192608675418538
3.1323797719077118 0.9191807831623803
3.1385216930290993 0.919197349427272
3.144663614150487 0.9193124231598309
3.1508055352718745 0.9195266899035984
3.156947456393262 0.9198396601336212
3.16308937751465 0.9202496853389843
3.1692312986360376 0.9207539934959101
3.175373219757425 0.9213487430378595
3.1815151408788127 0.9220290940425979
3.1876570620002007 0.9227892950060498
3.1937989831215883 0.9236227832677055
3.199940904242976 0.9245222968995722
3.2060828253643634 0.9254799956757034
3.2122247464857514 0.9264875886058813
3.218366667607139 0.927536465446826
3.2245085887285265 0.9286178295972631
3.230650509849914 0.9297228298373432
3.236792430971302 0.930842688484626
3.2429343520926897 0.9319688237029873
3.249076273214077 0.9330929639109307
3.2552181943354648 0.9342072524844636
3.261360115456853 0.9353043412287279
3.2675020365782403 0.9363774713933591
3.273643957699628 0.9374205413203
3.2797858788210155 0.9384281601308749
3.2859277999424035 0.9393956871730925
3.292069721063791 0.9403192572527213
3.2982116421851786 0.9411957919558687
3.304353563306566 0.9420229976306734
3.310495484427954 0.9427993508265043
3.3166374055493417 0.943524072187053
3.3227793266707293 0.9441970899563961
3.328921247792117 0.9448189943831001
3.335063168913505 0.9453909843964744
3.3412050900348924 0.9459148079818608
3.34734701115628 0.9463926977000318
3.3534889322776675 0.946827302781754
3.3596308533990555 0.9472216191854291
3.365772774520443 0.9475789189370002
3.3719146956418307 0.9479026799809049
3.3780566167632182 0.948196517662881
3.3841985378846062 0.9484641188440357
3.390340459005994 0.9487091795149084
3.3964823801273814 0.9489353466422102
3.402624301248769 0.9491461648431879
3.4087662223701565 0.9493450283464796
3.4149081434915445 0.949535138566827
3.421050064612932 0.9497194674965916
3.4271919857343196 0.9499007270017252
3.433333906855707 0.9500813440052491
3.439475827977095 0.9502634414485123
3.4456177490984827 0.95044882484022
3.4517596702198703 0.9506389741357293
3.457901591341258 0.9508350406343112
3.464043512462646 0.9510378485395923
3.4701854335840334 0.9512479007975256
3.476327354705421 0.9514653888061332
3.4824692758268085 0.9516902055808386
3.4886111969481965 0.951921961957307
3.494753118069584 0.9521600054190801
3.5008950391909717 0.9524034411486589
3.5070369603123592 0.9526511549167982
3.5131788814337472 0.9529018374443861
3.519320802555135 0.9531540098932794
3.5254627236765224 0.9534060501657617
3.53160464479791 0.9536562197159837
3.537746565919298 0.9539026906000023
3.5438884870406855 0.9541435725132151
3.550030408162073 0.9543769395845382
3.5561723292834606 0.954600856715255
3.5623142504048486 0.9548134052668146
3.568456171526236 0.9550127079159049
3.5745980926476237 0.9551969525069064
3.5807400137690113 0.9553644147415152
3.5868819348903993 0.9555134795531791
3.593023856011787 0.9556426610204037
3.5991657771331744 0.9557506206784033
3.605307698254562 0.9558361840935071
3.61144961937595 0.9558983555697683
3.6175915404973376 0.9559363308629191
3.623733461618725 0.955949507783779
3.6298753827401127 0.9559374945820116
3.6360173038615007 0.9559001160122581
3.6421592249828882 0.9558374169986109
3.648301146104276 0.9557496638304908
3.6544430672256634 0.9556373428435031
3.6605849883470514 0.9555011565628965
3.666726909468439 0.9553420173148013
3.6728688305898265 0.9551610383412944
3.679010751711214 0.9549595224891628
3.6851526728326016 0.9547389485784878
3.6912945939539896 0.9545009555951472
3.697436515075377 0.9542473248901654
3.7035784361967647 0.9539799606075439
3.7097203573181523 0.9537008685996429
3.7158622784395403 0.9534121341241684
3.722004199560928 0.9531158986480948
3.7281461206823154 0.952814336110177
3.734288041803703 0.9525096290138707
3.740429962925091 0.9522039447354006
3.7465718840464786 0.9518994124364226
3.752713805167866 0.951598100966509
3.7588557262892537 0.9513019981270168
3.7649976474106417 0.9510129916445974
3.7711395685320293 0.9507328521697823
3.777281489653417 0.9504632185741804
3.7834234107748044 0.9502055857696561
3.7895653318961924 0.9499612952155532
3.79570725301758 0.9497315282170246
3.8018491741389675 0.9495173020505489
3.807991095260355 0.9493194688836841
3.814133016381743 0.949138717387112
3.8202749375031306 0.9489755768702238
3.826416858624518 0.9488304237090481
3.8325587797459058 0.9487034897792687
3.8387007008672938 0.9485948725593363
3.8448426219886813 0.9485045465308507
3.850984543110069 0.9484323754767994
3.8571264642314564 0.9483781252638177
3.8632683853528444 0.9483414766928733
3.869410306474232 0.948322038013756
3.8755522275956196 0.9483193567220775
3.881694148717007 0.9483329302923309
3.887836069838395 0.9483622155457284
3.8939779909597827 0.9484066364054385
3.9001199120811703 0.9484655898526577
3.906261833202558 0.9485384499625986
3.912403754323946 0.9486245699677869
3.9185456754453334 0.9487232823648012
3.924687596566721 0.9488338971475762
3.9308295176881085 0.948955698313559
3.936971438809496 0.9490879388464798
3.943113359930884 0.9492298344296334
3.9492552810522716 0.949380556185045
3.955397202173659 0.9495392227656814
3.9615391232950468 0.9497048921493079
3.9676810444164348 0.9498765534933628
3.9738229655378223 0.950053119410324
3.97996488665921 0.9502334190128409
3.9861068077805974 0.9504161920579908
3.9922487289019855 0.9506000844913105
3.998390650023373 0.9507836456548036
4.004532571144761 0.9509653273802333
4.010674492266149 0.9511434851410254
4.016816413387536 0.9513163813845085
4.022958334508924 0.9514821911124881
4.029100255630311 0.9516390097237624
4.035242176751699 0.9517848630785734
4.041384097873086 0.9519177196934854
4.047526018994474 0.9520355049270198
4.053667940115862 0.9521361169726347
4.05980986123725 0.9522174444372395
4.0659517823586375 0.9522773852511195
4.072093703480025 0.9523138666294559
4.078235624601413 0.9523248657869227
4.0843775457228 0.9523084310952639
4.090519466844188 0.9522627033692711
4.096661387965575 0.9521859369689474
4.102803309086964 0.9520765204144733
4.108945230208351 0.9519329962253158
4.115087151329739 0.9517540797147499
4.1212290724511265 0.9515386764954099
4.127370993572514 0.9512858984793504
4.133512914693902 0.9509950781865665
4.139654835815289 0.9506657812080238
4.145796756936677 0.9502978167020342
4.151938678058065 0.9498912458353733
4.158080599179453 0.9494463881119964
4.16422252030084 0.9489638255618028
4.170364441422228 0.9484444047889455
4.176506362543615 0.947889236903117
4.182648283665003 0.9472996953776417
4.1887902047863905 0.9466774118947621
4.194932125907778 0.946024270251072
4.201074047029166 0.9453423984045978
4.207215968150554 0.9446341587496687
4.213357889271942 0.943902136706702
4.219499810393329 0.9431491277116829
4.225641731514717 0.9423781226849256
4.231783652636104 0.9415922920511749
4.237925573757492 0.94079496837388
4.2440674948788795 0.9399896276561907
4.250209416000267 0.9391798693506096
4.2563513371216555 0.9383693951089997
4.262493258243043 0.9375619862955188
4.268635179364431 0.9367614802777628
4.274777100485818 0.9359717455066201
4.280919021607206 0.9351966553937211
4.287060942728593 0.9344400609975074
4.293202863849981 0.9337057625353383
4.299344784971368 0.932997479750141
4.305486706092757 0.9323188211762201
4.311628627214144 0.9316732523701684
4.317770548335532 0.931064063199473
4.3239124694569195 0.9304943343133055
4.330054390578307 0.9299669029569341
4.336196311699695 0.9294843283328105
4.342338232821082 0.9290488567571333
4.34848015394247 0.9286623869098253
4.354622075063858 0.9283264355274955
4.360763996185246 0.928042103941967
4.366905917306633 0.9278100459200583
4.373047838428021 0.9276304373120523
4.3791897595494085 0.9275029480650283
4.385331680670796 0.9274267172012093
4.391473601792184 0.9274003313987804
4.397615522913571 0.9274218078412969
4.40375744403496 0.9274885820197925
4.409899365156347 0.9275975011770135
4.416041286277735 0.9277448240738906
4.422183207399122 0.9279262277326087
4.42832512852051 0.9281368217668315
4.434467049641897 0.9283711708464636
4.440608970763285 0.9286233257608051
4.4467508918846725 0.928886863439563
4.452892813006061 0.929154936165908
4.4590347341274486 0.9294203300701862
4.465176655248836 0.9296755328282433
4.471318576370224 0.9299128103065224
4.477460497491611 0.9301242916997979
4.483602418612999 0.9303020625000206
4.489744339734386 0.9304382644203685
4.495886260855774 0.9305252011820319
4.5020281819771615 0.9305554488579059
4.50817010309855 0.9305219692631255
4.5143120242199375 0.9304182246935304
4.520453945341325 0.9302382921461629
4.526595866462713 0.9299769750172712
4.5327377875841 0.9296299101692955
4.538879708705488 0.9291936681948099
4.545021629826875 0.9286658446875518
4.551163550948263 0.9280451403627785
4.557305472069651 0.9273314279543645
4.563447393191039 0.9265258039560931
4.569589314312426 0.9256306234697732
4.575731235433814 0.9246495166717366
4.5818731565552016 0.9235873857088334
4.588015077676589 0.9224503811803809
4.594156998797977 0.9212458577470373
4.600298919919364 0.9199823088231055
4.606440841040753 0.9186692807457253
4.61258276216214 0.91731726726201
4.618724683283528 0.9159375856218153
4.624866604404915 0.9145422359973486
4.631008525526303 0.9131437463589837
4.6371504466476905 0.9117550053074858
4.643292367769078 0.9103890856851476
4.649434288890466 0.9090590620519522
4.655576210011854 0.9077778253092129
4.661718131133242 0.9065578978753953
4.667860052254629 0.9054112528622936
4.674001973376017 0.9043491406619938
4.680143894497404 0.9033819262360863
4.686285815618792 0.9025189402007487
4.692427736740179 0.9017683465293405
4.698569657861567 0.9011370293549176
4.7047115789829554 0.9006305009574608
4.710853500104343 0.9002528325750908
4.716995421225731 0.900006609196942
4.723137342347118 0.8998929089903646
4.729279263468506 0.8999113074999258
4.735421184589893 0.9000599062435252
4.741563105711281 0.9003353848347486
4.747705026832668 0.9007330752925425
4.753846947954056 0.9012470567705083
4.759988869075444 0.901870268558343
4.766130790196832 0.9025946388853353
4.7722727113182195 0.9034112267967112
4.778414632439607 0.9043103741824856
4.784556553560995 0.9052818649178234
4.790698474682382 0.9063150880243142
4.79684039580377 0.9073992017817457
4.802982316925157 0.9085232958068488
4.809124238046546 0.9096765482644709
4.815266159167933 0.9108483755816698
4.821408080289321 0.9120285722891084
4.8275500014107084 0.9132074389087746
4.833691922532096 0.9143758961336559
4.839833843653484 0.9155255838944091
4.845975764774871 0.9166489442709851
4.852117685896259 0.9177392875744007
4.858259607017647 0.9187908412865984
4.864401528139035 0.9197987818963397
4.870543449260422 0.9207592499988606
4.87668537038181 0.9216693493300346
4.882827291503197 0.9225271306765229
4.888969212624585 0.9233315618374845
4.8951111337459725 0.9240824850077023
4.90125305486736 0.9247805631044839
4.9073949759887485 0.9254272166706534
4.913536897110136 0.9260245530537101
4.919678818231524 0.9265752895882144
4.925820739352911 0.9270826724970151
4.931962660474299 0.9275503931802078
4.938104581595686 0.9279825034825451
4.944246502717074 0.9283833314247276
4.9503884238384614 0.9287573987562547
4.95653034495985 0.9291093415421814
4.9626722660812375 0.9294438348380895
4.968814187202625 0.9297655223416387
4.974956108324013 0.9300789517397658
4.9810980294454 0.9303885163021731
4.987239950566788 0.9306984031079902
4.993381871688175 0.9310125481367105
4.999523792809563 0.9313345983094722
5.00566571393095 0.9316678804347084
5.011807635052339 0.9320153768947764
5.017949556173726 0.9323797078085349
5.024091477295114 0.9327631193195578
5.0302333984165015 0.9331674775909078
5.036375319537889 0.9335942680348304
5.042517240659277 0.9340445992687392
5.048659161780664 0.934519211266473
5.054801082902052 0.9350184871648183
5.06094300402344 0.9355424681883366
5.067084925144828 0.9360908711691026
5.073226846266215 0.9366631081604825
5.079368767387603 0.9372583076739766
5.0855106885089905 0.9378753371038432
5.091652609630378 0.9385128259442089
5.097794530751766 0.9391691894462252
5.103936451873153 0.9398426524072447
5.110078372994542 0.9405312728287607
5.116220294115929 0.9412329652239244
5.122362215237317 0.9419455233979079
5.128504136358704 0.9426666425644192
5.134646057480092 0.9433939406986644
5.140787978601479 0.9441249790604581
5.146929899722867 0.9448572818506196
5.1530718208442545 0.9455883549889754
5.159213741965643 0.9463157040230423
5.1653556630870305 0.9470368511927136
5.171497584208418 0.947749351688038
5.177639505329806 0.9484508091445543
5.183781426451193 0.9491388904238035
5.189923347572581 0.9498113397258383
5.196065268693968 0.9504659920760928
5.202207189815356 0.95110078622124
5.208349110936744 0.9517137769580865
5.214491032058132 0.9523031469066158
5.2206329531795195 0.9528672177235187
5.226774874300907 0.9534044607365253
5.232916795422295 0.9539135069631687
5.239058716543682 0.9543931564609003
5.24520063766507 0.9548423869393734
5.251342558786457 0.9552603615508507
5.257484479907845 0.9556464357616952
5.263626401029233 0.9560001631973414
5.269768322150621 0.9563213003455637
5.275910243272008 0.9566098099986989
5.282052164393396 0.9568658633151286
5.2881940855147835 0.9570898403840313
5.294336006636171 0.9572823291853266
5.300477927757559 0.9574441228488506
5.306619848878946 0.9575762151330073
5.312761770000335 0.9576797940631406
5.318903691121722 0.9577562336932661
5.32504561224311 0.9578070839810379
5.331187533364497 0.9578340587942491
5.337329454485885 0.9578390220970248
5.3434713756072725 0.9578239723943381
5.34961329672866 0.9577910255437345
5.355755217850048 0.95774239607231
5.361897138971436 0.957680377164273
5.368039060092824 0.9576073195090544
5.374180981214211 0.9575256092213018
5.380322902335599 0.9574376450616707
5.386464823456986 0.9573458152007518
5.392606744578374 0.9572524737775439
5.398748665699761 0.9571599175085623
5.404890586821149 0.9570703626040635
5.411032507942537 0.9569859222442464
5.417174429063925 0.9569085848610218
5.4233163501853126 0.9568401934604907
5.4294582713067 0.9567824262081557
5.435600192428088 0.9567367784836408
5.441742113549475 0.9567045465948175
5.447884034670863 0.9566868133231934
5.45402595579225 0.9566844354535852
5.460167876913639 0.9566980334217458
5.466309798035026 0.956727983193913
5.472451719156414 0.9567744104722512
5.4785936402778015 0.9568371872998297
5.484735561399189 0.9569159311179894
5.490877482520577 0.9570100063075488
5.497019403641964 0.9571185282230779
5.503161324763352 0.957240369706278
5.509303245884739 0.9573741700402318
5.515445167006128 0.9575183462809034
5.521587088127515 0.9576711068758773
5.527729009248903 0.9578304674531433
5.53387093037029 0.9579942686351277
5.540012851491678 0.9581601957056511
5.5461547726130656 0.9583257999306641
5.552296693734453 0.9584885213082144
5.558438614855841 0.958645712499893
5.564580535977229 0.9587946636758173
5.570722457098617 0.9589326279887949
5.576864378220004 0.9590568473814153
5.583006299341392 0.9591645784230177
5.589148220462779 0.9592531178722581
5.595290141584167 0.9593198276656313
5.6014320627055545 0.959362159042866
5.607573983826942 0.9593776755365028
5.6137159049483305 0.959364074574836
5.619857826069718 0.9593192074742529
5.625999747191106 0.9592410976281126
5.632141668312493 0.959127956733857
5.638283589433881 0.9589781989370674
5.644425510555268 0.958790452809654
5.650567431676656 0.9585635711182492
5.656709352798043 0.958296638377113
5.662851273919432 0.9579889762164797
5.668993195040819 0.957640146631354
5.675135116162207 0.9572499532065176
5.681277037283595 0.9568184404402752
5.687418958404982 0.9563458913117249
5.69356087952637 0.9558328232537415
5.699702800647757 0.955279982706202
5.705844721769145 0.9546883384312086
5.711986642890533 0.9540590737742812
5.718128564011921 0.9533935780529006
5.724270485133308 0.9526934372467296
5.730412406254696 0.9519604241527312
5.7365543273760835 0.951196488153729
5.742696248497471 0.9504037447312695
5.748838169618859 0.9495844648334999
5.754980090740246 0.9487410641867754
5.761122011861635 0.9478760926164359
5.767263932983022 0.9469922234182214
5.77340585410441 0.9460922427976912
5.779547775225797 0.9451790393712952
5.785689696347185 0.9442555936999191
5.7918316174685724 0.943324967804252
5.79797353858996 0.9423902945916267
5.804115459711348 0.941454767106458
5.810257380832735 0.9405216275014141
5.816399301954124 0.9395941556143246
5.822541223075511 0.9386756570268653
5.828683144196899 0.9377694504755402
5.834825065318286 0.9368788544836505
5.840966986439674 0.9360071730850399
5.847108907561061 0.9351576805166262
5.853250828682449 0.9343336047672501
5.8593927498038365 0.9335381098853447
5.865534670925225 0.9327742769674401
5.8716765920466125 0.9320450837736519
5.877818513168 0.9313533829450384
5.883960434289388 0.9307018788310116
5.890102355410775 0.9300931029726937
5.896244276532163 0.9295293883300075
5.90238619765355 0.929012842386035
5.908528118774938 0.92854531931132
5.914670039896326 0.9281283914227594
5.920811961017714 0.927763320225783
5.9269538821391015 0.9274510273838097
5.933095803260489 0.9271920660144554
5.939237724381877 0.9269865927664737
5.945379645503264 0.9268343411836036
5.951521566624652 0.9267345969098963
5.957663487746039 0.9266861753340999
5.963805408867428 0.9266874023065745
5.969947329988815 0.9267360985892187
5.976089251110203 0.926829568715178
5.98223117223159 0.9269645949388793
5.988373093352978 0.9271374369464357
5.9945150144743655 0.9273438379700776
6.000656935595753 0.9275790379065574
6.006798856717141 0.9278377939772816
6.012940777838529 0.9281144093864117
6.019082698959917 0.928402770331932
6.025224620081304 0.9286963916037657
6.031366541202692 0.9289884708630413
6.037508462324079 0.929271951538786
6.043650383445467 0.9295395941045138
6.0497923045668545 0.92978405530991
6.055934225688242 0.9299979747453216
6.06207614680963 0.9301740679129269
6.068218067931018 0.93030522477278
6.074359989052406 0.9303846125294964
6.080501910173793 0.9304057812316873
6.086643831295181 0.9303627705772364
6.092785752416568 0.930250216159216
6.098927673537956 0.9300634532557165
6.105069594659343 0.9297986161680153
6.111211515780731 0.9294527310508297
6.117353436902119 0.9290238001607546
6.123495358023507 0.9285108754784401
6.1296372791448945 0.927914119739616
6.135779200266282 0.9272348530414838
6.14192112138767 0.9264755833746597
6.148063042509057 0.9256400196655927
6.154204963630445 0.9247330661974488
6.160346884751832 0.9237607976044409
6.166488805873221 0.9227304139994869
6.172630726994608 0.9216501761903656
6.178772648115996 0.9205293213563285
6.1849145692373835 0.9193779599853588
6.191056490358771 0.9182069553010453
6.197198411480159 0.9170277868258453
6.203340332601546 0.9158524001226671
6.209482253722934 0.914693045117686
6.215624174844322 0.913562105723137
6.22176609596571 0.9124719237395132
6.227908017087097 0.9114346202134258
6.234049938208485 0.9104619175533069
6.240191859329872 0.9095649657550304
6.24633378045126 0.9087541760604041
6.2524757015726475 0.9080390652626387
6.258617622694035 0.9074281136859854
6.2647595438154235 0.906928639605705
6.270901464936811 0.9065466925455878
6.277043386058199 0.9062869675016118
