time TPR_both_B_closed_1_rho23_imag
0.0 0.0
0.00614192112138767 -9.26002030112263e-10
0.01228384224277534 -7.389578986248434e-09
0.01842576336416301 -2.4836468050448364e-08
0.02456768448555068 -5.853035089264676e-08
0.030709605606938348 -1.1346584675091001e-07
0.03685152672832602 -1.9428624955071787e-07
0.042993447849713685 -3.052074570341729e-07
0.04913536897110136 -4.499494286495128e-07
0.05527729009248903 -6.316763737366655e-07
0.061419211213876695 -8.529467147756934e-07
0.06756113233526437 -1.1156736949712004e-06
0.07370305345665204 -1.421097308395324e-06
0.07984497457803971 -1.76976802775489e-06
0.08598689569942737 -2.1615425932549093e-06
0.09212881682081504 -2.5955919098251676e-06
0.09827073794220272 -3.070420883069231e-06
0.10441265906359039 -3.58389981061111e-06
0.11055458018497806 -4.133306738924302e-06
0.11669650130636572 -4.715379999976599e-06
0.12283842242775339 -5.326379960665447e-06
0.12898034354914106 -5.962158854350249e-06
0.13512226467052874 -6.6182374207918625e-06
0.1412641857919164 -7.289886961098112e-06
0.14740610691330408 -7.972215320043223e-06
0.15354802803469175 -8.660255241117328e-06
0.15968994915607942 -9.349053501119535e-06
0.16583187027746707 -1.0033759221772058e-05
0.17197379139885474 -1.0709709775914702e-05
0.17811571252024241 -1.1372512755017698e-05
0.1842576336416301 -1.20181225421793e-05
0.19039955476301776 -1.2642910139090638e-05
0.19654147588440543 -1.3243725024802883e-05
0.2026833970057931 -1.381794797620946e-05
0.20882531812718078 -1.4363533952228284e-05
0.21496723924856845 -1.4879044332633863e-05
0.22110916036995612 -1.5363668004925218e-05
0.2272510814913438 -1.5817231004844595e-05
0.23339300261273144 -1.624019463431042e-05
0.2395349237341191 -1.6633642200597345e-05
0.24567684485550678 -1.6999254738533305e-05
0.25181876597689445 -1.7339276289250875e-05
0.2579606870982821 -1.765646951068104e-05
0.2641026082196698 -1.795406258272333e-05
0.27024452934105747 -1.8235688540308205e-05
0.27638645046244514 -1.850531831711896e-05
0.2825283715838328 -1.8767188908648542e-05
0.2886702927052205 -1.9025728163025765e-05
0.29481221382660816 -1.9285477779605832e-05
0.30095413494799583 -1.9551016137125913e-05
0.3070960560693835 -1.982688258425009e-05
0.3132379771907712 -2.0117504805089552e-05
0.31937989831215885 -2.0427130820867515e-05
0.3255218194335465 -2.0759767106952757e-05
0.33166374055493414 -2.111912419322111e-05
0.3378056616763218 -2.150857097687265e-05
0.3439475827977095 -2.193109881270525e-05
0.35008950391909716 -2.2389296259175448e-05
0.35623142504048483 -2.2885335152558174e-05
0.3623733461618725 -2.342096845972719e-05
0.3685152672832602 -2.399754012642559e-05
0.37465718840464785 -2.4616006896550174e-05
0.3807991095260355 -2.5276971833296762e-05
0.3869410306474232 -2.5980729029483173e-05
0.39308295176881086 -2.6727318756500067e-05
0.39922487289019853 -2.751659207361362e-05
0.4053667940115862 -2.834828370611433e-05
0.4115087151329739 -2.922209180623131e-05
0.41765063625436155 -3.0137763038694566e-05
0.4237925573757492 -3.10951812868663e-05
0.4299344784971369 -3.209445815859911e-05
0.43607639961852457 -3.31360233860641e-05
0.44221832073991224 -3.42207131628474e-05
0.4483602418612999 -3.534985444618961e-05
0.4545021629826876 -3.652534327328246e-05
0.4606440841040752 -3.7749715198352006e-05
0.4667860052254629 -3.902620605151117e-05
0.47292792634685055 -4.035880135007014e-05
0.4790698474682382 -4.175227285652237e-05
0.4852117685896259 -4.3212200972523534e-05
0.49135368971101356 -4.474498188200281e-05
0.49749561083240124 -4.63578186056928e-05
0.5036375319537889 -4.805869539993075e-05
0.5097794530751766 -4.985633522022694e-05
0.5159213741965643 -5.176014027009644e-05
0.5220632953179519 -5.3780115962990915e-05
0.5282052164393396 -5.5926778934616446e-05
0.5343471375607273 -5.821105004911696e-05
0.5404890586821149 -6.0644133640142915e-05
0.5466309798035026 -6.323738451136131e-05
0.5527729009248903 -6.600216448529399e-05
0.558914822046278 -6.894969052953087e-05
0.5650567431676656 -7.209087670071163e-05
0.5711986642890533 -7.543617232497024e-05
0.577340585410441 -7.899539897504723e-05
0.5834825065318286 -8.277758890580323e-05
0.5896244276532163 -8.679082766884901e-05
0.595766348774604 -9.104210364154214e-05
0.6019082698959917 -9.553716717450848e-05
0.6080501910173793 -0.00010028040198469002
0.614192112138767 -0.00010527471129802526
0.6203340332601547 -0.00011052142107833017
0.6264759543815424 -0.00011602020246862181
0.63261787550293 -0.00012176901532061672
0.6387597966243177 -0.00012776407440074885
0.6449017177457054 -0.0001339998395407636
0.651043638867093 -0.0001404690306523445
0.6571855599884806 -0.00014716266815344056
0.6633274811098683 -0.00015407013896458685
0.669469402231256 -0.0001611792878325217
0.6756113233526436 -0.00016847653333206805
0.6817532444740313 -0.00017594700749202707
0.687895165595419 -0.00018357471759326705
0.6940370867168066 -0.00019134272830381995
0.7001790078381943 -0.00019923336195302506
0.706320928959582 -0.00020722841441076645
0.7124628500809697 -0.00021530938373449362
0.7186047712023573 -0.0002234577084814099
0.724746692323745 -0.00023165501236086568
0.7308886134451327 -0.00023988335172690032
0.7370305345665203 -0.00024812546228663993
0.743172455687908 -0.0002563650013297453
0.7493143768092957 -0.0002645867817693657
0.7554562979306834 -0.00027277699432728866
0.761598219052071 -0.0002809234142955178
0.7677401401734587 -0.0002890155894627733
0.7738820612948464 -0.0002970450060059293
0.780023982416234 -0.0003050052294108181
0.7861659035376217 -0.0003128920178009134
0.7923078246590094 -0.000320703405412115
0.7984497457803971 -0.0003284397543523789
0.8045916669017847 -0.0003361037732207472
0.8107335880231724 -0.0003437005016252945
0.8168755091445601 -0.0003512372601269264
0.8230174302659478 -0.0003587235656387415
0.8291593513873354 -0.00036617101282131306
0.8353012725087231 -0.0003735931225251152
0.8414431936301108 -0.00038100515883460597
0.8475851147514984 -0.00038842391675643394
0.8537270358728861 -0.0003958674830592128
0.8598689569942738 -0.00040335497320695917
0.8660108781156615 -0.0004109062477255913
0.8721527992370491 -0.00041854161169535743
0.8782947203584368 -0.0004262815013657716
0.8844366414798245 -0.00043414616213837803
0.8905785626012122 -0.0004421553223520061
0.8967204837225998 -0.00045032786743153756
0.9028624048439875 -0.00045868151902195514
0.9090043259653752 -0.0004672325237229005
0.9151462470867628 -0.00047599535596448326
0.9212881682081504 -0.0004849824394230508
0.9274300893295381 -0.0004942038911674519
0.9335720104509257 -0.0005036672924544789
0.9397139315723134 -0.000513377489760088
0.9458558526937011 -0.000523336429245099
0.9519977738150888 -0.0005335430274156643
0.9581396949364764 -0.0005439930802560118
0.9642816160578641 -0.0005546792125906614
0.9704235371792518 -0.000565590868883018
0.9765654583006395 -0.0005767143461049566
0.9827073794220271 -0.0005880328687261908
0.9888493005434148 -0.0005995267052815471
0.9949912216648025 -0.0006111733253876187
1.0011331427861903 -0.0006229475955064754
1.0072750639075778 -0.0006348220112019132
1.0134169850289656 -0.0006467669631115483
1.0195589061503532 -0.0006587510333739739
1.025700827271741 -0.0006707413188116867
1.0318427483931285 -0.000682703776784423
1.0379846695145163 -0.0006946035892999882
1.0441265906359039 -0.000706405540705846
1.0502685117572914 -0.0007180744040889073
1.0564104328786792 -0.0007295753313863384
1.0625523540000668 -0.0007408742421589568
1.0686942751214545 -0.0007519382060018846
1.074836196242842 -0.0007627358136644649
1.0809781173642299 -0.0007732375321217168
1.0871200384856174 -0.0007834160390803591
1.0932619596070052 -0.0007932465327101587
1.0994038807283928 -0.000802707012761416
1.1055458018497806 -0.0008117785296562208
1.1116877229711681 -0.0008204453986181694
1.117829644092556 -0.0008286953764252414
1.1239715652139435 -0.0008365197989254255
1.1301134863353313 -0.0008439136780359363
1.1362554074567188 -0.0008508757575453745
1.1423973285781066 -0.0008574085276446612
1.1485392496994942 -0.0008635181987175115
1.154681170820882 -0.0008692146355150942
1.1608230919422695 -0.0008745112534130306
1.1669650130636573 -0.0008794248789928971
1.1731069341850449 -0.0008839755776963588
1.1792488553064326 -0.0008881864517598464
1.1853907764278202 -0.0008920834120440267
1.191532697549208 -0.0008956949277186347
1.1976746186705955 -0.0008990517580439857
1.2038165397919833 -0.0009021866707010881
1.209958460913371 -0.000905134151259308
1.2161003820347587 -0.000907930108431671
1.2222423031561462 -0.0009106115797520935
1.228384224277534 -0.0009132164422162106
1.2345261453989216 -0.0009157831322594585
1.2406680665203094 -0.0009183503792052307
1.246809987641697 -0.0009209569560060883
1.2529519087630847 -0.0009236414507270795
1.2590938298844723 -0.0009264420617882052
1.26523575100586 -0.0009293964194999146
1.2713776721272476 -0.0009325414358990765
1.2775195932486354 -0.0009359131843317144
1.283661514370023 -0.0009395468096421387
1.2898034354914107 -0.0009434764692256338
1.2959453566127983 -0.0009477353045935805
1.302087277734186 -0.0009523554424959963
1.3082291988555736 -0.0009573680240571615
1.3143711199769612 -0.0009628032598153035
1.320513041098349 -0.000968690508026996
1.3266549622197366 -0.0009750583731102213
1.3327968833411243 -0.0009819348206656353
1.338938804462512 -0.0009893473051413191
1.3450807255838997 -0.0009973229058991824
1.3512226467052872 -0.001005888467207213
1.357364567826675 -0.0010150707375257305
1.3635064889480626 -0.0010248965033814027
1.3696484100694504 -0.0010353927131323286
1.375790331190838 -0.0010465865860220386
1.3819322523122257 -0.0010585057020994553
1.3880741734336133 -0.001071178068843987
1.394216094555001 -0.0010846321606769172
1.4003580156763886 -0.0010988969279576994
1.4064999367977764 -0.0011140017725509727
1.412641857919164 -0.0011299764876002104
1.4187837790405518 -0.0011468511597489
1.4249257001619393 -0.0011646560327010225
1.431067621283327 -0.001183421331699526
1.4372095424047147 -0.0012031770492138688
1.4433514635261024 -0.0012239526928544133
1.44949338464749 -0.0012457769972609328
1.4556353057688778 -0.0012686776024330327
1.4617772268902653 -0.0012926807016700216
1.4679191480116531 -0.0013178106629551474
1.4740610691330407 -0.0013440896282427403
1.4802029902544285 -0.0013715370956759692
1.486344911375816 -0.0014001694902674325
1.4924868324972038 -0.0014299997290055325
1.4986287536185914 -0.0014610367866981886
1.5047706747399792 -0.0014932852691249578
1.5109125958613667 -0.0015267450002331867
1.5170545169827545 -0.0015614106301790845
1.523196438104142 -0.0015972712709775966
1.5293383592255299 -0.0016343101663843554
1.5354802803469174 -0.0016725044023888913
1.5416222014683052 -0.0017118246643526023
1.5477641225896928 -0.0017522350463809633
1.5539060437110805 -0.0017936929179821108
1.560047964832468 -0.0018361488524396446
1.5661898859538559 -0.001879546620624078
1.5723318070752434 -0.001923823253193969
1.578473728196631 -0.0019689091733047113
1.5846156493180188 -0.0020147284010615606
1.5907575704394064 -0.0020611988300359607
1.5968994915607941 -0.0021082325752235192
1.6030414126821817 -0.0021557363908714187
1.6091833338035695 -0.002203612155656434
1.615325254924957 -0.0022517574217657136
1.6214671760463448 -0.0023000660235349343
1.6276090971677324 -0.0023484287404454806
1.6337510182891202 -0.0023967340084870203
1.6398929394105077 -0.0024448686731660596
1.6460348605318955 -0.0024927187767961956
1.652176781653283 -0.0025401703721517344
1.6583187027746709 -0.0025871103541120423
1.6644606238960584 -0.0026334273005768354
1.6706025450174462 -0.002679012313698525
1.6767444661388338 -0.00272375985236102
1.6828863872602216 -0.002767568546837626
1.6890283083816091 -0.0028103419866848385
1.695170229502997 -0.00285198947317289
1.7013121506243845 -0.0028924267279153665
1.7074540717457722 -0.0029315765498346105
1.7135959928671598 -0.0029693694131809694
1.7197379139885476 -0.003005744000004624
1.7258798351099351 -0.0030406476612496367
1.732021756231323 -0.0030740368014905155
1.7381636773527105 -0.0031058771832504386
1.7443055984740983 -0.0031361441478145436
1.7504475195954858 -0.0031648227504679203
1.7565894407168736 -0.00319190780913195
1.7627313618382612 -0.00321740386642981
1.768873282959649 -0.003241325066267458
1.7750152040810365 -0.003263694947055444
1.7811571252024243 -0.0032845461547047566
1.7872990463238119 -0.003303920079492489
1.7934409674451997 -0.0033218664217968155
1.7995828885665872 -0.0033384426925328796
1.805724809687975 -0.003353713654870071
1.8118667308093626 -0.0033677507144663286
1.8180086519307503 -0.0033806312660074594
1.824150573052138 -0.0033924380042813776
1.8302924941735257 -0.0034032582083427425
1.8364344152949132 -0.003413183007528343
1.8425763364163008 -0.003422306638165328
1.8487182575376886 -0.0034307256997722917
1.8548601786590762 -0.0034385384193884867
1.861002099780464 -0.0034458439323819205
1.8671440209018515 -0.0034527415876877215
1.8732859420232393 -0.003459330284920134
1.8794278631446268 -0.0034657078501931105
1.8855697842660146 -0.0034719704567850646
1.8917117053874022 -0.0034782120960039956
1.89785362650879 -0.0034845241027618183
1.9039955476301775 -0.0034909947394645975
1.9101374687515653 -0.0034977088408822124
1.9162793898729529 -0.0035047475216915154
1.9224213109943407 -0.003512187947405939
1.9285632321157282 -0.0035201031684270185
1.934705153237116 -0.0035285620159943177
1.9408470743585036 -0.003537629057884476
1.9469889954798913 -0.003547364610831713
1.953130916601279 -0.0035578248058245722
1.9592728377226667 -0.0035690617016893977
1.9654147588440543 -0.0035811234417113176
1.971556679965442 -0.00359405444747848
1.9776986010868296 -0.003607895643673296
1.9838405222082174 -0.0036226847071824933
1.989982443329605 -0.0036384563336610697
1.9961243644509927 -0.00365524251456696
2.0022662855723805 -0.003673072817685065
2.008408206693768 -0.0036919746642805917
2.0145501278151556 -0.003711973596260264
2.020692048936543 -0.003733093527071538
2.026833970057931 -0.0037553569705285226
2.0329758911793188 -0.0037787852423110885
2.0391178123007063 -0.0038033986295312504
2.045259733422094 -0.003829216524487538
2.051401654543482 -0.0038562575195214624
2.0575435756648695 -0.003884539460737223
2.063685496786257 -0.0039140794592321115
2.0698274179076446 -0.003944893859395965
2.0759693390290326 -0.003976998164757972
2.08211126015042 -0.00401040692277278
2.0882531812718077 -0.004045133570829472
2.0943951023931953 -0.004081190246621515
2.100537023514583 -0.004118587566818411
2.106678944635971 -0.0041573343787165064
2.1128208657573584 -0.004197437490204469
2.118962786878746 -0.0042389013839463086
2.1251047080001335 -0.004281727922151372
2.1312466291215215 -0.0043259160486575484
2.137388550242909 -0.0043714614952939995
2.1435304713642966 -0.004418356499607895
2.149672392485684 -0.004466589541032497
2.155814313607072 -0.004516145102440478
2.1619562347284598 -0.004567003463767096
2.1680981558498473 -0.0046191405340059105
2.174240076971235 -0.004672527727379732
2.180381998092623 -0.004727131888878387
2.1865239192140105 -0.004782915273641338
2.192665840335398 -0.00483983558385756
2.1988077614567856 -0.00489784606596935
2.2049496825781736 -0.0049568956700144
2.211091603699561 -0.005016929271936024
2.2172335248209487 -0.005077887958650496
2.2233754459423363 -0.0051397093745994445
2.2295173670637243 -0.005202328127450891
2.235659288185112 -0.00526567624956196
2.2418012093064994 -0.0053296837107965865
2.247943130427887 -0.005394278977319367
2.254085051549275 -0.005459389610078408
2.2602269726706625 -0.005524942895860825
2.26636889379205 -0.005590866503068952
2.2725108149134376 -0.005657089153736206
2.2786527360348257 -0.0057235413027906445
2.284794657156213 -0.005790155815191247
2.2909365782776008 -0.005856868631314996
2.2970784993989883 -0.005923619410867807
2.3032204205203763 -0.005990352145633315
2.309362341641764 -0.00605701573156199
2.3155042627631515 -0.006123564491038832
2.321646183884539 -0.006189958636647868
2.327788105005927 -0.006256164668371252
2.3339300261273146 -0.006322155696912593
2.340071947248702 -0.006387911686709147
2.3462138683700897 -0.0064534196131844765
2.3523557894914777 -0.00651867352987929
2.3584977106128653 -0.006583674542268682
2.364639631734253 -0.006648430686313142
2.3707815528556404 -0.006712956711080999
2.376923473977028 -0.006777273766103652
2.383065395098416 -0.00684140899546285
2.3892073162198035 -0.006905395041942383
2.395349237341191 -0.006969269465885405
2.4014911584625787 -0.0070330740846640556
2.4076330795839667 -0.007096854239871139
2.4137750007053542 -0.007160658000466598
2.419916921826742 -0.0072245353111369546
2.4260588429481293 -0.007288537096038273
2.4322007640695174 -0.007352714328878035
2.438342685190905 -0.007417117080935979
2.4444846063122925 -0.007481793559117931
2.45062652743368 -0.007546789146471106
2.456768448555068 -0.007612145457758046
2.4629103696764556 -0.007677899422685262
2.469052290797843 -0.007744082409210046
2.4751942119192307 -0.007810719399005664
2.4813361330406187 -0.007877828226654658
2.4874780541620063 -0.007945418893467778
2.493619975283394 -0.008013492966000414
2.4997618964047814 -0.00808204306836946
2.5059038175261694 -0.008151052476374007
2.512045738647557 -0.008220494820207255
2.5181876597689445 -0.008290333901230922
2.524329580890332 -0.008360523626884853
2.53047150201172 -0.008431008066342288
2.5366134231331077 -0.008501721628015501
2.5427553442544952 -0.008572589358487747
2.548897265375883 -0.008643527360916758
2.555039186497271 -0.008714443329443673
2.5611811076186584 -0.008785237194669981
2.567323028740046 -0.008855801873854584
2.5734649498614335 -0.008926024118152626
2.5796068709828215 -0.00899578544798625
2.585748792104209 -0.009064963166521616
2.5918907132255966 -0.00913343144024213
2.598032634346984 -0.0092010624347683
2.604174555468372 -0.009267727493391538
2.6103164765897597 -0.009333298345271837
2.6164583977111473 -0.009397648329904362
2.622600318832535 -0.009460653624292065
2.6287422399539224 -0.009522194459272281
2.6348841610753104 -0.009582156311633972
2.641026082196698 -0.009640431059025718
2.6471680033180855 -0.009696918085186673
2.653309924439473 -0.009751525323725196
2.659451845560861 -0.009804170229512294
2.6655937666822487 -0.00985478066773636
2.6717356878036362 -0.00990329571176734
2.677877608925024 -0.009949666342186097
2.684019530046412 -0.009993856040630104
2.6901614511677994 -0.010035841273470968
2.696303372289187 -0.01007561186175216
2.7024452934105745 -0.010113171235256405
2.7085872145319625 -0.010148536570020341
2.71472913565335 -0.010181738810048246
2.7208710567747376 -0.010212822575376476
2.727012977896125 -0.010241845959985584
2.733154899017513 -0.01026888022432897
2.7392968201389007 -0.010294009388427474
2.7454387412602883 -0.010317329732552533
2.751580662381676 -0.010338949213471322
2.757722583503064 -0.010358986805043763
2.7638645046244514 -0.010377571772632304
2.770006425745839 -0.010394842891303305
2.7761483468672266 -0.010410947618157692
2.7822902679886146 -0.010426041229325013
2.788432189110002 -0.01044028593218869
2.7945741102313897 -0.010453849963282495
2.8007160313527772 -0.010466906682013817
2.8068579524741653 -0.010479633669934662
2.812999873595553 -0.010492211844705569
2.8191417947169404 -0.010504824597192096
2.825283715838328 -0.010517656959311297
2.831425636959716 -0.010530894809321779
2.8375675580811035 -0.010544724120241876
2.843709479202491 -0.010559330256004218
2.8498514003238786 -0.010574897318830007
2.8559933214452666 -0.010591607550152485
2.862135242566654 -0.010609640786255944
2.8682771636880418 -0.010629173968644441
2.8744190848094293 -0.010650380708032663
2.8805610059308173 -0.010673430899779495
2.886702927052205 -0.010698490387580941
2.8928448481735924 -0.01072572067132061
2.89898676929498 -0.01075527865415839
2.9051286904163676 -0.01078731642323576
2.9112706115377556 -0.010821981057801173
2.917412532659143 -0.010859414458121781
2.9235544537805307 -0.010899753188255526
2.9296963749019183 -0.010943128325616669
2.9358382960233063 -0.010989665310280256
2.941980217144694 -0.01103948378713785
2.9481221382660814 -0.011092697434335547
2.954264059387469 -0.01114941377189124
2.960405980508857 -0.011209733944994124
2.9665479016302445 -0.011273752477225674
2.972689822751632 -0.01134155698979618
2.9788317438730196 -0.011413227883850243
2.9849736649944076 -0.011488837983942514
2.991115586115795 -0.011568452141904101
2.9972575072371828 -0.011652126801491343
3.0033994283585703 -0.01173990952541233
3.0095413494799583 -0.01183183848754172
3.015683270601346 -0.011927941934339973
3.0218251917227335 -0.012028237620667777
3.027967112844121 -0.01213273222630892
3.034109033965509 -0.01224142076056493
3.0402509550868966 -0.012354285963242497
3.046392876208284 -0.012471297711201682
3.0525347973296717 -0.012592412440352382
3.0586767184510597 -0.012717572593563091
3.0648186395724473 -0.01284670610536669
3.070960560693835 -0.012979725934602223
3.0771024818152224 -0.01311652965621063
3.0832444029366104 -0.013256999123300889
3.089386324057998 -0.013401000210317924
3.0955282451793855 -0.013548382647674932
3.101670166300773 -0.01369897995756306
3.107812087422161 -0.013852609499826687
3.1139540085435486 -0.01400907263580079
3.120095929664936 -0.01416815501685999
3.1262378507863238 -0.014329627003139472
3.1323797719077118 -0.014493244216473399
3.1385216930290993 -0.014658748230073975
3.144663614150487 -0.014825867395864547
3.1508055352718745 -0.01499431780870479
3.156947456393262 -0.015163804405028167
3.16308937751465 -0.015334022191675388
3.1692312986360376 -0.015504657598977203
3.175373219757425 -0.015675389950440665
3.1815151408788127 -0.015845893039749006
3.1876570620002007 -0.016015836804221813
3.1937989831215883 -0.016184889082421286
3.199940904242976 -0.016352717442255454
3.2060828253643634 -0.016518991064739606
3.2122247464857514 -0.016683382667552565
3.218366667607139 -0.016845570451680596
3.2245085887285265 -0.01700524005379287
3.230650509849914 -0.017162086486550158
3.236792430971302 -0.01731581604882091
3.2429343520926897 -0.017466148187771917
3.249076273214077 -0.01761281729501681
3.2552181943354648 -0.017755574419443833
3.261360115456853 -0.01789418888000107
3.2675020365782403 -0.01802844976258556
3.273643957699628 -0.018158167286252754
3.2797858788210155 -0.018283174025221425
3.2859277999424035 -0.018403325974581317
3.292069721063791 -0.018518503449198507
3.2982116421851786 -0.0186286118070361
3.304353563306566 -0.018733581989943772
3.310495484427954 -0.01883337087689481
3.3166374055493417 -0.018927961446638785
3.3227793266707293 -0.01901736274876554
3.328921247792117 -0.01910160968421554
3.335063168913505 -0.01918076259829619
3.3412050900348924 -0.01925490669124623
3.34734701115628 -0.019324151253305864
3.3534889322776675 -0.01938862873307311
3.3596308533990555 -0.019448493649633452
3.365772774520443 -0.019503921360518463
3.3719146956418307 -0.01955510669895937
3.3780566167632182 -0.019602262495135532
3.3841985378846062 -0.01964561799716073
3.390340459005994 -0.019685417208388758
3.3964823801273814 -0.01972191715824473
3.402624301248769 -0.019755386124192986
3.4087662223701565 -0.01978610182263289
3.4149081434915445 -0.01981434958646953
3.421050064612932 -0.019840420546840418
3.4271919857343196 -0.019864609835997245
3.433333906855707 -0.01988721482765272
3.439475827977095 -0.01990853343021761
3.4456177490984827 -0.019928862447287803
3.4517596702198703 -0.01994849601851107
3.457901591341258 -0.019967724152588642
3.464043512462646 -0.019986831362667674
3.4701854335840334 -0.020006095412780915
3.476327354705421 -0.02002578618231242
3.4824692758268085 -0.020046164653738697
3.4886111969481965 -0.020067482027138386
3.494753118069584 -0.020089978963205843
3.5008950391909717 -0.020113884954771243
3.5070369603123592 -0.020139417825145892
3.5131788814337472 -0.02016678335000096
3.519320802555135 -0.020196174997973604
3.5254627236765224 -0.02022777378379686
3.53160464479791 -0.02026174822648873
3.537746565919298 -0.020298254404027476
3.5438884870406855 -0.020337436094999828
3.550030408162073 -0.020379424996946973
3.5561723292834606 -0.020424341010560145
3.5623142504048486 -0.020472292578497874
3.568456171526236 -0.020523377067414326
3.5745980926476237 -0.020577681181801723
3.5807400137690113 -0.02063528139845658
3.5868819348903993 -0.020696244410772648
3.593023856011787 -0.020760627572633854
3.5991657771331744 -0.020828479332416074
3.605307698254562 -0.020899839648492465
3.61144961937595 -0.0209747403786561
3.6175915404973376 -0.021053205637006935
3.623733461618725 -0.021135252113076753
3.6298753827401127 -0.021220889349262993
3.6360173038615007 -0.021310119973987452
3.6421592249828882 -0.021402939889364012
3.648301146104276 -0.021499338413526983
3.6544430672256634 -0.021599298379113435
3.6605849883470514 -0.021702796190685693
3.666726909468439 -0.021809801845100445
3.6728688305898265 -0.02192027891995745
3.679010751711214 -0.022034184536272736
3.6851526728326016 -0.022151469302400993
3.6912945939539896 -0.022272077246962486
3.697436515075377 -0.022395945749098783
3.7035784361967647 -0.022523005474776963
3.7097203573181523 -0.022653180328076398
3.7158622784395403 -0.022786387426420498
3.722004199560928 -0.02292253710855605
3.7281461206823154 -0.023061532983736286
3.734288041803703 -0.023203272030035315
3.740429962925091 -0.023347644749017984
3.7465718840464786 -0.023494535383121788
3.752713805167866 -0.023643822201089338
3.7588557262892537 -0.02379537785563649
3.7649976474106417 -0.023949069816272064
3.7711395685320293 -0.024104760878819617
3.777281489653417 -0.024262309751752857
3.7834234107748044 -0.024421571717967435
3.7895653318961924 -0.024582399369098076
3.79570725301758 -0.024744643407976493
3.8018491741389675 -0.02490815351333852
3.807991095260355 -0.025072779259453407
3.814133016381743 -0.025238371081990042
3.8202749375031306 -0.02540478128017766
3.826416858624518 -0.025571865044185686
3.8325587797459058 -0.025739481495659623
3.8387007008672938 -0.02590749472852638
3.8448426219886813 -0.026075774836540753
3.850984543110069 -0.026244198913597878
3.8571264642314564 -0.02641265201259663
3.8632683853528444 -0.026581028048614324
3.869410306474232 -0.02674923063234774
3.8755522275956196 -0.02691717382019284
3.881694148717007 -0.02708478276797188
3.887836069838395 -0.027251994276168465
3.8939779909597827 -0.027418757215589264
3.9001199120811703 -0.02758503282362384
3.906261833202558 -0.027750794862706755
3.912403754323946 -0.027916029634181383
3.9185456754453334 -0.028080735842501457
3.924687596566721 -0.02824492430656262
3.9308295176881085 -0.028408617516906248
3.936971438809496 -0.02857184903955576
3.943113359930884 -0.02873466276930355
3.9492552810522716 -0.028897112037334707
3.955397202173659 -0.02905925858012437
3.9615391232950468 -0.029221171378547052
3.9676810444164348 -0.02938292537806165
3.9738229655378223 -0.029544600102654795
3.97996488665921 -0.029706278176912057
3.9861068077805974 -0.029868043772114196
3.9922487289019855 -0.030029980993602042
3.998390650023373 -0.03019217222779553
4.004532571144761 -0.030354696468173226
4.010674492266149 -0.03051762764020062
4.016816413387536 -0.030681032945627826
4.022958334508924 -0.030844971246749692
4.029100255630311 -0.03100949151112854
4.035242176751699 -0.031174631336920482
4.041384097873086 -0.03134041557832133
4.047526018994474 -0.03150685508976385
4.053667940115862 -0.03167394560636358
4.05980986123725 -0.03184166677673822
4.0659517823586375 -0.032009981362732
4.072093703480025 -0.032178834618780884
4.078235624601413 -0.03234815386167928
4.0843775457228 -0.03251784823937864
4.090519466844188 -0.0326878087051908
4.096661387965575 -0.032857908201412614
4.102803309086964 -0.03302800205396398
4.108945230208351 -0.03319792857717114
4.115087151329739 -0.03336750988536233
4.1212290724511265 -0.03353655290550636
4.127370993572514 -0.033704850582749094
4.133512914693902 -0.03387218326841829
4.139654835815289 -0.03403832027790505
4.145796756936677 -0.034203021603817885
4.151938678058065 -0.03436603976796988
4.158080599179453 -0.03452712179412479
4.16422252030084 -0.03468601128201425
4.170364441422228 -0.03484245056196567
4.176506362543615 -0.034996182908561026
4.182648283665003 -0.03514695479109407
4.1887902047863905 -0.0352945181382137
4.194932125907778 -0.03543863259403832
4.201074047029166 -0.035579067743199695
4.207215968150554 -0.035715605282721434
4.213357889271942 -0.035848041119348514
4.219499810393329 -0.03597618737190885
4.225641731514717 -0.03609987425949142
4.231783652636104 -0.036218951857648805
4.237925573757492 -0.03633329170645514
4.2440674948788795 -0.03644278825604874
4.250209416000267 -0.03654736013723679
4.2563513371216555 -0.03664695124680922
4.262493258243043 -0.03674153163937089
4.268635179364431 -0.03683109821972529
4.274777100485818 -0.0369156752320982
4.280919021607206 -0.03699531454474488
4.287060942728593 -0.037070095730709164
4.293202863849981 -0.03714012594766686
4.299344784971368 -0.03720553962186082
4.305486706092757 -0.03726649794309441
4.311628627214144 -0.037323188179567514
4.317770548335532 -0.03737582282299409
4.3239124694569195 -0.03742463857591105
4.330054390578307 -0.03746989519435901
4.336196311699695 -0.03751187420017284
4.342338232821082 -0.03755087747795215
4.34848015394247 -0.03758722577238472
4.354622075063858 -0.03762125710196339
4.360763996185246 -0.037653325105272445
4.366905917306633 -0.03768379733592415
4.373047838428021 -0.03771305352191012
4.3791897595494085 -0.03774148380460428
4.385331680670796 -0.037769486971929375
4.391473601792184 -0.037797468699294075
4.397615522913571 -0.0378258398108415
4.40375744403496 -0.03785501457234466
4.409899365156347 -0.03788540902576396
4.416041286277735 -0.037917439374069675
4.422183207399122 -0.037951520423457716
4.42832512852051 -0.03798806408857321
4.434467049641897 -0.038027477964834286
4.440608970763285 -0.038070163970441634
4.4467508918846725 -0.03811651705919779
4.452892813006061 -0.03816692400386527
4.4590347341274486 -0.038221762248492885
4.465176655248836 -0.038281398826952806
4.471318576370224 -0.03834618934388054
4.477460497491611 -0.03841647701331168
4.483602418612999 -0.038492591749578475
4.489744339734386 -0.03857484930447739
4.495886260855774 -0.03866355044435544
4.5020281819771615 -0.038758980160591906
4.50817010309855 -0.03886140690697662
4.5143120242199375 -0.03897108185770352
4.520453945341325 -0.03908823818010433
4.526595866462713 -0.039213090316833496
4.5327377875841 -0.039345833272969956
4.538879708705488 -0.03948664190441008
4.545021629826875 -0.03963567020497114
4.551163550948263 -0.0397930505907858
4.557305472069651 -0.039958893181824134
4.563447393191039 -0.040133285081705064
4.569589314312426 -0.040316289658329854
4.575731235433814 -0.04050794582925766
4.5818731565552016 -0.040708267357122276
4.588015077676589 -0.040917242161730455
4.594156998797977 -0.04113483165675908
4.600298919919364 -0.04136097012015451
4.606440841040753 -0.04159556410840704
4.61258276216214 -0.04183849192580189
4.618724683283528 -0.04208960316051514
4.624866604404915 -0.04234871830000696
4.631008525526303 -0.042615628438549824
4.6371504466476905 -0.042890095089902124
4.643292367769078 -0.04317185011808576
4.649434288890466 -0.04346059579894434
4.655576210011854 -0.04375600502464208
4.661718131133242 -0.0440577216625124
4.667860052254629 -0.0443653610786842
4.674001973376017 -0.044678510835709784
4.680143894497404 -0.04499673157200353
4.686285815618792 -0.04531955806928927
4.692427736740179 -0.045646500512464876
4.698569657861567 -0.0459770459443478
4.7047115789829554 -0.04631065991568727
4.710853500104343 -0.04664678832864641
4.716995421225731 -0.046984859469699075
4.723137342347118 -0.0473242862255811
4.729279263468506 -0.047664468473618285
4.735421184589893 -0.04800479563545394
4.741563105711281 -0.048344649380952176
4.747705026832668 -0.04868340646689051
4.753846947954056 -0.04902044169301066
4.759988869075444 -0.04935513095609852
4.766130790196832 -0.049686854381044025
4.7722727113182195 -0.050014999506316056
4.778414632439607 -0.05033896449999932
4.784556553560995 -0.0506581613815047
4.790698474682382 -0.05097201922329611
4.79684039580377 -0.05127998730649388
4.802982316925157 -0.05158153820402588
4.809124238046546 -0.05187617076511177
4.815266159167933 -0.05216341297528411
4.821408080289321 -0.052442824666873875
4.8275500014107084 -0.05271400005590906
4.833691922532096 -0.05297657008268624
4.839833843653484 -0.05323020453486177
4.845975764774871 -0.05347461393375387
4.852117685896259 -0.0537095511666295
4.858259607017647 -0.053934812850044866
4.864401528139035 -0.05415024041178954
4.870543449260422 -0.05435572088162096
4.87668537038181 -0.05455118738373597
4.882827291503197 -0.05473661932677697
4.888969212624585 -0.0549120422900736
4.8951111337459725 -0.055077527607745515
4.90125305486736 -0.05523319165519614
4.9073949759887485 -0.05537919484537976
4.913536897110136 -0.055515740344987144
4.919678818231524 -0.05564307252333443
4.925820739352911 -0.055761475149224506
4.931962660474299 -0.05587126935334851
4.938104581595686 -0.05597281137588043
4.944246502717074 -0.056066490120764347
4.9503884238384614 -0.05615272453978136
4.95653034495985 -0.05623196087079249
4.9626722660812375 -0.05630466975557202
4.968814187202625 -0.0563713432633611
4.974956108324013 -0.05643249184667991
4.9810980294454 -0.05648864125603457
4.987239950566788 -0.056540329439945865
4.993381871688175 -0.056588103456216635
4.999523792809563 -0.056632516419554
5.00566571393095 -0.056674124509586386
5.011807635052339 -0.056713484061979756
5.017949556173726 -0.05675114876378704
5.024091477295114 -0.056787666972380274
5.0302333984165015 -0.05682357917534628
5.036375319537889 -0.05685941560660233
5.042517240659277 -0.05689569403173802
5.048659161780664 -0.05693291771324852
5.054801082902052 -0.056971573563924204
5.06094300402344 -0.057012130494235924
5.067084925144828 -0.05705503795714036
5.073226846266215 -0.05710072469135492
5.079368767387603 -0.05714959766185333
5.0855106885089905 -0.05720204119413835
5.091652609630378 -0.0572584162967876
5.097794530751766 -0.05731906016486846
5.103936451873153 -0.0573842858551009
5.110078372994542 -0.05745438212213505
5.116220294115929 -0.05752961340401864
5.122362215237317 -0.057610219943873595
5.128504136358704 -0.05769641803398899
5.134646057480092 -0.0577884003679764
5.140787978601479 -0.057886336486325005
5.146929899722867 -0.05799037330063482
5.1530718208442545 -0.058100635681992537
5.159213741965643 -0.05821722709937466
5.1653556630870305 -0.05834023029460401
5.171497584208418 -0.05846970798123195
5.177639505329806 -0.05860570355574888
5.183781426451193 -0.058748241810718554
5.189923347572581 -0.05889732964076108
5.196065268693968 -0.05905295673374916
5.202207189815356 -0.05921509624110348
5.208349110936744 -0.05938370542264595
5.214491032058132 -0.05955872626306496
5.2206329531795195 -0.05974008605863265
5.226774874300907 -0.059927697974363134
5.232916795422295 -0.06012146157328087
5.239058716543682 -0.06032126332085485
5.24520063766507 -0.06052697706891968
5.251342558786457 -0.060738464524525415
5.257484479907845 -0.060955575710114424
5.263626401029233 -0.061178149422195745
5.269768322150621 -0.06140601369626282
5.275910243272008 -0.06163898628606545
5.282052164393396 -0.06187687516549628
5.2881940855147835 -0.06211947906128009
5.294336006636171 -0.06236658802436263
5.300477927757559 -0.06261798404738737
5.306619848878946 -0.06287344173493235
5.312761770000335 -0.06313272903226597
5.318903691121722 -0.06339560801728568
5.32504561224311 -0.0636618357590462
5.331187533364497 -0.06393116524488353
5.337329454485885 -0.06420334637662493
5.3434713756072725 -0.0644781270347664
5.34961329672866 -0.06475525420782867
5.355755217850048 -0.06503447518239933
5.361897138971436 -0.06531553878766191
5.368039060092824 -0.0655981966865368
5.374180981214211 -0.0658822047039411
5.380322902335599 -0.06616732418114787
5.386464823456986 -0.06645332334381947
5.392606744578374 -0.06673997867003043
5.398748665699761 -0.06702707624351159
5.404890586821149 -0.06731441307645976
5.411032507942537 -0.06760179838558913
5.417174429063925 -0.06788905480466766
5.4233163501853126 -0.06817601951659927
5.4294582713067 -0.0684625452881901
5.435600192428088 -0.06874850139108124
5.441742113549475 -0.06903377439294463
5.447884034670863 -0.0693182688039178
5.45402595579225 -0.06960190756439663
5.460167876913639 -0.06988463236169684
5.466309798035026 -0.07016640376472479
5.472451719156414 -0.0704472011676474
5.4785936402778015 -0.07072702253559533
5.484735561399189 -0.07100588394765288
5.490877482520577 -0.07128381893474882
5.497019403641964 -0.07156087761253921
5.503161324763352 -0.07183712561192902
5.509303245884739 -0.07211264281248268
5.515445167006128 -0.07238752188658712
5.521587088127515 -0.07266186666481757
5.527729009248903 -0.07293579033548288
5.53387093037029 -0.0732094134937509
5.540012851491678 -0.07348286205804719
5.5461547726130656 -0.0737562650735425
5.552296693734453 -0.074029752424466
5.558438614855841 -0.07430345247867265
5.564580535977229 -0.07457748968932577
5.570722457098617 -0.07485198217970776
5.576864378220004 -0.0751270393380214
5.583006299341392 -0.07540275944957583
5.589148220462779 -0.07567922739395276
5.595290141584167 -0.07595651243461202
5.6014320627055545 -0.07623466612791767
5.607573983826942 -0.07651372037774969
5.6137159049483305 -0.07679368566071484
5.619857826069718 -0.07707454944549824
5.625999747191106 -0.07735627482811552
5.632141668312493 -0.07763879940275796
5.638283589433881 -0.07792203438558866
5.644425510555268 -0.0782058640062784
5.650567431676656 -0.07849014517929227
5.656709352798043 -0.07877470746398806
5.662851273919432 -0.07905935331950054
5.668993195040819 -0.07934385865719963
5.675135116162207 -0.0796279736902658
5.681277037283595 -0.07991142407666135
5.687418958404982 -0.08019391234853593
5.69356087952637 -0.08047511961792479
5.699702800647757 -0.08075470754552397
5.705844721769145 -0.0810323205563921
5.711986642890533 -0.0813075882836736
5.718128564011921 -0.0815801282188955
5.724270485133308 -0.08184954854509317
5.730412406254696 -0.08211545112699482
5.7365543273760835 -0.08237743463076826
5.742696248497471 -0.08263509774442415
5.748838169618859 -0.08288804246889661
5.754980090740246 -0.0831358774490929
5.761122011861635 -0.0833782213138315
5.767263932983022 -0.08361470599356816
5.77340585410441 -0.08384497998514563
5.779547775225797 -0.08406871153348483
5.785689696347185 -0.0842855917011514
5.7918316174685724 -0.08449533729806817
5.79797353858996 -0.08469769364527775
5.804115459711348 -0.08489243714856891
5.810257380832735 -0.0850793776599363
5.816399301954124 -0.08525836060721691
5.822541223075511 -0.08542926887480212
5.828683144196899 -0.08559202442103044
5.834825065318286 -0.0857465896206822
5.840966986439674 -0.08589296832388885
5.847108907561061 -0.08603120662569586
5.853250828682449 -0.08616139334344296
5.8593927498038365 -0.08628366020200971
5.865534670925225 -0.08639818172978297
5.8716765920466125 -0.08650517487090058
5.877818513168 -0.08660489832187948
5.883960434289388 -0.08669765160311858
5.890102355410775 -0.08678377387794721
5.896244276532163 -0.0868636425338483
5.90238619765355 -0.08693767154220043
5.908528118774938 -0.0870063096143383
5.914670039896326 -0.08707003817291639
5.920811961017714 -0.08712936915846715
5.9269538821391015 -0.08718484269167012
5.933095803260489 -0.08723702461219338
5.939237724381877 -0.08728650391503696
5.945379645503264 -0.0873338901051121
5.951521566624652 -0.08737981049033887
5.957663487746039 -0.08742490743285929
5.963805408867428 -0.08746983557705927
5.969947329988815 -0.08751525907199682
5.976089251110203 -0.08756184880456845
5.98223117223159 -0.08761027965834096
5.988373093352978 -0.08766122781145763
5.9945150144743655 -0.08771536808543014
6.000656935595753 -0.08777337135497774
6.006798856717141 -0.08783590202740685
6.012940777838529 -0.08790361559836653
6.019082698959917 -0.08797715628919911
6.025224620081304 -0.08805715476955753
6.031366541202692 -0.08814422596751058
6.037508462324079 -0.08823896696802647
6.043650383445467 -0.08834195499953662
6.0497923045668545 -0.08845374550725615
6.055934225688242 -0.08857487031108618
6.06207614680963 -0.08870583584526431
6.068218067931018 -0.0888471214764655
6.074359989052406 -0.08899917789679623
6.080501910173793 -0.08916242558806814
6.086643831295181 -0.08933725335387965
6.092785752416568 -0.08952401691637293
6.098927673537956 -0.08972303757505219
6.105069594659343 -0.08993460092573956
6.111211515780731 -0.09015895563858503
6.117353436902119 -0.09039631229501992
6.123495358023507 -0.09064684228462418
6.1296372791448945 -0.09091067676404221
6.135779200266282 -0.09118790568130244
6.14192112138767 -0.09147857687014492
6.148063042509057 -0.09178269522020781
6.154204963630445 -0.09210022193013982
6.160346884751832 -0.09243107385186065
6.166488805873221 -0.09277512293525636
6.172630726994608 -0.09313219578354347
6.178772648115996 -0.09350207333033865
6.1849145692373835 -0.09388449065010403
6.191056490358771 -0.09427913691408202
6.197198411480159 -0.09468565550406677
6.203340332601546 -0.09510364429636821
6.209482253722934 -0.09553265612809451
6.215624174844322 -0.09597219945740572
6.22176609596571 -0.09642173922866322
6.227908017087097 -0.096880697952428
6.234049938208485 -0.09734845700903463
6.240191859329872 -0.09782435818301104
6.24633378045126 -0.09830770543392613
6.2524757015726475 -0.09879776690735252
6.258617622694035 -0.09929377718754717
6.2647595438154235 -0.09979493979120091
6.270901464936811 -0.1003004298992209
6.277043386058199 -0.10080939732100992
