time TPR_both_B_open_145_rho13_imag
904.7786842338604 0.009390627518408287
904.7848261549818 0.009393044407777136
904.7909680761032 0.009395458256668498
904.7971099972245 0.009397882300404583
904.803251918346 0.009400329474613
904.8093938394674 0.009402812292245863
904.8155357605888 0.0094053427248568
904.8216776817102 0.009407932087213185
904.8278196028315 0.009410590926546133
904.8339615239529 0.009413328917713785
904.8401034450743 0.009416154763270635
904.8462453661957 0.00941907610133752
904.852387287317 0.009422099420076744
904.8585292084384 0.009425229980683717
904.8646711295598 0.00942847174761037
904.8708130506812 0.009431827328734606
904.8769549718027 0.009435297924201932
904.883096892924 0.009438883284859572
904.8892388140454 0.009442581681146778
904.8953807351668 0.00944638988099677
904.9015226562882 0.009450303139182555
904.9076645774096 0.009454315196540183
904.9138064985309 0.009458418289692032
904.9199484196523 0.009462603171828232
904.9260903407737 0.009466859142794121
904.9322322618951 0.00947117409060533
904.9383741830165 0.009475534542513056
904.9445161041378 0.009479925725932327
904.9506580252593 0.00948433163948583
904.9567999463807 0.009488735132108853
904.9629418675021 0.009493117992041196
904.9690837886234 0.009497461043431372
904.9752257097448 0.009501744251373439
904.9813676308662 0.009505946833003312
904.9875095519876 0.009510047376281996
904.993651473109 0.00951402396411825
904.9997933942303 0.009517854303692517
905.0059353153517 0.009521515860811144
905.0120772364731 0.009524985996839907
905.0182191575946 0.009528242109677103
905.024361078716 0.00953126177626858
905.0305029998373 0.00953402289639872
905.0366449209587 0.009536503837480602
905.0427868420801 0.009538683577809607
905.0489287632015 0.009540541849681325
905.0550706843229 0.00954205927983615
905.0612126054442 0.009543217526951907
905.0673545265656 0.009543999415917432
905.073496447687 0.00954438906638332
905.0796383688084 0.009544372017048506
905.0857802899299 0.009543935343224516
905.0919222110512 0.00954306776750311
905.0980641321726 0.00954175976338303
905.104206053294 0.009540003649503703
905.1103479744154 0.009537793676109022
905.1164898955367 0.009535126101361369
905.1226318166581 0.009531999258327766
905.1287737377795 0.009528413610356928
905.1349156589009 0.00952437179667481
905.1410575800223 0.009519878666145792
905.1471995011436 0.009514941299454942
905.153341422265 0.00950956902003019
905.1594833433865 0.009503773391837413
905.1656252645079 0.009497568206180534
905.1717671856293 0.009490969455771544
905.1779091067506 0.009483995296647977
905.184051027872 0.009476665998583628
905.1901929489934 0.009469003882456039
905.1963348701148 0.00946103324703381
905.2024767912362 0.00945278028378025
905.2086187123575 0.00944427298057721
905.2147606334789 0.009435541015342355
905.2209025546003 0.009426615638316812
905.2270444757218 0.009417529545801098
905.233186396843 0.009408316744119205
905.2393283179645 0.009399012405796785
905.2454702390859 0.009389652716835176
905.2516121602073 0.009380274718062583
905.2577540813287 0.009370916139646341
905.26389600245 0.00936161523013935
905.2700379235714 0.009352410581466726
905.2761798446928 0.009343340949042576
905.2823217658142 0.009334445070162218
905.2884636869356 0.00932576147990628
905.2946056080569 0.009317328326051992
905.3007475291784 0.009309183184502204
905.3068894502998 0.009301362874495586
905.3130313714212 0.009293903276801421
905.3191732925426 0.009286839154158314
905.3253152136639 0.009280203975459422
905.3314571347853 0.00927402974516922
905.3375990559067 0.009268346837189266
905.3437409770281 0.009263183836303254
905.3498828981494 0.009258567386251509
905.3560248192708 0.009254522046602062
905.3621667403922 0.009251070157398147
905.3683086615137 0.009248231714566905
905.3744505826351 0.009246024255093046
905.3805925037564 0.009244462753159773
905.3867344248778 0.00924355952840428
905.3928763459992 0.009243324165131236
905.3990182671206 0.00924376344520206
905.405160188242 0.009244881293319516
905.4113021093633 0.00924667873561288
905.4174440304847 0.009249153872359644
905.4235859516061 0.009252301863364721
905.4297278727275 0.009256114928383314
905.435869793849 0.009260582360966657
905.4420117149702 0.00926569055628874
905.4481536360917 0.00927142305344155
905.4542955572131 0.009277760590364201
905.4604374783345 0.009284681173439616
905.4665793994558 0.009292160159672434
905.4727213205772 0.009300170352444258
905.4788632416986 0.009308682108626192
905.48500516282 0.009317663458813671
905.4911470839414 0.009327080238449895
905.4972890050627 0.009336896229795139
905.5034309261841 0.009347073314642202
905.5095728473055 0.00935757163537704
905.515714768427 0.00936834976587009
905.5218566895484 0.009379364889702382
905.5279986106697 0.009390572985438918
905.5341405317911 0.009401929018624248
905.5402824529125 0.009413387137894075
905.5464243740339 0.00942490087650498
905.5525662951553 0.00943642335662524
905.5587082162766 0.009447907495960986
905.564850137398 0.009459306216279327
905.5709920585194 0.009470572651132837
905.5771339796408 0.00948166035402339
905.5832759007621 0.00949252350419739
905.5894178218836 0.009503117110421127
905.595559743005 0.00951339720994899
905.6017016641264 0.009523321063963742
905.6078435852478 0.009532847346855082
905.6139855063691 0.009541936328979678
905.6201274274905 0.009550550052578197
905.6262693486119 0.009558652498313645
905.6324112697333 0.009566209743871353
905.6385531908547 0.009573190112172307
905.644695111976 0.00957956430904881
905.6508370330974 0.009585305550285568
905.6569789542189 0.009590389675736315
905.6631208753403 0.00959479525222201
905.6692627964617 0.009598503663042608
905.675404717583 0.009601499184249405
905.6815466387044 0.009603769047891033
905.6876885598258 0.009605303490266006
905.6938304809472 0.009606095787221245
905.6999724020686 0.009606142274671065
905.7061143231899 0.009605442354831474
905.7122562443113 0.009603998488737307
905.7183981654327 0.009601816173432923
905.7245400865542 0.009598903906233303
905.7306820076755 0.009595273134476147
905.7368239287969 0.00959093819240172
905.7429658499183 0.009585916223719827
905.7491077710397 0.009580227092531804
905.7552496921611 0.009573893281408454
905.7613916132824 0.009566939777732177
905.7675335344038 0.009559393949468597
905.7736754555252 0.009551285409341055
905.7798173766466 0.009542645870365678
905.785959297768 0.009533508991817383
905.7921012188893 0.009523910216989505
905.7982431400108 0.00951388660414837
905.8043850611322 0.00950347664986798
905.8105269822536 0.009492720107898922
905.816668903375 0.009481657802810047
905.8228108244963 0.009470331439915925
905.8289527456177 0.009458783413012295
905.8350946667391 0.009447056609207388
905.8412365878605 0.009435194214073933
905.8473785089818 0.009423239516301132
905.8535204301032 0.009411235714165331
905.8596623512246 0.009399225722983243
905.865804272346 0.009387251986739353
905.8719461934675 0.0093753562931276
905.8780881145888 0.009363579593466256
905.8842300357102 0.00935196182891999
905.8903719568316 0.009340541762175372
905.896513877953 0.009329356817614667
905.9026557990744 0.009318442929056725
905.9087977201957 0.009307834396331392
905.9149396413171 0.009297563751907573
905.9210815624385 0.009287661636492136
905.9272234835599 0.009278156686394687
905.9333654046814 0.00926907543146129
905.9395073258027 0.009260442204563102
905.9456492469241 0.009252279063571256
905.9517911680455 0.009244605724424622
905.9579330891669 0.009237439507775462
905.9640750102882 0.009230795297579234
905.9702169314096 0.009224685513073693
905.976358852531 0.009219120092382292
905.9825007736524 0.009214106489948285
905.9886426947738 0.009209649686012622
905.9947846158951 0.009205752208524633
906.0009265370165 0.009202414167810705
906.007068458138 0.009199633302018688
906.0132103792594 0.009197405035219925
906.0193523003808 0.009195722546068017
906.0254942215021 0.009194576847093756
906.0316361426235 0.009193956874671725
906.0377780637449 0.009193849587386017
906.0439199848663 0.009194240074417501
906.0500619059877 0.009195111671590515
906.056203827109 0.009196446084928448
906.0623457482304 0.009198223521531245
906.0684876693518 0.009200422825307333
906.0746295904733 0.009203021618999782
906.0807715115945 0.009205996449876592
906.086913432716 0.009209322939585648
906.0930553538374 0.009212975935512228
906.0991972749588 0.0092169296650158
906.1053391960802 0.009221157889985425
906.1114811172015 0.009225634061400643
906.1176230383229 0.00923033147359244
906.1237649594443 0.009235223415658932
906.1299068805657 0.009240283321442161
906.1360488016871 0.009245484915557432
906.1421907228084 0.009250802355236978
906.1483326439298 0.00925621036778273
906.1544745650513 0.009261684381202128
906.1606164861727 0.009267200649577938
906.1667584072941 0.00927273637082376
906.1729003284154 0.009278269796774073
906.1790422495368 0.009283780335601084
906.1851841706582 0.00928924864435574
906.1913260917796 0.009294656713416605
906.1974680129009 0.009299987940638972
906.2036099340223 0.009305227196203004
906.2097518551437 0.009310360876069589
906.2158937762651 0.00931537694606326
906.2220356973866 0.009320264974727021
906.2281776185079 0.009325016155405598
906.2343195396293 0.009329623318078227
906.2404614607507 0.009334080929275129
906.2466033818721 0.009338385082411142
906.2527453029935 0.009342533476997192
906.2588872241148 0.009346525387500056
906.2650291452362 0.009350361622681137
906.2711710663576 0.009354044474054695
906.277312987479 0.009357577656097772
906.2834549086004 0.009360966236962651
906.2895968297217 0.009364216560742574
906.2957387508432 0.00936733616239098
906.3018806719646 0.009370333674189503
906.308022593086 0.00937321872663887
906.3141645142074 0.00937600184274826
906.3203064353287 0.00937869432698224
906.3264483564501 0.009381308150155147
906.3325902775715 0.009383855829338551
906.3387321986929 0.0093863503058057
906.3448741198142 0.009388804820005125
906.3510160409356 0.00939123278571662
906.357157962057 0.009393647662401692
906.3632998831785 0.009396062828812281
906.3694418042999 0.009398491456983318
906.3755837254212 0.00940094638797752
906.3817256465426 0.009403440010739802
906.387867567664 0.009405984143153086
906.3940094887854 0.009408589918304002
906.4001514099068 0.009411267675004964
906.4062933310281 0.00941402685384026
906.4124352521495 0.00941687589997031
906.4185771732709 0.009419822171641721
906.4247190943923 0.009422871857246882
906.4308610155138 0.009426029899795999
906.437002936635 0.009429299929866599
906.4431448577565 0.009432684208044875
906.4492867788779 0.00943618357557195
906.4554286999993 0.009439797415787507
906.4615706211206 0.0094435236248592
906.467712542242 0.009447358593374403
906.4738544633634 0.009451297197161835
906.4799963844848 0.009455332799699743
906.4861383056062 0.009459457264465182
906.4922802267275 0.009463660977770115
906.4984221478489 0.009467932882563052
906.5045640689704 0.009472260521368004
906.5107059900918 0.00947663009040387
906.5168479112132 0.00948102650293191
906.5229898323345 0.009485433462070522
906.5291317534559 0.009489833543257272
906.5352736745773 0.009494208284234676
906.5414155956987 0.009498538284319775
906.5475575168201 0.0095028033107308
906.5536994379414 0.009506982411945497
906.5598413590628 0.009511054038024627
906.5659832801842 0.009514996165538485
906.5721252013057 0.009518786428640276
906.578267122427 0.009522402253745154
906.5844090435484 0.009525820998390602
906.5905509646698 0.009529020091689369
906.5966928857912 0.009531977177802225
906.6028348069126 0.009534670259918583
906.6089767280339 0.00953707784446024
906.6151186491553 0.009539179085225153
906.6212605702767 0.009540953924930992
906.6274024913981 0.009542383235563834
906.6335444125195 0.0095434489550023
906.6396863336408 0.009544134219654745
906.6458282547623 0.00954442349286128
906.6519701758837 0.00954430268658613
906.6581120970051 0.009543759277888537
906.6642540181265 0.009542782417754206
906.6703959392478 0.009541363032153452
906.6765378603692 0.00953949391523285
906.6826797814906 0.009537169812337942
906.688821702612 0.009534387494549464
906.6949636237333 0.009531145822416369
906.7011055448547 0.00952744579976769
906.7072474659761 0.009523290615398758
906.7133893870975 0.00951868567452493
906.719531308219 0.009513638618029912
906.7256732293403 0.009508159329838157
906.7318151504617 0.009502259932814023
906.7379570715831 0.00949595477139697
906.7440989927045 0.00948926038319165
906.7502409138259 0.00948219545785742
906.7563828349472 0.00947478078396099
906.7625247560686 0.009467039184519237
906.76866667719 0.00945899543977776
906.7748085983114 0.009450676199772074
906.7809505194328 0.00944210988534405
906.7870924405541 0.009433326578598805
906.7932343616756 0.00942435790384666
906.799376282797 0.009415236897883495
906.8055182039184 0.009405997872453739
906.8116601250397 0.00939667626774129
906.8178020461611 0.009387308498937938
906.8239439672825 0.009377931794826008
906.8300858884039 0.009368584031408634
906.8362278095253 0.009359303559721182
906.8423697306466 0.009350129029235835
906.848511651768 0.009341099208305005
906.8546535728894 0.009332252800861314
906.8607954940109 0.00932362826254723
906.8669374151323 0.0093152636155261
906.8730793362536 0.00930719626348618
906.879221257375 0.009299462808351014
906.8853631784964 0.009292098867962575
906.8915050996178 0.009285138897931868
906.8976470207392 0.009278616016904714
906.9037889418605 0.009272561836726574
906.9099308629819 0.00926700629896433
906.9160727841033 0.009261977516975007
906.9222147052247 0.00925750162660973
906.9283566263462 0.009253602644676825
906.9344985474675 0.009250302336492787
906.9406404685889 0.009247620093810778
906.9467823897103 0.009245572822115437
906.9529243108317 0.00924417484016126
906.959066231953 0.009243437790527196
906.9652081530744 0.00924337056305053
906.9713500741958 0.009243979229795234
906.9774919953172 0.009245266994195098
906.9836339164386 0.009247234153008477
906.9897758375599 0.009249878071907455
906.9959177586813 0.00925319317545058
907.0020596798028 0.009257170949874296
907.0082016009242 0.00926179996099912
907.0143435220456 0.009267065885543393
907.0204854431669 0.009272951556311663
907.0266273642883 0.009279437021657554
907.0327692854097 0.00928649961729926
907.0389112065311 0.009294114052433564
907.0450531276525 0.009302252508091496
907.0511950487738 0.009310884747860172
907.0573369698952 0.009319978241033988
907.0634788910166 0.009329498295946507
907.069620812138 0.009339408205111697
907.0757627332594 0.009349669399701546
907.0819046543808 0.009360241613980809
907.0880465755022 0.00937108305712578
907.0941884966236 0.009382150593855621
907.100330417745 0.009393399931330258
907.1064723388663 0.009404785811981183
907.1126142599877 0.009416262211910796
907.1187561811091 0.009427782542220112
907.1248981022305 0.009439299854538886
907.1310400233519 0.009450767048079742
907.1371819444732 0.00946213707777519
907.1433238655947 0.009473363163050145
907.1494657867161 0.009484398994532114
907.1556077078375 0.009495198939940901
907.1617496289589 0.009505718246473031
907.1678915500802 0.009515913239259245
907.1740334712016 0.0095257415154927
907.180175392323 0.009535162131600574
907.1863173134444 0.009544135784796763
907.1924592345657 0.009552624986338883
907.1986011556871 0.00956059422699924
907.2047430768085 0.009568010132153894
907.21088499793 0.009574841607988705
907.2170269190514 0.009581059976435269
907.2231688401727 0.009586639098754188
907.2293107612941 0.009591555487738972
907.2354526824155 0.009595788406326052
907.2415946035369 0.009599319954395669
907.2477365246583 0.009602135141676942
907.2538784457796 0.009604221946987786
907.260020366901 0.009605571364109645
907.2661622880224 0.009606177432417049
907.2723042091438 0.009606037254391181
907.2784461302653 0.009605150998281181
907.2845880513865 0.00960352188649845
907.290729972508 0.0096011561704016
907.2968718936294 0.009598063089951129
907.3030138147508 0.009594254820720002
907.3091557358721 0.00958974640676556
907.3152976569935 0.009584555681086484
907.3214395781149 0.009578703172301695
907.3275814992363 0.009572212000303596
907.3337234203577 0.009565107759757859
907.339865341479 0.009557418392630848
907.3460072626004 0.009549174050979107
907.3521491837218 0.009540406949035567
907.3582911048433 0.009531151207609887
907.3644330259647 0.009521442689925878
907.370574947086 0.009511318830306838
907.3767168682074 0.009500818457151578
907.3828587893288 0.009489981609424577
907.3890007104502 0.00947884934984238
907.3951426315716 0.009467463574021048
907.4012845526929 0.009455866817113408
907.4074264738143 0.009444102059471828
907.4135683949357 0.00943221253062854
907.4197103160571 0.009420241514817166
907.4258522371784 0.00940823215720609
907.4319941582999 0.009396227273150542
907.4381360794213 0.009384269159604003
907.4442780005427 0.009372399411857153
907.4504199216641 0.009360658744808974
907.4565618427854 0.009349086820193843
907.4627037639068 0.009337722081152364
907.4688456850282 0.00932660159324401
907.4749876061496 0.009315760894894193
907.481129527271 0.009305233856281549
907.4872714483923 0.009295052547874449
907.4934133695137 0.009285247119764334
907.4995552906352 0.009275845690646078
907.5056972117566 0.009266874249164708
907.511839132878 0.009258356566354355
907.5179810539993 0.009250314120078344
907.5241229751207 0.009242766032316649
907.5302648962421 0.009235729017828872
907.5364068173635 0.009229217346589854
907.5425487384849 0.009223242818395096
907.5486906596062 0.009217814750207543
907.5548325807276 0.009212939976756752
907.560974501849 0.009208622862580722
907.5671164229705 0.009204865327572602
907.5732583440918 0.009201666883980655
907.5794002652132 0.009199024685895526
907.5855421863346 0.00919693358905078
907.591684107456 0.00919538622274823
907.5978260285774 0.009194373071733337
907.6039679496987 0.009193882568036325
907.6101098708201 0.009193901192747732
907.6162517919415 0.009194413585400997
907.6223937130629 0.009195402662527214
907.6285356341843 0.009196849742972546
907.6346775553056 0.009198734679781844
907.640819476427 0.009201035998424872
907.6469613975485 0.009203731038861055
907.6531033186699 0.009206796102857403
907.6592452397913 0.009210206604019033
907.6653871609126 0.009213937220229734
907.671529082034 0.009217962048190977
907.6776710031554 0.009222254757498572
907.6838129242768 0.009226788745630833
907.6899548453981 0.009231537291184996
907.6960967665195 0.009236473705854401
907.7022386876409 0.009241571482511491
907.7083806087624 0.009246804440825903
907.7145225298838 0.009252146867941595
907.7206644510051 0.009257573654011465
907.7268063721265 0.009263060422424294
907.7329482932479 0.009268583652347276
907.7390902143693 0.009274120795183322
907.7452321354907 0.009279650382653408
907.751374056612 0.009285152126509955
907.7575159777334 0.009290607009939663
907.7636578988548 0.009295997368517514
907.7697998199762 0.009301306962567505
907.7759417410977 0.009306521038906109
907.782083662219 0.009311626382255848
907.7882255833404 0.009316611356674392
907.7943675044618 0.00932146593516229
907.8005094255832 0.00932618171960634
907.8066513467045 0.00933075194923524
907.8127932678259 0.009335171498973553
907.8189351889473 0.00933943686599444
907.8250771100687 0.009343546146883756
907.8312190311901 0.009347499003951314
907.8373609523114 0.009351296621535691
907.8435028734328 0.009354941653205542
907.8496447945543 0.009358438158568114
907.8557867156757 0.00936179153238456
907.8619286367971 0.00936500842480635
907.8680705579184 0.00936809665384403
907.8742124790398 0.009371065111224526
907.8803544001612 0.009373923660583903
907.8864963212826 0.009376683030916893
907.892638242404 0.009379354704300917
907.8987801635253 0.00938195079919097
907.9049220846467 0.009384483950606586
907.9110640057681 0.009386967186302726
907.9172059268896 0.009389413801969426
907.9233478480108 0.009391837234466443
907.9294897691323 0.009394250935255453
907.9356316902537 0.009396668243044595
907.9417736113751 0.009399102258706217
907.9479155324965 0.009401565721584543
907.9540574536178 0.009404070888546865
907.9601993747392 0.009406629417115253
907.9663412958606 0.009409252251744308
907.972483216982 0.009411949516221825
907.9786251381034 0.009414730411202308
907.9847670592247 0.009417603118098276
907.9909089803461 0.009420574710517507
907.9970509014676 0.00942365107214159
908.003192822589 0.009426836823834678
908.0093347437104 0.009430135258784748
908.0154766648317 0.00943354828667993
908.0216185859531 0.009437076387867468
908.0277605070745 0.009440718576138204
908.0339024281959 0.009444472372658608
908.0400443493172 0.009448333789463212
908.0461862704386 0.009452297324008816
908.05232819156 0.00945635596308206
908.0584701126814 0.009460501198337211
908.0646120338029 0.009464723051742814
908.0707539549242 0.009469010111402693
908.0768958760456 0.00947334957815493
908.083037797167 0.009477727321041131
908.0891797182884 0.009482127943616317
908.0953216394098 0.009486534859072403
908.1014635605311 0.009490930374343232
908.1076054816525 0.009495295783302458
908.1137474027739 0.009499611466866313
908.1198893238953 0.009503857001696767
908.1260312450167 0.009508011275221911
908.132173166138 0.009512052606892973
908.1383150872595 0.009515958875559111
908.1444570083809 0.009519707650557218
908.1505989295023 0.00952327632801511
908.1567408506237 0.00952664226990472
908.162882771745 0.00952978294560782
908.1690246928664 0.009532676075735668
908.1751666139878 0.00953529977568137
908.1813085351092 0.00953763270031081
908.1874504562305 0.009539654187141654
908.1935923773519 0.009541344398511975
908.1997342984733 0.009542684460091143
908.2058762195948 0.009543656597146611
908.2120181407162 0.00954424426605708
908.2181600618375 0.009544432280828843
908.2243019829589 0.009544206934396475
908.2304439040803 0.009543556112266984
908.2365858252017 0.009542469400033742
908.2427277463231 0.009540938182387826
908.2488696674444 0.00953895573354188
908.2550115885658 0.009536517299026421
908.2611535096872 0.009533620166614928
908.2672954308086 0.009530263728124941
908.27343735193 0.009526449529953367
908.2795792730514 0.009522181312516101
908.2857211941728 0.009517465038815861
908.2918631152942 0.00951230891017814
908.2980050364156 0.009506723371190422
908.3041469575369 0.009500721101897694
908.3102888786583 0.009494316998520828
908.3164307997797 0.009487528140881501
908.3225727209011 0.009480373748833437
908.3287146420225 0.009472875126128141
908.3348565631438 0.009465055592461337
908.3409984842652 0.00945694040451072
908.3471404053867 0.00944855666459022
908.3532823265081 0.009439933219547262
908.3594242476295 0.009431100548652198
908.3655661687508 0.009422090641541831
908.3717080898722 0.009412936867330204
908.3778500109936 0.009403673833810203
908.383991932115 0.009394337239653813
908.3901338532364 0.009384963718630013
908.3962757743577 0.009375590677157413
908.4024176954791 0.00936625612654123
908.4085596166005 0.009356998509039772
908.414701537722 0.009347856520867002
908.4208434588433 0.009338868931220705
908.4269853799647 0.009330074399595935
908.4331273010861 0.009321511290512636
908.4392692222075 0.009313217488847973
908.4454111433289 0.009305230215036995
908.4515530644502 0.009297585841655888
908.4576949855716 0.009290319712902673
908.463836906693 0.00928346596622945
908.4699788278144 0.00927705735931044
908.4761207489358 0.00927112510157193
908.4822626700571 0.009265698691739072
908.4884045911786 0.009260805762828754
908.4945465123 0.009256471933735277
908.5006884334214 0.009252720670457312
908.5068303545428 0.00924957315603666
908.5129722756641 0.009247048170484974
908.5191141967855 0.009245161981926715
908.5252561179069 0.009243928247884435
908.5313980390283 0.009243357929512695
908.5375399601496 0.009243459217482264
908.543681881271 0.009244237471301571
908.5498238023924 0.009245695170650532
908.5559657235139 0.009247831881284998
908.5621076446353 0.009250644234065675
908.5682495657566 0.00925412591784662
908.574391486878 0.009258267686886187
908.5805334079994 0.009263057381126837
908.5866753291208 0.009268479961550414
908.5928172502422 0.009274517558813658
908.5989591713635 0.009281149535541842
908.6051010924849 0.009288352562594146
908.6112430136063 0.009296100707291081
908.6173849347277 0.009304365535467422
908.6235268558491 0.009313116225210336
908.6296687769704 0.009322319692329604
908.6358106980919 0.009331940727545146
908.6419526192133 0.009341942143072473
908.6480945403347 0.009352284930165223
908.6542364614561 0.00936292842518963
908.6603783825774 0.009373830484005757
908.6665203036988 0.009384947664388424
908.6726622248202 0.00939623541393099
908.6788041459416 0.009407648264778256
908.6849460670629 0.009419140032454459
908.6910879881843 0.009430664019177236
908.6972299093057 0.009442173218878214
908.7033718304272 0.009453620525184555
908.7095137515486 0.009464958939669092
908.7156556726699 0.009476141779920844
908.7217975937913 0.009487122886987623
908.7279395149127 0.009497856829498602
908.7340814360341 0.009508299105720786
908.7402233571555 0.009518406340883225
908.7463652782768 0.00952813647937202
908.7525071993982 0.009537448971424877
908.7586491205196 0.009546304951734794
908.764791041641 0.009554667411343715
908.7709329627625 0.009562501360309998
908.7770748838838 0.009569773980926078
908.7832168050052 0.009576454771311221
908.7893587261266 0.009582515677005278
908.795500647248 0.00958793121218184
908.8016425683693 0.009592678568106878
908.8077844894907 0.009596737709681153
908.8139264106121 0.009600091457817922
908.8200683317335 0.009602725559522417
908.8262102528549 0.009604628743671803
908.8323521739762 0.009605792762812721
908.8384940950976 0.009606212421363738
908.844636016219 0.009605885588433893
908.8507779373405 0.009604813197474095
908.8569198584619 0.009602999231117326
908.8630617795832 0.009600450691881183
908.8692037007046 0.009597177559480046
908.875345621826 0.009593192733314023
908.8814875429474 0.009588511962705515
908.8876294640688 0.009583153763586696
908.8937713851901 0.009577139322654563
908.8999133063115 0.009570492390070535
908.906055227433 0.009563239159595253
908.9121971485544 0.009555408139038327
908.9183390696757 0.009547030009908756
908.9244809907971 0.009538137478349137
908.9306229119185 0.009528765116333956
908.9367648330399 0.009518949196200518
908.9429067541613 0.009508727517682423
908.9490486752826 0.009498139228896786
908.955190596404 0.009487224642763466
908.9613325175254 0.009476025048108017
908.9674744386468 0.009464582518652613
908.9736163597682 0.009452939719177836
908.9797582808895 0.009441139710392187
908.985900202011 0.009429225754049121
908.9920421231324 0.0094172411176008
908.9981840442538 0.009405228881602863
909.0043259653752 0.009393231749137929
909.0104678864965 0.0093812918587544
909.0166098076179 0.009369450602397014
909.0227517287393 0.009357748447525134
909.0288936498607 0.009346224766521583
909.035035570982 0.009334917672407973
909.0411774921034 0.00932386386299228
909.0473194132248 0.009313098472378023
909.0534613343463 0.009302654932768594
909.0596032554677 0.009292564845508602
909.065745176589 0.009282857862500724
909.0718870977104 0.009273561579078817
909.0780290188318 0.00926470143710771
909.0841709399532 0.009256300640954378
909.0903128610746 0.009248380084976061
909.0964547821959 0.009240958293352
909.1025967033173 0.009234051373022125
909.1087386244387 0.009227672978176367
909.1148805455601 0.009221834288608522
909.1210224666816 0.009216544000243866
909.1271643878028 0.009211808328331683
909.1333063089243 0.00920763102372652
909.1394482300457 0.009204013400368704
909.1455901511671 0.009200954375944552
909.1517320722884 0.009198450523595022
909.1578739934098 0.009196496135634653
909.1640159145312 0.009195083297028617
909.1701578356526 0.00919420197037435
909.176299756774 0.009193840090143703
909.1824416778953 0.009193983666140335
909.1885835990167 0.009194616896085587
909.1947255201381 0.00919572228494805
909.2008674412596 0.009197280772537416
909.207009362381 0.009199271866908568
909.2131512835023 0.009201673783343077
909.2192932046237 0.009204463588649953
909.2254351257451 0.009207617348258323
909.2315770468665 0.009211110277494447
909.2377189679879 0.009214916894487862
909.2438608891092 0.009219011174396335
909.2500028102306 0.009223366704634568
909.256144731352 0.009227956838550648
909.2622866524734 0.00923275484893206
909.2684285735947 0.009237734078694448
909.2745704947162 0.009242868089267036
909.2807124158376 0.009248130804064714
909.286854336959 0.009253496648511918
909.2929962580804 0.009258940684176797
909.2991381792017 0.009264438736859035
909.3052801003231 0.009269967518513651
909.3114220214445 0.009275504740685116
909.3175639425659 0.009281029221110083
909.3237058636873 0.009286520981257885
909.3298477848086 0.009291961334879794
909.33598970593 0.009297332967693214
909.3421316270515 0.009302620006133043
909.3482735481729 0.009307808077098762
909.3544154692943 0.009312884356748612
909.3605573904156 0.009317837608704601
909.366699311537 0.009322658212092843
909.3728412326584 0.009327338177659558
909.3789831537798 0.009331871154201418
909.3851250749012 0.009336252423675905
909.3912669960225 0.00934047888567052
909.3974089171439 0.009344549031971083
909.4035508382653 0.009348462909779968
909.4096927593868 0.009352222076132684
909.415834680508 0.009355829542068017
909.4219766016295 0.0093592897083125
909.4281185227509 0.009362608291142785
909.4342604438723 0.009365792241189498
909.4404023649937 0.0093688496540551
909.446544286115 0.009371789673912903
909.4526862072364 0.009374622391293176
909.4588281283578 0.009377358734049969
909.4649700494792 0.009380010354470314
909.4711119706006 0.009382589511579524
909.477253891722 0.009385108949969202
909.4833958128434 0.009387581776493872
909.4895377339648 0.009390021333947363
909.4956796550862 0.009392441074776698
909.5018215762076 0.009394854433959862
909.5079634973289 0.00939727470242396
909.5141054184503 0.009399714902376134
909.5202473395717 0.009402187663661049
909.5263892606931 0.009404705104182284
909.5325311818144 0.009407278713357085
909.5386731029358 0.00940991924070153
909.5448150240572 0.009412636588465948
909.5509569451787 0.009415439711259698
909.5570988663001 0.009418336521631281
909.5632407874214 0.009421333802781588
909.5693827085428 0.009424437129545223
909.5755246296642 0.00942765079647888
909.5816665507856 0.009430977755784883
909.587808471907 0.009434419563808272
909.5939503930283 0.009437976337042431
909.6000923141497 0.009441646718520895
909.6062342352711 0.009445427853165598
909.6123761563925 0.009449315374539163
909.618518077514 0.009453303401450381
909.6246599986353 0.009457384545049926
909.6308019197567 0.009461549926992052
909.6369438408781 0.009465789206923734
909.6430857619995 0.009470090621439308
909.6492276831208 0.009474441032526284
909.6553696042422 0.009478825986617256
909.6615115253636 0.009483229782152306
909.667653446485 0.009487635547550347
909.6737953676064 0.009492025327490366
909.6799372887277 0.009496380177604055
909.6860792098491 0.009500680267624951
909.6922211309706 0.009504904990745813
909.698363052092 0.009509033080821044
909.7045049732134 0.009513042735078654
909.7106468943347 0.009516911742211014
909.7167888154561 0.00952061761568294
909.7229307365775 0.009524137729811801
909.7290726576989 0.009527449460087732
909.7352145788203 0.009530530325239107
909.7413564999416 0.009533358130783268
909.747498421063 0.009535911113786263
909.7536403421844 0.00953816808629966
909.7597822633059 0.009540108578872967
909.7659241844271 0.009541712981492572
909.7720661055486 0.009542962682453483
909.77820802667 0.009543840202530206
909.7843499477914 0.009544329325877562
909.7904918689128 0.009544415225174801
909.7966337900341 0.009544084580800468
909.8027757111555 0.0095433256938536
909.8089176322769 0.009542128590621637
909.8150595533983 0.00954048512006539
909.8212014745197 0.009538389042000509
909.827343395641 0.009535836105944443
909.8334853167624 0.009532824120650435
909.8396272378839 0.009529353012147244
909.8457691590053 0.009525424872097888
909.8519110801267 0.009521043994410163
909.858053001248 0.009516216900338402
909.8641949223694 0.009510952352381467
909.8703368434908 0.009505261355091197
909.8764787646122 0.009499157144910066
909.8826206857336 0.009492655167283828
909.8887626068549 0.00948577304161261
909.8949045279763 0.009478530514666449
909.9010464490977 0.009470949400915534
909.9071883702192 0.009463053512219871
909.9133302913405 0.009454868575345438
909.9194722124619 0.009446422138985288
909.9256141335833 0.009437743468877451
909.9317560547047 0.009428863433721197
909.9378979758261 0.009419814380717732
909.9440398969474 0.00941063000186347
909.9501818180688 0.009401345192181167
909.9563237391902 0.00939199589887188
909.9624656603116 0.00938261896435787
909.968607581433 0.009373251962288756
909.9747495025543 0.009363933027876577
909.9808914236758 0.009354700683957915
909.9870333447972 0.009345593661962194
909.9931752659186 0.009336650720932005
909.99931718704 0.009327910463820517
910.0054591081613 0.009319411152563213
910.0116010292827 0.009311190523428
910.0177429504041 0.009303285601911107
910.0238848715255 0.009295732520376195
910.0300267926468 0.009288566337591602
910.0361687137682 0.009281820862453575
910.0423106348896 0.009275528481025653
910.0484525560111 0.009269719990051873
910.0545944771325 0.009264424436145224
910.0607363982538 0.009259668962070158
910.0668783193752 0.009255478661508902
910.0730202404966 0.009251876441412864
910.079162161618 0.009248882894935438
910.0853040827394 0.009246516183962349
910.0914460038607 0.009244791932452952
910.0975879249821 0.009243723131756356
910.1037298461035 0.009243320056757766
910.109871767225 0.009243590195588819
910.1160136883464 0.009244538191639229
910.1221556094677 0.009246165798787207
910.1282975305891 0.009248471850706338
910.1344394517105 0.00925145224278339
910.1405813728319 0.009255099929052296
910.1467232939532 0.009259404932428944
910.1528652150746 0.009264354369609172
910.159007136196 0.009269932488773934
910.1651490573174 0.0092761207222209
910.1712909784388 0.009282897752037198
910.1774328995601 0.00929023958910642
910.1835748206815 0.009298119665674927
910.189716741803 0.00930650893938715
910.1958586629244 0.009315376010569558
910.2020005840458 0.00932468725054613
910.2081425051671 0.009334406940955813
910.2142844262885 0.009344497423987142
910.2204263474099 0.009354919261141195
910.2265682685313 0.009365631402020388
910.2327101896527 0.009376591360658588
910.238852110774 0.009387755399114406
910.2449940318954 0.009399078718011846
910.2511359530168 0.00941051565142952
910.2572778741383 0.00942201986744716
910.2634197952596 0.009433544571585089
910.269561716381 0.009445042713502277
910.2757036375024 0.009456467194155577
910.2818455586238 0.009467771074662068
910.2879874797452 0.009478907784166633
910.2941294008665 0.00948983132626739
910.3002713219879 0.009500496483557858
910.3064132431093 0.009510859017607558
910.3125551642307 0.00952087586565518
910.3186970853521 0.009530505331374313
910.3248390064734 0.009539707269347534
910.3309809275949 0.009548443262916123
910.3371228487163 0.00955667679285909
910.3432647698377 0.009564373398332366
910.3494066909591 0.009571500827607044
910.3555486120804 0.009578029178443371
910.3616905332018 0.009583931027989915
910.3678324543232 0.009589181549903373
910.3739743754446 0.009593758620380099
910.3801162965659 0.009597642910803082
910.3862582176873 0.009600817967921801
910.3924001388087 0.009603270279399615
910.3985420599302 0.00960498932668069
910.4046839810516 0.009605967623261729
910.4108259021729 0.009606200738774162
910.4169678232943 0.009605687309354535
910.4231097444157 0.00960442903260213
910.4292516655371 0.009602430649434052
910.4353935866585 0.009599699911279137
910.4415355077798 0.009596247533377462
910.4476774289012 0.009592087135015567
910.4538193500226 0.009587235165353905
910.459961271144 0.009581710817497447
910.4661031922655 0.009575535929596108
910.4722451133867 0.009568734874065772
910.4783870345082 0.009561334436083686
910.4845289556296 0.009553363680316174
910.490670876751 0.009544853808825948
910.4968127978724 0.009535838009216159
910.5029547189937 0.00952635129436453
910.5090966401151 0.00951643033513899
910.5152385612365 0.009506113285272805
910.5213804823579 0.009495439601544708
910.5275224034792 0.009484449858386661
910.5336643246006 0.009473185559211934
910.539806245722 0.00946168894362389
910.5459481668435 0.009450002793725105
910.5520900879649 0.009438170238816688
910.5582320090862 0.009426234560027164
910.5643739302076 0.009414238996407004
910.570515851329 0.009402226551765617
910.5766577724504 0.009390239805448985
910.5827996935718 0.009378320726301383
910.5889416146931 0.009366510491279673
910.5950835358145 0.00935484931015944
910.6012254569359 0.009343376255489201
910.6073673780573 0.009332129100849308
910.6135092991788 0.009321144166491848
910.6196512203 0.009310456173642824
910.6257931414215 0.009300098108699237
910.6319350625429 0.009290101096250258
910.6380769836643 0.009280494283733787
910.6442189047856 0.009271304736431814
910.650360825907 0.009262557344597458
910.6565027470284 0.009254274741291701
910.6626446681498 0.009246477233498748
910.6687865892712 0.009239182745076869
910.6749285103925 0.009232406772294114
910.681070431514 0.00922616235262415
910.6872123526354 0.009220460045162283
910.6933542737568 0.009215307924890594
910.6994961948782 0.009210711589018466
910.7056381159995 0.009206674175803311
910.7117800371209 0.009203196396197348
910.7179219582423 0.009200276576347413
910.7240638793637 0.009197910712851507
910.7302058004851 0.009196092538679857
910.7363477216064 0.009194813599859263
910.7424896427278 0.009194063342964012
910.7486315638492 0.009193829211158727
910.7547734849707 0.009194096750422829
910.760915406092 0.009194849723493884
910.7670573272134 0.009196070232178218
910.7731992483348 0.009197738845485434
910.7793411694562 0.009199834735065122
910.7854830905776 0.009202335815455494
910.7916250116989 0.0092052188888799
910.7977669328203 0.009208459794310725
910.8039088539417 0.009212033558250407
910.8100507750631 0.009215914548612416
910.8161926961845 0.00922007662913815
910.8223346173058 0.00922449331403827
910.8284765384273 0.009229137922550071
910.8346184595487 0.009233983730862986
910.8407603806701 0.009239004122814533
910.8469023017915 0.009244172736841465
910.8530442229128 0.009249463608943265
910.8591861440342 0.009254851311443917
910.8653280651556 0.009260311085117741
910.871469986277 0.009265818966220373
910.8776119073983 0.009271351905954385
910.8837538285197 0.009276887883093091
910.8898957496411 0.009282406007381967
910.8960376707626 0.009287886615438279
910.902179591884 0.009293311356981795
910.9083215130053 0.009298663271538336
910.9144634341267 0.009303926855810813
910.9206053552481 0.009309088119726838
910.9267472763695 0.009314134633163608
910.9328891974909 0.009319055561481724
910.9390311186122 0.009323841690307762
910.9451730397336 0.009328485440070946
910.951314960855 0.009332980868611562
910.9574568819764 0.009337323664180549
910.9635988030979 0.009341511127273465
910.9697407242192 0.009345542142055553
910.9758826453406 0.009349417138192814
910.982024566462 0.009353138041715467
910.9881664875834 0.009356708217532216
910.9943084087047 0.009360132402220032
911.0004503298261 0.009363416628915435
911.0065922509475 0.00936656814303338
911.0127341720689 0.009369595311634605
911.0188760931903 0.009372507525368837
911.0250180143116 0.009375315094209904
911.031159935433 0.00937802913823359
911.0373018565544 0.00938066147247148
911.0434437776759 0.00938322448883668
911.0495856987973 0.009385731034204267
911.0557276199186 0.009388194285996469
