time TPR_both_A_open_11_rho12_imag
62.83185307179586 -0.0017066957752745649
62.83799499291725 -0.0017843099007696208
62.844136914038636 -0.0018581173941367949
62.850278835160026 -0.0019229261229062428
62.856420756281416 -0.001973655152856177
62.8625626774028 -0.002005374225348603
62.86870459852419 -0.0020133421592058534
62.87484651964557 -0.0019930439394139385
62.88098844076696 -0.001940226264434032
62.88713036188835 -0.0018509313346622839
62.893272283009736 -0.001721528676474076
62.899414204131126 -0.0015487448092492229
62.90555612525252 -0.0013296905766711903
62.9116980463739 -0.001061885978323988
62.91783996749529 -0.0007432823530846404
62.92398188861668 -0.000372281781891694
62.93012380973806 5.2246405902555946e-05
62.93626573085945 0.0005309521213624865
62.942407651980844 0.0010639940813688777
62.94854957310223 0.0016510325143883407
62.95469149422362 0.002291225052662238
62.960833415345 0.00298322583905367
62.96697533646639 0.0037251878590258474
62.97311725758778 0.00451476849050962
62.979259178709164 0.005349138246917145
62.985401099830554 0.006224992671257686
62.991543020951944 0.007138567322320959
62.99768494207333 0.008085655777273762
63.00382686319472 0.009061630558784034
63.00996878431611 0.010061466879054893
63.01611070543749 0.011079769077928613
63.02225262655888 0.012110799617573593
63.028394547680264 0.013148510482248889
63.034536468801655 0.01418657681829782
63.040678389923045 0.015218432636900685
63.04682031104443 0.016237308390257627
63.05296223216582 0.017236270220851422
63.05910415328721 0.018208260673265076
63.06524607440859 0.01914614064879067
63.07138799552998 0.0200427323747788
63.07752991665137 0.020890863153418728
63.083671837772755 0.02168340964843946
63.089813758894145 0.02241334246314024
63.095955680015535 0.0230737707592488
63.10209760113692 0.023657986663393187
63.10823952225831 0.02415950920654676
63.11438144337969 0.024572127541646397
63.12052336450108 0.024889943185809168
63.12666528562247 0.025107411036141798
63.132807206743855 0.025219378912127714
63.138949127865246 0.025221125383002065
63.145091048986636 0.025108395645395628
63.15123297010802 0.024877435224841662
63.15737489122941 0.024525021284492816
63.1635168123508 0.024048491335637363
63.16965873347218 0.023445769157151655
63.17580065459357 0.0227153877450326
63.181942575714956 0.021856509128446028
63.188084496836346 0.02086894090517969
63.194226417957736 0.01975314936720792
63.20036833907912 0.018510269105675273
63.20651026020051 0.017142109004443955
63.2126521813219 0.01565115455187394
63.21879410244328 0.014040566421698979
63.22493602356467 0.012314175295800393
63.231077944686064 0.010476472923764012
63.23721986580745 0.008532599436724558
63.24336178692884 0.006488326955394184
63.24950370805023 0.00435003955478126
63.25564562917161 0.0021247096701526515
63.261787550293 -0.00018012894939261421
63.267929471414384 -0.002556411612167921
63.274071392535774 -0.004995576232226976
63.280213313657164 -0.007488599887351113
63.28635523477855 -0.010026038201133796
63.29249715589994 -0.012598067346339583
63.29863907702133 -0.015194528450914032
63.30478099814271 -0.017804974173769254
63.3109229192641 -0.02041871720451265
63.31706484038549 -0.023024880430196928
63.323206761506874 -0.025612448502629052
63.329348682628265 -0.028170320531959402
63.33549060374965 -0.030687363626226125
63.34163252487104 -0.03315246699225966
63.34777444599243 -0.035554596310831986
63.35391636711381 -0.037882848098023225
63.3600582882352 -0.04012650376581253
63.36620020935659 -0.042275083097256645
63.372342130477975 -0.04431839685587671
63.378484051599365 -0.04624659825442268
63.384625972720755 -0.04805023301521539
63.39076789384214 -0.049720287762830766
63.39690981496353 -0.05124823649944447
63.40305173608492 -0.05262608492408848
63.4091936572063 -0.05384641236908244
63.41533557832769 -0.05490241113976854
63.421477499449075 -0.055787923057649166
63.427619420570466 -0.05649747302161549
63.433761341691856 -0.05702629941741724
63.43990326281324 -0.0573703812215458
63.44604518393463 -0.05752646166229103
63.45218710505602 -0.057492068317807954
63.4583290261774 -0.05726552954850267
63.46447094729879 -0.05684598717883147
63.47061286842018 -0.056233405361646956
63.476754789541566 -0.05542857557645953
63.482896710662956 -0.05443311773131498
63.48903863178434 -0.0532494773563985
63.49518055290573 -0.05188091889582891
63.50132247402712 -0.05033151512246353
63.5074643951485 -0.04860613271864118
63.51360631626989 -0.046710414083809944
63.51974823739128 -0.04465075544769153
63.52589015851267 -0.042434281384973606
63.53203207963406 -0.04006881584459643
63.53817400075545 -0.03756284982315202
63.54431592187683 -0.03492550582804764
63.55045784299822 -0.03216649929142232
63.55659976411961 -0.029296097110725453
63.562741685240994 -0.02632507350584937
63.568883606362384 -0.0232646633960712
63.57502552748377 -0.020126513512584435
63.58116744860516 -0.016922631473791572
63.58730936972655 -0.013665333061331938
63.59345129084793 -0.010367187944188349
63.59959321196932 -0.0070409641067747915
63.60573513309071 -0.003699571244217758
63.611877054212094 -0.0003560033940502624
63.618018975333484 0.0029767189214889513
63.624160896454875 0.006285606764908739
63.63030281757626 0.009557760784810233
63.63644473869765 0.012780428868417262
63.64258665981904 0.015941063165173644
63.64872858094042 0.019027376203315047
63.65487050206181 0.022027395824793607
63.661012423183195 0.024929518668740134
63.667154344304585 0.02772256194012507
63.673296265425975 0.03039581320789658
63.67943818654736 0.03293907798617972
63.68558010766875 0.035342724862599
63.69172202879014 0.03759772794963485
63.69786394991152 0.03969570644820498
63.70400587103291 0.0416289611269118
63.7101477921543 0.04339050753596802
63.716289713275685 0.0449741057914284
63.722431634397076 0.04637428678283312
63.72857355551846 0.04758637467587428
63.73471547663985 0.04860650560081859
63.74085739776124 0.04943164243730679
63.74699931888262 0.05005958562650778
63.75314124000401 0.050488979962385716
63.7592831611254 0.05071931733490806
63.765425082246786 0.05075093541924491
63.771567003368176 0.05058501232624052
63.777708924489566 0.05022355725058567
63.78385084561095 0.04966939717400555
63.78999276673234 0.04892615970132289
63.79613468785373 0.04799825212732813
63.80227660897511 0.04689083685180971
63.8084185300965 0.04560980327889418
63.814560451217886 0.04416173635475018
63.82070237233928 0.04255388191471908
63.82684429346067 0.040794109027017224
63.83298621458205 0.03889086953499027
63.83912813570344 0.0368531550137922
63.84527005682483 0.034690451369783284
63.85141197794621 0.0324126913223427
63.857553899067604 0.03003020501758275
63.863695820188994 0.027553669032157353
63.86983774131038 0.024994054032378192
63.87597966243177 0.022362571359631506
63.88212158355315 0.019670618817426173
63.88826350467454 0.01692972593800139
63.89440542579593 0.014151499008020742
63.900547346917314 0.01134756613252985
63.906689268038704 0.008529522614898515
63.912831189160094 0.005708876927447458
63.91897311028148 0.0028969975429228674
63.92511503140287 0.00010506089131024669
63.93125695252426 -0.002655999300792364
63.93739887364564 -0.005375541039475168
63.94354079476703 -0.00804326122242808
63.94968271588842 -0.010649240699335349
63.955824637009805 -0.013183987017717886
63.961966558131195 -0.015638474651360038
63.96810847925258 -0.018004182522486884
63.97425040037397 -0.02027312864409721
63.98039232149536 -0.02243790172456566
63.98653424261674 -0.024491689593440436
63.99267616373813 -0.026428304324573847
63.99881808485952 -0.028242203950530113
64.0049600059809 -0.029928510680695384
64.01110192710229 -0.0314830255540102
64.01724384822369 -0.03290223947624692
64.02338576934507 -0.03418334061082666
64.02952769046645 -0.03532421811128984
64.03566961158785 -0.036323462202602234
64.04181153270923 -0.03718036063733344
64.04795345383062 -0.03789489157159121
64.05409537495201 -0.03846771292370289
64.0602372960734 -0.03890014829670898
64.06637921719478 -0.03919416956310886
64.07252113831618 -0.03935237622699872
64.07866305943756 -0.03937797169505888
64.08480498055894 -0.0392747366031359
64.09094690168034 -0.039046999359849094
64.09708882280172 -0.03869960408242417
64.1032307439231 -0.038237876112827064
64.1093726650445 -0.037667585314188554
64.11551458616589 -0.03699490735841886
64.12165650728727 -0.03622638322583372
64.12779842840867 -0.035368877146357926
64.13394034953005 -0.03442953321960324
64.14008227065143 -0.0334157309576338
64.14622419177283 -0.03233503999958622
64.15236611289421 -0.03119517425146249
64.1585080340156 -0.030003945707310478
64.16464995513698 -0.028769218209647236
64.17079187625838 -0.02749886140732348
64.17693379737976 -0.026200705168067145
64.18307571850114 -0.024882494700624393
64.18921763962254 -0.02355184663780976
64.19535956074392 -0.022216206326722505
64.20150148186531 -0.020882806566052015
64.2076434029867 -0.019558628022649627
64.21378532410809 -0.018250361550448173
64.21992724522947 -0.01696437262437916
64.22606916635087 -0.015706668090183947
64.23221108747225 -0.014482865418007274
64.23835300859363 -0.013298164633331146
64.24449492971503 -0.012157323083433367
64.25063685083641 -0.011064633180939807
64.2567787719578 -0.010023903248448287
64.2629206930792 -0.009038441569727306
64.26906261420058 -0.008111043733557312
64.27520453532196 -0.007243983336269288
64.28134645644336 -0.006439006088352824
64.28748837756474 -0.0056973273493999554
64.29363029868613 -0.005019633094244997
64.29977221980752 -0.0044060842916057675
64.3059141409289 -0.003856324655006118
64.31205606205029 -0.003369491704347092
64.31819798317167 -0.0029442310555260888
64.32433990429307 -0.0025787138349281724
64.33048182541445 -0.0022706570957844335
64.33662374653584 -0.0020173470943389417
64.34276566765723 -0.0018156652657047587
64.34890758877862 -0.0016621167223452437
64.3550495099 -0.0015528610823780892
64.3611914310214 -0.0014837454205852928
64.36733335214278 -0.0014503391221008276
64.37347527326416 -0.0014479704074240362
64.37961719438556 -0.0014717642877183688
64.38575911550694 -0.001516681701318622
64.39190103662833 -0.0015775595760973737
64.39804295774972 -0.0016491515577947246
64.4041848788711 -0.001726169141635369
64.41032679999249 -0.0018033229435235917
64.41646872111389 -0.0018753638477983867
64.42261064223527 -0.001937123770912833
64.42875256335665 -0.001983555784405853
64.43489448447805 -0.0020097733461291296
64.44103640559943 -0.002011088395768379
64.44717832672082 -0.0019830480791928886
64.45332024784221 -0.0019214698759969227
64.4594621689636 -0.0018224749156369653
64.46560409008498 -0.0016825192797506625
64.47174601120636 -0.0014984231014425339
64.47788793232776 -0.001267397286436949
64.48402985344914 -0.000987067695929715
64.49017177457053 -0.0006554966465938211
64.49631369569192 -0.00027120159944498616
64.50245561681331 0.0001668290740192054
64.50859753793469 0.0006591233428446588
64.51473945905609 0.0012057158618242372
64.52088138017747 0.0018061414702487321
64.52702330129885 0.0024594318858072533
64.53316522242025 0.0031641156174341194
64.53930714354163 0.003918221103117906
64.54544906466302 0.004719283061062761
64.55159098578442 0.005564352025084841
64.5577329069058 0.006450007017933333
64.56387482802718 0.007372371299317791
64.57001674914858 0.008327131108866766
64.57615867026996 0.009309557308176179
64.58230059139134 0.010314529810460164
64.58844251251274 0.011336564671247303
64.59458443363413 0.012369843699073011
64.60072635475551 0.01340824643126289
64.6068682758769 0.014445384306732378
64.61301019699829 0.015474636855287048
64.61915211811967 0.01648918971127535
64.62529403924106 0.01748207424860136
64.63143596036245 0.01844620862418444
64.63757788148384 0.019374440007933907
64.64371980260522 0.020259587769278123
64.64986172372662 0.021094487383282724
64.656003644848 0.0218720348134774
64.66214556596938 0.02258523112370294
64.66828748709078 0.02322722706768901
64.67442940821216 0.023791367402675064
64.68057132933355 0.02427123467225291
64.68671325045494 0.024660692203840026
64.69285517157633 0.024953926067690344
64.69899709269771 0.025145485747315732
64.7051390138191 0.025230323275528006
64.71128093494049 0.025203830596090066
64.71742285606187 0.025061874918191677
64.72356477718327 0.024800831839644846
64.72970669830465 0.024417616024866664
64.73584861942604 0.0239097092351586
64.74199054054743 0.023275185521884123
64.74813246166882 0.022512733407354532
64.7542743827902 0.021621674893810793
64.7604163039116 0.020601981157855522
64.76655822503298 0.01945428480546085
64.77270014615436 0.01817988858183242
64.77884206727575 0.016780770450296162
64.78498398839714 0.015259584975096852
64.79112590951853 0.013619660964471977
64.79726783063991 0.011864995352170256
64.80340975176131 0.010000243318115243
64.80955167288269 0.008030704671139805
64.81569359400407 0.005962306539469573
64.82183551512547 0.003801582436954146
64.82797743624685 0.001555647795137992
64.83411935736824 -0.0007678279271299308
64.84026127848963 -0.0031606524238922636
64.84640319961102 -0.005614144859177515
64.8525451207324 -0.008119173149172163
64.8586870418538 -0.010666194019247656
64.86482896297518 -0.01324529562903864
64.87097088409656 -0.01584624254332459
64.87711280521796 -0.018458522812242157
64.88325472633935 -0.021071396912291908
64.88939664746073 -0.023673948288549754
64.89553856858213 -0.026255135229512665
64.90168048970351 -0.02880384379864498
64.90782241082489 -0.03130894154108356
64.91396433194629 -0.033759331680107446
64.92010625306767 -0.03614400751577582
64.92624817418906 -0.03845210673800135
64.93239009531044 -0.04067296536729446
64.93853201643184 -0.04279617103961137
64.94467393755322 -0.044811615356081566
64.9508158586746 -0.04670954502446014
64.956957779796 -0.04848061152654125
64.96309970091738 -0.0501159190544564
64.96924162203877 -0.05160707046896565
64.97538354316016 -0.05294621104376939
64.98152546428155 -0.05412606977226735
64.98766738540293 -0.05513999802636172
64.99380930652433 -0.05598200537086506
64.99995122764571 -0.05664679235211495
65.00609314876709 -0.05712978009482907
65.01223506988849 -0.05742713655748324
65.01837699100987 -0.057535799313209145
65.02451891213126 -0.05745349474038219
65.03066083325265 -0.05717875352461962
65.03680275437404 -0.05671092239177226
65.04294467549542 -0.0560501720095966
65.04908659661682 -0.05519750101403996
65.0552285177382 -0.05415473613445198
65.06137043885958 -0.052924528410401156
65.06751235998098 -0.05151034551119833
65.07365428110236 -0.049916460187442564
65.07979620222375 -0.048147934902078485
65.08593812334513 -0.04621060270635425
65.09208004446653 -0.044111044443686125
65.09822196558791 -0.04185656238176929
65.1043638867093 -0.03945515039007586
65.11050580783069 -0.03691546079646663
65.11664772895207 -0.03424676807233468
65.12278965007346 -0.03145892951114369
65.12893157119485 -0.028562343079798432
65.13507349231624 -0.025567902636184477
65.14121541343762 -0.02248695071931972
65.14735733455902 -0.019331229130801885
65.1534992556804 -0.01611282753765282
65.15964117680178 -0.0128441303367655
65.16578309792318 -0.009537762030736566
65.17192501904456 -0.006206531372840264
65.17806694016595 -0.002863374545901796
65.18420886128735 0.00047870235416058667
65.19035078240873 0.0038066812551438883
65.19649270353011 0.007107590187285886
65.20263462465151 0.010368561223711669
65.20877654577289 0.013576888001929487
65.21491846689428 0.01672008254664216
65.22106038801567 0.01978593111650994
65.22720230913706 0.022762548801225625
65.23334423025844 0.025638432600744228
65.23948615137982 0.028402512724913346
65.24562807250122 0.03104420186011209
65.2517699936226 0.03355344215889411
65.25791191474399 0.03592074971957884
65.26405383586538 0.03813725633492091
65.27019575698677 0.04019474830240264
65.27633767810815 0.04208570210351852
65.28247959922955 0.0438033167750125
65.28862152035093 0.045341542812011845
65.29476344147231 0.04669510746075348
65.30090536259371 0.047859536277141915
65.3070472837151 0.04883117084687172
65.31318920483648 0.049607182582729996
65.31933112595787 0.05018558253522866
65.32547304707926 0.05056522717357728
65.33161496820064 0.0507458201151194
65.33775688932204 0.050727909802584445
65.34389881044342 0.05051288314975459
65.3500407315648 0.05010295519720067
65.3561826526862 0.0495011548405988
65.36232457380758 0.04871130671455373
65.36846649492897 0.04773800933473893
65.37460841605036 0.04658660962054963
65.38075033717175 0.045263173938898275
65.38689225829313 0.04377445582758893
65.39303417941451 0.042127860573456986
65.39917610053591 0.04033140683619767
65.4053180216573 0.03839368552350929
65.41145994277868 0.03632381613653652
65.41760186390007 0.034131400817040795
65.42374378502146 0.031826476338408474
65.42988570614284 0.029419464292392904
65.43602762726424 0.026921119731625243
65.44216954838562 0.024342478534723204
65.448311469507 0.02169480376617989
65.4544533906284 0.01898953130711296
65.46059531174978 0.016238215035501276
65.46673723287117 0.013452471835234221
65.47287915399257 0.010643926713155246
65.47902107511395 0.007824158301098137
65.48516299623533 0.00500464501653046
65.49130491735673 0.0021967121508984777
65.49744683847811 -0.0005885198517611224
65.5035887595995 -0.003340185670587519
65.50973068072089 -0.006047723691589725
65.51587260184228 -0.008700922662852982
65.52201452296366 -0.011289966196064143
65.52815644408506 -0.013805474901512182
65.53429836520644 -0.0162385459570122
65.54044028632782 -0.018580789925862668
65.5465822074492 -0.02082436465385984
65.5527241285706 -0.022962006091788955
65.55886604969199 -0.024987055906459044
65.56500797081337 -0.026893485760878896
65.57114989193477 -0.02867591816212642
65.57729181305615 -0.03032964379378937
65.58343373417753 -0.03185063526882993
65.58957565529893 -0.0332355572573941
65.59571757642031 -0.03448177296339853
65.6018594975417 -0.03558734694282494
65.6080014186631 -0.03655104427552409
65.61414333978448 -0.037372326121447454
65.62028526090586 -0.038051341710624756
65.62642718202726 -0.03858891683452355
65.63256910314864 -0.038986538924210654
65.63871102427002 -0.039246338817991236
65.64485294539142 -0.03937106933785157
65.6509948665128 -0.039364080809969164
65.65713678763419 -0.03922929367988467
65.66327870875558 -0.0389711683872148
65.66942062987697 -0.03859467267844387
65.67556255099835 -0.03810524654894633
65.68170447211975 -0.03750876501701991
65.68784639324113 -0.03681149894345116
65.69398831436251 -0.03602007411968625
65.7001302354839 -0.035141428856234856
65.7062721566053 -0.03418277031033248
65.71241407772668 -0.03315152979812631
65.71855599884806 -0.03205531734170573
65.72469791996946 -0.030901875705136556
65.73083984109084 -0.02969903417624251
65.73698176221222 -0.028454662352197388
65.74312368333362 -0.027176624187010414
65.749265604455 -0.025872732557688474
65.75540752557639 -0.024550704603222184
65.76154944669779 -0.023218118086555085
65.76769136781917 -0.021882369024370903
65.77383328894055 -0.02055063082277275
65.77997521006195 -0.019229815148914677
65.78611713118333 -0.017926534759175328
65.79225905230471 -0.01664706849369241
65.79840097342611 -0.015397328635055897
65.8045428945475 -0.014182830815535062
65.81068481566888 -0.013008666642702232
65.81682673679028 -0.011879479197558242
65.82296865791166 -0.010799441542437416
65.82911057903304 -0.009772238358135437
65.83525250015444 -0.00880105081095706
65.84139442127582 -0.007888544730853887
65.8475363423972 -0.007036862161533697
65.85367826351859 -0.006247616322713852
65.85982018463999 -0.005521890003434217
65.86596210576137 -0.004860237383920901
65.87210402688275 -0.004262689261908906
65.87824594800415 -0.003728761637822699
65.88438786912553 -0.0032574675919306603
65.89052979024692 -0.0028473323656307364
65.89667171136831 -0.0024964115387042804
65.9028136324897 -0.0022023121746689235
65.90895555361108 -0.0019622167875563363
65.91509747473248 -0.0017729099656675438
65.92123939585386 -0.0016308074711627605
65.92738131697524 -0.0015319876189928243
65.93352323809664 -0.001472224724674011
65.93966515921802 -0.0014470243979035123
65.9458070803394 -0.0014516604480863625
65.9519490014608 -0.001481213158558514
65.95809092258219 -0.0015306086787094618
65.96423284370357 -0.001594659277340726
65.97037476482497 -0.001668104196514264
65.97651668594635 -0.0017456508427894646
65.98265860706773 -0.0018220160521501224
65.98880052818913 -0.0018919671660482548
65.99494244931051 -0.0019503626587718506
66.0010843704319 -0.0019921920607648023
66.00722629155328 -0.0020126149284901305
66.01336821267468 -0.0020069986188705263
66.01951013379606 -0.001970954635180258
66.02565205491744 -0.001900373321393658
66.03179397603884 -0.0017914566933474874
66.03793589716022 -0.0016407492075032424
66.04407781828161 -0.0014451662815448854
66.050219739403 -0.0012020203953730048
66.05636166052439 -0.0009090446161709753
66.06250358164577 -0.0005644134070098365
66.06864550276717 -0.00016676059482542514
66.07478742388855 0.0002848056095508771
66.08092934500993 0.0007906906294320406
66.08707126613133 0.0013508046509915605
66.09321318725272 0.0019645569175953397
66.0993551083741 0.0026308532269074727
66.1054970294955 0.0033480966500993186
66.11163895061688 0.0041141914747777055
66.11778087173826 0.004926550355607634
66.12392279285966 0.005782104639199968
66.13006471398104 0.006677317812688565
66.13620663510243 0.007608202008602183
66.14234855622382 0.008570337482207186
66.1484904773452 0.009558894961498728
66.15463239846659 0.010568660754559676
66.16077431958797 0.011594064484029647
66.16691624070937 0.012629209304120275
66.17305816183075 0.013667904441906813
66.17920008295214 0.014703699891644556
66.18534200407353 0.015729923078612876
66.19148392519492 0.016739717297535855
66.1976258463163 0.017726081720040344
66.2037677674377 0.01868191275587941
66.20990968855908 0.01960004654389629
66.21605160968046 0.020473302340915933
66.22219353080186 0.021294526570018645
66.22833545192324 0.022056637284002867
66.23447737304463 0.022752668795339367
66.24061929416602 0.023375816220608036
66.2467612152874 0.023919479685327913
66.25290313640879 0.02437730793429424
66.25904505753019 0.02474324109306101
66.26518697865157 0.025011552328122588
66.27132889977295 0.025176888156572163
66.27747082089435 0.025234307160791725
66.28361274201573 0.025179316869824463
66.28975466313712 0.025007908576654046
66.29589658425851 0.024716589869749592
66.3020385053799 0.02430241466759871
66.30818042650128 0.023763010556950147
66.31432234762266 0.0230966032487473
66.32046426874406 0.022302037980353417
66.32660618986544 0.02137879770862529
66.33274811098683 0.02032701795541333
66.33889003210822 0.019147498185476328
66.34503195322961 0.01784170961583717
66.35117387435099 0.016411799375917923
66.35731579547239 0.014860590958656448
66.36345771659377 0.013191580924362616
66.36959963771515 0.011408931841112082
66.37574155883655 0.009517461467838056
66.38188347995793 0.007522628208906669
66.38802540107932 0.005430512891250178
66.39416732220072 0.0032477969377697974
66.4003092433221 0.000981737032503821
66.40645116444348 -0.0013598636054939573
66.41259308556488 -0.003768687201614956
66.41873500668626 -0.006235936500956361
66.42487692780765 -0.008752372762675186
66.43101884892904 -0.011308356479064635
66.43716077005043 -0.013893890608494702
66.44330269117181 -0.016498666096269286
66.4494446122932 -0.019112109443859698
66.45558653341459 -0.021723432074854818
66.46172845453597 -0.024321681235878145
66.46787037565737 -0.02689579216171212
66.47401229677875 -0.029434641227193848
66.48015421790014 -0.03192709980327039
66.48629613902152 -0.03436208853095034
66.49243806014292 -0.03672863172559168
66.4985799812643 -0.03901591162359464
66.50472190238568 -0.04121332218567874
66.51086382350708 -0.04331052217389065
66.51700574462846 -0.0452974872245971
66.52314766574985 -0.0471645606460554
66.52928958687124 -0.04890250267673141
66.53543150799263 -0.05050253794987262
66.54157342911401 -0.051956400919934635
66.5477153502354 -0.05325637901797978
66.55385727135679 -0.05439535331563774
66.55999919247817 -0.055366836490640094
66.56614111359957 -0.056165007901221566
66.57228303472095 -0.056784745591698334
66.57842495584234 -0.057221655067366116
66.58456687696373 -0.05747209469305677
66.59070879808512 -0.05753319758663588
66.5968507192065 -0.057402889895969804
66.6029926403279 -0.05707990536550047
66.60913456144928 -0.05656379611654424
66.61527648257066 -0.05585493958352944
66.62141840369206 -0.0549545415667034
66.62756032481344 -0.05386463538021126
66.63370224593483 -0.052588077092840725
66.63984416705621 -0.05112853687707551
66.64598608817761 -0.04949048650037846
66.65212800929899 -0.047679183010645956
66.65826993042037 -0.04570064868567396
66.66441185154177 -0.04356164733401405
66.67055377266315 -0.04126965705179291
66.67669569378454 -0.03883283955684435
66.68283761490594 -0.03626000623779443
66.68897953602732 -0.03356058107156306
66.6951214571487 -0.030744560577699646
66.7012633782701 -0.02782247099265289
66.70740529939148 -0.024805322860629277
66.71354722051287 -0.021704563250573308
66.71968914163426 -0.018532025821023763
66.72583106275565 -0.015299878965404556
66.73197298387703 -0.012020572280600262
66.73811490499843 -0.008706781610597089
66.74425682611981 -0.005371352924859666
66.75039874724119 -0.0020272452978226654
66.75654066836259 0.0013125267386471405
66.76268258948397 0.004634951193667359
66.76882451060536 0.007927076687852436
66.77496643172675 0.011176070315310283
66.78110835284814 0.014369275016610207
66.78725027396952 0.017494266183498235
66.7933921950909 0.0205389072186511
66.7995341162123 0.02349140377827186
66.80567603733368 0.02634035643058099
66.81181795845507 0.029074811470669724
66.81795987957646 0.03168430964033861
66.82410180069785 0.03415893251161472
66.83024372181923 0.03648934630384187
66.83638564294063 0.03866684291661099
66.84252756406201 0.04068337797480161
66.8486694851834 0.04253160569678422
66.85481140630479 0.04420491041297011
66.86095332742617 0.04569743457897068
66.86709524854756 0.04700410314562638
66.87323716966895 0.04812064416698313
66.87937909079034 0.04904360554680509
66.88552101191172 0.0497703678443998
66.89166293303312 0.05029915308103976
66.8978048541545 0.05062902950927406
66.90394677527588 0.050759912328548575
66.91008869639728 0.05069256035180543
66.91623061751866 0.050428568648939624
66.92237253864005 0.04997035721401765
66.92851445976143 0.04932115572390753
66.93465638088283 0.04848498447626968
66.94079830200421 0.04746663161465634
66.94694022312561 0.04627162676751979
66.95308214424699 0.044906211246415376
66.95922406536837 0.0433773049659858
66.96536598648976 0.04169247026504151
66.97150790761116 0.039859872823391346
66.97764982873254 0.03788823988352465
66.98379174985392 0.03578681599936933
66.98993367097532 0.033565316546270894
66.9960755920967 0.031233879237034985
67.00221751321808 0.028803013897903105
67.00835943433948 0.026283550766474373
67.01450135546087 0.023686587579830685
67.02064327658225 0.02102343572609597
67.02678519770365 0.018305565736435967
67.03292711882503 0.015544552396241137
67.03906903994641 0.012752019755098017
67.04521096106781 0.009939586314198256
67.05135288218919 0.0071188106675339905
67.05749480331058 0.004301137869497482
67.06363672443197 0.0014978467963701924
67.06977864555336 -0.0012800012371939153
67.07592056667474 -0.004021612353705044
67.08206248779612 -0.006716508236133501
67.08820440891752 -0.009354572265358381
67.0943463300389 -0.011926093449492711
67.1004882511603 -0.014421807935522188
67.10663017228168 -0.016832937907275886
67.11277209340307 -0.019151227688426992
67.11891401452445 -0.021368976884649574
67.12505593564585 -0.023479070415410547
67.13119785676723 -0.025475005302773513
67.13733977788861 -0.027350914102335196
67.14348169901001 -0.029101584879245062
67.1496236201314 -0.03072247765108623
67.15576554125278 -0.03220973723795504
67.16190746237417 -0.03356020247918941
67.16804938349556 -0.034771411795301334
67.17419130461694 -0.03584160509277475
67.18033322573834 -0.036769722028395395
67.18647514685972 -0.03755539666852425
67.1926170679811 -0.038198948597409646
67.1987589891025 -0.038701370546545745
67.20490091022388 -0.039064312634908886
67.21104283134527 -0.039290063326994286
67.21718475246666 -0.03938152723195843
67.22332667358805 -0.039342199883126476
67.22946859470943 -0.039176139652028576
67.23561051583083 -0.038887936965393256
67.24175243695221 -0.03848268100685296
67.2478943580736 -0.03796592409751685
67.25403627919499 -0.03734364396098931
67.26017820031637 -0.03662220408880807
67.26632012143776 -0.03580831243165792
67.27246204255914 -0.03490897864991385
67.27860396368054 -0.03393147016422292
67.28474588480192 -0.032883267252762687
67.2908878059233 -0.03177201744657362
67.2970297270447 -0.03060548947788442
67.30317164816609 -0.029391527038633448
67.30931356928747 -0.02813800260736395
67.31545549040887 -0.026852771602385726
67.32159741153025 -0.025543627117452276
67.32773933265163 -0.024218255493218807
67.33388125377303 -0.022884192973462093
67.34002317489441 -0.021548783689302527
67.3461650960158 -0.020219139207656323
67.35230701713719 -0.018902099871716416
67.35844893825858 -0.017604198151494416
67.36459085937996 -0.01633162421135951
67.37073278050136 -0.015090193889112768
67.37687470162274 -0.013885319267501289
67.38301662274412 -0.012721982004147975
67.38915854386552 -0.011604709569935288
67.3953004649869 -0.010537554528739269
67.40144238610829 -0.00952407697333823
67.40758430722968 -0.008567330213417
67.41372622835107 -0.0076698497917792804
67.41986814947245 -0.00683364588455845
67.42601007059383 -0.006060199120293289
67.43215199171523 -0.0053504598314558964
67.43829391283661 -0.004704850730534416
67.444435833958 -0.004123272981174788
67.4505777550794 -0.0036051156134608415
67.45671967620078 -0.0031492682111325045
67.46286159732216 -0.0027541367777925278
67.46900351844356 -0.0024176626689202743
67.47514543956494 -0.0021373444570447534
67.48128736068632 -0.0019102625788593318
67.48742928180772 -0.0017331065955335306
67.4935712029291 -0.0016022048811386114
67.49971312405049 -0.0015135565390337617
67.50585504517188 -0.0014628653324633006
67.51199696629327 -0.0014455754034732428
67.51813888741465 -0.0014569085437366723
67.52428080853605 -0.0014919027720261963
67.53042272965743 -0.0015454519658942491
67.53656465077881 -0.0016123462897229329
67.54270657190021 -0.001687313157637349
67.5488484930216 -0.0017650584678721099
67.55499041414298 -0.00184030784501424
67.56113233526438 -0.001907847628086175
67.56727425638576 -0.0019625653456379136
67.57341617750714 -0.0019994894238172974
67.57955809862852 -0.0020138278797402886
67.58570001974992 -0.0020010057602753797
67.5918419408713 -0.0019567010955317404
67.59798386199269 -0.0018768791467862912
67.60412578311409 -0.001757824740210699
67.61026770423547 -0.001596172490465844
67.61640962535685 -0.001388934731891124
67.62255154647825 -0.0011335269895664916
67.62869346759963 -0.0008277908378089473
67.63483538872102 -0.00047001400960786923
67.64097730984241 -5.894763701422965e-05
67.6471192309638 0.00040617948058094467
67.65326115208518 0.0009256496660337653
67.65940307320658 0.001499248280112109
67.66554499432796 0.0021262588137336683
67.67168691544934 0.002805461189476497
67.67782883657074 0.003535133287264404
67.68397075769212 0.004313055691397448
67.6901126788135 0.005136519638554854
67.6962545999349 0.006002338129008321
67.70239652105629 0.006906860146238015
67.70853844217767 0.007845987913418036
67.71468036329907 0.008815197098886366
67.72082228442045 0.009809559866886046
67.72696420554183 0.010823770654479122
67.73310612666322 0.011852174540753407
67.73924804778461 0.012888798060264143
67.745389968906 0.013927382299126675
67.75153189002738 0.014961418099382041
67.75767381114878 0.015984183185186174
67.76381573227016 0.016988781013158642
67.76995765339154 0.01796818113882002
67.77609957451294 0.018915260881575146
67.78224149563432 0.019822848062172396
67.7883834167557 0.020683764579044698
67.7945253378771 0.021490870583467468
67.80066725899849 0.02223710900811259
67.80680918011987 0.022915550199349644
67.81295110124127 0.02351943640065535
67.81909302236265 0.024042225832721104
67.82523494348403 0.024477636115365308
67.83137686460543 0.024819686777264822
67.83751878572681 0.025062740601698795
67.8436607068482 0.0252015435601757
67.8498026279696 0.02523126309086271
67.85594454909098 0.025147524485239475
67.86208647021236 0.024946445154351776
67.86822839133376 0.024624666555442303
67.87437031245514 0.024179383570628595
67.88051223357652 0.023608371141437247
67.88665415469791 0.022910007976787418
67.8927960758193 0.022083297166850247
67.89893799694069 0.021127883551506615
67.90507991806207 0.0200440677094908
67.91122183918347 0.018832816452813365
67.91736376030485 0.017495769730619098
67.92350568142624 0.016035243866807568
67.92964760254763 0.014454231077074706
67.93578952366902 0.012756395232566456
67.9419314447904 0.010946063859455363
67.9480733659118 0.009028216386376823
67.95421528703318 0.007008468673923943
67.96035720815456 0.004893053883110127
67.96649912927596 0.002688799761893378
67.97264105039734 0.0004031024507299827
67.97878297151873 -0.001956103070571833
67.98492489264012 -0.004380375751858288
67.9910668137615 -0.006860804294869322
67.99720873488289 -0.009388045847711806
68.00335065600429 -0.011952367372770417
68.00949257712567 -0.014543689473350992
68.01563449824705 -0.017151632449629143
68.02177641936845 -0.019765564341024333
68.02791834048983 -0.02237465070086457
68.03406026161122 -0.024967905838992988
68.0402021827326 -0.02753424525984549
68.046344103854 -0.030062539017061934
68.05248602497538 -0.03254166570088365
68.05862794609676 -0.034960566771769765
68.06476986721816 -0.03730830095215042
68.07091178833954 -0.03957409838902664
68.07705370946093 -0.041747414301990936
68.08319563058232 -0.04381798183506573
68.08933755170371 -0.04577586383600737
68.09547947282509 -0.047611503293436566
68.10162139394649 -0.04931577217024905
68.10776331506787 -0.05088001838108168
68.11390523618925 -0.052296110672379444
68.12004715731065 -0.05355648117507875
68.12618907843203 -0.054654165412815495
68.13233099955342 -0.05558283956218694
68.13847292067481 -0.05633685477597362
68.1446148417962 -0.05691126839562113
68.15075676291758 -0.05730187189504041
68.15689868403898 -0.05750521541430684
68.16304060516036 -0.05751862875879161
68.16918252628174 -0.05734023875662976
68.17532444740314 -0.05696898288514169
68.18146636852453 -0.056404619094816026
68.18760828964591 -0.055647731777650256
68.19375021076729 -0.054699733844959825
68.19989213188869 -0.053562864898156565
68.20603405301007 -0.052240185494391744
68.21217597413145 -0.05073556752728275
68.21831789525285 -0.04905368076114871
68.22445981637424 -0.04719997557525454
68.23060173749562 -0.045180661992236186
68.23674365861702 -0.043002685082485004
68.2428855797384 -0.04067369685328367
68.24902750085978 -0.03820202474812155
68.25516942198118 -0.03559663689793425
68.26131134310256 -0.03286710428140682
68.26745326422395 -0.030023559966608004
68.27359518534534 -0.027076655620438407
68.27973710646673 -0.024037515485886913
68.28587902758811 -0.020917688039772214
68.2920209487095 -0.017729095555434962
68.29816286983089 -0.014483981805776612
68.30430479095227 -0.011194858151626344
68.31044671207367 -0.007874448269450848
68.31658863319505 -0.004535631779816057
68.32273055431644 -0.0011913870444095656
68.32887247543783 0.002145266595183086
68.33501439655922 0.005461326860196552
68.3411563176806 0.008743866579363947
68.34729823880198 0.01198009145494505
68.35344015992338 0.015157397269742112
68.35958208104476 0.018263426256320343
68.36572400216615 0.02128612235288089
68.37186592328754 0.02421378507452403
68.37800784440893 0.027035121734915783
68.38414976553031 0.029739297760554863
68.39029168665171 0.03231598484875487
68.39643360777309 0.03475540673066151
68.40257552889447 0.03704838231217367
68.40871745001587 0.03918636597848093
68.41485937113725 0.041161484861953763
68.42100129225864 0.04296657288851295
68.42714321338003 0.044595201433735195
68.43328513450142 0.0460417064374158
68.4394270556228 0.04730121184349619
68.4455689767442 0.04836964925119713
68.45171089786558 0.04924377368300867
68.45785281898696 0.049921175395343645
68.46399474010836 0.05040028767839808
68.47013666122974 0.05068039061276387
68.47627858235113 0.05076161077152687
68.48242050347253 0.05064491687782561
68.48856242459391 0.05033211144904109
68.49470434571529 0.049825818479719196
68.50084626683667 0.04912946723601584
68.50698818795807 0.048247272254603825
68.51313010907946 0.04718420965862757
68.51927203020084 0.045945989922208254
68.52541395132224 0.04453902723314814
68.53155587244362 0.04297040562080611
68.537697793565 0.041247842032244866
68.5438397146864 0.03937964655515095
68.54998163580778 0.03737467999997539
68.55612355692917 0.03524230906657624
68.56226547805056 0.0329923593324244
68.56840739917195 0.03063506630944678
68.57454932029333 0.028181024825685564
68.58069124141473 0.025641136995384232
68.58683316253611 0.0230265590471883
68.59297508365749 0.020348647284776904
68.59911700477889 0.017618903457406764
68.60525892590027 0.014848919819665237
68.61140084702166 0.012050324159691919
68.61754276814305 0.009234725074262097
68.62368468926444 0.006413657766219406
68.62982661038582 0.003598530635655077
68.63596853150722 0.0008005729310199415
68.6421104526286 -0.001969216280851092
68.64825237374998 -0.004700117574683046
68.65439429487137 -0.00738173881508681
68.66053621599276 -0.010004060762339997
68.66667813711415 -0.012557480416401071
68.67282005823553 -0.015032851892993323
68.67896197935693 -0.01742152463919179
68.68510390047831 -0.019715378811157862
68.6912458215997 -0.02190685765208094
68.69738774272109 -0.0239889967249681
68.70352966384247 -0.025955449872063236
68.70967158496386 -0.027800511790401116
68.71581350608525 -0.029519137131209187
68.72195542720664 -0.031106956049373587
68.72809734832802 -0.03256028614828067
68.73423926944942 -0.03387614078409706
68.7403811905708 -0.03505223371288175
68.74652311169218 -0.03608698008299567
68.75266503281358 -0.03697949379407489
68.75880695393496 -0.037729581262820264
68.76494887505635 -0.0383377316540921
68.77109079617775 -0.03880510365390132
68.77723271729913 -0.03913350887841743
68.78337463842051 -0.03932539203007548
68.78951655954191 -0.03938380792818404
68.79565848066329 -0.039312395557010965
68.80180040178467 -0.03911534928925226
68.80794232290606 -0.03879738745665615
68.81408424402746 -0.0383637184527832
68.82022616514884 -0.0378200045649895
68.82636808627022 -0.03717232374391888
68.83251000739162 -0.03642712952892476
68.838651928513 -0.0355912093569109
68.84479384963439 -0.03467164149007424
68.85093577075578 -0.03367575080482343
68.85707769187717 -0.03261106368982958
68.86321961299855 -0.03148526230559632
68.86936153411995 -0.030306138461163097
68.87550345524133 -0.029081547365502336
68.88164537636271 -0.027819361511847423
68.88778729748411 -0.02652742495255151
68.89392921860549 -0.02521350822011093
68.90007113972688 -0.023885264146676667
68.90621306084827 -0.02255018482971125
68.91235498196966 -0.021215559985440904
68.91849690309104 -0.01988843692430825
68.92463882421244 -0.018575582373941177
68.93078074533382 -0.017283446365009777
68.9369226664552 -0.01601812838391385
68.9430645875766 -0.014785345983582237
68.94920650869798 -0.013590406029622602
68.95534842981937 -0.012438178743958623
68.96149035094075 -0.01133307469177799
68.96763227206215 -0.010279024840267409
68.97377419318353 -0.009279463799326029
68.97991611430491 -0.008337316335250566
68.98605803542631 -0.007454987228542604
68.9921999565477 -0.00663435452638713
68.99834187766908 -0.005876766219402753
69.00448379879047 -0.005183040350893576
69.01062571991186 -0.004553468545301416
69.01676764103324 -0.003987822920997059
69.02290956215464 -0.0034853663311226516
69.02905148327602 -0.0030448658550842563
69.0351934043974 -0.002664609442587542
69.0413353255188 -0.002342425592121371
69.04747724664018 -0.0020757059264981475
69.05361916776157 -0.0018614305097426245
69.05976108888296 -0.0016961957324013953
69.06590301000435 -0.0015762445762736558
69.07204493112573 -0.0014974990548935919
69.07818685224713 -0.0014555946128216013
69.08432877336851 -0.0014459162550765562
69.0904706944899 -0.001463636167927508
69.09661261561129 -0.0015037525838217658
69.10275453673268 -0.0015611296365070548
69.10889645785406 -0.0016305379474152236
