time TPR_both_B_open_1_rho12_real
0.0 0.0
0.00614192112138767 -2.2579689829296047e-05
0.01228384224277534 -9.002047428385345e-05
0.01842576336416301 -0.0002016931035149189
0.02456768448555068 -0.0003567288389728574
0.030709605606938348 -0.0005540242305411615
0.03685152672832602 -0.0007922471841163957
0.042993447849713685 -0.0010698442845084699
0.04913536897110136 -0.001385049331405276
0.05527729009248903 -0.0017358930393087872
0.061419211213876695 -0.0021202138458492966
0.06756113233526437 -0.0025356697667598183
0.07370305345665204 -0.002979751230079344
0.07984497457803971 -0.003449794816882867
0.08598689569942737 -0.003942997831034943
0.09212881682081504 -0.004456433616154451
0.09827073794220272 -0.004987067534179418
0.10441265906359039 -0.0055317735166459684
0.11055458018497806 -0.006087351097054031
0.11669650130636572 -0.00665054283048961
0.12283842242775339 -0.007218052005010937
0.12898034354914106 -0.007786560548180786
0.13512226467052874 -0.008352747031534746
0.1412641857919164 -0.008913304675706014
0.14740610691330408 -0.009464959259370421
0.15354802803469175 -0.01000448683611697
0.15968994915607942 -0.010528731164773625
0.16583187027746707 -0.011034620760608318
0.17197379139885474 -0.011519185477162111
0.17811571252024241 -0.011979572531236013
0.1842576336416301 -0.012413061886724844
0.19039955476301776 -0.012817080916549322
0.19654147588440543 -0.013189218265861022
0.2026833970057931 -0.013527236843962261
0.20882531812718078 -0.013829085876973108
0.21496723924856845 -0.014092911958169689
0.22110916036995612 -0.01431706903809027
0.2272510814913438 -0.014500127301937478
0.23339300261273144 -0.014640880887475224
0.2395349237341191 -0.014738354402506093
0.24567684485550678 -0.014791808207097917
0.25181876597689445 -0.01480074243198488
0.2579606870982821 -0.014764899710976791
0.2641026082196698 -0.014684266611746303
0.27024452934105747 -0.014559073756004971
0.27638645046244514 -0.014389794626798869
0.2825283715838328 -0.014177143067427967
0.2886702927052205 -0.013922069483292483
0.29481221382660816 -0.013625755764765365
0.30095413494799583 -0.013289608955952758
0.3070960560693835 -0.012915253700901966
0.3132379771907712 -0.012504523505416115
0.31937989831215885 -0.01205945085910211
0.3255218194335465 -0.011582256268578003
0.33166374055493414 -0.011075336258861266
0.3378056616763218 -0.010541250405813447
0.3439475827977095 -0.009982707468091738
0.35008950391909716 -0.009402550692316478
0.35623142504048483 -0.008803742370068502
0.3623733461618725 -0.008189347729843909
0.3685152672832602 -0.007562518251182553
0.37465718840464785 -0.006926474491814214
0.3807991095260355 -0.0062844885218035
0.3869410306474232 -0.005639866061289517
0.39308295176881086 -0.004995928420485096
0.39922487289019853 -0.0043559943420978155
0.4053667940115862 -0.003723361847244495
0.4115087151329739 -0.003101290186234885
0.41765063625436155 -0.00249298199529135
0.4237925573757492 -0.0019015657593412433
0.4299344784971369 -0.001330078679469688
0.43607639961852457 -0.0007814500414544184
0.44221832073991224 -0.0002584851790344705
0.4483602418612999 0.00023614987779753115
0.4545021629826876 0.0006999429831198676
0.4606440841040752 0.0011305496021396936
0.4667860052254629 0.0015258056080898524
0.47292792634685055 0.0018837390775398412
0.4790698474682382 0.0022025810186049027
0.4852117685896259 0.002480774972844886
0.49135368971101356 0.0027169854383031246
0.49749561083240124 0.0029101050680979358
0.5036375319537889 0.0030592606061935
0.5097794530751766 0.0031638175293909475
0.5159213741965643 0.0032233833721406007
0.5220632953179519 0.0032378097184292665
0.5282052164393396 0.003207192852687765
0.5343471375607273 0.0031318730693410254
0.5404890586821149 0.0030124326482345288
0.5466309798035026 0.002849692510667161
0.5527729009248903 0.0026447075780939803
0.558914822046278 0.0023987608626883784
0.5650567431676656 0.0021133563258306206
0.5711986642890533 0.0017902105471807644
0.577340585410441 0.001431243253263876
0.5834825065318286 0.0010385667604138188
0.5896244276532163 0.0006144743924625429
0.595766348774604 0.00016142793870204034
0.6019082698959917 -0.00031795577763263545
0.6080501910173793 -0.0008209191458240206
0.614192112138767 -0.0013445787506992223
0.6203340332601547 -0.0018859410104563538
0.6264759543815424 -0.002441918384591685
0.63261787550293 -0.003009346064755988
0.6387597966243177 -0.0035849990593538276
0.6449017177457054 -0.0041656095811394124
0.651043638867093 -0.004747884645952907
0.6571855599884806 -0.005328523790074683
0.6633274811098683 -0.005904236813444643
0.669469402231256 -0.006471761456188502
0.6756113233526436 -0.007027880916509192
0.6817532444740313 -0.007569441119021899
0.687895165595419 -0.008093367644031855
0.6940370867168066 -0.008596682230064906
0.7001790078381943 -0.009076518764147263
0.706320928959582 -0.009530138676889064
0.7124628500809697 -0.009954945662345858
0.7186047712023573 -0.01034849964589977
0.724746692323745 -0.010708529927014902
0.7308886134451327 -0.01103294742766616
0.7370305345665203 -0.011319855981508154
0.743172455687908 -0.011567562603434688
0.7493143768092957 -0.011774586684063304
0.7554562979306834 -0.01193966805885627
0.761598219052071 -0.012061773907046373
0.7677401401734587 -0.012140104441253996
0.7738820612948464 -0.012174097354650656
0.780023982416234 -0.01216343099872174
0.7861659035376217 -0.012108026271086437
0.7923078246590094 -0.012008047199427023
0.7984497457803971 -0.011863900214330614
0.8045916669017847 -0.011676232110730614
0.8107335880231724 -0.011445926704620767
0.8168755091445601 -0.011174100198763793
0.8230174302659478 -0.01086209527819751
0.8291593513873354 -0.01051147396341182
0.8353012725087231 -0.010124009256087786
0.8414431936301108 -0.009701675619215607
0.8475851147514984 -0.00924663834019033
0.8537270358728861 -0.008761241832080807
0.8598689569942738 -0.008247996934630606
0.8660108781156615 -0.007709567282627988
0.8721527992370491 -0.007148754815033255
0.8782947203584368 -0.006568484503625572
0.8844366414798245 -0.005971788384882773
0.8905785626012122 -0.005361788983296738
0.8967204837225998 -0.004741682218307437
0.9028624048439875 -0.004114719890478233
0.9090043259653752 -0.0034841918453987143
0.9151462470867628 -0.0028534079160570094
0.9212881682081504 -0.00222567974605124
0.9274300893295381 -0.001604302596986802
0.9335720104509257 -0.000992537243720017
0.9397139315723134 -0.00039359206075200576
0.9458558526937011 0.00018939459795334792
0.9519977738150888 0.0007533716251520215
0.9581396949364764 0.0012953918942851825
0.9642816160578641 0.00181262840600574
0.9704235371792518 0.0023023897556635683
0.9765654583006395 0.0027621348343533562
0.9827073794220271 0.003189486680893999
0.9888493005434148 0.0035822454073925246
0.9949912216648025 0.003938400126802356
1.0011331427861903 0.004256139817073996
1.0072750639075778 0.0045338630630616964
1.0134169850289656 0.004770186624236599
1.0195589061503532 0.004963952783422093
1.025700827271741 0.005114235439134599
1.0318427483931285 0.005220344911649955
1.0379846695145163 0.00528183144054016
1.0441265906359039 0.0052984873591042725
1.0502685117572914 0.005270347938776428
1.0564104328786792 0.005197690904196602
1.0625523540000668 0.005081034627113728
1.0686942751214545 0.0049211350146135995
1.074836196242842 0.004718981114288165
1.0809781173642299 0.004475789465830257
1.0871200384856174 0.004192997235138715
1.0932619596070052 0.0038722541732927624
1.0994038807283928 0.0035154134487006736
1.1055458018497806 0.003124521406300065
1.1116877229711681 0.002701806312886821
1.117829644092556 0.002249666152441622
1.1239715652139435 0.0017706555397198555
1.1301134863353313 0.0012674718243371407
1.1362554074567188 0.0007429404611455236
1.1423973285781066 0.00019999972582348144
1.1485392496994942 -0.00035831514267581154
1.154681170820882 -0.0009288882888778077
1.1608230919422695 -0.0015085399909054314
1.1669650130636573 -0.002094043726646551
1.1731069341850449 -0.0026821434675540546
1.1792488553064326 -0.0032695711109678774
1.1853907764278202 -0.00385306396151668
1.191532697549208 -0.004429382172213149
1.1976746186705955 -0.004995326056264544
1.2038165397919833 -0.005547753181397452
1.209958460913371 -0.0060835951596140804
1.2161003820347587 -0.006599874046775186
1.2222423031561462 -0.007093718268211257
1.228384224277534 -0.007562377988725819
1.2345261453989216 -0.008003239847837483
1.2406680665203094 -0.008413840983940551
1.246809987641697 -0.008791882274217448
1.2529519087630847 -0.009135240720631965
1.2590938298844723 -0.009441980916147496
1.26523575100586 -0.00971036552946755
1.2713776721272476 -0.00993886475105834
1.2775195932486354 -0.01012616464800944
1.283661514370023 -0.01027117438037862
1.2898034354914107 -0.01037303223707432
1.2959453566127983 -0.010431110455013066
1.302087277734186 -0.010445018791258824
1.3082291988555736 -0.010414606824068133
1.3143711199769612 -0.010339964965228352
1.320513041098349 -0.010221424172739064
1.3266549622197366 -0.010059554359742158
1.3327968833411243 -0.009855161502607698
1.338938804462512 -0.009609283458194718
1.3450807255838997 -0.009323184507502786
1.3512226467052872 -0.00899834865015027
1.357364567826675 -0.0086364716813272
1.3635064889480626 -0.008239452090020066
1.3696484100694504 -0.007809380824345715
1.375790331190838 -0.007348529976701234
1.3819322523122257 -0.006859340448101469
1.3880741734336133 -0.006344408657455837
1.394216094555001 -0.005806472367609301
1.4003580156763886 -0.005248395705650626
1.4064999367977764 -0.0046731534602661535
1.412641857919164 -0.004083814743692592
1.4187837790405518 -0.0034835261101014052
1.4249257001619393 -0.002875494225944693
1.431067621283327 -0.0022629681909085582
1.4372095424047147 -0.001649221610590008
1.4433514635261024 -0.0010375345238366584
1.44949338464749 -0.0004311752888294516
1.4556353057688778 0.00016661746756792688
1.4617772268902653 0.0007526527329194223
1.4679191480116531 0.00132380472147018
1.4740610691330407 0.0018770301138845754
1.4802029902544285 0.0024093848251414787
1.486344911375816 0.0029180402042724416
1.4924868324972038 0.003400298573264255
1.4986287536185914 0.0038536080167123265
1.5047706747399792 0.0042755763386245005
1.5109125958613667 0.004663984108143372
1.5170545169827545 0.00501679672178196
1.523196438104142 0.005332175416046397
1.5293383592255299 0.005608487170958369
1.5354802803469174 0.005844313451964782
1.5416222014683052 0.006038457744948005
1.5477641225896928 0.006189951846482906
1.5539060437110805 0.006298060879066553
1.560047964832468 0.006362287008703141
1.5661898859538559 0.006382371849912473
1.5723318070752434 0.006358297550891782
1.578473728196631 0.006290286559126095
1.5846156493180188 0.006178800075189986
1.5907575704394064 0.006024535209737107
1.5968994915607941 0.005828420865714811
1.6030414126821817 0.00559161237461289
1.6091833338035695 0.005315484922041041
1.615325254924957 0.005001625804082432
1.6214671760463448 0.004651825561678074
1.6276090971677324 0.004268068045741536
1.6337510182891202 0.003852519470750201
1.6398929394105077 0.0034075165192293828
1.6460348605318955 0.0029355535637927304
1.652176781653283 0.002439269077267033
1.6583187027746709 0.0019214313048605072
1.6644606238960584 0.0013849232753899965
1.6706025450174462 0.0008327272312120955
1.6767444661388338 0.0002679085587628792
1.6828863872602216 -0.0003064006965347609
1.6890283083816091 -0.0008870186457422737
1.695170229502997 -0.0014707306158876306
1.7013121506243845 -0.002054306366332041
1.7074540717457722 -0.0026345173744826535
1.7135959928671598 -0.0032081541032522045
1.7197379139885476 -0.003772043162940399
1.7258798351099351 -0.004323064280810406
1.732021756231323 -0.004858166992575791
1.7381636773527105 -0.005374386971261016
1.7443055984740983 -0.005868861910492161
1.7504475195954858 -0.0063388468811662445
1.7565894407168736 -0.0067817290826953916
1.7627313618382612 -0.0071950419125623695
1.768873282959649 -0.007576478280824873
1.7750152040810365 -0.007923903099410757
1.7811571252024243 -0.008235364879607692
1.7872990463238119 -0.008509106375025268
1.7934409674451997 -0.008743574211531917
1.7995828885665872 -0.008937427450219897
1.805724809687975 -0.009089545034326837
1.8118667308093626 -0.009199032076248835
1.8180086519307503 -0.009265224946295704
1.824150573052138 -0.009287695130649332
1.8302924941735257 -0.009266251832095146
1.8364344152949132 -0.009200943293451289
1.8425763364163008 -0.009092056830235479
1.8487182575376886 -0.00894011756591284
1.8548601786590762 -0.00874588587007803
1.861002099780464 -0.008510353507049167
1.8671440209018515 -0.008234738509599089
1.8732859420232393 -0.007920478799845858
1.8794278631446268 -0.007569224586626665
1.8855697842660146 -0.007182829575954615
1.8917117053874022 -0.006763341038321832
1.89785362650879 -0.006312988783648188
1.9039955476301775 -0.0058341731014838315
1.9101374687515653 -0.005329451730648634
1.9162793898729529 -0.004801525928721513
1.9224213109943407 -0.004253225717676378
1.9285632321157282 -0.0036874943873979648
1.934705153237116 -0.003107372343789444
1.9408470743585036 -0.0025159803926211245
1.9469889954798913 -0.0019165025541525002
1.953130916601279 -0.0013121685068286958
1.9592728377226667 -0.0007062357609788095
1.9654147588440543 -0.00010197166540616802
1.971556679965442 0.0004973646489703474
1.9776986010868296 0.0010885402837073016
1.9838405222082174 0.0016683664410883957
1.989982443329605 0.0022337160423419353
1.9961243644509927 0.00278154099369792
2.0022662855723805 0.003308889000445524
2.008408206693768 0.0038129198320915633
2.0145501278151556 0.004290920945333694
2.020692048936543 0.004740322375778755
2.026833970057931 0.005158710814135925
2.0329758911793188 0.00554384278795324
2.0391178123007063 0.005893656875779318
2.045259733422094 0.006206284886902606
2.051401654543482 0.006480061946433938
2.0575435756648695 0.006713535432473465
2.063685496786257 0.0069054727192946535
2.0698274179076446 0.00705486768791039
2.0759693390290326 0.007160945972922934
2.08211126015042 0.007223168922196848
2.0882531812718077 0.007241236253539702
2.0943951023931953 0.007215087400189662
2.100537023514583 0.0071449015444371945
2.106678944635971 0.0070310963460795085
2.1128208657573584 0.006874325379623003
2.118962786878746 0.006675474301096864
2.1251047080001335 0.00643565577206733
2.1312466291215215 0.006156203174833204
2.137388550242909 0.005838663158873955
2.1435304713642966 0.005484787064350751
2.149672392485684 0.005096521273828939
2.155814313607072 0.004675996548382762
2.1619562347284598 0.004225516408830243
2.1680981558498473 0.0037475446270613193
2.174240076971235 0.003244691896225695
2.180381998092623 0.00271970175195956
2.1865239192140105 0.002175435819858671
2.192665840335398 0.0016148584670354954
2.1988077614567856 0.0010410209378788186
2.2049496825781736 0.000457045056007088
2.211091603699561 -0.00013389342402917923
2.2172335248209487 -0.0007285817305765668
2.2233754459423363 -0.001323787168645847
2.2295173670637243 -0.0019162743075211068
2.235659288185112 -0.0025028221759099264
2.2418012093064994 -0.0030802413784606444
2.247943130427887 -0.0036453910479074393
2.254085051549275 -0.004195195547846397
2.2602269726706625 -0.004726660842214391
2.26636889379205 -0.005236890448899252
2.2725108149134376 -0.005723100896596247
2.2786527360348257 -0.006182636606024
2.284794657156213 -0.006612984118926927
2.2909365782776008 -0.007011785600944441
2.2970784993989883 -0.007376851547384745
2.3032204205203763 -0.0077061726242744905
2.309362341641764 -0.00799793058068098
2.3155042627631515 -0.008250508172321447
2.321646183884539 -0.008462498040788807
2.327788105005927 -0.008632710497419803
2.3339300261273146 -0.008760180165841994
2.340071947248702 -0.008844171442591878
2.3462138683700897 -0.008884182740868576
2.3523557894914777 -0.008879949488463204
2.3584977106128653 -0.008831445857182957
2.364639631734253 -0.008738885207612408
2.3707815528556404 -0.008602719239830038
2.376923473977028 -0.008423635847675488
2.383065395098416 -0.00820255568130582
2.3892073162198035 -0.007940627430051545
2.395349237341191 -0.007639221844939633
2.4014911584625787 -0.0072999245276380775
2.4076330795839667 -0.006924527519942353
2.4137750007053542 -0.006515019735230614
2.419916921826742 -0.006073576280471829
2.4260588429481293 -0.0056025467243540775
2.4322007640695174 -0.005104442373833954
2.438342685190905 -0.004581922627830147
2.4444846063122925 -0.004037780482856284
2.45062652743368 -0.0034749272710167065
2.456768448555068 -0.0028963767159802738
2.4629103696764556 -0.00230522839717248
2.469052290797843 -0.0017046507165263671
2.4751942119192307 -0.0010978634655795737
2.4813361330406187 -0.00048812009354034147
2.4874780541620063 0.00012131022092011588
2.493619975283394 0.0007271605899435284
2.4997618964047814 0.0013261844238987256
2.5059038175261694 0.0019151733210079234
2.512045738647557 0.002490974734977849
2.5181876597689445 0.003050509317889126
2.524329580890332 0.003590787837755165
2.53047150201172 0.004108927573011928
2.5366134231331077 0.0046021680897205455
2.5427553442544952 0.00506788631140065
2.548897265375883 0.005503610796165301
2.555039186497271 0.005907035141089048
2.5611811076186584 0.006276030439542466
2.567323028740046 0.00660865672342481
2.5734649498614335 0.006903173328854061
2.5796068709828215 0.007158048130790721
2.585748792104209 0.007371965599277938
2.5918907132255966 0.007543833637376212
2.598032634346984 0.007672789168413371
2.604174555468372 0.007758202447795484
2.6103164765897597 0.007799680082255388
2.6164583977111473 0.007797066747029543
2.622600318832535 0.007750445598962752
2.6287422399539224 0.007660137390910487
2.6348841610753104 0.00752669829999375
2.641026082196698 0.007350916489214172
2.6471680033180855 0.0071338074286204055
2.653309924439473 0.006876608008603049
2.659451845560861 0.006580769483958198
2.6655937666822487 0.0062479492930572035
2.6717356878036362 0.005880001801812648
2.677877608925024 0.00547896802708766
2.684019530046412 0.00504706439876998
2.6901614511677994 0.004586670623913922
2.696303372289187 0.004100316720143822
2.7024452934105745 0.003590669288917189
2.7085872145319625 0.0030605171022479592
2.71472913565335 0.002512756079148307
2.7208710567747376 0.0019503737302980178
2.727012977896125 0.0013764331513780894
2.733154899017513 0.0007940566470594508
2.7392968201389007 0.00020640906887525333
2.7454387412602883 -0.0003833190489079489
2.751580662381676 -0.0009719284707131148
2.757722583503064 -0.0015562282733932033
2.7638645046244514 -0.002133052807355979
2.770006425745839 -0.002699278520464097
2.7761483468672266 -0.0032518405607424926
2.7822902679886146 -0.0037877490748494326
2.788432189110002 -0.004304105120498101
2.7945741102313897 -0.00479811611255629
2.8007160313527772 -0.005267110724361654
2.8068579524741653 -0.0057085531679702955
2.812999873595553 -0.006120056779487608
2.8191417947169404 -0.006499396838451155
2.825283715838328 -0.0068445225533210466
2.831425636959716 -0.007153568148613364
2.8375675580811035 -0.007424862992997884
2.843709479202491 -0.007656940711819369
2.8498514003238786 -0.007848547231992777
2.8559933214452666 -0.007998647712042629
2.862135242566654 -0.008106432315234164
2.8682771636880418 -0.008171320789230736
2.8744190848094293 -0.008192965821524262
2.8805610059308173 -0.008171255146008102
2.886702927052205 -0.008106312382440872
2.8928448481735924 -0.007998496597203064
2.89898676929498 -0.00784840058060395
2.9051286904163676 -0.007656847843062252
2.9112706115377556 -0.0074248883396632655
2.917412532659143 -0.00715379293991369
2.9235544537805307 -0.006845046666854965
2.9296963749019183 -0.006500340737061544
2.9358382960233063 -0.006121563440347861
2.941980217144694 -0.005710789905205583
2.9481221382660814 -0.005270270803028958
2.954264059387469 -0.004802420050964518
2.960405980508857 -0.004309801579765265
2.9665479016302445 -0.0037951152391698445
2.972689822751632 -0.00326118191912275
2.9788317438730196 -0.0027109279704321363
2.9849736649944076 -0.002147369013283752
2.991115586115795 -0.00157359322626383
2.9972575072371828 -0.000992744212183392
3.0033994283585703 -0.00040800354000641864
3.0095413494799583 0.0001774269354906681
3.015683270601346 0.0007603428730523443
3.0218251917227335 0.0013375552590803256
3.027967112844121 0.0019059081321858163
3.034109033965509 0.0024622961142948484
3.0402509550868966 0.003003681645713873
3.046392876208284 0.003527111823528774
3.0525347973296717 0.004029734745391174
3.0586767184510597 0.00450881526407586
3.0648186395724473 0.004961750062193849
3.070960560693835 0.005386081961011899
3.0771024818152224 0.005779513382485348
3.0832444029366104 0.0061399188892509475
3.089386324057998 0.006465356733441441
3.0955282451793855 0.006754079351675345
3.101670166300773 0.007004542750427095
3.107812087422161 0.00721541473310289
3.1139540085435486 0.007385581927473904
3.120095929664936 0.007514155579618785
3.1262378507863238 0.0076004760880983985
3.1323797719077118 0.007644116259703921
3.1385216930290993 0.007644883275701841
3.144663614150487 0.007602819364993173
3.1508055352718745 0.00751820118799857
3.156947456393262 0.007391537942240044
3.16308937751465 0.00722356820758495
3.1692312986360376 0.007015255555801465
3.175373219757425 0.0067677829554977755
3.1815151408788127 0.006482546009604724
3.1876570620002007 0.006161145068294238
3.1937989831215883 0.005805376265616597
3.199940904242976 0.00541722153313158
3.2060828253643634 0.004998837648435516
3.2122247464857514 0.004552544380697154
3.218366667607139 0.004080811799171798
3.2245085887285265 0.0035862468140905913
3.230650509849914 0.003071579022402945
3.236792430971302 0.0025396459335295194
3.2429343520926897 0.0019933776526167807
3.249076273214077 0.0014357811007395136
3.2552181943354648 0.0008699238531293265
3.261360115456853 0.00029891767779481674
3.2675020365782403 -0.00027409814214937405
3.273643957699628 -0.0008459736184679615
3.2797858788210155 -0.0014135649157995104
3.2859277999424035 -0.0019737511733106334
3.292069721063791 -0.0025234512059228264
3.2982116421851786 -0.0030596400015903227
3.304353563306566 -0.003579364931929298
3.310495484427954 -0.004079761594676344
3.3166374055493417 -0.004558069207862449
3.3227793266707293 -0.0050116454773659795
3.328921247792117 -0.005437980861526898
3.335063168913505 -0.005834712158897632
3.3412050900348924 -0.006199635347885318
3.34734701115628 -0.00653071761005475
3.3534889322776675 -0.006826108472223025
3.3596308533990555 -0.0070841500061604714
3.365772774520443 -0.007303386028764269
3.3719146956418307 -0.007482570249945685
3.3780566167632182 -0.00762067332020214
3.3841985378846062 -0.007716888734926071
3.390340459005994 -0.0077706375578943275
3.3964823801273814 -0.007781571932117301
3.402624301248769 -0.0077495773522475294
3.4087662223701565 -0.007674773679077907
3.4149081434915445 -0.00755751488321528
3.421050064612932 -0.0073983875118383965
3.4271919857343196 -0.007198207879433358
3.433333906855707 -0.006958017990563232
3.439475827977095 -0.006679080209987371
3.4456177490984827 -0.006362870702778196
3.4517596702198703 -0.006011071674434884
3.457901591341258 -0.0056255624482714406
3.464043512462646 -0.005208409424590519
3.4701854335840334 -0.004761854973171499
3.476327354705421 -0.004288305317463294
3.4824692758268085 -0.003790317475398489
3.4886111969481965 -0.0032705853279916403
3.494753118069584 -0.002731924892705541
3.5008950391909717 -0.002177258883951176
3.5070369603123592 -0.0016096006479773232
3.5131788814337472 -0.0010320375637334043
3.519320802555135 -0.0004477140050443597
3.5254627236765224 0.00014018603745883236
3.53160464479791 0.0007284565737594743
3.537746565919298 0.001313887368563705
3.5438884870406855 0.0018932817283947535
3.550030408162073 0.0024634742176335134
3.5561723292834606 0.003021348199872693
3.5623142504048486 0.003563853102062006
3.568456171526236 0.004088021300776856
3.5745980926476237 0.004590984532461186
3.5807400137690113 0.005069989732717405
3.5868819348903993 0.005522414213558635
3.593023856011787 0.005945780092003917
3.5991657771331744 0.006337767888404304
3.605307698254562 0.006696229218429962
3.61144961937595 0.007019198508642499
3.6175915404973376 0.007304903671968517
3.623733461618725 0.007551775686148481
3.6298753827401127 0.007758457025260035
3.6360173038615007 0.007923808901679187
3.6421592249828882 0.00804691728326113
3.648301146104276 0.008127097658034054
3.6544430672256634 0.0081638985262858
3.6605849883470514 0.00815710360743743
3.666726909468439 0.008106732756602324
3.6728688305898265 0.00801304159304808
3.679010751711214 0.007876519849988928
3.6851526728326016 0.007697888462076384
3.6912945939539896 0.007478095413676508
3.697436515075377 0.007218310377449795
3.7035784361967647 0.006919918178852091
3.7097203573181523 0.006584511127956552
3.7158622784395403 0.006213880265395304
3.722004199560928 0.0058100055742839225
3.7281461206823154 0.00537504521463605
3.734288041803703 0.004911323841071201
3.740429962925091 0.004421320068503274
3.7465718840464786 0.003907653154019399
3.752713805167866 0.0033730689662796525
3.7588557262892537 0.0028204253165417846
3.7649976474106417 0.0022526767278161315
3.7711395685320293 0.0016728587206956145
3.777281489653417 0.0010840716961265959
3.7834234107748044 0.00048946449675445
3.7895653318961924 -0.00010778227045754013
3.79570725301758 -0.0007044730668942606
3.8018491741389675 -0.001297414326365987
3.807991095260355 -0.0018834313465510028
3.814133016381743 -0.002459385083940102
3.8202749375031306 -0.0030221887688227107
3.826416858624518 -0.0035688242576161003
3.8325587797459058 -0.004096358040823352
3.8387007008672938 -0.004601956826245114
3.8448426219886813 -0.005082902618672141
3.850984543110069 -0.005536607219201068
3.8571264642314564 -0.005960626069554429
3.8632683853528444 -0.006352671369326594
3.869410306474232 -0.00671062439697099
3.8755522275956196 -0.007032546968548906
3.881694148717007 -0.007316691971818405
3.887836069838395 -0.007561512917157662
3.8939779909597827 -0.007765672451059348
3.9001199120811703 -0.00792804978254884
3.906261833202558 -0.00804774697782148
3.912403754323946 -0.008124094083703584
3.9185456754453334 -0.008156653046146246
3.924687596566721 -0.008145220395920838
3.9308295176881085 -0.008089828679906125
3.936971438809496 -0.007990746622874944
3.943113359930884 -0.007848478011432762
3.9492552810522716 -0.007663759298723404
3.955397202173659 -0.0074375559356579055
3.9615391232950468 -0.007171057441657513
3.9676810444164348 -0.006865671235272389
3.9738229655378223 -0.006523015252376509
3.97996488665921 -0.006144909387014486
3.9861068077805974 -0.0057333657972097
3.9922487289019855 -0.0052905781251909026
3.998390650023373 -0.004818909688410142
4.004532571144761 -0.004320880704388087
4.010674492266149 -0.0037991546187726415
4.016816413387536 -0.003256523611961643
4.022958334508924 -0.0026958933651752537
4.029100255630311 -0.0021202671719027883
4.035242176751699 -0.0015327294851587246
4.041384097873086 -0.0009364289949035616
4.047526018994474 -0.00033456133327987466
4.053667940115862 0.0002696484920479818
4.05980986123725 0.0008729638342120659
4.0659517823586375 0.0014721542096211577
4.072093703480025 0.002064013062617619
4.078235624601413 0.0026453753885030407
4.0843775457228 0.0032131351120781126
4.090519466844188 0.003764262120497205
4.096661387965575 0.004295818851600812
4.102803309086964 0.00480497634192898
4.108945230208351 0.005289029642316396
4.115087151329739 0.005745412513274779
4.1212290724511265 0.006171711317265147
4.127370993572514 0.006565678030351445
4.133512914693902 0.006925242301625148
4.139654835815289 0.0072485224950876274
4.145796756936677 0.00753383565533553
4.151938678058065 0.007779706345354168
4.158080599179453 0.007984874311924907
4.16422252030084 0.008148300941520146
4.170364441422228 0.008269174477045694
4.176506362543615 0.00834691397332551
4.182648283665003 0.00838117197675901
4.1887902047863905 0.00837183592204563
4.194932125907778 0.008319028246226429
4.201074047029166 0.008223105227487284
4.207215968150554 0.008084654563152965
4.213357889271942 0.007904491708042935
4.219499810393329 0.00768365500080084
4.225641731514717 0.007423399611992453
4.231783652636104 0.007125190353546636
4.237925573757492 0.006790693394591745
4.2440674948788795 0.0064217669338301545
4.250209416000267 0.006020450883310561
4.2563513371216555 0.005588955622786809
4.262493258243043 0.005129649887803598
4.268635179364431 0.004645047858210975
4.274777100485818 0.00413779551701395
4.280919021607206 0.0036106563522597043
4.287060942728593 0.0030664964771407242
4.293202863849981 0.0025082692455942425
4.299344784971368 0.0019389994424423183
4.305486706092757 0.00136176712855473
4.311628627214144 0.0007796912226400536
4.317770548335532 0.00019591290207516003
4.3239124694569195 -0.0003864210943054378
4.330054390578307 -0.0009641751783258677
4.336196311699695 -0.0015342415564257247
4.342338232821082 -0.0020935567227554513
4.34848015394247 -0.0026391177193527816
4.354622075063858 -0.003167998082268852
4.360763996185246 -0.003677363393725188
4.366905917306633 -0.0041644863619107264
4.373047838428021 -0.004626761351813799
4.3791897595494085 -0.005061718292613606
4.385331680670796 -0.005467035889579109
4.391473601792184 -0.005840554071175123
4.397615522913571 -0.006180285605150661
4.40375744403496 -0.00648442682080082
4.409899365156347 -0.006751367378346878
4.416041286277735 -0.006979699030499338
4.422183207399122 -0.007168223325681747
4.42832512852051 -0.007315958207221709
4.434467049641897 -0.007422143467931014
4.440608970763285 -0.007486245024962925
4.4467508918846725 -0.007507957985615378
4.452892813006061 -0.007487208480832822
4.4590347341274486 -0.007424154249515264
4.465176655248836 -0.007319183963356622
4.471318576370224 -0.007172915288746478
4.477460497491611 -0.006986191689299485
4.483602418612999 -0.006760077979708118
4.489744339734386 -0.006495854648862786
4.495886260855774 -0.00619501097747399
4.5020281819771615 -0.005859236982713056
4.50817010309855 -0.005490414229604922
4.5143120242199375 -0.0050906055560007175
4.520453945341325 -0.004662043764893772
4.526595866462713 -0.004207119344502494
4.5327377875841 -0.0037283672829393705
4.538879708705488 -0.0032284530503058923
4.545021629826875 -0.0027101578266657527
4.551163550948263 -0.002176363059488459
4.557305472069651 -0.0016300344387795455
4.563447393191039 -0.0010742053821683267
4.569589314312426 -0.000511960125690402
4.575731235433814 5.358348122319443e-05
4.5818731565552016 0.0006192913758735308
4.588015077676589 0.0011820307754414547
4.594156998797977 0.0017386876603331916
4.600298919919364 0.0022861841449017756
4.606440841040753 0.0028214956334418687
4.61258276216214 0.0033416676607989026
4.618724683283528 0.0038438323190732836
4.624866604404915 0.004325224174742889
4.631008525526303 0.0047831955839915145
4.6371504466476905 0.005215231318153014
4.643292367769078 0.005618962415865346
4.649434288890466 0.00599217918375132
4.655576210011854 0.006332843273153669
4.661718131133242 0.00663909876659926
4.667860052254629 0.006909282214179709
4.674001973376017 0.007141931566870245
4.680143894497404 0.007335793960891045
4.686285815618792 0.007489832314496921
4.692427736740179 0.007603230705983237
4.698569657861567 0.007675398509171848
4.7047115789829554 0.007705973270129285
4.710853500104343 0.007694822316314529
4.716995421225731 0.007642043096678282
4.723137342347118 0.00754796225845022
4.729279263468506 0.007413133473335723
4.735421184589893 0.007238334032613698
4.741563105711281 0.00702456023712
4.747705026832668 0.006773021614299054
4.753846947954056 0.006485134000374934
4.759988869075444 0.006162511531211997
4.766130790196832 0.00580695759059758
4.7722727113182195 0.005420454769460145
4.778414632439607 0.005005153893958606
4.784556553560995 0.004563362184379663
4.790698474682382 0.0040975306104403045
4.79684039580377 0.0036102405118529383
4.802982316925157 0.0031041895559018894
4.809124238046546 0.0025821771063111627
4.815266159167933 0.0020470890798660367
4.821408080289321 0.0015018823690810476
4.8275500014107084 0.0009495689107129855
4.833691922532096 0.00039319948109583683
4.839833843653484 -0.00016415269985003639
4.845975764774871 -0.0007194084735216827
4.852117685896259 -0.001269499273766743
4.858259607017647 -0.0018113836015813444
4.864401528139035 -0.002342063361010822
4.870543449260422 -0.002858599974503416
4.87668537038181 -0.003358130196823974
4.882827291503197 -0.0038378815478184876
4.888969212624585 -0.004295187285776407
4.8951111337459725 -0.004727500844899261
4.90125305486736 -0.005132409662444244
4.9073949759887485 -0.005507648323488054
4.913536897110136 -0.005851110953948805
4.919678818231524 -0.006160862795543997
4.925820739352911 -0.006435150899683275
4.931962660474299 -0.006672413881025771
4.938104581595686 -0.00687129067545268
4.944246502717074 -0.007030628251591384
4.9503884238384614 -0.007149488229752844
4.95653034495985 -0.0072271523672113374
4.9626722660812375 -0.007263126874147125
4.968814187202625 -0.0072571455302882235
4.974956108324013 -0.007209171578283832
4.9810980294454 -0.007119398376152951
4.987239950566788 -0.006988248797675911
4.993381871688175 -0.006816373376363342
4.999523792809563 -0.006604647195586344
5.00566571393095 -0.006354165534543414
5.011807635052339 -0.006066238286929899
5.017949556173726 -0.0057423831764155
5.024091477295114 -0.00538431780029583
5.0302333984165015 -0.00499395053985362
5.036375319537889 -0.004573370383057947
5.042517240659277 -0.0041248357121351316
5.048659161780664 -0.0036507621152283213
5.054801082902052 -0.0031537092877536683
5.06094300402344 -0.0026363670951096325
5.067084925144828 -0.0021015408740390758
5.073226846266215 -0.0015521360551488648
5.079368767387603 -0.0009911421937415358
5.0855106885089905 -0.0004216165002728305
5.091652609630378 0.00015333303473589368
5.097794530751766 0.0007305648236011242
5.103936451873153 0.0013069210722327397
5.110078372994542 0.0018792452772286874
5.116220294115929 0.0024443997269566315
5.122362215237317 0.0029992829041389224
5.128504136358704 0.003540846688063094
5.134646057480092 0.004066113255824788
5.140787978601479 0.0045721915840323465
5.146929899722867 0.0050562934550872135
5.1530718208442545 0.005515748875497517
5.159213741965643 0.0059480208176509565
5.1653556630870305 0.0063507192010315424
5.171497584208418 0.006721614033956055
5.177639505329806 0.007058647642494638
5.183781426451193 0.0073599459192649555
5.189923347572581 0.007623828531203001
5.196065268693968 0.007848818032142667
5.202207189815356 0.008033647833034297
5.208349110936744 0.008177268989834719
5.214491032058132 0.008278855776448052
5.2206329531795195 0.008337810017503715
5.226774874300907 0.00835376416322577
5.232916795422295 0.008326583096046749
5.239058716543682 0.0082563646659504
5.24520063766507 0.008143438958715813
5.251342558786457 0.007988366308247124
5.257484479907845 0.007791934070958601
5.263626401029233 0.007555152186708405
5.269768322150621 0.007279247557012227
5.275910243272008 0.00696565727718176
5.282052164393396 0.006616020764627648
5.2881940855147835 0.0062321708307695525
5.294336006636171 0.005816123748870825
5.300477927757559 0.005370068374594577
5.306619848878946 0.0048963543801813485
5.312761770000335 0.004397479666876454
5.318903691121722 0.003876077023593957
5.32504561224311 0.0033349001027842932
5.331187533364497 0.002776808787099426
5.337329454485885 0.0022047540227188253
5.3434713756072725 0.0016217621971366027
5.34961329672866 0.001030919140803832
5.355755217850048 0.0004353538332997445
5.361897138971436 -0.0001617781043221283
5.368039060092824 -0.0007573110487066789
5.374180981214211 -0.0013480860622112453
5.380322902335599 -0.001930967547003242
5.386464823456986 -0.0025028597826959953
5.392606744578374 -0.0030607232654536174
5.398748665699761 -0.0036015907672971013
5.404890586821149 -0.004122583035387643
5.411032507942537 -0.004620924052418278
5.417174429063925 -0.005093955780912198
5.4233163501853126 -0.005539152316176504
5.4294582713067 -0.005954133374900836
5.435600192428088 -0.00633667704902218
5.441742113549475 -0.006684731757348625
5.447884034670863 -0.0069964273307011994
5.45402595579225 -0.007270085169918965
5.460167876913639 -0.007504227419990224
5.466309798035026 -0.0076975851078708605
5.472451719156414 -0.007849105196170545
5.4785936402778015 -0.007957956509830895
5.484735561399189 -0.008023534498266729
5.490877482520577 -0.008045464801034454
5.497019403641964 -0.008023605591032124
5.503161324763352 -0.007958048675476668
5.509303245884739 -0.007849119341365398
5.515445167006128 -0.007697374938860529
5.521587088127515 -0.0075036022029456315
5.527729009248903 -0.0072688133207767175
5.53387093037029 -0.006994240759337897
5.540012851491678 -0.006681330875270881
5.5461547726130656 -0.006331736336004652
5.552296693734453 -0.005947307388566072
5.558438614855841 -0.005530082019571391
5.564580535977229 -0.0050822750568834335
5.570722457098617 -0.004606266270204157
5.576864378220004 -0.0041045875343677755
5.583006299341392 -0.003579909125246824
5.589148220462779 -0.0030350252240044094
5.595290141584167 -0.00247283871072894
5.6014320627055545 -0.0018963453333471396
5.607573983826942 -0.0013086173420102046
5.6137159049483305 -0.0007127866828481118
5.619857826069718 -0.00011202784809207009
5.625999747191106 0.0004904595180093518
5.632141668312493 0.00109146815632977
5.638283589433881 0.0016878007708259846
5.644425510555268 0.0022762875447854946
5.650567431676656 0.002853803493210286
5.656709352798043 0.0034172855502736864
5.662851273919432 0.00396374929261879
5.668993195040819 0.004490305201752022
5.675135116162207 0.004994174371952867
5.681277037283595 0.005472703573914033
5.687418958404982 0.005923379588718164
5.69356087952637 0.006343842731694834
5.699702800647757 0.006731899491162522
5.705844721769145 0.007085534212938067
5.711986642890533 0.007402919767809818
5.718128564011921 0.0076824271458105975
5.724270485133308 0.007922633928009015
5.730412406254696 0.008122331593709009
5.7365543273760835 0.008280531628212429
5.742696248497471 0.008396470403678061
5.748838169618859 0.008469612813048392
5.754980090740246 0.008499654644403328
5.761122011861635 0.00848652369042546
5.767263932983022 0.00843037959488196
5.77340585410441 0.008331612445021983
5.779547775225797 0.008190840125649317
5.785689696347185 0.008008904457174303
5.7918316174685724 0.007786866146229449
5.79797353858996 0.007525998583421617
5.804115459711348 0.007227780528435659
5.810257380832735 0.0068938877279762795
5.816399301954124 0.006526183516986022
5.822541223075511 0.006126708458118773
5.828683144196899 0.005697669078633119
5.834825065318286 0.005241425767672331
5.840966986439674 0.0047604799003286204
5.847108907561061 0.004257460257944022
5.853250828682449 0.003735108816815785
5.8593927498038365 0.00319626597979647
5.865534670925225 0.0026438553273033525
5.8716765920466125 0.00208086796593046
5.877818513168 0.0015103465541735188
5.883960434289388 0.0009353690858640523
5.890102355410775 0.0003590325126217062
5.896244276532163 -0.0002155637129269823
5.90238619765355 -0.0007853340912406801
5.908528118774938 -0.0013472234454854105
5.914670039896326 -0.0018982231253178092
5.920811961017714 -0.0024353869641324643
5.9269538821391015 -0.0029558469100909018
5.933095803260489 -0.003456828252465589
5.939237724381877 -0.003935664366409101
5.945379645503264 -0.004389810901112914
5.951521566624652 -0.004816859338459581
5.957663487746039 -0.005214549851737441
5.963805408867428 -0.005580783396793749
5.969947329988815 -0.005913632971090949
5.976089251110203 -0.006211353979593534
5.98223117223159 -0.0064723936501938075
5.988373093352978 -0.006695399445513781
5.9945150144743655 -0.006879226422388703
6.000656935595753 -0.007022943495152112
6.006798856717141 -0.007125838563969004
6.012940777838529 -0.007187422474953141
6.019082698959917 -0.0072074317845533566
6.025224620081304 -0.007185830306771529
6.031366541202692 -0.007122809428098802
6.037508462324079 -0.007018787181629987
6.043650383445467 -0.006874406078575004
6.0497923045668545 -0.00669052970235111
6.055934225688242 -0.006468238077483583
6.06207614680963 -0.0062088218327039785
6.068218067931018 -0.005913775184814326
6.074359989052406 -0.005584787777025655
6.080501910173793 -0.005223735412595295
6.086643831295181 -0.004832669731493137
6.092785752416568 -0.004413806884604571
6.098927673537956 -0.00396951526648511
6.105069594659343 -0.003502302373863361
6.111211515780731 -0.0030148008629168424
6.117353436902119 -0.002509753883769063
6.123495358023507 -0.001989999775567568
6.1296372791448945 -0.0014584562099254957
6.135779200266282 -0.0009181038743468699
6.14192112138767 -0.00037196979049246396
6.148063042509057 0.00017688963526317898
6.154204963630445 0.0007254057296023433
6.160346884751832 0.0012705147377569052
6.166488805873221 0.00180917497556287
6.172630726994608 0.0023383838471155187
6.178772648115996 0.00285519462793747
6.1849145692373835 0.0033567329151668484
6.191056490358771 0.00384021264854403
6.197198411480159 0.004302951608930423
6.203340332601546 0.004742386304648804
6.209482253722934 0.005156086160136034
6.215624174844322 0.005541766926126066
6.22176609596571 0.00589730323583975
6.227908017087097 0.006220740237376677
6.234049938208485 0.0065103042386341035
6.240191859329872 0.006764412307556061
6.24633378045126 0.006981680777306286
6.2524757015726475 0.007160932612947978
6.258617622694035 0.007301203603415503
6.2647595438154235 0.007401747349860735
6.270901464936811 0.0074620390287953664
6.277043386058199 0.007481777915803135
