time TPR_both_A_open_11_rho12_real
62.83185307179586 -0.0016144745704974922
62.83799499291725 -0.0015299947716209846
62.844136914038636 -0.0014897847368225256
62.850278835160026 -0.001492947078462661
62.856420756281416 -0.0015381072171192307
62.8625626774028 -0.0016234246382538775
62.86870459852419 -0.0017466072733851833
62.87484651964557 -0.0019049289058045713
62.88098844076696 -0.0020952494831715574
62.88713036188835 -0.0023140382025525616
62.893272283009736 -0.0025573992177360784
62.899414204131126 -0.002821099803998503
62.90555612525252 -0.003100600801997157
62.9116980463739 -0.0033910891501667054
62.91783996749529 -0.003687512303921932
62.92398188861668 -0.0039846143301697085
62.93012380973806 -0.004276973457104047
62.93626573085945 -0.004559040852028719
62.942407651980844 -0.0048251803940109325
62.94854957310223 -0.005069709203523327
62.95469149422362 -0.005286938687862483
62.960833415345 -0.0054712158590352515
62.96697533646639 -0.00561696467994439
62.97311725758778 -0.005718727195084255
62.979259178709164 -0.005771204203520522
62.985401099830554 -0.005769295234673692
62.991543020951944 -0.005708137591313929
62.99768494207333 -0.005583144229158627
63.00382686319472 -0.005390040248553286
63.00996878431611 -0.005124897780827143
63.01611070543749 -0.004784169060049762
63.02225262655888 -0.004364717480031723
63.028394547680264 -0.0038638464464734144
63.034536468801655 -0.0032793258451315594
63.040678389923045 -0.0026094159587098037
63.04682031104443 -0.0018528886778904742
63.05296223216582 -0.0010090458653648434
63.05910415328721 -7.77347460138821e-05
63.06524607440859 0.000940639788691614
63.07138799552998 0.002045106058343692
63.07752991665137 0.003234119733285978
63.083671837772755 0.0045055612995508155
63.089813758894145 0.0058567368948370625
63.095955680015535 0.007284382543525744
63.10209760113692 0.008784671800564947
63.10823952225831 0.010353226795467097
63.11438144337969 0.011985132648982431
63.12052336450108 0.01367495521602828
63.12666528562247 0.015416762089528713
63.132807206743855 0.017204146780874344
63.138949127865246 0.019030255973909335
63.145091048986636 0.02088781973081272
63.15123297010802 0.02276918451008075
63.15737489122941 0.024666348839148096
63.1635168123508 0.026571001467069675
63.16965873347218 0.028474561806428336
63.17580065459357 0.03036822245812863
63.181942575714956 0.0322429935982784
63.188084496836346 0.03408974899307708
63.194226417957736 0.0358992733954378
63.20036833907912 0.0376623110664521
63.20651026020051 0.03936961515545136
63.2126521813219 0.04101199766475292
63.21879410244328 0.04258037971916619
63.22493602356467 0.04406584185597092
63.231077944686064 0.04545967404862758
63.23721986580745 0.04675342517675005
63.24336178692884 0.04793895165611969
63.24950370805023 0.04900846494555216
63.25564562917161 0.04995457765242024
63.261787550293 0.05077034796541547
63.267929471414384 0.05144932215175207
63.274071392535774 0.05198557486638279
63.280213313657164 0.05237374703281589
63.28635523477855 0.052609081068732896
63.29249715589994 0.0526874532446748
63.29863907702133 0.052605402980490455
63.30478099814271 0.052360158901846914
63.3109229192641 0.051949661497822694
63.31706484038549 0.05137258224020022
63.323206761506874 0.05062833904544585
63.329348682628265 0.049717107981350026
63.33549060374965 0.04863983114172432
63.34163252487104 0.04739822063424663
63.34777444599243 0.04599475864835904
63.35391636711381 0.044432693591998786
63.3600582882352 0.04271603230748702
63.36620020935659 0.04084952839835983
63.372342130477975 0.0388386667197331
63.378484051599365 0.03668964410521065
63.384625972720755 0.03440934642311982
63.39076789384214 0.03200532207366889
63.39690981496353 0.029485752056902424
63.40305173608492 0.026859416758513045
63.4091936572063 0.024135659616734258
63.41533557832769 0.021324347848919387
63.421477499449075 0.018435830430382306
63.427619420570466 0.015480893531283587
63.433761341691856 0.012470713629142075
63.43990326281324 0.009416808525317424
63.44604518393463 0.006330986503397401
63.45218710505602 0.0032252938758023405
63.4583290261774 0.00011196117207642668
63.46447094729879 -0.002996651771710661
63.47061286842018 -0.0060881115581349335
63.476754789541566 -0.00914996754042428
63.482896710662956 -0.012169808431068985
63.48903863178434 -0.015135318935618036
63.49518055290573 -0.018034336140372323
63.50132247402712 -0.020854905383627758
63.5074643951485 -0.02358533534275056
63.51360631626989 -0.02621425207265676
63.51974823739128 -0.028730651736000347
63.52589015851267 -0.031123951771238927
63.53203207963406 -0.033384040251510406
63.53817400075545 -0.03550132319543276
63.54431592187683 -0.037466769599869776
63.55045784299822 -0.03927195397500482
63.55659976411961 -0.040909096173095245
63.562741685240994 -0.04237109831456742
63.568883606362384 -0.043651578628169464
63.57502552748377 -0.04474490203592109
63.58116744860516 -0.04564620732861514
63.58730936972655 -0.046351430793224346
63.59345129084793 -0.04685732617017294
63.59959321196932 -0.047161480835570216
63.60573513309071 -0.04726232812135313
63.611877054212094 -0.04715915570469835
63.618018975333484 -0.046852110016918025
63.624160896454875 -0.046342196641359815
63.63030281757626 -0.04563127668941533
63.63644473869765 -0.04472205916355718
63.64258665981904 -0.043618089336266076
63.64872858094042 -0.04232373319366332
63.65487050206181 -0.040844158012517257
63.661012423183195 -0.03918530915900106
63.667154344304585 -0.03735388321689029
63.673296265425975 -0.035357297571902785
63.67943818654736 -0.03320365659723307
63.68558010766875 -0.030901714603130973
63.69172202879014 -0.028460835730435823
63.69786394991152 -0.025890950984009682
63.70400587103291 -0.023202512617299793
63.7101477921543 -0.020406446093339387
63.716289713275685 -0.01751409986036741
63.722431634397076 -0.014537193192056048
63.72857355551846 -0.011487762352538634
63.73471547663985 -0.008378105355505955
63.74085739776124 -0.005220725594021917
63.74699931888262 -0.0020282746236737195
63.75314124000401 0.0011865056139236188
63.7592831611254 0.004410840837456654
63.765425082246786 0.007631982451107051
63.771567003368176 0.010837265258103853
63.777708924489566 0.01401416457408201
63.78385084561095 0.01715035245548606
63.78999276673234 0.020233752763381276
63.79613468785373 0.023252594789789895
63.80227660897511 0.02619546518200382
63.8084185300965 0.02905135790985283
63.814560451217886 0.03180972203202778
63.82070237233928 0.03446050702986315
63.82684429346067 0.03699420549040599
63.83298621458205 0.03940189293537486
63.83912813570344 0.0416752646081109
63.84527005682483 0.04380666904736519
63.85141197794621 0.045789138294036635
63.857553899067604 0.04761641459526037
63.863695820188994 0.04928297348888506
63.86983774131038 0.050784043170775985
63.87597966243177 0.05211562006701944
63.88212158355315 0.05327448055308822
63.88826350467454 0.05425818878233054
63.89440542579593 0.05506510060631277
63.900547346917314 0.05569436358993418
63.906689268038704 0.05614591314433892
63.912831189160094 0.05642046482060976
63.91897311028148 0.05651950282687023
63.92511503140287 0.05644526485059354
63.93125695252426 0.056200723286626356
63.93739887364564 0.05578956298949475
63.94354079476703 0.05521615568592755
63.94968271588842 0.054485531200111056
63.955824637009805 0.05360334565988937
63.961966558131195 0.05257584686685596
63.96810847925258 0.05140983702702252
63.97425040037397 0.05011263305133006
63.98039232149536 0.04869202464676843
63.98653424261674 0.047156230429067456
63.99267616373813 0.045513852296915035
63.99881808485952 0.043773828315366824
64.0049600059809 0.04194538436235823
64.01110192710229 0.04003798479728343
64.01724384822369 0.038061282414165495
64.02338576934507 0.036025067944147754
64.02952769046645 0.03393921937285492
64.03566961158785 0.031813651337616475
64.04181153270923 0.029658264867706643
64.04795345383062 0.027482897727323284
64.05409537495201 0.02529727561671019
64.0602372960734 0.0231109644808457
64.06637921719478 0.02093332416806697
64.07252113831618 0.018773463672960743
64.07866305943756 0.016640198188247877
64.08480498055894 0.0145420081801707
64.09094690168034 0.012487000690384074
64.09708882280172 0.01048287305496949
64.1032307439231 0.008536879217916786
64.1093726650445 0.006655798802312869
64.11551458616589 0.004845909087684843
64.12165650728727 0.0031129600261756625
64.12779842840867 0.0014621524142765378
64.13394034953005 -0.00010188068012117313
64.14008227065143 -0.0015750891528708692
64.14622419177283 -0.0029540176959921625
64.15236611289421 -0.004235814180780271
64.1585080340156 -0.005418234563227637
64.16464995513698 -0.006499644302079155
64.17079187625838 -0.00747901629862837
64.17693379737976 -0.008355925386163223
64.18307571850114 -0.009130539415898793
64.18921763962254 -0.009803607004823014
64.19535956074392 -0.010376442029623104
64.20150148186531 -0.010850904968988533
64.2076434029867 -0.011229381214536835
64.21378532410809 -0.01151475648800819
64.21992724522947 -0.011710389519186232
64.22606916635087 -0.011820082155109154
64.23221108747225 -0.011848047086400314
64.23835300859363 -0.011798873391001332
64.24449492971503 -0.011677490108807835
64.25063685083641 -0.011489128072971562
64.2567787719578 -0.011239280234543063
64.2629206930792 -0.010933660726643627
64.26906261420058 -0.010578162922547228
64.27520453532196 -0.010178816748562327
64.28134645644336 -0.009741745517585146
64.28748837756474 -0.009273122552464836
64.29363029868613 -0.0087791278698567
64.29977221980752 -0.008265905195002188
64.3059141409289 -0.007739519575833575
64.31205606205029 -0.007205915860993019
64.31819798317167 -0.006670878300696732
64.32433990429307 -0.006139991522017742
64.33048182541445 -0.0056186031210399
64.33662374653584 -0.005111788103585896
64.34276566765723 -0.004624315393885706
64.34890758877862 -0.004160616616733718
64.3550495099 -0.003724757343506008
64.3611914310214 -0.0033204109759572484
64.36733335214278 -0.0029508354241702477
64.37347527326416 -0.002618852716497744
64.37961719438556 -0.002326831659971723
64.38575911550694 -0.002076673649637183
64.39190103662833 -0.00186980170472055
64.39804295774972 -0.0017071527886557047
64.4041848788711 -0.0015891734489092988
64.41032679999249 -0.001515818791432639
64.41646872111389 -0.0014865547835727058
64.42261064223527 -0.0015003638585428312
64.42875256335665 -0.001555753774242081
64.43489448447805 -0.001650769659417899
64.44103640559943 -0.001783009161052245
64.44717832672082 -0.001949640588502673
64.45332024784221 -0.002147423932441513
64.4594621689636 -0.00237273462013581
64.46560409008498 -0.0026215898531241227
64.47174601120636 -0.0028896773589830037
64.47788793232776 -0.003172386375671398
64.48402985344914 -0.0034648406749411987
64.49017177457053 -0.003761933420551923
64.49631369569192 -0.004058363647534094
64.50245561681331 -0.004348674140551239
64.50859753793469 -0.004627290482495814
64.51473945905609 -0.004888561038841
64.52088138017747 -0.005126797638944031
64.52702330129885 -0.005336316712446975
64.53316522242025 -0.00551148063713303
64.53930714354163 -0.005646739054057104
64.54544906466302 -0.0057366699064305025
64.55159098578442 -0.005776019960621538
64.5577329069058 -0.005759744570655659
64.56387482802718 -0.005683046451754111
64.57001674914858 -0.005541413233748238
64.57615867026996 -0.005330653571506922
64.58230059139134 -0.005046931596920681
64.58844251251274 -0.004686799505358593
64.59458443363413 -0.004247228078866873
64.60072635475551 -0.0037256349586658405
64.6068682758769 -0.0031199104906924602
64.61301019699829 -0.002428440980021931
64.61915211811967 -0.0016501292028191044
64.62529403924106 -0.000784412038238806
64.63143596036245 0.00016872490295354647
64.63757788148384 0.0012087357610883222
64.64371980260522 0.0023345061138988006
64.64986172372662 0.0035443479422863204
64.656003644848 0.00483599793438518
64.66214556596938 0.006206619169399124
64.66828748709078 0.007652806204630095
64.67442940821216 0.009170593570923398
64.68057132933355 0.010755467663174596
64.68671325045494 0.012402381993628088
64.69285517157633 0.014105775756916723
64.69899709269771 0.01585959563669956
64.7051390138191 0.01765732076489175
64.71128093494049 0.019491990725740375
64.71742285606187 0.021356236478541537
64.72356477718327 0.023242314054736243
64.72970669830465 0.025142140867532616
64.73584861942604 0.027047334455438103
64.74199054054743 0.028949253464800064
64.74813246166882 0.030839040661351857
64.7542743827902 0.03270766774656616
64.7604163039116 0.03454598174147277
64.76655822503298 0.03634475268898903
64.77270014615436 0.038094722415312955
64.77884206727575 0.03978665408209672
64.78498398839714 0.04141138225383297
64.79112590951853 0.042959863199245094
64.79726783063991 0.04442322514166003
64.80340975176131 0.0457928181711991
64.80955167288269 0.047060263531518993
64.81569359400407 0.048217501995421116
64.82183551512547 0.04925684104723174
64.82797743624685 0.05017100059527102
64.83411935736824 0.05095315694498818
64.84026127848963 0.05159698477239305
64.84640319961102 0.052096696848204414
64.8525451207324 0.052447081275564376
64.8586870418538 0.0526435360181533
64.86482896297518 0.052682100510963954
64.87097088409656 0.05255948416269857
64.87711280521796 0.05227309157671698
64.88325472633935 0.05182104433633153
64.88939664746073 0.051202199220114146
64.89553856858213 0.05041616273340475
64.90168048970351 0.04946330186330897
64.90782241082489 0.04834475098597454
64.91396433194629 0.04706241487668108
64.92010625306767 0.04561896779518829
64.92624817418906 0.04401784864040583
64.93239009531044 0.04226325219024257
64.93853201643184 0.040360116463564466
64.94467393755322 0.0383141062620827
64.9508158586746 0.036131592970151165
64.956957779796 0.0338196307099991
64.96309970091738 0.03138592896878752
64.96924162203877 0.02883882183154632
64.97538354316016 0.026187233971343905
64.98152546428155 0.023440643563827305
64.98766738540293 0.02060904230821179
64.99380930652433 0.017702892750928012
64.99995122764571 0.014733083120541285
65.00609314876709 0.011710879894446868
65.01223506988849 0.008647878328188389
65.01837699100987 0.005555951187517977
65.02451891213126 0.0024471959313941334
65.03066083325265 -0.0006661193990089385
65.03680275437404 -0.0037716113244084166
65.04294467549542 -0.006856836839584406
65.04908659661682 -0.009909349824901725
65.0552285177382 -0.01291675768665725
65.06137043885958 -0.01586677795482962
65.06751235998098 -0.01874729456684906
65.07365428110236 -0.021546413567842662
65.07979620222375 -0.024252517960165598
65.08593812334513 -0.026854321438938986
65.09208004446653 -0.029340920755276317
65.09822196558791 -0.03170184645487842
65.1043638867093 -0.033927111747010914
65.11050580783069 -0.0360072592669155
65.11664772895207 -0.037933405504363464
65.12278965007346 -0.03969728268123525
65.12893157119485 -0.04129127787253001
65.13507349231624 -0.04270846917761374
65.14121541343762 -0.04394265876186852
65.14735733455902 -0.04498840260316656
65.1534992556804 -0.04584103679267572
65.15964117680178 -0.046496700255545864
65.16578309792318 -0.04695235377355374
65.17192501904456 -0.047205795209262755
65.17806694016595 -0.04725567084920089
65.18420886128735 -0.04710148280205146
65.19035078240873 -0.04674359240690376
65.19649270353011 -0.04618321962592836
65.20263462465151 -0.04542243841552787
65.20877654577289 -0.04446416808986374
65.21491846689428 -0.043312160710605056
65.22106038801567 -0.041970984556684056
65.22720230913706 -0.040446003747713094
65.23334423025844 -0.038743354114235636
65.23948615137982 -0.03686991542736856
65.24562807250122 -0.034833280119123275
65.2517699936226 -0.032641718643015
65.25791191474399 -0.03030414164212574
65.26405383586538 -0.027830059108596636
65.27019575698677 -0.025229536734519244
65.27633767810815 -0.022513149668925495
65.28247959922955 -0.019691933909636663
65.28862152035093 -0.0167773355712047
65.29476344147231 -0.013781158281513758
65.30090536259371 -0.010715508969823252
65.3070472837151 -0.0075927423173204524
65.31318920483648 -0.004425404148568883
65.31933112595787 -0.0012261740477143763
65.32547304707926 0.0019921925127024368
65.33161496820064 0.0052169222400902165
65.33775688932204 0.008435281996300073
65.34389881044342 0.011634636388000016
65.3500407315648 0.01480250468538219
65.3561826526862 0.017926616785364766
65.36232457380758 0.020994967941296547
65.36846649492897 0.023995871988299382
65.37460841605036 0.026918012801753165
65.38075033717175 0.02975049373676812
65.38689225829313 0.03248288480758267
65.39303417941451 0.035105267378545406
65.39917610053591 0.0376082761521554
65.4053180216573 0.03998313825446353
65.41145994277868 0.04222170923416735
65.41760186390007 0.044316505808310834
65.42374378502146 0.0462607352053831
65.42988570614284 0.04804832097471021
65.43602762726424 0.04967392515003123
65.44216954838562 0.05113296667454491
65.448311469507 0.05242163601449652
65.4544533906284 0.05353690590843647
65.46059531174978 0.054476538219479786
65.46673723287117 0.055239086878309265
65.47287915399257 0.05582389692478224
65.47902107511395 0.05623109967623204
65.48516299623533 0.05646160407039872
65.49130491735673 0.05651708425041071
65.49744683847811 0.05639996347839056
65.5035887595995 0.05611339448274075
65.50973068072089 0.05566123636209691
65.51587260184228 0.055048028186108905
65.52201452296366 0.054278959449569765
65.52815644408506 0.053359837551876656
65.53429836520644 0.05229705248832929
65.54044028632782 0.051097538953157544
65.5465822074492 0.049768736066578126
65.5527241285706 0.04831854494927271
65.55886604969199 0.046755284377649364
65.56500797081337 0.04508764476187602
65.57114989193477 0.043324640696016714
65.57729181305615 0.041475562335654435
65.58343373417753 0.039549925862871094
65.58957565529893 0.037557423301880506
65.59571757642031 0.03550787195035068
65.6018594975417 0.033411163691911314
65.6080014186631 0.0312772144546068
65.61414333978448 0.029115914077584758
65.62028526090586 0.02693707684490318
65.62642718202726 0.02475039294040088
65.63256910314864 0.02256538107144623
65.63871102427002 0.02039134250203435
65.64485294539142 0.018237316727193607
65.6509948665128 0.01611203901112337
65.65713678763419 0.014023900000605815
65.66327870875558 0.01198090761382146
65.66942062987697 0.009990651391903534
65.67556255099835 0.008060269487078579
65.68170447211975 0.006196418447121579
65.68784639324113 0.004405245940543015
65.69398831436251 0.0026923665513907766
65.7001302354839 0.0010628407561130543
65.7062721566053 -0.00047884282199850246
65.71241407772668 -0.0019287818026124672
65.71855599884806 -0.0032836710221703976
65.72469791996946 -0.004540810049458704
65.73083984109084 -0.005698107219381365
65.73698176221222 -0.006754080179866853
65.74312368333362 -0.007707852965716726
65.749265604455 -0.008559149632054265
65.75540752557639 -0.009308284498853011
65.76154944669779 -0.009956149076728916
65.76769136781917 -0.010504195762626062
65.77383328894055 -0.010954418412337966
65.77997521006195 -0.011309329914421382
65.78611713118333 -0.01157193690744434
65.79225905230471 -0.011745711799142404
65.79840097342611 -0.01183456226188759
65.8045428945475 -0.011842798394076145
65.81068481566888 -0.01177509775106013
65.81682673679028 -0.01163646846234237
65.82296865791166 -0.011432210663628123
65.82911057903304 -0.011167876482919099
65.83525250015444 -0.010849228829046285
65.84139442127582 -0.010482199238755806
65.8475363423972 -0.010072845044686259
65.85367826351859 -0.009627306131049129
65.85982018463999 -0.009151761546720719
65.86596210576137 -0.008652386246519943
65.87210402688275 -0.00813530823077559
65.87824594800415 -0.007606566350799403
65.88438786912553 -0.007072069043591604
65.89052979024692 -0.006537554253058323
65.89667171136831 -0.006008550787171853
65.9028136324897 -0.005490341351001314
65.90895555361108 -0.004987927484377321
65.91509747473248 -0.004505996620230172
65.92123939585386 -0.004048891465489222
65.92738131697524 -0.0036205818909060385
65.93352323809664 -0.003224639499438623
65.93966515921802 -0.002864215025019895
65.9458070803394 -0.0025420186947802985
65.9519490014608 -0.0022603036682547098
65.95809092258219 -0.0020208526469298865
65.96423284370357 -0.0018249677268542235
65.97037476482497 -0.001673463546069085
65.97651668594635 -0.0015666637575235062
65.98265860706773 -0.0015044008370358436
65.98880052818913 -0.0014860192149161136
65.99494244931051 -0.0015103816992350625
66.0010843704319 -0.0015758791385186515
66.00722629155328 -0.0016804432520217596
66.01336821267468 -0.0018215625367961575
66.01951013379606 -0.0019963011426239997
66.02565205491744 -0.0022013205886492913
66.03179397603884 -0.002432904179266923
66.03793589716022 -0.0026869839616376545
66.04407781828161 -0.0029591700531058605
66.050219739403 -0.0032447821538933315
66.05636166052439 -0.0035388830487530967
66.06250358164577 -0.0038363138908275407
66.06864550276717 -0.004131731051787553
66.07478742388855 -0.004419644314449347
66.08092934500993 -0.004694456177483326
66.08707126613133 -0.004950502036532127
66.09321318725272 -0.005182091002053977
66.0993551083741 -0.005383547111469844
66.1054970294955 -0.005549250691726706
66.11163895061688 -0.005673679628141564
66.11778087173826 -0.0057514502963719755
66.12392279285966 -0.005777357916517209
66.13006471398104 -0.0057464160916707065
66.13620663510243 -0.005653895297686815
66.14234855622382 -0.005495360096462077
66.1484904773452 -0.005266704851650556
66.15463239846659 -0.004964187733324218
66.16077431958797 -0.004584462806769443
66.16691624070937 -0.004124610010158049
66.17305816183075 -0.003582162836376377
66.17920008295214 -0.0029551335456920406
66.18534200407353 -0.0022420357482086086
66.19148392519492 -0.0014419042081777684
66.1976258463163 -0.00055431173603131
66.2037677674377 0.00042061695129864285
66.20990968855908 0.0014821945059617463
66.21605160968046 0.002629163448918915
66.22219353080186 0.0038596919654167545
66.22833545192324 0.005171373050824651
66.23447737304463 0.0065612270437648045
66.24061929416602 0.00802570756548524
66.2467612152874 0.00956071086605585
66.25290313640879 0.01116158855931932
66.25904505753019 0.012823163709684955
66.26518697865157 0.014539750214848546
66.27132889977295 0.0163051754096817
66.27747082089435 0.01811280579749476
66.28361274201573 0.01995557579630991
66.28975466313712 0.02182601936941356
66.29589658425851 0.02371630439139823
66.3020385053799 0.025618269583682723
66.30818042650128 0.027523463836657623
66.31432234762266 0.029423187719746696
66.32046426874406 0.03130853696571125
66.32660618986544 0.03317044770157285
66.33274811098683 0.03499974318587149
66.33889003210822 0.03678718180042448
66.34503195322961 0.03852350603489003
66.35117387435099 0.04019949219383052
66.35731579547239 0.04180600054914011
66.36345771659377 0.043334025655516896
66.36959963771515 0.04477474654324089
66.37574155883655 0.04611957650091992
66.38188347995793 0.047360212161104406
66.38802540107932 0.048488681603868426
66.39416732220072 0.04949739119739443
66.4003092433221 0.05037917090054314
66.40645116444348 0.051127317760082475
66.41259308556488 0.051735637344735616
66.41873500668626 0.05219848286943482
66.42487692780765 0.052510791775978824
66.43101884892904 0.05266811955065569
66.43716077005043 0.05266667057515005
66.44330269117181 0.05250332582408906
66.4494446122932 0.052175667240755494
66.45558653341459 0.05168199864170965
66.46172845453597 0.051021363020985845
66.46787037565737 0.050193556145333905
66.47401229677875 0.04919913635312473
66.48015421790014 0.04803943049109176
66.48629613902152 0.04671653594500469
66.49243806014292 0.04523331874200091
66.4985799812643 0.043593407724291794
66.50472190238568 0.041801184815205776
66.51086382350708 0.03986177141992657
66.51700574462846 0.03778101102378382
66.52314766574985 0.03556544807098317
66.52928958687124 0.03322230322622358
66.53543150799263 0.030759445139919836
66.54157342911401 0.02818535885565644
66.5477153502354 0.02550911101515906
66.55385727135679 0.022740312031811795
66.55999919247817 0.019889075418438377
66.56614111359957 0.016965974468661684
66.57228303472095 0.013981996503747976
66.57842495584234 0.010948494907880043
66.58456687696373 0.007877139185328615
66.59070879808512 0.004779863281707359
66.5968507192065 0.0016688124192700596
66.6029926403279 -0.0014437112969401713
66.60913456144928 -0.004545304240283367
66.61527648257066 -0.007623517324774906
66.62141840369206 -0.010665912499254405
66.62756032481344 -0.013660119402541668
66.63370224593483 -0.016593891908056102
66.63984416705621 -0.019455164286963634
66.64598608817761 -0.022232106720598516
66.65212800929899 -0.024913179896028034
66.65826993042037 -0.027487188422521326
66.66441185154177 -0.029943332812000092
66.67055377266315 -0.032271259772902273
66.67669569378454 -0.034461110574352284
66.68283761490594 -0.03650356724608576
66.68897953602732 -0.038389896389123976
66.6951214571487 -0.040111990383056406
66.7012633782701 -0.04166240578720421
66.70740529939148 -0.043034398745778205
66.71354722051287 -0.0442219572207032
66.71968914163426 -0.045219829890142595
66.72583106275565 -0.04602355156627091
66.73197298387703 -0.046629465001817264
66.73811490499843 -0.04703473897182211
66.74425682611981 -0.047237382534570105
66.75039874724119 -0.0472362553937815
66.75654066836259 -0.04703107430279037
66.76268258948397 -0.04662241547053367
66.76882451060536 -0.046011712948633654
66.77496643172675 -0.04520125299855931
66.78110835284814 -0.04419416445775955
66.78725027396952 -0.042994405143584234
66.7933921950909 -0.04160674435379767
66.7995341162123 -0.04003674154218055
66.80567603733368 -0.03829072126736888
66.81181795845507 -0.03637574453210489
66.81795987957646 -0.03429957664891529
66.82410180069785 -0.0320706517862502
66.83024372181923 -0.029698034366491224
66.83638564294063 -0.02719137750398691
66.84252756406201 -0.024560878686738553
66.8486694851834 -0.021817232920174713
66.85481140630479 -0.01897158356492682
66.86095332742617 -0.016035471112838835
66.86709524854756 -0.013020780156466379
66.87323716966895 -0.009939684816969505
66.87937909079034 -0.006804592903614737
66.88552101191172 -0.00362808908457314
66.89166293303312 -0.00042287735418351455
66.8978048541545 0.0027982769147761985
66.90394677527588 0.0060226050432886265
66.91008869639728 0.009237392951642174
66.91623061751866 0.012430038608778532
66.92237253864005 0.015588108738496332
66.92851445976143 0.01869939450010565
66.93465638088283 0.021751965867141704
66.94079830200421 0.02473422443517041
66.94694022312561 0.027634954398834018
66.95308214424699 0.03044337144834618
66.95922406536837 0.03314916934772343
66.96536598648976 0.035742563969561894
66.97150790761116 0.03821433457553814
66.97764982873254 0.04055586214681804
66.98379174985392 0.04275916458476317
66.98993367097532 0.04481692861931745
66.9960755920967 0.04672253828018495
67.00221751321808 0.04847009980456361
67.00835943433948 0.050054462874003204
67.01450135546087 0.05147123809263673
67.02064327658225 0.05271681063887457
67.02678519770365 0.05378835004265274
67.03292711882503 0.05468381606076453
67.03906903994641 0.055401960642968165
67.04521096106781 0.05594232600186153
67.05135288218919 0.056305238819576955
67.05749480331058 0.05649180064414362
67.06363672443197 0.05650387454778577
67.06977864555336 0.05634406813837857
67.07592056667474 0.05601571303369207
67.08206248779612 0.055522840925756184
67.08820440891752 0.054870156379683566
67.0943463300389 0.054063006527426204
67.1004882511603 0.05310734783216971
67.10663017228168 0.052009710113315406
67.11277209340307 0.05077715803516348
67.11891401452445 0.04941725027446885
67.12505593564585 0.04793799659287653
67.13119785676723 0.046347813049888366
67.13733977788861 0.04465547560027027
67.14348169901001 0.042870072326944085
67.1496236201314 0.04100095456590459
67.15576554125278 0.039057687184105266
67.16190746237417 0.03704999827411315
67.16804938349556 0.034987728530845794
67.17419130461694 0.03288078057583359
67.18033322573834 0.030739068493212045
67.18647514685972 0.02857246783914003
67.1926170679811 0.02639076638224934
67.1987589891025 0.024203615827778007
67.20490091022388 0.02202048477143686
67.21104283134527 0.01985061312141273
67.21718475246666 0.01770296821830326
67.22332667358805 0.015586202872631535
67.22946859470943 0.013508615528858046
67.23561051583083 0.011478112752814568
67.24175243695221 0.009502174226649352
67.2478943580736 0.007587820421675976
67.25403627919499 0.005741583105022528
67.26017820031637 0.003969478820825744
67.26632012143776 0.002276985470620539
67.27246204255914 0.0006690221013291134
67.27860396368054 -0.0008500680079994514
67.28474588480192 -0.0022765308869437213
67.2908878059233 -0.0036072119861814567
67.2970297270447 -0.004839562824139853
67.30317164816609 -0.005971644148745171
67.30931356928747 -0.0070021256140658725
67.31545549040887 -0.007930281990254051
67.32159741153025 -0.008755985944196316
67.32773933265163 -0.009479697447073781
67.33388125377303 -0.010102449883569972
67.34002317489441 -0.01062583295606947
67.3461650960158 -0.011051972495144044
67.35230701713719 -0.011383507305341342
67.35844893825858 -0.0116235631924095
67.36459085937996 -0.011775724334563342
67.37073278050136 -0.01184400217611373
67.37687470162274 -0.011832802036596375
67.38301662274412 -0.011746887642483496
67.38915854386552 -0.011591343801220956
67.3953004649869 -0.011371537448979244
67.40144238610829 -0.01109307731375136
67.40758430722968 -0.0107617724442312
67.41372622835107 -0.010383589862335533
67.41986814947245 -0.00996461160294419
67.42601007059383 -0.009510991408579089
67.43215199171523 -0.009028911349153046
67.43829391283661 -0.00852453863756213
67.444435833958 -0.008003982910781226
67.4505777550794 -0.0074732542431589595
67.45671967620078 -0.006938222153912999
67.46286159732216 -0.006404575864288534
67.46900351844356 -0.005877786051603153
67.47514543956494 -0.005363068337460232
67.48128736068632 -0.004865348735855916
67.48742928180772 -0.004389231273817686
67.4935712029291 -0.0039389679826937075
67.49971312405049 -0.0035184314423931206
67.50585504517188 -0.0031310900438500117
67.51199696629327 -0.002779986116930673
67.51813888741465 -0.0024677170520384386
67.52428080853605 -0.0021964195239512533
67.53042272965743 -0.001967756906133271
67.53656465077881 -0.0017829099430192866
67.54270657190021 -0.0016425707267684257
67.5488484930216 -0.0015469400038659981
67.55499041414298 -0.0014957278158789886
67.56113233526438 -0.001488157457791379
67.56727425638576 -0.001522972716800035
67.57341617750714 -0.0015984483343939075
67.57955809862852 -0.00171240361505969
67.58570001974992 -0.0018622190862180757
67.5918419408713 -0.0020448560960629365
67.59798386199269 -0.002256879218972048
67.60412578311409 -0.0024944813221528905
67.61026770423547 -0.002753511132254251
67.61640962535685 -0.0030295031268911966
67.62255154647825 -0.003317709563412335
67.62869346759963 -0.003613134445867772
67.63483538872102 -0.003910569221010987
67.64097730984241 -0.004204629985317152
67.6471192309638 -0.004489795977451575
67.65326115208518 -0.004760449124353815
67.65940307320658 -0.0050109144041360415
67.66554499432796 -0.005235500785307984
67.67168691544934 -0.0054285424994241225
67.67782883657074 -0.00558444040308456
67.68397075769212 -0.005697703185295469
67.6901126788135 -0.005762988177453151
67.6962545999349 -0.005775141525686385
67.70239652105629 -0.0057292374888825446
67.70853844217767 -0.005620616630434671
67.71468036329907 -0.005444922677584895
67.72082228442045 -0.005198137829061748
67.72696420554183 -0.004876616299623175
67.73310612666322 -0.004477115898979374
67.73924804778461 -0.00399682745238942
67.745389968906 -0.0034334018809881106
67.75153189002738 -0.0027849747714897974
67.75767381114878 -0.002050188277463795
67.76381573227016 -0.0012282102075762745
67.76995765339154 -0.0003187501703171586
67.77609957451294 0.0006779273405059566
67.78224149563432 0.001760993019752457
67.7883834167557 0.002929046068547283
67.7945253378771 0.004180110822931834
67.80066725899849 0.00551163674372939
67.80680918011987 0.006920501800191159
67.81295110124127 0.008403019261739718
67.81909302236265 0.009954947893773705
67.82523494348403 0.011571505534798876
67.83137686460543 0.013247386013157614
67.83751878572681 0.01497677934281935
67.8436607068482 0.016753395118619386
67.8498026279696 0.018570489012542227
67.85594454909098 0.020420892254031497
67.86208647021236 0.022297043959034854
67.86822839133376 0.02419102615467903
67.87437031245514 0.02609460132918753
67.88051223357652 0.0279992523202604
67.88665415469791 0.029896224339281664
67.8927960758193 0.031776568914138235
67.89893799694069 0.03363118951972641
67.90507991806207 0.035450888652844584
67.91122183918347 0.037226416097075415
67.91736376030485 0.03894851811358101
67.92350568142624 0.040607987285740776
67.92964760254763 0.04219571273896589
67.93578952366902 0.04370273045237553
67.9419314447904 0.045120273376038245
67.9480733659118 0.046439821066282576
67.95421528703318 0.047653148552404455
67.96035720815456 0.04875237415063049
67.96649912927596 0.04973000594571618
67.97264105039734 0.05057898666690087
67.97878297151873 0.05129273669310343
67.98492489264012 0.051865194932169095
67.9910668137615 0.05229085733060764
67.99720873488289 0.05256481278347114
68.00335065600429 0.052682776228747785
68.00949257712567 0.05264111872673945
68.01563449824705 0.052436894342199725
68.02177641936845 0.05206786366551561
68.02791834048983 0.05153251382853194
68.03406026161122 0.05083007489087633
68.0402021827326 0.04996053249346526
68.046344103854 0.04892463669718044
68.05248602497538 0.04772390694639182
68.05862794609676 0.046360633118727214
68.06476986721816 0.044837872644484404
68.07091178833954 0.0431594437005784
68.07705370946093 0.041329914505500706
68.08319563058232 0.03935458876274403
68.08933755170371 0.037239487320659515
68.09547947282509 0.03499132613659761
68.10162139394649 0.03261749065234084
68.10776331506787 0.030126006706285815
68.11390523618925 0.027525508125040548
68.12004715731065 0.02482520115391845
68.12618907843203 0.02203482590107716
68.13233099955342 0.01916461498445709
68.13847292067481 0.01622524958425068
68.1446148417962 0.013227813115467613
68.15075676291758 0.010183742746472255
68.15689868403898 0.007104778999123942
68.16304060516036 0.0040029136748269325
68.16918252628174 0.0008903363582763894
68.17532444740314 -0.002220620243035234
68.18146636852453 -0.005317535860290675
68.18760828964591 -0.008387958858957436
68.19375021076729 -0.011419462798624574
68.19989213188869 -0.014399703085991387
68.20603405301007 -0.01731647344945337
68.21217597413145 -0.02015776196470583
68.21831789525285 -0.022911806362816797
68.22445981637424 -0.025567148355344724
68.23060173749562 -0.028112686715709993
68.23674365861702 -0.030537728861202474
68.2428855797384 -0.032832040686884466
68.24902750085978 -0.034985894410366127
68.25516942198118 -0.03699011419506153
68.26131134310256 -0.03883611932970292
68.26745326422395 -0.04051596475258656
68.27359518534534 -0.04202237872103741
68.27973710646673 -0.04334879743946452
68.28587902758811 -0.04448939647319072
68.2920209487095 -0.04543911878993713
68.29816286983089 -0.04619369928633884
68.30430479095227 -0.04674968567328605
68.31044671207367 -0.047104455610773276
68.31658863319505 -0.04725623000072934
68.32273055431644 -0.047204082364529394
68.32887247543783 -0.04694794425063061
68.33501439655922 -0.04648860663701637
68.3411563176806 -0.04582771731261597
68.34729823880198 -0.04496777424165983
68.35344015992338 -0.04391211493483558
68.35958208104476 -0.04266490187108384
68.36572400216615 -0.041231104033731654
68.37186592328754 -0.03961647464447401
68.37800784440893 -0.03782752519806718
68.38414976553031 -0.035871495919733716
68.39029168665171 -0.03375632278581402
68.39643360777309 -0.03149060126613675
68.40257552889447 -0.02908354696378923
68.40871745001587 -0.026544953344338616
68.41485937113725 -0.023885146762064803
68.42100129225864 -0.021114939004955775
68.42714321338003 -0.018245577593700633
68.43328513450142 -0.015288694081754624
68.4394270556228 -0.01225625061421852
68.4455689767442 -0.009160485012787722
68.45171089786558 -0.006013854661571448
68.45785281898696 -0.0028289794751457805
68.46399474010836 0.00038141576510654997
68.47013666122974 0.003604559417124785
68.47627858235113 0.0068276910359411
68.48242050347253 0.010038119192306343
68.48856242459391 0.013223278762930845
68.49470434571529 0.016370787406618112
68.50084626683667 0.019468500945059208
68.50698818795807 0.022504567373713525
68.51313010907946 0.0254674792359122
68.51927203020084 0.02834612410271385
68.52541395132224 0.03112983291170932
68.53155587244362 0.03380842592987821
68.537697793565 0.036372256119057145
68.5438397146864 0.038812249696633806
68.54998163580778 0.041119943699709983
68.55612355692917 0.043287520377323016
68.56226547805056 0.045307838252355515
68.56840739917195 0.04717445971299878
68.57454932029333 0.048881675012052435
68.58069124141473 0.05042452257159611
68.58683316253611 0.0517988055101719
68.59297508365749 0.05300110432955015
68.59911700477889 0.054028785718313856
68.60525892590027 0.054880007449742946
68.61140084702166 0.055553719371879494
68.61754276814305 0.05604966050772322
68.62368468926444 0.05636835230362072
68.62982661038582 0.056511088083594306
68.63596853150722 0.05647991878663964
68.6421104526286 0.05627763508290441
68.64825237374998 0.055907745982843385
68.65439429487137 0.05537445407102252
68.66053621599276 0.05468262751301825
68.66667813711415 0.053837768999791404
68.67282005823553 0.05284598180887864
68.67896197935693 0.05171393317577671
68.68510390047831 0.050448815181724754
68.6912458215997 0.049058303375890906
68.69738774272109 0.04755051336050356
68.70352966384247 0.045933955576760215
68.70967158496386 0.044217488537344724
68.71581350608525 0.04241027075804881
68.72195542720664 0.04052171164637001
68.72809734832802 0.03856142160874933
68.73423926944942 0.0365391616408517
68.7403811905708 0.034464792666334745
68.74652311169218 0.032348224889324144
68.75266503281358 0.03019936742440126
68.75880695393496 0.02802807846476609
68.76494887505635 0.025844116245183145
68.77109079617775 0.02365709105074428
68.77723271729913 0.021476418515740295
68.78337463842051 0.01931127444900026
68.78951655954191 0.017170551412985017
68.79565848066329 0.015062817273847682
68.80180040178467 0.01299627592828725
68.80794232290606 0.010978730401137761
68.81408424402746 0.009017548494358164
68.82022616514884 0.007119631154310725
68.82636808627022 0.005291383709469443
68.83251000739162 0.0035386901153147444
68.838651928513 0.0018668903271877276
68.84479384963439 0.0002807609050416333
68.85093577075578 -0.0012155010628911638
68.85707769187717 -0.0026182906482968686
68.86321961299855 -0.003924604331623718
68.86936153411995 -0.005132045778526728
68.87550345524133 -0.006238828129667034
68.88164537636271 -0.007243772808189235
68.88778729748411 -0.008146304868109935
68.89392921860549 -0.008946444925696543
68.90007113972688 -0.009644797734688765
68.90621306084827 -0.010242537484825441
68.91235498196966 -0.010741389921445577
68.91849690309104 -0.011143611402050004
68.92463882421244 -0.011451965023086702
68.93078074533382 -0.01166969396730821
68.9369226664552 -0.011800492238330535
68.9430645875766 -0.011848472964449587
68.94920650869798 -0.011818134468505114
68.95534842981937 -0.01171432431408484
68.96149035094075 -0.011542201550879707
68.96763227206215 -0.011307197393251424
68.97377419318353 -0.01101497457596938
68.97991611430491 -0.010671385639592803
68.98605803542631 -0.010282430404881474
68.9921999565477 -0.00985421290105354
68.99834187766908 -0.00939289801635263
69.00448379879047 -0.008904668141384279
69.01062571991186 -0.008395680075888715
69.01676764103324 -0.007872022468033849
69.02290956215464 -0.007339674051928445
69.02905148327602 -0.006804462943869789
69.0351934043974 -0.0062720272509106745
69.0413353255188 -0.005747777236624348
69.04747724664018 -0.005236859278614724
69.05361916776157 -0.004744121840366784
69.05976108888296 -0.004274083666568232
69.06590301000435 -0.0038309043961940103
69.07204493112573 -0.0034183577714951346
69.07818685224713 -0.0030398076037489955
69.08432877336851 -0.002698186638325663
69.0904706944899 -0.0023959784424588807
69.09661261561129 -0.0021352024192353757
69.10275453673268 -0.0019174020308865883
69.10889645785406 -0.001743636293656995
