time TPR_both_C_closed_1_rho12_real
0.0 0.0
0.00614192112138767 -0.00011305485098410342
0.01228384224277534 -0.00045084519164587377
0.01842576336416301 -0.001009268048160599
0.02456768448555068 -0.0017815502400052793
0.030709605606938348 -0.002758344538500113
0.03685152672832602 -0.003927861330963397
0.042993447849713685 -0.005276032952962238
0.04913536897110136 -0.006786707205722165
0.05527729009248903 -0.008441866043324496
0.061419211213876695 -0.010221865008629635
0.06756113233526437 -0.012105688725994206
0.07370305345665204 -0.014071217625069327
0.07984497457803971 -0.01609550106993977
0.08598689569942737 -0.018155032193145963
0.09212881682081504 -0.020226019971924664
0.09827073794220272 -0.02228465441809427
0.10441265906359039 -0.02430736116481628
0.11055458018497806 -0.026271042203135617
0.11669650130636572 -0.028153300028678753
0.12283842242775339 -0.029932642984867617
0.12898034354914106 -0.031588670115763266
0.13512226467052874 -0.03310223435367336
0.1412641857919164 -0.0344555833510752
0.14740610691330408 -0.03563247771323071
0.15354802803469175 -0.03661828679001412
0.15968994915607942 -0.037400062538625066
0.16583187027746707 -0.0379665922711962
0.17197379139885474 -0.038308431353122376
0.17811571252024241 -0.03841791712122253
0.1842576336416301 -0.03828916544880519
0.19039955476301776 -0.037918051501344585
0.19654147588440543 -0.037302176306175695
0.2026833970057931 -0.036440820806820096
0.20882531812718078 -0.0353348890914877
0.21496723924856845 -0.0339868424797908
0.22110916036995612 -0.03240062612508107
0.2272510814913438 -0.030581589744863143
0.23339300261273144 -0.028536404030711875
0.2395349237341191 -0.026272974213832418
0.24567684485550678 -0.02380035217429396
0.25181876597689445 -0.021128648382227423
0.2579606870982821 -0.01826894484894079
0.2641026082196698 -0.015233210145966635
0.27024452934105747 -0.012034217421541711
0.27638645046244514 -0.008685466208057383
0.2825283715838328 -0.005201108671880346
0.2886702927052205 -0.0015958808100512676
0.29481221382660816 0.0021149610516956784
0.30095413494799583 0.00591569825667273
0.3070960560693835 0.009790202258984042
0.3132379771907712 0.013721981606452613
0.31937989831215885 0.017694223706699846
0.3255218194335465 0.02168983175713411
0.33166374055493414 0.025691457350563808
0.3378056616763218 0.029681529389559758
0.3439475827977095 0.03364228005294269
0.35008950391909716 0.03755576865538806
0.35623142504048483 0.04140390432478659
0.3623733461618725 0.04516846849048236
0.3685152672832602 0.04883113822777977
0.37465718840464785 0.05237351153925266
0.3807991095260355 0.05577713567061829
0.3869410306474232 0.05902353955760441
0.39308295176881086 0.06209427147980521
0.39922487289019853 0.06497094295759852
0.4053667940115862 0.0676352798685148
0.4115087151329739 0.07006918167990296
0.41765063625436155 0.07225478959538242
0.4237925573757492 0.07417456429365639
0.4299344784971369 0.0758113738002485
0.43607639961852457 0.07714859187631756
0.44221832073991224 0.07817020713486347
0.4483602418612999 0.07886094290461147
0.4545021629826876 0.07920638765718742
0.4606440841040752 0.07919313559571935
0.4667860052254629 0.07880893677485308
0.47292792634685055 0.07804285588577911
0.4790698474682382 0.07688543859790656
0.4852117685896259 0.0753288841041977
0.49135368971101356 0.07336722227297475
0.49749561083240124 0.0709964935684582
0.5036375319537889 0.06821492966870467
0.5097794530751766 0.06502313248634492
0.5159213741965643 0.06142424908795649
0.5220632953179519 0.057424139815406554
0.5282052164393396 0.053031536740427807
0.5343471375607273 0.048258189435402755
0.5404890586821149 0.04311899492223964
0.5466309798035026 0.03763210857083349
0.5527729009248903 0.03181903266260429
0.558914822046278 0.025704679316933324
0.5650567431676656 0.019317404503258556
0.5711986642890533 0.012689009933817883
0.577340585410441 0.005854709756643363
0.5834825065318286 -0.0011469408490918287
0.5896244276532163 -0.008274157827089052
0.595766348774604 -0.01548208348323103
0.6019082698959917 -0.0227229867549618
0.6080501910173793 -0.029946509983804
0.614192112138767 -0.03709996310761091
0.6203340332601547 -0.044128665545367096
0.6264759543815424 -0.050976335315943824
0.63261787550293 -0.05758552411580266
0.6387597966243177 -0.06389809618543983
0.6449017177457054 -0.06985574783078355
0.651043638867093 -0.07540056344886249
0.6571855599884806 -0.08047560285686062
0.6633274811098683 -0.08502551366512445
0.669469402231256 -0.0889971613974468
0.6756113233526436 -0.09234026907975197
0.6817532444740313 -0.09500805712798831
0.687895165595419 -0.09695787360624583
0.6940370867168066 -0.09815180433568574
0.7001790078381943 -0.0985572519509299
0.706320928959582 -0.09814747285654385
0.7124628500809697 -0.09690206115979791
0.7186047712023573 -0.0948073690668934
0.724746692323745 -0.09185685393865885
0.7308886134451327 -0.08805134320781283
0.7370305345665203 -0.08339920965088997
0.743172455687908 -0.07791645105933077
0.7493143768092957 -0.07162667012973313
0.7554562979306834 -0.06456095234573209
0.761598219052071 -0.05675764169714652
0.7677401401734587 -0.04826201621275711
0.7738820612948464 -0.03912586740400938
0.780023982416234 -0.02940698975960367
0.7861659035376217 -0.0191685883289138
0.7923078246590094 -0.008478614124211322
0.7984497457803971 0.0025909614954130033
0.8045916669017847 0.013964921164432905
0.8107335880231724 0.02556561148258018
0.8168755091445601 0.03731377507468935
0.8230174302659478 0.049129391096995156
0.8291593513873354 0.06093251079041206
0.8353012725087231 0.07264407524094171
0.8414431936301108 0.08418670335017911
0.8475851147514984 0.09548543910211106
0.8537270358728861 0.10646844848721237
0.8598689569942738 0.11706765785910098
0.8660108781156615 0.12721932699993668
0.8721527992370491 0.13686455170749492
0.8782947203584368 0.14594969224260082
0.8844366414798245 0.15442672544938635
0.8905785626012122 0.16225351974867136
0.8967204837225998 0.16939403348038864
0.9028624048439875 0.17581843821597384
0.9090043259653752 0.18150316966512545
0.9151462470867628 0.18643090965920334
0.9212881682081504 0.19059050340744896
0.9274300893295381 0.19397681679838677
0.9335720104509257 0.19659053896667783
0.9397139315723134 0.19843793567681192
0.9458558526937011 0.19953055930165411
0.9519977738150888 0.19988492130819704
0.9581396949364764 0.19952213321624093
0.9642816160578641 0.19846752197811132
0.9704235371792518 0.1967502256472909
0.9765654583006395 0.19440277506773698
0.9827073794220271 0.19146066712892812
0.9888493005434148 0.18796193489840518
0.9949912216648025 0.18394671966699574
1.0011331427861903 0.17945684962488237
1.0072750639075778 0.17453542953203582
1.0134169850289656 0.16922644535745396
1.0195589061503532 0.1635743874419123
1.025700827271741 0.157623895293071
1.0318427483931285 0.15141942665520655
1.0379846695145163 0.14500495301469501
1.0441265906359039 0.13842368321355455
1.0502685117572914 0.1317178163541703
1.0564104328786792 0.12492832469636125
1.0625523540000668 0.11809476678072091
1.0686942751214545 0.11125513056687229
1.074836196242842 0.10444570595857408
1.0809781173642299 0.09770098570525297
1.0871200384856174 0.09105359332640187
1.0932619596070052 0.08453423640498715
1.0994038807283928 0.07817168334111352
1.1055458018497806 0.07199276144892575
1.1116877229711681 0.06602237411826538
1.117829644092556 0.060283534646933236
1.1239715652139435 0.054797414277720904
1.1301134863353313 0.04958340194391378
1.1362554074567188 0.044659173234560305
1.1423973285781066 0.040040766132686534
1.1485392496994942 0.03574266115201041
1.154681170820882 0.03177786359658764
1.1608230919422695 0.028157985789486452
1.1669650130636573 0.024893327257478795
1.1731069341850449 0.021992951015824304
1.1792488553064326 0.01946475426781235
1.1853907764278202 0.01731553201584235
1.191532697549208 0.01555103227284836
1.1976746186705955 0.01417600176393558
1.2038165397919833 0.013194221217625843
1.209958460913371 0.012608529564098702
1.2161003820347587 0.012420836584382299
1.2222423031561462 0.01263212379000073
1.228384224277534 0.013242433557287953
1.2345261453989216 0.014250846794556167
1.2406680665203094 0.01565544968299651
1.246809987641697 0.017453290302557326
1.2529519087630847 0.01964032622996904
1.2590938298844723 0.022211364474524018
1.26523575100586 0.025159995393733835
1.2713776721272476 0.028478522499943676
1.2775195932486354 0.03215789032317547
1.283661514370023 0.03618761272655407
1.2898034354914107 0.040555704268872
1.2959453566127983 0.04524861736366234
1.302087277734186 0.05025118808430965
1.3082291988555736 0.05554659349905537
1.3143711199769612 0.06111632337744738
1.320513041098349 0.06694016898145377
1.3266549622197366 0.07299623143257426
1.3327968833411243 0.07926095182628996
1.338938804462512 0.08570916484614409
1.3450807255838997 0.09231417711500883
1.3512226467052872 0.09904787091915652
1.357364567826675 0.1058808332653356
1.3635064889480626 0.11278250950145952
1.3696484100694504 0.11972137997230244
1.375790331190838 0.12666515742207685
1.3819322523122257 0.1335810021288691
1.3880741734336133 0.14043575109709291
1.394216094555001 0.14719615707917869
1.4003580156763886 0.15382913278125954
1.4064999367977764 0.16030199536015208
1.412641857919164 0.16658270626528482
1.4187837790405518 0.17264010163541701
1.4249257001619393 0.17844410883211545
1.431067621283327 0.18396594527381482
1.4372095424047147 0.1891782965071913
1.4433514635261024 0.19405547138456966
1.44949338464749 0.1985735332631666
1.4556353057688778 0.20271040724949715
1.4617772268902653 0.20644596461760525
1.4679191480116531 0.20976208656585546
1.4740610691330407 0.212642710376343
1.4802029902544285 0.21507386174010126
1.486344911375816 0.2170436774557569
1.4924868324972038 0.21854242285763129
1.4986287536185914 0.2195625081574201
1.5047706747399792 0.22009850738710662
1.5109125958613667 0.22014718282733692
1.5170545169827545 0.21970751673434197
1.523196438104142 0.21878075089977514
1.5293383592255299 0.21737043316902727
1.5354802803469174 0.2154824685956125
1.5416222014683052 0.21312517152037463
1.5477641225896928 0.21030931363406022
1.5539060437110805 0.207048162103859
1.560047964832468 0.20335750119986376
1.5661898859538559 0.19925563060839718
1.5723318070752434 0.19476333380439914
1.578473728196631 0.18990381048597937
1.5846156493180188 0.18470256813352398
1.5907575704394064 0.1791872691977299
1.5968994915607941 0.17338753217413613
1.6030414126821817 0.16733468679310864
1.6091833338035695 0.16106148563518144
1.615325254924957 0.15460177655496965
1.6214671760463448 0.1479901422444398
1.6276090971677324 0.1412615149767795
1.6337510182891202 0.13445077594806318
1.6398929394105077 0.1275923495979382
1.6460348605318955 0.12071980379000523
1.652176781653283 0.11386546674222459
1.6583187027746709 0.10706007112096252
1.6644606238960584 0.10033243477991932
1.6706025450174462 0.09370918629279389
1.6767444661388338 0.08721454177196196
1.6828863872602216 0.08087013757567509
1.6890283083816091 0.07469492148295981
1.695170229502997 0.0687051028607752
1.7013121506243845 0.06291416036052784
1.7074540717457722 0.057332903850043616
1.7135959928671598 0.05196958568813519
1.7197379139885476 0.04683005514038702
1.7258798351099351 0.04191794875597987
1.732021756231323 0.037234908895847546
1.7381636773527105 0.032780822322318375
1.7443055984740983 0.02855407081252816
1.7504475195954858 0.024551786109922702
1.7565894407168736 0.020770102136439546
1.7627313618382612 0.017204398200237392
1.768873282959649 0.013849527893958305
1.7750152040810365 0.01070002942889774
1.7811571252024243 0.007750314236192923
1.7872990463238119 0.004994831736776583
1.7934409674451997 0.0024282091941389547
1.7995828885665872 4.536648263907944e-05
1.805724809687975 -0.002158393596981505
1.8118667308093626 -0.004187318161202066
1.8180086519307503 -0.006045158436160666
1.824150573052138 -0.007735143118140013
1.8302924941735257 -0.009259968490785475
1.8364344152949132 -0.010621802785920339
1.8425763364163008 -0.011822302286153687
1.8487182575376886 -0.012862636774175
1.8548601786590762 -0.01374352211619203
1.861002099780464 -0.0144652580062088
1.8671440209018515 -0.015027769174883684
1.8732859420232393 -0.01543064866457296
1.8794278631446268 -0.01567320207574576
1.8855697842660146 -0.01575449198646193
1.8917117053874022 -0.015673382025943892
1.89785362650879 -0.015428580337529984
1.9039955476301775 -0.015018682390218948
1.9101374687515653 -0.014442213288034168
1.9162793898729529 -0.013697669881216231
1.9224213109943407 -0.012783563102425169
1.9285632321157282 -0.011698461035895759
1.934705153237116 -0.010441033279424897
1.9408470743585036 -0.00901009718060039
1.9469889954798913 -0.007404666522166525
1.953130916601279 -0.005624003199477286
1.9592728377226667 -0.0036676723779955848
1.9654147588440543 -0.001535601542883611
1.971556679965442 0.0007718562421886794
1.9776986010868296 0.0032538546622422433
1.9838405222082174 0.005908981987986689
1.989982443329605 0.008735184490014404
1.9961243644509927 0.011729685655427858
2.0022662855723805 0.01488890160313846
2.008408206693768 0.018208353277386395
2.0145501278151556 0.02168257619317548
2.020692048936543 0.02530502871076404
2.026833970057931 0.029068000026795677
2.0329758911793188 0.032962519284197134
2.0391178123007063 0.036978267417975545
2.045259733422094 0.041103493564821784
2.051401654543482 0.045324938065674086
2.0575435756648695 0.0496277642753963
2.063685496786257 0.05399550155543956
2.0698274179076446 0.05841000195535096
2.0759693390290326 0.06285141317878144
2.08211126015042 0.06729817046990814
2.0882531812718077 0.07172701003787521
2.0943951023931953 0.07611300655109385
2.100537023514583 0.08042963707201777
2.106678944635971 0.08464887355969297
2.1128208657573584 0.0887413057369885
2.118962786878746 0.09267629569974341
2.1251047080001335 0.09642216513638248
2.1312466291215215 0.09994641543302539
2.137388550242909 0.10321598026826734
2.1435304713642966 0.10619750956547974
2.149672392485684 0.10885768288440822
2.155814313607072 0.11116354951776716
2.1619562347284598 0.11308289173574536
2.1680981558498473 0.11458460681794323
2.174240076971235 0.11563910275655308
2.180381998092623 0.11621870183567597
2.1865239192140105 0.1162980457183368
2.192665840335398 0.11585449523205826
2.1988077614567856 0.11486851775947483
2.2049496825781736 0.11332405503153285
2.211091603699561 0.11120886420017899
2.2172335248209487 0.10851482534102591
2.2233754459423363 0.10523820900203423
2.2295173670637243 0.10137989806139822
2.235659288185112 0.09694555896777846
2.2418012093064994 0.09194575838248409
2.247943130427887 0.0863960222932511
2.254085051549275 0.08031683578504425
2.2602269726706625 0.07373358279397181
2.26636889379205 0.06667642629433246
2.2725108149134376 0.05918013043606894
2.2786527360348257 0.05128382712452202
2.284794657156213 0.043030730386605126
2.2909365782776008 0.03446780257554538
2.2970784993989883 0.025645377017656144
2.3032204205203763 0.016616742096529045
2.309362341641764 0.0074376920098163804
2.3155042627631515 -0.0018339504624515794
2.321646183884539 -0.011138833847466298
2.327788105005927 -0.020416595288058507
2.3339300261273146 -0.029606390173132404
2.340071947248702 -0.03864742915420729
2.3462138683700897 -0.04747951776195615
2.3523557894914777 -0.056043593950900056
2.3584977106128653 -0.06428225896215906
2.364639631734253 -0.07214029689525327
2.3707815528556404 -0.07956517832218857
2.376923473977028 -0.08650754317194201
2.383065395098416 -0.09292165798145133
2.3892073162198035 -0.09876584247811367
2.395349237341191 -0.10400286036145441
2.4014911584625787 -0.10860026912317859
2.4076330795839667 -0.1125307238197243
2.4137750007053542 -0.11577222992050372
2.419916921826742 -0.11830834072248328
2.4260588429481293 -0.12012829536322113
2.4322007640695174 -0.12122709418499683
2.438342685190905 -0.12160550909595615
2.4444846063122925 -0.12127002762257308
2.45062652743368 -0.12023273052273967
2.456768448555068 -0.11851110409296531
2.4629103696764556 -0.11612778961176697
2.469052290797843 -0.1131102736655078
2.4751942119192307 -0.10949052435201419
2.4813361330406187 -0.1053045795022777
2.4874780541620063 -0.10059209405640782
2.493619975283394 -0.09539585453851698
2.4997618964047814 -0.0897612691666907
2.5059038175261694 -0.08373584248892492
2.512045738647557 -0.07736864354490813
2.5181876597689445 -0.07070977641848596
2.524329580890332 -0.06380986167853363
2.53047150201172 -0.0567195366277537
2.5366134231331077 -0.04948898151815718
2.5427553442544952 -0.042167477982935145
2.548897265375883 -0.03480300491499149
2.555039186497271 -0.027441875932223133
2.5611811076186584 -0.020128421447952394
2.567323028740046 -0.012904717249061486
2.5734649498614335 -0.005810360408064075
2.5796068709828215 0.0011177076522584616
2.585748792104209 0.007845332038257189
2.5918907132255966 0.014341231110420778
2.598032634346984 0.020577041638328564
2.604174555468372 0.02652732552424053
2.6103164765897597 0.032169541658934236
2.6164583977111473 0.03748398677251369
2.622600318832535 0.042453709323632696
2.6287422399539224 0.0470644005433025
2.6348841610753104 0.0513042667267082
2.641026082196698 0.055163886762060535
2.6471680033180855 0.05863605871382479
2.653309924439473 0.06171563905296509
2.659451845560861 0.0643993778627382
2.6655937666822487 0.06668575305760971
2.6717356878036362 0.06857480634625321
2.677877608925024 0.07006798335694331
2.684019530046412 0.07116798003297146
2.6901614511677994 0.07187859710334346
2.696303372289187 0.07220460414473766
2.7024452934105745 0.07215161447783741
2.7085872145319625 0.0717259718867089
2.71472913565335 0.07093464991481599
2.7208710567747376 0.06978516427548113
2.727012977896125 0.0682854987173993
2.733154899017513 0.06644404450583509
2.7392968201389007 0.06426955351569968
2.7454387412602883 0.06177110478183481
2.751580662381676 0.05895808421250218
2.757722583503064 0.05584017704221252
2.7638645046244514 0.05242737247767653
2.770006425745839 0.04872997987407575
2.7761483468672266 0.04475865566646556
2.7822902679886146 0.040524440171725094
2.788432189110002 0.03603880326912048
2.7945741102313897 0.03131369786168289
2.8007160313527772 0.02636161991607479
2.8068579524741653 0.021195673775512847
2.812999873595553 0.015829641339338646
2.8191417947169404 0.010278053604787287
2.825283715838328 0.004556262972871079
2.831425636959716 -0.0013194853673861454
2.8375675580811035 -0.0073319847417328676
2.843709479202491 -0.013463002815105552
2.8498514003238786 -0.019693223828572023
2.8559933214452666 -0.026002199180145846
2.862135242566654 -0.03236830830244614
2.8682771636880418 -0.03876873178978424
2.8744190848094293 -0.04517943870166
2.8805610059308173 -0.05157518991564084
2.886702927052205 -0.057929559317028805
2.8928448481735924 -0.06421497449273414
2.89898676929498 -0.07040277843970237
2.9051286904163676 -0.07646331360193903
2.9112706115377556 -0.08236602931292152
2.917412532659143 -0.08807961344108
2.9235544537805307 -0.0935721487148321
2.9296963749019183 -0.09881129384123498
2.9358382960233063 -0.10376448913053839
2.941980217144694 -0.10839918590095904
2.9481221382660814 -0.1126830984683607
2.954264059387469 -0.11658447703015422
2.960405980508857 -0.12007239923919909
2.9665479016302445 -0.12311707774074901
2.972689822751632 -0.12569018042418834
2.9788317438730196 -0.12776515963335272
2.9849736649944076 -0.1293175860979139
2.991115586115795 -0.13032548290779553
2.9972575072371828 -0.13076965446778116
3.0033994283585703 -0.13063400505548026
3.0095413494799583 -0.1299058413774796
3.015683270601346 -0.12857615338985803
3.0218251917227335 -0.1266398676328707
3.027967112844121 -0.12409606743604117
3.034109033965509 -0.120948174586967
3.0402509550868966 -0.11720408742939165
3.046392876208284 -0.11287627086427822
3.0525347973296717 -0.10798179436829555
3.0586767184510597 -0.10254231490939318
3.0648186395724473 -0.09658400251659689
3.070960560693835 -0.09013740723392949
3.0771024818152224 -0.08323726723556231
3.0832444029366104 -0.07592225897641412
3.089386324057998 -0.06823469137215085
3.0955282451793855 -0.06022014711562774
3.101670166300773 -0.05192707531314928
3.107812087422161 -0.04340634063355661
3.1139540085435486 -0.034710735077528795
3.120095929664936 -0.025894459267565267
3.1262378507863238 -0.01701258080830455
3.1323797719077118 -0.008120477754005408
3.1385216930290993 0.0007267244679235803
3.144663614150487 0.009474714199031418
3.1508055352718745 0.018070544334175754
3.156947456393262 0.0264631645601353
3.16308937751465 0.03460392726692679
3.1692312986360376 0.042447059913571755
3.175373219757425 0.04995009733174027
3.1815151408788127 0.05707426826908273
3.1876570620002007 0.0637848313850546
3.1937989831215883 0.07005135689015717
3.199940904242976 0.07584795103892063
3.2060828253643634 0.08115342172222662
3.2122247464857514 0.08595138443162521
3.218366667607139 0.09023030886493633
3.2245085887285265 0.09398350738894151
3.230650509849914 0.09720906745437397
3.236792430971302 0.09990973085675046
3.2429343520926897 0.10209272344288625
3.249076273214077 0.10376953946921494
3.2552181943354648 0.10495568531910156
3.261360115456853 0.10567038767960411
3.2675020365782403 0.10593627156332547
3.273643957699628 0.10577901373988222
3.2797858788210155 0.10522697721765387
3.2859277999424035 0.10431083239493505
3.292069721063791 0.10306317038674732
3.2982116421851786 0.10151811383680093
3.304353563306566 0.09971093025176192
3.310495484427954 0.09767765255609528
3.3166374055493417 0.0954547111699715
3.3227793266707293 0.09307858147005005
3.328921247792117 0.09058545001376433
3.335063168913505 0.08801090240244316
3.3412050900348924 0.08538963513768838
3.34734701115628 0.08275519329911638
3.3534889322776675 0.08013973534974203
3.3596308533990555 0.07757382586730234
3.365772774520443 0.07508625651430573
3.3719146956418307 0.07270389510437154
3.3780566167632182 0.07045156220426808
3.3841985378846062 0.06835193433565628
3.390340459005994 0.06642547251242602
3.3964823801273814 0.06469037457190772
3.402624301248769 0.06316254953320273
3.4087662223701565 0.06185561204415803
3.4149081434915445 0.06078089485977824
3.421050064612932 0.05994747722759923
3.4271919857343196 0.05936222703735191
3.433333906855707 0.05902985461978324
3.439475827977095 0.05895297614880352
3.4456177490984827 0.05913218470760622
3.4517596702198703 0.05956612721807734
3.457901591341258 0.06025158559844231
3.464043512462646 0.06118356070121343
3.4701854335840334 0.06235535778674306
3.476327354705421 0.06375867250159167
3.4824692758268085 0.06538367655035356
3.4886111969481965 0.06721910246946022
3.494753118069584 0.06925232712713901
3.5008950391909717 0.07146945378069983
3.5070369603123592 0.07385539271658627
3.5131788814337472 0.07639394067648193
3.519320802555135 0.07906785943087123
3.5254627236765224 0.08185895399695677
3.53160464479791 0.08474815110825225
3.537746565919298 0.08771557862650782
3.5438884870406855 0.09074064664142314
3.550030408162073 0.09380213102888076
3.5561723292834606 0.0968782602338732
3.5623142504048486 0.09994680601015078
3.568456171526236 0.1029851787859195
3.5745980926476237 0.10597052823531751
3.5807400137690113 0.10887984952144107
3.5868819348903993 0.11169009554157665
3.593023856011787 0.11437829535307256
3.5991657771331744 0.11692167879362234
3.605307698254562 0.11929780713798847
3.61144961937595 0.12148470946011133
3.6175915404973376 0.12346102420114587
3.623733461618725 0.12520614528633472
3.6298753827401127 0.12670037199245288
3.6360173038615007 0.12792506164802364
3.6421592249828882 0.12886278415471072
3.648301146104276 0.12949747725300886
3.6544430672256634 0.12981460141973297
3.6605849883470514 0.1298012932777365
3.666726909468439 0.1294465164168051
3.6728688305898265 0.12874120856302254
3.679010751711214 0.12767842408449054
3.6851526728326016 0.12625347087396097
3.6912945939539896 0.1244640406922665
3.697436515075377 0.12231033207767106
3.7035784361967647 0.11979516491247275
3.7097203573181523 0.11692408567727931
3.7158622784395403 0.11370546230496842
3.722004199560928 0.11015056736344252
3.7281461206823154 0.10627364804591118
3.734288041803703 0.10209198113243598
3.740429962925091 0.09762591071580909
3.7465718840464786 0.09289886607474405
3.752713805167866 0.08793735665112004
3.7588557262892537 0.08277094067607026
3.7649976474106417 0.07743216362836519
3.7711395685320293 0.07195646243878905
3.777281489653417 0.06638203121958372
3.7834234107748044 0.060749644341756615
3.7895653318961924 0.055102432945325776
3.79570725301758 0.049485611481937225
3.8018491741389675 0.04394615167944721
3.807991095260355 0.03853240239473042
3.814133016381743 0.03329365517883594
3.8202749375031306 0.028279656995043045
3.826416858624518 0.023540073363520025
3.8325587797459058 0.019123907196268608
3.8387007008672938 0.015078880655433365
3.8448426219886813 0.011450789425632548
3.850984543110069 0.008282840735128581
3.8571264642314564 0.00561498818502182
3.8632683853528444 0.003483277845048327
3.869410306474232 0.001919221051478474
3.8755522275956196 0.000949209813935805
3.881694148717007 0.0005939906409543388
3.887836069838395 0.0008682118918028785
3.8939779909597827 0.001780058447168425
3.9001199120811703 0.0033309855881342916
3.906261833202558 0.00551556153800942
3.912403754323946 0.008321425241656733
3.9185456754453334 0.01172936274501884
3.924687596566721 0.01571350212718541
3.9308295176881085 0.020241623475519728
3.936971438809496 0.025275577033176424
3.943113359930884 0.03077179953621107
3.9492552810522716 0.03668191603063277
3.955397202173659 0.04295341223427456
3.9615391232950468 0.04953036087353441
3.9676810444164348 0.05635418443882347
3.9738229655378223 0.06336443648815067
3.97996488665921 0.07049958397440895
3.9861068077805974 0.07769777403359594
3.9922487289019855 0.08489757017438128
3.998390650023373 0.09203864475562697
4.004532571144761 0.09906241691221174
4.010674492266149 0.10591262756559164
4.016816413387536 0.11253584570683807
4.022958334508924 0.11888190264500616
4.029100255630311 0.12490425326342432
4.035242176751699 0.13056026542950003
4.041384097873086 0.13581144049014254
4.047526018994474 0.14062356920911007
4.053667940115862 0.14496682854314694
4.05980986123725 0.14881582531268628
4.0659517823586375 0.15214959312309417
4.072093703480025 0.1549515488739193
4.078235624601413 0.15720941490981372
4.0843775457228 0.158915112378684
4.090519466844188 0.16006463073514227
4.096661387965575 0.16065787762408337
4.102803309086964 0.16069851265902174
4.108945230208351 0.1601937679234372
4.115087151329739 0.15915425741140313
4.1212290724511265 0.15759377711527364
4.127370993572514 0.15552909708062645
4.133512914693902 0.15297974648788273
4.139654835815289 0.14996779268208232
4.145796756936677 0.14651761504460012
4.151938678058065 0.1426556746642019
4.158080599179453 0.13841028089655488
4.16422252030084 0.13381135607584388
4.170364441422228 0.12889019983406624
4.176506362543615 0.12367925466908428
4.182648283665003 0.11821187456076024
4.1887902047863905 0.11252209854862283
4.194932125907778 0.1066444312421607
4.201074047029166 0.10061363222845962
4.207215968150554 0.09446451626856048
4.213357889271942 0.08823176603495722
4.219499810393329 0.08194975894306378
4.225641731514717 0.07565240937719084
4.231783652636104 0.0693730273166346
4.237925573757492 0.06314419404126434
4.2440674948788795 0.056997655250434126
4.250209416000267 0.05096423157593422
4.2563513371216555 0.0450737461201378
4.262493258243043 0.03935496831445023
4.268635179364431 0.0338355730791331
4.274777100485818 0.02854211398045041
4.280919021607206 0.023500008830020333
4.287060942728593 0.018733535957865796
4.293202863849981 0.014265839216955843
4.299344784971368 0.010118939643792313
4.305486706092757 0.006313751606539598
4.311628627214144 0.0028701012182628313
4.317770548335532 -0.00019325522353016796
4.3239124694569195 -0.002858614990406519
4.330054390578307 -0.005109317035445455
4.336196311699695 -0.006929736544367674
4.342338232821082 -0.00830528788756253
4.34848015394247 -0.009222437786720756
4.354622075063858 -0.009668730330343002
4.360763996185246 -0.009632825261450591
4.366905917306633 -0.009104550717358663
4.373047838428021 -0.00807497132392783
4.3791897595494085 -0.006536472233891385
4.385331680670796 -0.0044828593492554315
4.391473601792184 -0.001909475580580852
4.397615522913571 0.0011866674288130194
4.40375744403496 0.004806743146720246
4.409899365156347 0.008949951091320926
4.416041286277735 0.013613346915678837
4.422183207399122 0.018791664230517768
4.42832512852051 0.02447713131182043
4.434467049641897 0.030659286390476253
4.440608970763285 0.03732479575275119
4.4467508918846725 0.04445727937370756
4.452892813006061 0.05203714923924027
4.4590347341274486 0.06004146586255203
4.465176655248836 0.06844381874290822
4.471318576370224 0.07721423662358724
4.477460497491611 0.08631913335830077
4.483602418612999 0.09572129497005855
4.489744339734386 0.1053799130665496
4.495886260855774 0.11525066915064998
4.5020281819771615 0.12528587353008472
4.50817010309855 0.1354346614918813
4.5143120242199375 0.14564324818034824
4.520453945341325 0.15585524222784783
4.526595866462713 0.16601201667257182
4.5327377875841 0.1760531341039702
4.538879708705488 0.1859168213609343
4.545021629826875 0.195540487533876
4.551163550948263 0.20486127755766234
4.557305472069651 0.21381665239731668
4.563447393191039 0.22234498578923886
4.569589314312426 0.230386166767343
4.575731235433814 0.23788219682510398
4.5818731565552016 0.24477777057488384
4.588015077676589 0.2510208291810797
4.594156998797977 0.2565630766584149
4.600298919919364 0.26136045031387883
4.606440841040753 0.26537353812099806
4.61258276216214 0.2685679375782554
4.618724683283528 0.2709145525319612
4.624866604404915 0.2723898264371859
4.631008525526303 0.2729759124806335
4.6371504466476905 0.27266078278852707
4.643292367769078 0.27143828048918006
4.649434288890466 0.26930811960656037
4.655576210011854 0.26627583856099385
4.661718131133242 0.2623527134054388
4.667860052254629 0.25755563681963134
4.674001973376017 0.2519069683407943
4.680143894497404 0.2454343603807628
4.686285815618792 0.23817056334610257
4.692427736740179 0.23015321174438588
4.698569657861567 0.22142459164714273
4.7047115789829554 0.21203138841712285
4.710853500104343 0.20202441232222132
4.716995421225731 0.1914582986679288
4.723137342347118 0.1803911784822642
4.729279263468506 0.1688843156523554
4.735421184589893 0.15700170677807287
4.741563105711281 0.1448096408770717
4.747705026832668 0.13237621741220762
4.753846947954056 0.11977082284673456
4.759988869075444 0.10706356796502445
4.766130790196832 0.09432469040353011
4.7722727113182195 0.08162392908030103
4.778414632439607 0.0690298793482544
4.784556553560995 0.056609339588843705
4.790698474682382 0.044426661483907504
4.79684039580377 0.032543117251569956
4.802982316925157 0.021016297632983315
4.809124238046546 0.009899554329276463
4.815266159167933 -0.0007585000939508739
4.821408080289321 -0.010914423065641636
4.8275500014107084 -0.020530293617716237
4.833691922532096 -0.029573976903283682
4.839833843653484 -0.038019296271478056
4.845975764774871 -0.04584611022337612
4.852117685896259 -0.05304029431566147
4.858259607017647 -0.059593630760999744
4.864401528139035 -0.06550361098100142
4.870543449260422 -0.07077315859861168
4.87668537038181 -0.07541028223099325
4.882827291503197 -0.07942766890297921
4.888969212624585 -0.08284222991079225
4.8951111337459725 -0.08567461151549954
4.90125305486736 -0.08794868294758479
4.9073949759887485 -0.08969101388966251
4.913536897110136 -0.09093035292150622
4.919678818231524 -0.09169711741990356
4.925820739352911 -0.09202290417311733
4.931962660474299 -0.09194002856650535
4.938104581595686 -0.0914810986930239
4.944246502717074 -0.09067862920633912
4.9503884238384614 -0.08956469822519496
4.95653034495985 -0.08817064916687489
4.9626722660812375 -0.08652683807650456
4.968814187202625 -0.08466242585841564
4.974956108324013 -0.08260521382634022
4.9810980294454 -0.08038152018116802
4.987239950566788 -0.0780160944003064
4.993381871688175 -0.07553206607521692
4.999523792809563 -0.07295092445154706
5.00566571393095 -0.07029252479286316
5.011807635052339 -0.06757511768469185
5.017949556173726 -0.06481539749908337
5.024091477295114 -0.0620285664293613
5.0302333984165015 -0.059228410759135985
5.036375319537889 -0.05642738632891107
5.042517240659277 -0.05363671049000709
5.048659161780664 -0.0508664581733889
5.054801082902052 -0.04812566003729375
5.06094300402344 -0.04542240098175614
5.067084925144828 -0.042763917622178085
5.073226846266215 -0.04015669359210914
5.079368767387603 -0.0376065517938468
5.0855106885089905 -0.035118742931848315
5.091652609630378 -0.03269802984804043
5.097794530751766 -0.030348767330144993
5.103936451873153 -0.028074977185497667
5.110078372994542 -0.02588041846542363
5.116220294115929 -0.023768652791370838
5.122362215237317 -0.02174310477617089
5.128504136358704 -0.019807117554703043
5.134646057480092 -0.017964003440310364
5.140787978601479 -0.016217089709395907
5.146929899722867 -0.014569759489019613
5.1530718208442545 -0.013025487683584322
5.159213741965643 -0.011587871829276088
5.1653556630870305 -0.010260657711298193
5.171497584208418 -0.00904775952159496
5.177639505329806 -0.007953274276420539
5.183781426451193 -0.006981490156560805
5.189923347572581 -0.006136888381326943
5.196065268693968 -0.0054241381837926645
5.202207189815356 -0.00484808442263238
5.208349110936744 -0.0044137273489160255
5.214491032058132 -0.004126194048015741
5.2206329531795195 -0.003990701100957556
5.226774874300907 -0.004012508059777297
5.232916795422295 -0.00419686141061222
5.239058716543682 -0.0045489288091182896
5.24520063766507 -0.005073723517037453
5.251342558786457 -0.00577601914712084
5.257484479907845 -0.006660255035569373
5.263626401029233 -0.00773043280462937
5.269768322150621 -0.008990004949255006
5.275910243272008 -0.010441756575214046
5.282052164393396 -0.012087681724287369
5.2881940855147835 -0.013928856035861045
5.294336006636171 -0.01596530780244925
5.300477927757559 -0.01819588976696119
5.306619848878946 -0.02061815426849007
5.312761770000335 -0.023228234557141222
5.318903691121722 -0.026020735253154688
5.32504561224311 -0.028988635008353063
5.331187533364497 -0.03212320442747539
5.337329454485885 -0.0354139422142986
5.3434713756072725 -0.03884853231684159
5.34961329672866 -0.0424128245553656
5.355755217850048 -0.04609084082866557
5.361897138971436 -0.04986480851518699
5.368039060092824 -0.05371522212735462
5.374180981214211 -0.05762093365622613
5.380322902335599 -0.0615592713791711
5.386464823456986 -0.0655061862189123
5.392606744578374 -0.06943642406331678
5.398748665699761 -0.07332372180796959
5.404890586821149 -0.07714102429364235
5.411032507942537 -0.08086071880201992
5.417174429063925 -0.0844548833659528
5.4233163501853126 -0.0878955448609227
5.4294582713067 -0.09115494268249397
5.435600192428088 -0.09420579378405992
5.441742113549475 -0.09702155494734671
5.447884034670863 -0.09957667837537604
5.45402595579225 -0.10184685701845589
5.460167876913639 -0.10380925644768649
5.466309798035026 -0.10544273055317692
5.472451719156414 -0.10672801883926247
5.4785936402778015 -0.10764792358971288
5.484735561399189 -0.10818746565695742
5.490877482520577 -0.10833401806843482
5.497019403641964 -0.1080774170226927
5.503161324763352 -0.10741005015582783
5.509303245884739 -0.10632692218954387
5.515445167006128 -0.10482569822640703
5.521587088127515 -0.1029067250427735
5.527729009248903 -0.10057303075777749
5.53387093037029 -0.09783030324431433
5.540012851491678 -0.09468684761445703
5.5461547726130656 -0.09115352307751162
5.552296693734453 -0.08724365945366391
5.558438614855841 -0.08297295364707706
5.564580535977229 -0.07835934645298852
5.570722457098617 -0.07342288020251797
5.576864378220004 -0.06818553793964259
5.583006299341392 -0.06267106507450254
5.589148220462779 -0.05690477475786938
5.595290141584167 -0.05091333855990296
5.6014320627055545 -0.04472456439548697
5.607573983826942 -0.038367163998690675
5.6137159049483305 -0.031870512589386155
5.619857826069718 -0.025264403675221415
5.625999747191106 -0.018578802172939203
5.632141668312493 -0.011843599198396133
5.638283589433881 -0.005088371952610062
5.644425510555268 0.0016578478860625474
5.650567431676656 0.008366793968278928
5.656709352798043 0.015011170193159007
5.662851273919432 0.021564837953447772
5.668993195040819 0.028002983293814444
5.675135116162207 0.03430226200685322
5.681277037283595 0.04044092117388467
5.687418958404982 0.046398896167364104
5.69356087952637 0.052157882650024176
5.699702800647757 0.0577013836149674
5.705844721769145 0.06301473199426749
5.711986642890533 0.06808508980717737
5.718128564011921 0.07290142521113513
5.724270485133308 0.07745446915082389
5.730412406254696 0.08173665356737603
5.7365543273760835 0.0857420333287651
5.742696248497471 0.08946619417413787
5.748838169618859 0.09290614903229144
5.754980090740246 0.0960602250826558
5.761122011861635 0.0989279438827799
5.767263932983022 0.10150989679726655
5.77340585410441 0.10380761783768933
5.779547775225797 0.10582345587019511
5.785689696347185 0.1075604479754624
5.7918316174685724 0.1090221955626012
5.79797353858996 0.11021274465167388
5.804115459711348 0.11113647155500536
5.810257380832735 0.11179797501055597
5.816399301954124 0.11220197565559971
5.822541223075511 0.11235322357865729
5.828683144196899 0.1122564145541748
5.834825065318286 0.11191611544878881
5.840966986439674 0.11133669919034515
5.847108907561061 0.11052228961054694
5.853250828682449 0.10947671640803788
5.8593927498038365 0.10820348042904197
5.865534670925225 0.10670572942543081
5.8716765920466125 0.1049862444227398
5.877818513168 0.1030474368105112
5.883960434289388 0.10089135625185544
5.890102355410775 0.09851970949510938
5.896244276532163 0.09593389015517349
5.90238619765355 0.09313501951259565
5.908528118774938 0.09012399835169549
5.914670039896326 0.08690156982220179
5.920811961017714 0.08346839325924704
5.9269538821391015 0.07982512883128597
5.933095803260489 0.07597253280242265
5.939237724381877 0.07191156309217396
5.945379645503264 0.0676434946901645
5.951521566624652 0.063170044334182
5.957663487746039 0.058493503686439796
5.963805408867428 0.05361688004455787
5.969947329988815 0.0485440434014688
5.976089251110203 0.043279878423607705
5.98223117223159 0.03783043965228355
5.988373093352978 0.032203107953089484
5.9945150144743655 0.026406745948150286
6.000656935595753 0.02045184987297792
6.006798856717141 0.014350695012434685
6.012940777838529 0.008117471598839293
6.019082698959917 0.0017684078114885648
6.025224620081304 -0.004678123686516828
6.031366541202692 -0.011201519387260326
6.037508462324079 -0.017778882546284982
6.043650383445467 -0.024384988550936886
6.0497923045668545 -0.03099228174034633
6.055934225688242 -0.037570907160471935
6.06207614680963 -0.04408878041086305
6.068218067931018 -0.05051169828745244
6.074359989052406 -0.056803492344903665
6.080501910173793 -0.06292622679486537
6.086643831295181 -0.0688404413298099
6.092785752416568 -0.07450543852940365
6.098927673537956 -0.07987961448643738
6.105069594659343 -0.08492083020727259
6.111211515780731 -0.08958682022813354
6.117353436902119 -0.09383563377857616
6.123495358023507 -0.09762610275562493
6.1296372791448945 -0.10091832978716378
6.135779200266282 -0.1036741888017712
6.14192112138767 -0.10585782982311744
6.148063042509057 -0.10743617920493838
6.154204963630445 -0.10837942624591489
6.160346884751832 -0.1086614870927513
6.166488805873221 -0.10826043706490611
6.172630726994608 -0.10715890301514358
6.178772648115996 -0.10534440806442061
6.1849145692373835 -0.10280966199398844
6.191056490358771 -0.09955279170787427
6.197198411480159 -0.09557750745183617
6.203340332601546 -0.09089320184036712
6.209482253722934 -0.08551498014701381
6.215624174844322 -0.0794636216999309
6.22176609596571 -0.07276547354113296
6.227908017087097 -0.06545227870681106
6.234049938208485 -0.057560942528222234
6.240191859329872 -0.049133241209703034
6.24633378045126 -0.0402154775964234
6.2524757015726475 -0.030858089496846316
6.258617622694035 -0.02111521618380422
6.2647595438154235 -0.011044228785685494
6.270901464936811 -0.0007052302272010277
6.277043386058199 0.009839469773730014
