time TPR_both_C_open_8_rho23_real
43.982297150257104 -0.021271507905354137
43.988439071378494 -0.021118013100223095
43.99458099249988 -0.020938824825632824
44.00072291362127 -0.020740230990099306
44.00686483474266 -0.02052813732752343
44.01300675586404 -0.020307885004262585
44.01914867698543 -0.020084090688509217
44.025290598106814 -0.019860514806092
44.031432519228204 -0.019639962504108193
44.037574440349594 -0.019424220464175034
44.04371636147098 -0.01921403121943266
44.04985828259237 -0.01900910510641594
44.05600020371376 -0.01880816849683032
44.06214212483514 -0.01860904557309551
44.06828404595653 -0.018408769695318333
44.07442596707792 -0.01820371940535694
44.080567888199305 -0.017989773362082496
44.086709809320695 -0.01776247802274448
44.092851730442085 -0.017517221685784165
44.09899365156347 -0.017249408583614435
44.10513557268486 -0.016954627039954956
44.11127749380624 -0.016628806254535184
44.11741941492763 -0.016268357009052808
44.12356133604902 -0.015870292457001996
44.129703257170405 -0.015432326118301478
44.135845178291795 -0.014952945199054999
44.141987099413186 -0.014431458351156326
44.14812902053457 -0.013868017934035358
44.15427094165596 -0.013263617705912273
44.16041286277735 -0.012620067626115724
44.16655478389873 -0.011939948072858935
44.17269670502012 -0.011226546259939166
44.178838626141506 -0.010483777966595631
44.184980547262896 -0.009716097879779232
44.191122468384286 -0.008928401896000119
44.19726438950567 -0.008125924654495322
44.20340631062706 -0.007314135391990771
44.20954823174845 -0.006498634941652405
44.21569015286983 -0.00568505636584677
44.22183207399122 -0.004878971334977437
44.22797399511261 -0.004085803962953488
44.234115916233996 -0.0033107534020371037
44.24025783735539 -0.0025587261018392387
44.24639975847678 -0.0018342782623879355
44.25254167959816 -0.001141568669891472
44.25868360071955 -0.0004843218035693401
44.26482552184093 0.000134199152467349
44.27096744296232 0.0007112099645799601
44.277109364083714 0.0012444144026330956
44.2832512852051 0.001732005532837798
44.28939320632649 0.002172660161162053
44.29553512744788 0.002565527367854781
44.30167704856926 0.0029102120696554786
44.30781896969065 0.0032067545139791327
44.31396089081204 0.0034556065543213826
44.320102811933424 0.0036576054837741726
44.326244733054814 0.0038139461190487365
44.3323866541762 0.003926151735496462
44.33852857529759 0.003996044358531055
44.34467049641898 0.00402571482228932
44.35081241754036 0.004017492915408588
44.35695433866175 0.003973917849043228
44.36309625978314 0.003897709205715562
44.369238180904524 0.0037917384608617236
44.375380102025915 0.0036590011131392014
44.381522023147305 0.003502589415446005
44.38766394426869 0.003325665666576617
44.39380586539008 0.003131436003637329
44.39994778651147 0.0029231246276001763
44.40608970763285 0.002703948398294626
44.41223162875424 0.002477091750106437
44.418373549875625 0.002245681904801849
44.424515470997015 0.0020127643921298262
44.430657392118405 0.0017812789308676896
44.43679931323979 0.0015540357711479275
44.44294123436118 0.001333692651433923
44.44908315548257 0.0011227325782782102
44.45522507660395 0.0009234426916491414
44.46136699772534 0.0007378945305853696
44.46750891884673 0.0005679260604429455
44.473650839968116 0.0004151258611291074
44.479792761089506 0.00028081990252475087
44.485934682210896 0.00016606134585495742
44.49207660333228 7.162380533923984e-05
44.49821852445367 -2.0015193627500756e-06
44.50436044557505 -5.4604474543661434e-05
44.51050236669644 -8.62500500770856e-05
44.51664428781783 -9.726773648882682e-05
44.522786208939216 -8.823604802734465e-05
44.528928130060606 -5.996225248003187e-05
44.535070051182 -1.3457500629474628e-05
44.54121197230338 5.009228585307843e-05
44.54735389342477 0.00012935923512264494
44.55349581454616 0.0002229093458098853
44.55963773566754 0.00032924042940975836
44.56577965678893 0.00044682114147269144
44.57192157791032 0.0005741299377339729
44.57806349903171 0.0007096926933152446
44.5842054201531 0.0008521176667617076
44.59034734127448 0.0010001264836585217
44.59648926239587 0.0011525798631603567
44.60263118351726 0.0013084969191416134
44.608773104638644 0.0014670670374727546
44.614915025760034 0.001627653560825893
44.621056946881424 0.0017897887978148054
44.62719886800281 0.0019531602061965024
44.6333407891242 0.002117587968979663
44.63948271024559 0.0022829945731828237
44.64562463136697 0.0024493673966512327
44.65176655248836 0.002616715689848152
44.657908473609744 0.002785023686918067
44.664050394731134 0.002954201873615477
44.670192315852525 0.0031240386600711956
44.67633423697391 0.003294154837306333
44.6824761580953 0.0034639632248174216
44.68861807921669 0.0036326358338219923
44.69476000033807 0.0037990806735448764
44.70090192145946 0.003961930018762463
44.70704384258085 0.004119541544343183
44.713185763702235 0.004270013231359761
44.719327684823625 0.004411212379642032
44.72546960594501 0.004540818448202585
44.7316115270664 0.004656378816096839
44.73775344818779 0.004755375942291694
44.74389536930917 0.0048353038347513895
44.75003729043056 0.004893751245580632
44.75617921155195 0.004928488617058988
44.762321132673335 0.004937555534498873
44.768463053794726 0.004919345311859516
44.774604974916116 0.00487268335381732
44.7807468960375 0.004796896104844555
44.78688881715889 0.004691867705409411
44.79303073828028 0.004558081913932883
44.79917265940166 0.004396647400240579
44.80531458052305 0.004209305146072848
44.811456501644436 0.003998417370898497
44.817598422765826 0.0037669381046147926
44.823740343887216 0.003518366219998331
44.8298822650086 0.0032566823855291454
44.83602418612999 0.0029862719749398775
44.84216610725138 0.0027118364494098206
44.84830802837276 0.0024382960931373554
44.85444994949415 0.002170687220824694
44.86059187061554 0.00191405708081833
44.86673379173693 0.0016733596513771676
44.87287571285832 0.0014533553771945258
44.8790176339797 0.0012585176318050757
44.88515955510109 0.0010929483363333369
44.89130147622248 0.0009603047370262785
44.897443397343864 0.0008637388659774005
44.903585318465254 0.0008058507050074742
44.909727239586644 0.0007886555648366269
44.91586916070803 0.0008135657018467284
44.92201108182942 0.0008813857416966003
44.92815300295081 0.0009923210782830615
44.93429492407219 0.0011459980797539236
44.94043684519358 0.0013414946682279282
44.94657876631497 0.001577379650320805
44.952720687436354 0.0018517590615656418
44.958862608557745 0.00216232774608813
44.96500452967913 0.0025064244173683787
44.97114645080052 0.0028810885283401958
44.97728837192191 0.0032831174096982353
44.98343029304329 0.0037091223034167895
44.98957221416468 0.004155582113254774
44.99571413528607 0.004618893904766938
45.001856056407455 0.005095419404154097
45.007997977528845 0.005581526959345437
45.014139898650235 0.006073628630493153
45.02028181977162 0.006568212264534748
45.02642374089301 0.007061868575128535
45.03256566201439 0.007551313392036469
45.03870758313578 0.008033405361248799
45.04484950425717 0.008505159468396936
45.050991425378555 0.008963756823852717
45.057133346499946 0.009406551189831747
45.063275267621336 0.009831072749847677
45.06941718874272 0.010235029621492496
45.07555910986411 0.010616307597492651
45.0817010309855 0.01097296857011515
45.08784295210688 0.011303248053042649
45.09398487322827 0.0116055521654435
45.10012679434966 0.011878454387527704
45.106268715471046 0.012120692337552662
45.112410636592436 0.012331164758921171
45.11855255771382 0.012508928844294085
45.12469447883521 0.012653197962881352
45.1308363999566 0.012763339798472407
45.13697832107798 0.01283887485026137
45.14312024219937 0.01287947519704865
45.14926216332076 0.012884963378740195
45.15540408444215 0.012855311208011328
45.16154600556354 0.012790638290389601
45.16768792668493 0.012691210003669429
45.17382984780631 0.012557434668407592
45.1799717689277 0.012389859631263251
45.18611369004908 0.012189165983121742
45.192255611170474 0.01195616164529171
45.198397532291864 0.011691772580616811
45.20453945341325 0.011397031922884167
45.21068137453464 0.011073066868192283
45.21682329565603 0.010721083236292783
45.22296521677741 0.010342347688327588
45.2291071378988 0.009938167679353191
45.23524905902019 0.009509869328393742
45.241390980141574 0.00905877350362335
45.247532901262964 0.008586170542999181
45.253674822384355 0.008093294157664873
45.25981674350574 0.007581295192277515
45.26595866462713 0.007051216037799227
45.27210058574851 0.006503966602095668
45.2782425068699 0.005940302835134332
45.28438442799129 0.0053608088715237905
45.290526349112675 0.004765883886135188
45.296668270234065 0.004155734751508007
45.302810191355455 0.003530375532043454
45.30895211247684 0.0028896347441428384
45.31509403359823 0.002233171149558947
45.32123595471962 0.001560498629415334
45.327377875841 0.0008710204093255599
45.33351979696239 0.00016407257552780613
45.339661718083775 -0.0005610235550876434
45.345803639205165 -0.0013049010612444412
45.351945560326556 -0.002068080325078879
45.35808748144794 -0.0028508969464882913
45.36422940256933 -0.003653426813295738
45.37037132369072 -0.004475410862842563
45.3765132448121 -0.0053161823953538434
45.38265516593349 -0.006174600038682136
45.38879708705488 -0.007048989595173565
45.394939008176266 -0.00793709800437993
45.401080929297656 -0.00883606251425747
45.407222850419046 -0.009742397858061802
45.41336477154043 -0.010652003780970538
45.41950669266182 -0.011560194654109892
45.4256486137832 -0.012461752167365388
45.43179053490459 -0.013351001228242041
45.43793245602598 -0.01422190824285894
45.444074377147366 -0.01506819995541577
45.45021629826876 -0.015883500018999065
45.45635821939015 -0.01666147951259091
45.46250014051153 -0.017396016757690976
45.46864206163292 -0.018081361073289164
45.47478398275431 -0.01871229458635083
45.48092590387569 -0.01928428592594589
45.487067824997084 -0.01979362960245094
45.49320974611847 -0.02023756512652703
45.49935166723986 -0.020614370459552844
45.50549358836125 -0.020923425196653002
45.51163550948263 -0.021165239938890933
45.51777743060402 -0.021341449571748133
45.52391935172541 -0.021454769578976338
45.530061272846794 -0.021508916020402415
45.536203193968184 -0.021508491318522446
45.542345115089574 -0.021458839457860063
45.54848703621096 -0.021365875530335313
45.55462895733235 -0.0212358956918748
45.56077087845374 -0.021075374471993775
45.56691279957512 -0.020890756953662333
45.57305472069651 -0.020688253585472487
45.579196641817894 -0.020473645289185237
45.585338562939285 -0.020252106088404682
45.591480484060675 -0.020028049731275484
45.59762240518206 -0.019805005750735558
45.60376432630345 -0.019585529152829167
45.60990624742484 -0.019371146510274065
45.61604816854622 -0.01916233973511533
45.62219008966761 -0.018958567283842116
45.628332010789 -0.018758321082367094
45.634473931910385 -0.0185592161130883
45.640615853031775 -0.01835810843946322
45.64675777415316 -0.01815123650128102
45.65289969527455 -0.017934379828874244
45.65904161639594 -0.017703028915098673
45.66518353751732 -0.017452559853726273
45.67132545863871 -0.017178407491601575
45.6774673797601 -0.016876231226788656
45.683609300881486 -0.016542068182843067
45.689751222002876 -0.016172469259212424
45.695893143124266 -0.015764614453473973
45.70203506424565 -0.015316404824195181
45.70817698536704 -0.014826529465538916
45.71431890648843 -0.014294506851115248
45.72046082760981 -0.013720700834621496
45.7266027487312 -0.013106312434519192
45.732744669852586 -0.012453349252946059
45.738886590973976 -0.011764574966815114
45.74502851209537 -0.011043441771169055
45.75117043321675 -0.010294008948714491
45.75731235433814 -0.00952085088914828
45.76345427545953 -0.008728957897531451
45.76959619658091 -0.007923633027283052
45.7757381177023 -0.007110387968425281
45.781880038823694 -0.006294840735725099
45.78802195994508 -0.005482617555371335
45.79416388106647 -0.004679260963562419
45.80030580218786 -0.0038901457255128068
45.80644772330924 -0.003120403776643078
45.81258964443063 -0.0023748589943872224
45.818731565552014 -0.0016579722417272029
45.824873486673404 -0.0009737967919355995
45.831015407794794 -0.0003259439548690692
45.83715732891618 0.00028244151731600153
45.84329925003757 0.0008486968613311665
45.84944117115896 0.0013706483334014626
45.85558309228034 0.0018466107025771241
45.86172501340173 0.00227538012836482
45.86786693452312 0.002656221365189506
45.874008855644504 0.0029888502246246543
45.880150776765895 0.0032734121878365227
45.88629269788728 0.003510458000814869
45.89243461900867 0.0037009170091003934
45.89857654013006 0.003846068901952658
45.90471846125144 0.0039475144428172204
45.91086038237283 0.0040071456676783876
45.91700230349422 0.004027115938944698
45.923144224615605 0.004009810152887181
45.929286145736995 0.003957815315780212
45.935428066858385 0.003873891629687756
45.94156998797977 0.003760944164745851
45.94771190910116 0.003621995141861899
45.95385383022255 0.0034601568086323575
45.95999575134393 0.003278604862308675
45.96613767246532 0.003080552356878566
45.972279593586705 0.002869224026549978
45.978421514708096 0.0026478309646714247
45.984563435829486 0.0024195456147330504
45.99070535695087 0.0021874770576157626
45.99684727807226 0.001954646615577932
46.00298919919365 0.0017239638371749112
46.00913112031503 0.0014982029767518666
46.01527304143642 0.001279980135446358
46.02141496255781 0.0010717312856058697
46.027556883679196 0.0008756914547559405
46.033698804800586 0.000693875396128506
46.03984072592198 0.0005280601174490972
46.04598264704336 0.0003797696752556505
46.05212456816475 0.00025026266553652743
46.05826648928613 0.00014052285003479707
46.06440841040752 5.1253348497323764e-05
46.07055033152891 -1.712520183694242e-05
46.0766922526503 -6.447216893642922e-05
46.08283417377169 -9.091985380142046e-05
46.08897609489308 -9.68616428922301e-05
46.09511801601446 -8.293532340194444e-05
46.10125993713585 -5.000163861603728e-05
46.107401858257234 8.816833688817307e-07
46.113543779378624 6.849002576122442e-05
46.119685700500014 0.00015146552700356436
46.1258276216214 0.0002483535205520719
46.13196954274279 0.00035764085189582813
46.13811146386418 0.00047779500455567196
46.14425338498556 0.0006073028432577953
46.15039530610695 0.0007447076941012419
46.15653722722834 0.0008886434368252735
46.162679148349724 0.0010378642906524584
46.168821069471115 0.001191269038418613
46.174962990592505 0.001347918557387008
46.18110491171389 0.0015070457102138684
46.18724683283528 0.0016680568938689812
46.19338875395667 0.0018305248424788062
46.19953067507805 0.001994172623218461
46.20567259619944 0.002158849140404997
46.211814517320825 0.0023244968567173916
46.217956438442215 0.0024911128344257487
46.224098359563605 0.0026587045743784506
46.23024028068499 0.0028272424662031514
46.23638220180638 0.0029966109399398783
46.24252412292777 0.0031665606087758163
46.24866604404915 0.0033366637989273515
46.25480796517054 0.003506275863955252
46.26094988629193 0.003674504569536536
46.267091807413316 0.003840189609045779
46.273233728534706 0.004001893974258052
46.27937564965609 0.004157908469236757
46.28551757077748 0.004306270135084584
46.29165949189887 0.0044447947701094295
46.29780141302025 0.004571123109907164
46.30394333414164 0.004682779603821932
46.31008525526303 0.004777242118806789
46.316227176384416 0.004852020349425573
46.322369097505806 0.004904740242392767
46.3285110186272 0.004933231380990751
46.33465293974858 0.004935614039303985
46.34079486086997 0.0049103825226083616
46.34693678199136 0.004856481465470347
46.35307870311274 0.004773371962534666
46.35922062423413 0.004661084750344365
46.36536254535552 0.0045202581263517035
46.37150446647691 0.004352158861669323
46.3776463875983 0.004158685010072501
46.38378830871968 0.003942350206677677
46.38993022984107 0.003706249753095487
46.39607215096246 0.0034540094691183445
46.402214072083844 0.0031897189232778077
46.408355993205234 0.0029178512083583535
46.414497914326624 0.0026431718803411725
46.42063983544801 0.002370640013202261
46.4267817565694 0.0021053045268999934
46.43292367769078 0.0018521990178688046
46.43906559881217 0.0016162382631175038
46.44520751993356 0.0014021193894944045
46.451349441054944 0.0012142304129681856
46.457491362176334 0.0010565684773432458
46.463633283297725 0.0009326696791112735
46.46977520441911 0.0008455518782940246
46.4759171255405 0.000797671387730416
46.48205904666189 0.0007908939280128653
46.48820096778327 0.0008264797529967256
46.49434288890466 0.0009050824095279555
46.50048481002605 0.001026760209316859
46.506626731147435 0.001190999171461621
46.512768652268825 0.001396745947746461
46.51891057339021 0.0016424490723043585
46.5250524945116 0.0019261067817163083
46.53119441563299 0.0022453196271127983
46.53733633675437 0.002597346139636338
46.54347825787576 0.0029791599060637643
46.54962017899715 0.0033875065523977853
46.555762100118535 0.003818959309052529
46.561904021239926 0.0042699720309982165
46.568045942361316 0.004736928759385852
46.5741878634827 0.005216189128074842
46.58032978460409 0.005704129130627799
46.58647170572547 0.006197176963554373
46.59261362684686 0.0066918438442164704
46.59875554796825 0.007184749862721957
46.604897469089636 0.007672645063613415
46.611039390211026 0.008152426063891322
46.617181311332416 0.008621148598716112
46.6233232324538 0.009076036445840532
46.62946515357519 0.009514487216057238
46.63560707469658 0.00993407551188135
46.64174899581796 0.010332553952887966
46.64789091693935 0.010707852546373532
46.65403283806074 0.01105807684911037
46.66017475918213 0.011381505322657415
46.66631668030352 0.011676586233571668
46.6724586014249 0.01194193439326757
46.67860052254629 0.012176327972275037
46.68474244366768 0.012378705562093579
46.69088436478906 0.012548163596228843
46.697026285910454 0.012683954181688805
46.703168207031844 0.012785483334293446
46.70931012815323 0.012852309556576007
46.71545204927462 0.012884142646708896
46.72159397039601 0.012880842581556523
46.72773589151739 0.012842418277432079
46.73387781263878 0.01276902599926019
46.740019733760164 0.012660967163465497
46.746161654881554 0.012518685262937248
46.752303576002944 0.012342761634891728
46.75844549712433 0.012133909795311251
46.76458741824572 0.011892968077968089
46.77072933936711 0.01162089034275529
46.77687126048849 0.011318734557970445
46.78301318160988 0.010987649114975306
46.78915510273127 0.010628856801542368
46.795297023852655 0.010243636442063964
46.801438944974045 0.009833302308001142
46.807580866095435 0.009399181509135742
46.81372278721682 0.008942589693292086
46.81986470833821 0.008464805506355453
46.82600662945959 0.007967044391826147
46.83214855058098 0.007450432435142009
46.83829047170237 0.006915981077108929
46.844432392823755 0.00636456362662809
46.850574313945145 0.005796894588690484
46.856716235066536 0.005213512881997778
46.86285815618792 0.004614770044217952
46.86900007730931 0.004000824504762417
46.8751419984307 0.0033716429387009345
46.88128391955208 0.002727009595864456
46.88742584067347 0.0020665443228994485
46.893567761794856 0.0013897297617479075
46.899709682916246 0.0006959479171532966
46.905851604037636 -1.5474057134175423e-05
46.91199352515902 -0.0007452093909605988
46.91813544628041 -0.0014938695066812765
46.9242773674018 -0.002261935499873455
46.93041928852318 -0.003049685125226125
46.93656120964457 -0.003857117537925856
46.94270313076596 -0.0046838784140476085
46.948845051887346 -0.005529188379040489
46.95498697300874 -0.006391777887674229
46.96112889413013 -0.007269831799652923
46.96727081525151 -0.008160946863363666
46.9734127363729 -0.009062105141273055
46.97955465749428 -0.009969666075639299
46.98569657861567 -0.010879379400977865
46.991838499737064 -0.011786420466790074
46.99798042085845 -0.01268544875589294
47.00412234197984 -0.013570689494602542
47.01026426310123 -0.01443603728381563
47.01640618422261 -0.015275179674944116
47.022548105344 -0.01608173761782255
47.02869002646539 -0.016849418769037845
47.034831947586774 -0.017572178819763796
47.040973868708164 -0.01824438533165896
47.04711578982955 -0.018860978102583907
47.05325771095094 -0.019417619858084774
47.05939963207233 -0.019910831106753013
47.06554155319371 -0.020338103321981642
47.0716834743151 -0.020697985219401503
47.07782539543649 -0.020990137773291073
47.083967316557874 -0.021215354726333967
47.090109237679265 -0.021375546650985084
47.096251158800655 -0.02147368806087601
47.10239307992204 -0.02151372858119558
47.10853500104343 -0.021500470695913945
47.11467692216482 -0.021439418023076456
47.1208188432862 -0.02133659935536447
47.12696076440759 -0.0211983747762461
47.133102685528975 -0.021031230967007927
47.139244606650365 -0.020841573314975725
47.145386527771755 -0.02063552259253018
47.15152844889314 -0.020418723791782986
47.15767037001453 -0.02019617418077015
47.16381229113592 -0.01997207682078714
47.1699542122573 -0.019749724693787735
47.17609613337869 -0.019531419289392903
47.18223805450008 -0.019318426058470364
47.188379975621466 -0.019110967625755117
47.194521896742856 -0.01890825414057734
47.20066381786424 -0.01870854870305424
47.20680573898563 -0.018509264497529217
47.21294766010702 -0.018307089150552572
47.2190895812284 -0.01809813095027272
47.22523150234979 -0.017878080946899143
47.23137342347118 -0.017642384614517958
47.237515344592566 -0.0173864166930614
47.243657265713956 -0.0171056530320588
47.24979918683535 -0.01679583369938845
47.25594110795673 -0.01645311226324845
47.26208302907812 -0.016074186961355732
47.26822495019951 -0.015656410391000002
47.27436687132089 -0.015197875338413292
47.28050879244228 -0.01469747536834355
47.28665071356367 -0.014154939770569737
47.29279263468506 -0.013570843370467288
47.29893455580645 -0.0129465925234067
47.30507647692783 -0.012284389303352313
47.31121839804922 -0.011587176448014026
47.31736031917061 -0.010858566027939514
47.323502240291994 -0.01010275506410437
47.329644161413384 -0.009324431433586558
47.335786082534774 -0.008528673387185222
47.34192800365616 -0.007720845872052279
47.34806992477755 -0.006906496625254629
47.35421184589893 -0.006091254701211579
47.36035376702032 -0.005280733738221189
47.36649568814171 -0.004480441877335826
47.372637609263094 -0.0036956998399522703
47.378779530384485 -0.002931568265742678
47.384921451505875 -0.002192785024664546
47.39106337262726 -0.0014837128575972429
47.39720529374865 -0.0008082973786042169
47.40334721487004 -0.0001700351940707089
47.40948913599142 0.00042804833650162224
47.41563105711281 0.0009834123553509714
47.4217729782342 0.0014940055688720377
47.427914899355585 0.001958263999183538
47.434056820476975 0.002375102355045845
47.44019874159836 0.0027438999645763235
47.44634066271975 0.003064482193381472
47.45248258384114 0.0033370982273759468
47.45862450496252 0.0035623960351847694
47.46476642608391 0.003741395245985926
47.4709083472053 0.003875458589885891
47.477050268326686 0.003966262453926876
47.483192189448076 0.004015767011575865
47.489334110569466 0.004026186290428147
47.49547603169085 0.00399995845471066
47.50161795281224 0.003939716498306276
47.50775987393362 0.0038482594722243158
47.51390179505501 0.0037285243090557432
47.5200437161764 0.003583558256931459
47.526185637297786 0.003416491897391734
47.532327558419176 0.0032305126956699752
47.53846947954057 0.0030288390181529307
47.54461140066195 0.0028146945499294127
47.55075332178334 0.0025912830548823714
47.55689524290473 0.0023617634409577918
47.56303716402611 0.002129225123084774
47.5691790851475 0.0018966637145296824
47.575321006268894 0.0016669571227735274
47.58146292739028 0.0014428421765958533
47.58760484851167 0.0012268919649765751
47.59374676963306 0.0010214941234478754
47.59988869075444 0.0008288303571718683
47.60603061187583 0.0006508575396183919
47.612172532997214 0.0004892907684063373
47.618314454118604 0.000345588792703839
47.624456375239994 0.00022094224662921376
47.63059829636138 0.00011626512747737325
47.63674021748277 3.218994375684658e-05
47.64288213860416 -3.093307625822642e-05
47.64902405972554 -7.3032381103234e-05
47.65516598084693 -9.430684275237864e-05
47.661307901968314 -9.521270044349733e-05
47.667449823089704 -7.644567289744839e-05
47.673591744211095 -3.891835373715561e-05
47.67973366533248 1.626683545045726e-05
47.68587558645387 8.784868917688948e-05
47.69201750757526 0.0001744416381565422
47.69815942869664 0.00027457275072157583
47.70430134981803 0.0003867203575778978
47.71044327093942 0.0005093531979508624
47.716585192060805 0.0006409688695789811
47.722727113182195 0.0007801302867901971
47.728869034303585 0.0009254988183126844
47.73501095542497 0.0010758627965918607
47.74115287654636 0.0012301601684935831
47.74729479766775 0.0013874941963322035
47.75343671878913 0.0015471413183726127
47.75957863991052 0.0017085505363915608
47.765720561031905 0.0018713340082565741
47.771862482153296 0.002035248876116521
47.778004403274686 0.0022001707427855136
47.78414632439607 0.0023660596044469528
47.79028824551746 0.0025329194388455643
47.79643016663885 0.0027007530150998478
47.80257208776023 0.002869513814058499
47.80871400888162 0.00303905720719894
47.814855930003006 0.0032090932195997747
47.820997851124396 0.0033791432835743847
47.827139772245786 0.003548503363154914
47.83328169336717 0.003716215689705913
47.83942361448856 0.0038810510950637814
47.84556553560995 0.0040415035663164435
47.85170745673133 0.004195798187328738
47.85784937785272 0.0043419130938488525
47.86399129897411 0.0044776154741100445
47.8701332200955 0.004600511021988782
47.87627514121689 0.004708105624494465
47.88241706233828 0.004797877470391342
47.88855898345966 0.004867357232364649
47.89470090458105 0.004914213529413952
47.90084282570244 0.00493634054332765
47.906984746823824 0.004931944462083214
47.913126667945214 0.004899625366255475
47.9192685890666 0.004838451267142657
47.92541051018799 0.004748021244797721
47.93155243130938 0.004628515010348781
47.93769435243076 0.004480726712726709
47.94383627355215 0.004306081401901587
47.94997819467354 0.004106633220904492
47.956120115794924 0.003885045096019859
47.962262036916314 0.003644550395895564
47.9684039580377 0.003388897703624398
47.97454587915909 0.003122280460912607
47.98068780028048 0.0028492537737958967
47.98682972140186 0.0025746410934926614
47.99297164252325 0.0023034337884139094
47.99911356364464 0.002040686795126606
48.005255484766025 0.0017914135749884724
48.011397405887415 0.0015604835135762968
48.017539327008805 0.0013525246921808163
48.02368124813019 0.0011718346498814452
48.02982316925158 0.001022301360362274
48.03596509037297 0.0009073361916739232
48.04210701149435 0.0008298201229618066
48.04824893261574 0.0007920639832460657
48.05439085373713 0.0007957829759780875
48.060532774858515 0.0008420852795013138
48.066674695979906 0.0009314740849357924
48.07281661710129 0.0010638620630127617
48.07895853822268 0.0012385969497430971
48.08510045934407 0.0014544967132768237
48.09124238046545 0.0017098926127321005
48.09738430158684 0.002002678382507748
48.10352622270823 0.0023303637678717274
48.109668143829616 0.002690130692203316
48.115810064951006 0.003078890444080502
48.12195198607239 0.0034933404231416347
48.12809390719378 0.003930019166457151
48.13423582831517 0.004385358581205467
48.14037774943655 0.0048557325243979085
48.14651967055794 0.005337501086865487
48.15266159167933 0.005827050148490653
48.158803512800716 0.0063208259679564775
48.16494543392211 0.006815364747823973
48.1710873550435 0.0073073172707468475
48.17722927616488 0.007793468832753418
48.18337119728627 0.00827075480374934
48.18951311840766 0.008736272223814828
48.19565503952904 0.00918728789752936
48.201796960650434 0.009621243479243645
48.207938881771824 0.010035758052219722
48.21408080289321 0.010428628696506487
48.2202227240146 0.010797829517117333
48.22636464513598 0.011141509568325464
48.23250656625737 0.011457990064394573
48.23864848737876 0.011745761214371903
48.244790408500144 0.012003478960928205
48.250932329621534 0.01222996184269493
48.257074250742924 0.012424188137839779
48.26321617186431 0.012585293385222575
48.2693580929857 0.012712568319663324
48.27550001410708 0.012805457200685058
48.28164193522847 0.012863556460492016
48.28778385634986 0.01288661354778828
48.293925777471244 0.012874525800072973
48.300067698592635 0.012827339139121962
48.306209619714025 0.012745246353274606
48.31235154083541 0.01262858470676893
48.3184934619568 0.012477832601678718
48.32463538307819 0.012293605012968799
48.33077730419957 0.012076647422817654
48.33691922532096 0.01182782799769644
48.34306114644235 0.011548127781642306
48.349203067563735 0.01123862872249947
48.355344988685125 0.010900499405195963
48.361486909806516 0.010534978437541085
48.3676288309279 0.010143355519308095
48.37377075204929 0.009726950323718604
48.37991267317067 0.009287089430338765
48.38605459429206 0.008825081667560575
48.39219651541345 0.008342192348218414
48.398338436534836 0.007839617009400076
48.404480357656226 0.007318455392353572
48.410622278777616 0.006779686514787352
48.416764199899 0.00622414578936197
48.42290612102039 0.005652505221795747
48.42904804214177 0.005065257772398642
48.43518996326316 0.004462706978688747
48.44133188438455 0.0038449629071566744
48.447473805505936 0.0032119454230558663
48.453615726627326 0.0025633956336150506
48.45975764774872 0.0018988961692939716
48.4658995688701 0.0012179007190151413
48.47204148999149 0.0005197729308821329
48.47818341111288 -0.00019616556497864017
48.48432533223426 -0.0009305786514024837
48.490467253355654 -0.0016840518029642493
48.496609174477044 -0.0024570222542913186
48.50275109559843 -0.0032497051983525543
48.50889301671982 -0.004062018363364715
48.51503493784121 -0.004893507675495955
48.52117685896259 -0.005743276999488039
48.52731878008398 -0.006609925137218699
48.533460701205364 -0.007491493333564603
48.539602622326754 -0.008385426471547386
48.545744543448144 -0.009288550921367877
48.55188646456953 -0.010197071633579946
48.55802838569092 -0.011106590535784727
48.56417030681231 -0.01201214761369217
48.57031222793369 -0.01290828524887262
48.57645414905508 -0.013789135473517799
48.582596070176464 -0.014648528821819537
48.588737991297855 -0.015480122450033927
48.594879912419245 -0.016277544210235174
48.60102183354063 -0.017034548446630018
48.60716375466202 -0.0177451784891401
48.61330567578341 -0.01840393019540379
48.61944759690479 -0.01900591048265391
48.62558951802618 -0.019546984630052527
48.63173143914757 -0.020023906243975167
48.637873360268955 -0.020434424174313726
48.644015281390345 -0.020777361345453393
48.650157202511735 -0.0210526614022636
48.65629912363312 -0.02126140023538951
48.66244104475451 -0.021405760793808976
48.6685829658759 -0.021488971056856133
48.67472488699728 -0.02151520655491397
48.68086680811867 -0.021489460324942984
48.68700872924006 -0.021417384590081107
48.693150650361446 -0.021305109691108756
48.699292571482836 -0.021159046808368824
48.70543449260422 -0.020985681743542567
48.71157641372561 -0.020791367443516513
48.717718334847 -0.02058212302194218
48.72386025596838 -0.020363446764168895
48.73000217708977 -0.02014015000223126
48.736144098211156 -0.019916217849654902
48.742286019332546 -0.019694701637300787
48.74842794045394 -0.019477646549857376
48.75456986157532 -0.019266056495205023
48.76071178269671 -0.01905989671784156
48.7668537038181 -0.018858133165634568
48.77299562493948 -0.0186588062057728
48.77913754606087 -0.018459135023261037
48.785279467182264 -0.01825564797581934
48.79142138830365 -0.018044333362254687
48.79756330942504 -0.01782080451282888
48.80370523054643 -0.017580472840786412
48.80984715166781 -0.01731872250058076
48.8159890727892 -0.017031080563674087
48.82213099391059 -0.016713377118869485
48.828272915031974 -0.016361890393550037
48.834414836153364 -0.015973472830960844
48.840556757274754 -0.015545654999148869
48.84669867839614 -0.015076725200780626
48.85284059951753 -0.014565783652804773
48.85898252063891 -0.014012771067806228
48.8651244417603 -0.013418472357583472
48.87126636288169 -0.012784496963602284
48.877408284003074 -0.012113237976146128
48.883550205124465 -0.011407812719710966
48.889692126245855 -0.010671987850066325
48.89583404736724 -0.00991009222926692
48.90197596848863 -0.009126920925980138
48.90811788961001 -0.008327633642386976
48.9142598107314 -0.007517650712193742
48.92040173185279 -0.006702549566208681
48.926543652974175 -0.005887964243320454
48.932685574095565 -0.00507949015652125
48.938827495216955 -0.004282595926208675
48.94496941633834 -0.003502543685124255
48.95111133745973 -0.0027443188574922325
48.95725325858112 -0.0020125700332078267
48.9633951797025 -0.0013115592074200199
48.96953710082389 -0.0006451223447855758
48.97567902194528 -1.6639961511723015e-05
48.981820943066666 0.0005709828000846892
48.987962864188056 0.0011153272998363987
48.994104785309446 0.0016144645492142124
49.00024670643083 0.0020669512794654755
49.00638862755222 0.002471819864872743
49.0125305486736 0.002828563041573537
49.01867246979499 0.003137114336646754
49.02481439091638 0.0033978250723074206
49.030956312037766 0.0036114387415201246
49.037098233159156 0.003779063469424251
49.04324015428055 0.003902143184491877
49.04938207540193 0.003982428028679825
49.05552399652332 0.004021944440826023
49.0616659176447 0.004022965255422143
49.06780783876609 0.003987980072369053
49.07394975988748 0.003919666074580305
49.08009168100887 0.003820859400988297
49.08623360213026 0.0036945271238975554
49.09237552325165 0.0035437398325411608
49.09851744437303 0.003371644789625266
49.10465936549442 0.003181439604795013
49.11080128661581 0.0029763463582235246
49.116943207737194 0.002759586108578439
49.123085128858584 0.002534353731901932
49.129227049979974 0.0023037930606360567
49.13536897110136 0.0020709723241032546
49.14151089222275 0.0018388599319573919
49.14765281334414 0.0016103006889205155
49.15379473446552 0.0013879925807404085
49.15993665558691 0.0011744643257251073
49.166078576708294 0.0009720539411289566
49.172220497829684 0.0007828886265520619
49.178362418951075 0.0006088663146650129
49.18450434007246 0.00045163928006483866
49.19064626119385 0.0003126002269871945
49.19678818231524 0.00019287129298426248
49.20293010343662 9.329640573666816e-05
49.20907202455801 1.4437411404553466e-05
49.215213945679395 -4.342564674623742e-05
49.221355866800785 -8.028978274130102e-05
49.227497787922175 -9.641962366924992e-05
49.23363970904356 -9.233314300837664e-05
49.23978163016495 -6.87825768877646e-05
49.24592355128634 -2.673067666462111e-05
49.25206547240772 3.2677385870352725e-05
49.25820739352911 0.00010814597167298978
49.2643493146505 0.0001982641210046869
49.270491235771885 0.0003015430565156488
49.276633156893276 0.0004164550467268292
49.282775078014666 0.0005414724960434587
49.28891699913605 0.0006751060203598708
49.29505892025744 0.0008159401997643779
49.30120084137883 0.0009626656798448674
49.30734276250021 0.0011141063272979092
49.3134846836216 0.0012692402387133941
49.319626604742986 0.0014272135558521435
49.325768525864376 0.0015873462559026388
49.331910446985766 0.0017491293573477118
49.33805236810715 0.0019122133040459354
49.34419428922854 0.002076387651439957
49.35033621034993 0.0022415525657598647
49.35647813147131 0.0024076830432768967
49.3626200525927 0.0025747871435576066
49.368761973714086 0.0027428598884716724
49.37490389483548 0.00291183478735375
49.38104581595687 0.003081535188986648
49.38718773707825 0.00325162781575116
49.39332965819964 0.0034215808903305693
49.39947157932103 0.0035906292109415556
49.40561350044241 0.0037577483624720727
49.411755421563804 0.003921639969161863
49.417897342685194 0.004080729506668588
49.42403926380658 0.004233177710686351
49.43018118492797 0.0043769060645503285
49.43632310604936 0.004509636243218048
49.44246502717074 0.004628942763215342
49.44860694829213 0.00473231746753305
49.45474886941352 0.004817243891850247
49.460890790534904 0.004881279043727471
49.467032711656294 0.004922139706821469
49.47317463277768 0.004937790080760463
49.47931655389907 0.004926527401481351
49.48545847502046 0.004887062167228985
49.49160039614184 0.004818589725299116
49.49774231726323 0.004720850249499637
49.50388423838462 0.0045941745462559835
49.510026159506005 0.004439513649476913
49.516168080627395 0.004258450776112511
49.52231000174878 0.004053194886761927
49.52845192287017 0.0038265557969395744
49.53459384399156 0.003581901481933334
49.54073576511294 0.003323098879641153
49.54687768623433 0.003054440091965507
49.55301960735572 0.0027805563909286957
49.559161528477105 0.0025063228305801663
49.565303449598495 0.0022367565361086977
49.571445370719886 0.0019769118800816938
49.57758729184127 0.001731775761873398
49.58372921296266 0.0015061660860069437
49.58987113408405 0.0013046362999463116
49.59601305520543 0.001131388518276579
49.60215497632682 0.0009901973483197068
49.60829689744821 0.0008843460645044762
49.614438818569596 0.0008165762787593379
49.620580739690986 0.0007890517451301707
49.62672266081237 0.0008033364406182949
49.63286458193376 0.0008603866003975226
49.63900650305515 0.0009605559704913166
49.64514842417653 0.0011036131873195854
49.65129034529792 0.0012887699100375758
49.65743226641931 0.0015147181230136275
49.663574187540696 0.0017796748930795608
49.66971610866209 0.002081432806861859
49.67585802978347 0.002417414322120648
49.68199995090486 0.0027847283358224703
49.68814187202625 0.0031802273912208637
49.69428379314763 0.0036005641059915967
49.700425714269024 0.004042245592601413
49.706567635390414 0.004501684849803641
49.7127095565118 0.004975248320324152
49.71885147763319 0.005459299025310488
49.72499339875458 0.005950234893096488
49.73113531987596 0.006444522091870009
49.73727724099735 0.006938723348031937
49.74341916211874 0.007429521380980239
49.749561083240124 0.007913737708746205
49.755703004361514 0.0083883471766339
49.761844925482905 0.008850488633114923
49.76798684660429 0.009297472224954114
49.77412876772568 0.0097267838088266
49.78027068884706 0.010136086981919673
49.78641260996845 0.010523223221878786
49.79255453108984 0.010886210599789385
49.798696452211225 0.01122324149144094
49.804838373332615 0.011532679664604974
49.810980294454005 0.011813057065920623
49.81712221557539 0.012063070572438554
49.82326413669678 0.012281578911893097
49.82940605781816 0.012467599894013612
49.83554797893955 0.012620308034068353
49.84168990006094 0.01273903259059966
49.847831821182325 0.01282325598293571
49.853973742303715 0.012872612501510318
49.860115663425105 0.012886887176081822
49.86625758454649 0.012866014624409205
49.87239950566788 0.012810077667647095
49.87854142678927 0.012719305469476824
49.88468334791065 0.0125940709346914
49.89082526903204 0.012434887090583244
49.89696719015343 0.012242402172020314
49.903109111274816 0.012017393139558526
49.909251032396206 0.011760757380349885
49.915392953517596 0.011473502374838926
49.92153487463898 0.011156733159020741
49.92767679576037 0.010811637472859428
49.93381871688175 0.010439468560395935
49.93996063800314 0.01004152567571491
49.94610255912453 0.009619132450360869
49.952244480245916 0.009173613390229624
49.95838640136731 0.008706268891023368
49.9645283224887 0.008218349287665168
49.97067024361008 0.007711028580405476
49.97681216473147 0.007185378603651831
49.98295408585285 0.00664234451685917
49.98909600697424 0.00608272259351533
49.995237928095634 0.005507141357278603
50.00137984921702 0.004916047156237038
50.00752177033841 0.0043096952698858
50.0136636914598 0.0036881476019466034
50.01980561258118 0.0030512779197799135
50.02594753370257 0.0023987854535299923
50.03208945482396 0.0017302174628493602
50.038231375945344 0.001045001116103302
50.044373297066734 0.00034248470929432694
50.050515218188124 -0.00037801211430991825
50.05665713930951 -0.0011171398880967154
50.0627990604309 -0.001875453764883342
50.06894098155229 -0.0026533424942358236
50.07508290267367 -0.003450953980189509
50.08122482379506 -0.004268119863234625
50.087366744916444 -0.005104281912814886
50.093508666037835 -0.0059584232794194685
50.099650587159225 -0.006829007815515874
50.10579250828061 -0.007713930711273667
50.111934429402 -0.00861048358716635
50.11807635052339 -0.009515336929304279
50.12421827164477 -0.010424542339507705
50.13036019276616 -0.011333556503173163
50.136502113887545 -0.01223728806494869
50.142644035008935 -0.013130167765016727
50.148785956130325 -0.01400624125604326
50.15492787725171 -0.01485928302925911
50.1610697983731 -0.015682928871121125
50.16721171949449 -0.01647082329786832
50.17335364061587 -0.017216777524904588
50.17949556173726 -0.01791493277202618
50.18563748285865 -0.018559923131644552
50.191779403980036 -0.0191470318767723
50.197921325101426 -0.019672334991093887
50.204063246222816 -0.020132825885802084
50.2102051673442 -0.020526515734391033
50.21634708846559 -0.020852504599826273
50.22248900958698 -0.021111019525750008
50.22863093070836 -0.021303416977209895
50.23477285182975 -0.021432148396158333
50.240914772951136 -0.021500689121017443
50.247056694072526 -0.021513432438527984
50.25319861519392 -0.021475552016470976
50.2593405363153 -0.021392837334177843
