time TPR_both_B_open_144_rho13_imag
904.7786842338604 0.009390627395473309
904.7848261549818 0.009393044284859167
904.7909680761032 0.00939545813376429
904.7971099972245 0.009397882177510865
904.803251918346 0.009400329351726472
904.8093938394674 0.009402812169363225
904.8155357605888 0.009405342601974764
904.8216776817102 0.00940793196432847
904.8278196028315 0.009410590803655479
904.8339615239529 0.009413328794813975
904.8401034450743 0.009416154640358472
904.8462453661957 0.00941907597840989
904.852387287317 0.009422099297130592
904.8585292084384 0.009425229857716055
904.8646711295598 0.009428471624618273
904.8708130506812 0.0094318272057153
904.8769549718027 0.009435297801152619
904.883096892924 0.009438883161777725
904.8892388140454 0.009442581558029933
904.8953807351668 0.00944638975784255
904.9015226562882 0.009450303015988754
904.9076645774096 0.009454315073304772
904.9138064985309 0.009458418166413018
904.9199484196523 0.00946260304850383
904.9260903407737 0.00946685901942283
904.9322322618951 0.009471173967185689
904.9383741830165 0.009475534419043766
904.9445161041378 0.009479925602412304
904.9506580252593 0.009484331515914244
904.9567999463807 0.009488735008484909
904.9629418675021 0.009493117868364358
904.9690837886234 0.00949746091970134
904.9752257097448 0.009501744127590063
904.9813676308662 0.009505946709166584
904.9875095519876 0.00951004725239219
904.993651473109 0.009514023840175722
904.9997933942303 0.00951785417969796
905.0059353153517 0.00952151573676528
905.0120772364731 0.009524985872743759
905.0182191575946 0.009528241985531824
905.024361078716 0.009531261652075435
905.0305029998373 0.009534022772159353
905.0366449209587 0.009536503713196512
905.0427868420801 0.009538683453482747
905.0489287632015 0.00954054172531374
905.0550706843229 0.009542059155429945
905.0612126054442 0.009543217402509348
905.0673545265656 0.009543999291440829
905.073496447687 0.009544388941875348
905.0796383688084 0.00954437189251184
905.0857802899299 0.009543935218661983
905.0919222110512 0.00954306764291751
905.0980641321726 0.009541759638777509
905.104206053294 0.00954000352488123
905.1103479744154 0.009537793551472702
905.1164898955367 0.009535125976714505
905.1226318166581 0.009531999133673663
905.1287737377795 0.009528413485698717
905.1349156589009 0.00952437167201602
905.1410575800223 0.009519878541489727
905.1471995011436 0.009514941174804963
905.153341422265 0.009509568895389788
905.1594833433865 0.00950377326720995
905.1656252645079 0.009497568081569303
905.1717671856293 0.009490969331180056
905.1779091067506 0.009483995172079455
905.184051027872 0.009476665874041288
905.1901929489934 0.009469003757943219
905.1963348701148 0.009461033122553678
905.2024767912362 0.00945278015933573
905.2086187123575 0.009444272856171483
905.2147606334789 0.009435540890978346
905.2209025546003 0.009426615513997351
905.2270444757218 0.0094175294215288
905.233186396843 0.009408316619896885
905.2393283179645 0.009399012281626802
905.2454702390859 0.009389652592719979
905.2516121602073 0.009380274594004472
905.2577540813287 0.009370916015647409
905.26389600245 0.009361615106201551
905.2700379235714 0.0093524104575921
905.2761798446928 0.009343340825232615
905.2823217658142 0.009334444946418611
905.2884636869356 0.009325761356230337
905.2946056080569 0.009317328202445168
905.3007475291784 0.00930918306096555
905.3068894502998 0.009301362751030169
905.3130313714212 0.009293903153407895
905.3191732925426 0.009286839030837409
905.3253152136639 0.009280203852211724
905.3314571347853 0.009274029621994952
905.3375990559067 0.009268346714088731
905.3437409770281 0.009263183713276493
905.3498828981494 0.009258567263298476
905.3560248192708 0.009254521923722593
905.3621667403922 0.009251070034591783
905.3683086615137 0.009248231591833163
905.3744505826351 0.009246024132431368
905.3805925037564 0.009244462630569307
905.3867344248778 0.009243559405884224
905.3928763459992 0.009243324042680499
905.3990182671206 0.009243763322819605
905.405160188242 0.009244881171004094
905.4113021093633 0.00924667861336318
905.4174440304847 0.009249153750174195
905.4235859516061 0.009252301741242076
905.4297278727275 0.00925611480632185
905.435869793849 0.009260582238964666
905.4420117149702 0.009265690434344487
905.4481536360917 0.009271422931553225
905.4542955572131 0.009277760468529888
905.4604374783345 0.009284681051657386
905.4665793994558 0.009292160037940343
905.4727213205772 0.009300170230760192
905.4788632416986 0.009308681986988147
905.48500516282 0.009317663337219482
905.4911470839414 0.00932708011689744
905.4972890050627 0.009336896108282294
905.5034309261841 0.00934707319316676
905.5095728473055 0.009357571513936862
905.515714768427 0.00936834964446297
905.5218566895484 0.00937936476832615
905.5279986106697 0.009390572864091415
905.5341405317911 0.009401928897303288
905.5402824529125 0.009413387016597509
905.5464243740339 0.009424900755230673
905.5525662951553 0.00943642323537109
905.5587082162766 0.009447907374724897
905.564850137398 0.009459306095059244
905.5709920585194 0.009470572529926741
905.5771339796408 0.009481660232829297
905.5832759007621 0.009492523383013348
905.5894178218836 0.009503116989245232
905.595559743005 0.009513397088779381
905.6017016641264 0.009523320942798617
905.6078435852478 0.00953284722569266
905.6139855063691 0.009541936207818232
905.6201274274905 0.009550549931416095
905.6262693486119 0.009558652377149262
905.6324112697333 0.009566209622703142
905.6385531908547 0.009573189990998753
905.644695111976 0.009579564187868518
905.6508370330974 0.009585305429097088
905.6569789542189 0.009590389554538378
905.6631208753403 0.009594795131013328
905.6692627964617 0.009598503541821969
905.675404717583 0.009601499063015724
905.6815466387044 0.009603768926643202
905.6876885598258 0.00960530336900297
905.6938304809472 0.009606095665942092
905.6999724020686 0.009606142153374944
905.7061143231899 0.00960544223351755
905.7122562443113 0.00960399836740482
905.7183981654327 0.009601816052081174
905.7245400865542 0.009598903784861664
905.7306820076755 0.009595273013083981
905.7368239287969 0.009590938070988658
905.7429658499183 0.009585916102285366
905.7491077710397 0.009580226971075585
905.7552496921611 0.00957389315993014
905.7613916132824 0.00956693965623154
905.7675335344038 0.009559393827945545
905.7736754555252 0.009551285287795483
905.7798173766466 0.00954264574879748
905.785959297768 0.00953350887022657
905.7921012188893 0.009523910095376276
905.7982431400108 0.009513886482512864
905.8043850611322 0.009503476528210436
905.8105269822536 0.00949271998621952
905.816668903375 0.009481657681109295
905.8228108244963 0.00947033131819427
905.8289527456177 0.0094587832912702
905.8350946667391 0.009447056487445477
905.8412365878605 0.00943519409229277
905.8473785089818 0.0094232393945015
905.8535204301032 0.009411235592347992
905.8596623512246 0.009399225601149048
905.865804272346 0.00938725186488927
905.8719461934675 0.009375356171262499
905.8780881145888 0.009363579471587322
905.8842300357102 0.009351961707028298
905.8903719568316 0.00934054164027202
905.896513877953 0.00932935669570108
905.9026557990744 0.009318442807134288
905.9087977201957 0.009307834274401287
905.9149396413171 0.009297563629971452
905.9210815624385 0.00928766151455133
905.9272234835599 0.009278156564450924
905.9333654046814 0.009269075309515979
905.9395073258027 0.009260442082618073
905.9456492469241 0.009252278941628306
905.9517911680455 0.009244605602485408
905.9579330891669 0.009237439385841888
905.9640750102882 0.009230795175653188
905.9702169314096 0.009224685391157056
905.976358852531 0.009219119970477013
905.9825007736524 0.009214106368056243
905.9886426947738 0.009209649564136118
905.9947846158951 0.009205752086665525
906.0009265370165 0.009202414045971163
906.007068458138 0.009199633180200706
906.0132103792594 0.009197404913425682
906.0193523003808 0.009195722424299618
906.0254942215021 0.009194576725353273
906.0316361426235 0.009193956752961314
906.0377780637449 0.009193849465707787
906.0439199848663 0.009194239952773554
906.0500619059877 0.009195111549982857
906.056203827109 0.00919644596335914
906.0623457482304 0.009198223400002321
906.0684876693518 0.009200422703820838
906.0746295904733 0.009203021497557643
906.0807715115945 0.009205996328480624
906.086913432716 0.009209322818237714
906.0930553538374 0.009212975814214125
906.0991972749588 0.009216929543769242
906.1053391960802 0.009221157768791979
906.1114811172015 0.009225633940261916
906.1176230383229 0.009230331352509969
906.1237649594443 0.009235223294633945
906.1299068805657 0.009240283200476046
906.1360488016871 0.009245484794651301
906.1421907228084 0.009250802234391977
906.1483326439298 0.009256210246999744
906.1544745650513 0.009261684260482007
906.1606164861727 0.009267200528921365
906.1667584072941 0.009272736250231395
906.1729003284154 0.009278269676246327
906.1790422495368 0.009283780215138293
906.1851841706582 0.009289248523958103
906.1913260917796 0.009294656593084193
906.1974680129009 0.009299987820371627
906.2036099340223 0.009305227076000592
906.2097518551437 0.009310360755931607
906.2158937762651 0.009315376825989315
906.2220356973866 0.009320264854716284
906.2281776185079 0.009325016035457288
906.2343195396293 0.00932962319819135
906.2404614607507 0.009334080809448574
906.2466033818721 0.009338384962643623
906.2527453029935 0.009342533357287325
906.2588872241148 0.009346525267846259
906.2650291452362 0.009350361503081753
906.2711710663576 0.00935404435450786
906.277312987479 0.009357577536601543
906.2834549086004 0.00936096611751495
906.2895968297217 0.009364216441341165
906.2957387508432 0.009367336043033525
906.3018806719646 0.009370333554873576
906.308022593086 0.009373218607361953
906.3141645142074 0.009376001723507674
906.3203064353287 0.009378694207775257
906.3264483564501 0.009381308030978959
906.3325902775715 0.00938385571019025
906.3387321986929 0.009386350186682327
906.3448741198142 0.009388804700903657
906.3510160409356 0.00939123266663398
906.357157962057 0.00939364754333476
906.3632998831785 0.009396062709757914
906.3694418042999 0.009398491337938335
906.3755837254212 0.00940094626893873
906.3817256465426 0.00940343989170401
906.387867567664 0.00940598402411712
906.3940094887854 0.009408589799264684
906.4001514099068 0.009411267555959137
906.4062933310281 0.009414026734784831
906.4124352521495 0.009416875780902204
906.4185771732709 0.009419822052557902
906.4247190943923 0.009422871738144436
906.4308610155138 0.00942602978067208
906.437002936635 0.009429299810718378
906.4431448577565 0.00943268408886967
906.4492867788779 0.009436183456367144
906.4554286999993 0.009439797296550633
906.4615706211206 0.009443523505587886
906.467712542242 0.009447358474066362
906.4738544633634 0.00945129707781502
906.4799963844848 0.009455332680312149
906.4861383056062 0.009459457145035053
906.4922802267275 0.009463660858295688
906.4984221478489 0.009467932763042862
906.5045640689704 0.009472260401800721
906.5107059900918 0.00947662997078827
906.5168479112132 0.009481026383267012
906.5229898323345 0.009485433342355482
906.5291317534559 0.009489833423491505
906.5352736745773 0.009494208164417678
906.5414155956987 0.009498538164451302
906.5475575168201 0.009502803190810582
906.5536994379414 0.009506982291973779
906.5598413590628 0.009511053918001658
906.5659832801842 0.00951499604546461
906.5721252013057 0.009518786308516238
906.578267122427 0.009522402133571677
906.5844090435484 0.009525820878168802
906.5905509646698 0.009529019971420317
906.5966928857912 0.009531977057487272
906.6028348069126 0.009534670139559175
906.6089767280339 0.009537077724058131
906.6151186491553 0.00953917896478203
906.6212605702767 0.009540953804448917
906.6274024913981 0.00954238311504505
906.6335444125195 0.009543448834448878
906.6396863336408 0.00954413409906912
906.6458282547623 0.00954442337224601
906.6519701758837 0.00954430256594361
906.6581120970051 0.009543759157221788
906.6642540181265 0.009542782297065885
906.6703959392478 0.00954136291144664
906.6765378603692 0.009539493794510322
906.6826797814906 0.009537169691602797
906.688821702612 0.009534387373804949
906.6949636237333 0.009531145701665534
906.7011055448547 0.009527445679013848
906.7072474659761 0.009523290494645094
906.7133893870975 0.009518685553774822
906.719531308219 0.009513638497286592
906.7256732293403 0.009508159209104873
906.7318151504617 0.009502259812094049
906.7379570715831 0.00949595465069361
906.7440989927045 0.00948926026250809
906.7502409138259 0.009482195337196903
906.7563828349472 0.009474780663326668
906.7625247560686 0.009467039063914218
906.76866667719 0.009458995319205101
906.7748085983114 0.009450676079234844
906.7809505194328 0.009442109764844978
906.7870924405541 0.009433326458140774
906.7932343616756 0.009424357783432383
906.799376282797 0.009415236777515719
906.8055182039184 0.0094059977521347
906.8116601250397 0.009396676147473604
906.8178020461611 0.009387308378723853
906.8239439672825 0.009377931674667585
906.8300858884039 0.009368583911308003
906.8362278095253 0.009359303439680338
906.8423697306466 0.009350128909256423
906.848511651768 0.009341099088388642
906.8546535728894 0.009332252681009536
906.8607954940109 0.009323628142761347
906.8669374151323 0.009315263495807356
906.8730793362536 0.00930719614383561
906.879221257375 0.009299462688769437
906.8853631784964 0.009292098748450902
906.8915050996178 0.009285138778490614
906.8976470207392 0.009278615897534332
906.9037889418605 0.009272561717427377
906.9099308629819 0.009267006179736581
906.9160727841033 0.009261977397818649
906.9222147052247 0.009257501507524678
906.9283566263462 0.009253602525662841
906.9344985474675 0.009250302217549463
906.9406404685889 0.009247619974937588
906.9467823897103 0.009245572703311743
906.9529243108317 0.00924417472142637
906.959066231953 0.009243437671860161
906.9652081530744 0.009243370444450406
906.9713500741958 0.009243979111260845
906.9774919953172 0.009245266875725263
906.9836339164386 0.009247234034602026
906.9897758375599 0.00924987795356277
906.9959177586813 0.009253193057166272
907.0020596798028 0.009257170831648747
907.0082016009242 0.009261799842830752
907.0143435220456 0.009267065767430485
907.0204854431669 0.00927295143825241
907.0266273642883 0.00927943690365011
907.0327692854097 0.009286499499341749
907.0389112065311 0.009294113934524072
907.0450531276525 0.009302252390228003
907.0511950487738 0.009310884630040643
907.0573369698952 0.00931997812325643
907.0634788910166 0.00932949817820883
907.069620812138 0.009339408087411856
907.0757627332594 0.009349669282037386
907.0819046543808 0.009360241496350253
907.0880465755022 0.0093710829395267
907.0941884966236 0.009382150476285926
907.100330417745 0.009393399813787841
907.1064723388663 0.009404785694463935
907.1126142599877 0.00941626209441666
907.1187561811091 0.009427782424747018
907.1248981022305 0.009439299737084805
907.1310400233519 0.00945076693064266
907.1371819444732 0.009462136960353125
907.1433238655947 0.009473363045641149
907.1494657867161 0.009484398877134275
907.1556077078375 0.009495198822552349
907.1617496289589 0.009505718129091928
907.1678915500802 0.009515913121883811
907.1740334712016 0.009525741398121186
907.180175392323 0.009535162014231288
907.1863173134444 0.009544135667428061
907.1924592345657 0.009552624868969156
907.1986011556871 0.009560594109626931
907.2047430768085 0.009568010014777566
907.21088499793 0.009574841490606898
907.2170269190514 0.009581059859046587
907.2231688401727 0.009586638981357346
907.2293107612941 0.009591555370332664
907.2354526824155 0.009595788288909076
907.2415946035369 0.009599319836966937
907.2477365246583 0.009602135024235304
907.2538784457796 0.009604221829532245
907.260020366901 0.009605571246639216
907.2661622880224 0.009606177314930917
907.2723042091438 0.009606037136888387
907.2784461302653 0.009605150880761002
907.2845880513865 0.009603521768960177
907.290729972508 0.00960115605284449
907.2968718936294 0.009598062972374664
907.3030138147508 0.009594254703123715
907.3091557358721 0.009589746289148944
907.3152976569935 0.009584555563449091
907.3214395781149 0.009578703054643214
907.3275814992363 0.00957221188262374
907.3337234203577 0.00956510764205641
907.339865341479 0.009557418274907605
907.3460072626004 0.009549173933234041
907.3521491837218 0.009540406831268744
907.3582911048433 0.009531151089821251
907.3644330259647 0.009521442572115605
907.370574947086 0.009511318712475072
907.3767168682074 0.009500818339298507
907.3828587893288 0.009489981491550612
907.3890007104502 0.009478849231947884
907.3951426315716 0.009467463456106408
907.4012845526929 0.009455866699179095
907.4074264738143 0.00944410194151851
907.4135683949357 0.009432212412656843
907.4197103160571 0.009420241396827811
907.4258522371784 0.009408232039199863
907.4319941582999 0.009396227155128258
907.4381360794213 0.00938426904156646
907.4442780005427 0.009372399293805426
907.4504199216641 0.009360658626744168
907.4565618427854 0.009349086702116939
907.4627037639068 0.009337721963064644
907.4688456850282 0.009326601475146716
907.4749876061496 0.009315760776788473
907.481129527271 0.009305233738168932
907.4872714483923 0.00929505242975622
907.4934133695137 0.009285247001642006
907.4995552906352 0.009275845572521228
907.5056972117566 0.009266874131038936
907.511839132878 0.00925835644822921
907.5179810539993 0.009250314001955522
907.5241229751207 0.00924276591419797
907.5302648962421 0.00923572889971606
907.5364068173635 0.009229217228484812
907.5425487384849 0.009223242700299653
907.5486906596062 0.009217814632123456
907.5548325807276 0.009212939858686148
907.560974501849 0.009208622744525526
907.5671164229705 0.009204865209534787
907.5732583440918 0.009201666765962175
907.5794002652132 0.009199024567898563
907.5855421863346 0.009196933471077168
907.591684107456 0.009195386104800057
907.5978260285774 0.009194372953812832
907.6039679496987 0.009193882450145416
907.6101098708201 0.00919390107488833
907.6162517919415 0.009194413467575269
907.6223937130629 0.009195402544737124
907.6285356341843 0.00919684962522007
907.6346775553056 0.009198734562069084
907.640819476427 0.009201035880753484
907.6469613975485 0.009203730921233142
907.6531033186699 0.009206795985274486
907.6592452397913 0.009210206486483064
907.6653871609126 0.009213937102742358
907.671529082034 0.009217961930753972
907.6776710031554 0.009222254640113383
907.6838129242768 0.009226788628298928
907.6899548453981 0.00923153717390776
907.6960967665195 0.00923647358863325
907.7022386876409 0.009241571365347567
907.7083806087624 0.009246804323720317
907.7145225298838 0.009252146750895376
907.7206644510051 0.009257573537025462
907.7268063721265 0.009263060305499381
907.7329482932479 0.009268583535484034
907.7390902143693 0.009274120678382318
907.7452321354907 0.009279650265915058
907.751374056612 0.009285152009834518
907.7575159777334 0.009290606893327313
907.7636578988548 0.009295997251968252
907.7697998199762 0.009301306846081213
907.7759417410977 0.009306520922482514
907.782083662219 0.00931162626589456
907.7882255833404 0.009316611240374873
907.7943675044618 0.009321465818923813
907.8005094255832 0.009326181603428088
907.8066513467045 0.009330751833116206
907.8127932678259 0.009335171382912582
907.8189351889473 0.009339436749990337
907.8250771100687 0.009343546030935094
907.8312190311901 0.009347498888056565
907.8373609523114 0.009351296505693196
907.8435028734328 0.009354941537413446
907.8496447945543 0.00935843804282453
907.8557867156757 0.009361791416687418
907.8619286367971 0.009365008309153466
907.8680705579184 0.009368096538233166
907.8742124790398 0.009371064995653279
907.8803544001612 0.009373923545049782
907.8864963212826 0.00937668291541733
907.892638242404 0.009379354588833223
907.8987801635253 0.009381950683752416
907.9049220846467 0.009384483835194338
907.9110640057681 0.009386967070913906
907.9172059268896 0.009389413686601096
907.9233478480108 0.009391837119115613
907.9294897691323 0.009394250819919096
907.9356316902537 0.00939666812771966
907.9417736113751 0.00939910214338963
907.9479155324965 0.009401565606273202
907.9540574536178 0.009404070773237691
907.9601993747392 0.009406629301805167
907.9663412958606 0.009409252136430244
907.972483216982 0.009411949400900763
907.9786251381034 0.009414730295871214
907.9847670592247 0.009417603002754214
907.9909089803461 0.009420574595157567
907.9970509014676 0.00942365095676297
908.003192822589 0.009426836708434572
908.0093347437104 0.009430135143360491
908.0154766648317 0.009433548171228932
908.0216185859531 0.009437076272387247
908.0277605070745 0.009440718460626371
908.0339024281959 0.009444472257112955
908.0400443493172 0.009448333673881563
908.0461862704386 0.00945229720838915
908.05232819156 0.009456355847422509
908.0584701126814 0.009460501082636049
908.0646120338029 0.00946472293599845
908.0707539549242 0.009469009995613719
908.0768958760456 0.009473349462320098
908.083037797167 0.009477727205159324
908.0891797182884 0.009482127827686636
908.0953216394098 0.009486534743094044
908.1014635605311 0.009490930258315643
908.1076054816525 0.009495295667225245
908.1137474027739 0.009499611350739214
908.1198893238953 0.009503856885519652
908.1260312450167 0.009508011158995031
908.132173166138 0.009512052490616523
908.1383150872595 0.00951595875923364
908.1444570083809 0.00951970753418342
908.1505989295023 0.009523276211593669
908.1567408506237 0.009526642153436725
908.162882771745 0.009529782829094424
908.1690246928664 0.00953267595917822
908.1751666139878 0.009535299659081392
908.1813085351092 0.009537632583669879
908.1874504562305 0.00953965407046154
908.1935923773519 0.009541344281794751
908.1997342984733 0.009542684343338837
908.2058762195948 0.009543656480361333
908.2120181407162 0.009544244149241274
908.2181600618375 0.009544432163984923
908.2243019829589 0.009544206817527085
908.2304439040803 0.009543555995374702
908.2365858252017 0.009542469283121238
908.2427277463231 0.009540938065458101
908.2488696674444 0.009538955616597879
908.2550115885658 0.0095365171820709
908.2611535096872 0.00953362004965111
908.2672954308086 0.009530263611155804
908.27343735193 0.009526449412982143
908.2795792730514 0.009522181195545857
908.2857211941728 0.00951746492184976
908.2918631152942 0.009512308793219432
908.2980050364156 0.009506723254242217
908.3041469575369 0.009500720984963195
908.3102888786583 0.009494316881603224
908.3164307997797 0.009487528023983857
908.3225727209011 0.009480373631958914
908.3287146420225 0.009472875009279704
908.3348565631438 0.009465055475642052
908.3409984842652 0.009456940287723524
908.3471404053867 0.009448556547838032
908.3532823265081 0.009439933102832669
908.3594242476295 0.009431100431977993
908.3655661687508 0.00942209052491057
908.3717080898722 0.009412936750744666
908.3778500109936 0.00940367371727245
908.383991932115 0.009394337123166247
908.3901338532364 0.009384963602194844
908.3962757743577 0.009375590560776616
908.4024176954791 0.00936625601021691
908.4085596166005 0.009356998392773675
908.414701537722 0.009347856404660852
908.4208434588433 0.009338868815075972
908.4269853799647 0.009330074283514072
908.4331273010861 0.009321511174494868
908.4392692222075 0.009313217372895338
908.4454111433289 0.009305230099150541
908.4515530644502 0.009297585725836615
908.4576949855716 0.009290319597151068
908.463836906693 0.009283465850546098
908.4699788278144 0.009277057243695893
908.4761207489358 0.009271124986026343
908.4822626700571 0.00926569857626255
908.4884045911786 0.009260805647421336
908.4945465123 0.009256471818396839
908.5006884334214 0.00925272055518756
908.5068303545428 0.009249573040835212
908.5129722756641 0.009247048055351205
908.5191141967855 0.009245161866860132
908.5252561179069 0.009243928132884162
908.5313980390283 0.009243357814577849
908.5375399601496 0.00924345910261185
908.543681881271 0.009244237356494562
908.5498238023924 0.009245695055905707
908.5559657235139 0.009247831766601006
908.5621076446353 0.009250644119441279
908.5682495657566 0.009254125803280236
908.574391486878 0.009258267572376367
908.5805334079994 0.00926305726667188
908.5866753291208 0.009268479847148728
908.5928172502422 0.009274517444463408
908.5989591713635 0.009281149421241298
908.6051010924849 0.009288352448341456
908.6112430136063 0.009296100593084363
908.6173849347277 0.009304365421304745
908.6235268558491 0.00931311611108981
908.6296687769704 0.009322319578249156
908.6358106980919 0.009331940613502824
908.6419526192133 0.0093419420290662
908.6480945403347 0.009352284816193011
908.6542364614561 0.009362928311249425
908.6603783825774 0.00937383037009552
908.6665203036988 0.009384947550506114
908.6726622248202 0.00939623530007458
908.6788041459416 0.009407648150945715
908.6849460670629 0.009419139918643796
908.6910879881843 0.009430663905386454
908.6972299093057 0.009442173105105351
908.7033718304272 0.009453620411427678
908.7095137515486 0.009464958825926288
908.7156556726699 0.009476141666190244
908.7217975937913 0.009487122773267388
908.7279395149127 0.009497856715786923
908.7340814360341 0.009508298992015907
908.7402233571555 0.009518406227183423
908.7463652782768 0.009528136365675618
908.7525071993982 0.009537448857730252
908.7586491205196 0.009546304838040351
908.764791041641 0.009554667297647954
908.7709329627625 0.009562501246611422
908.7770748838838 0.00956977386722329
908.7832168050052 0.009576454657602785
908.7893587261266 0.009582515563289921
908.795500647248 0.009587931098458279
908.8016425683693 0.009592678454373935
908.8077844894907 0.009596737595937623
908.8139264106121 0.009600091344062745
908.8200683317335 0.009602725445754568
908.8262102528549 0.009604628629890298
908.8323521739762 0.009605792649016627
908.8384940950976 0.009606212307552195
908.844636016219 0.009605885474606148
908.8507779373405 0.009604813083629425
908.8569198584619 0.009602999117254946
908.8630617795832 0.009600450578000519
908.8692037007046 0.009597177445580573
908.875345621826 0.009593192619395221
908.8814875429474 0.009588511848766945
908.8876294640688 0.009583153649628064
908.8937713851901 0.00957713920867543
908.8999133063115 0.0095704922760707
908.906055227433 0.009563239045574547
908.9121971485544 0.009555408024996624
908.9183390696757 0.00954702989584588
908.9244809907971 0.00953813736426519
908.9306229119185 0.009528765002229007
908.9367648330399 0.009518949082074707
908.9429067541613 0.009508727403535843
908.9490486752826 0.009498139114729787
908.955190596404 0.009487224528576307
908.9613325175254 0.009476024933901046
908.9674744386468 0.009464582404426325
908.9736163597682 0.009452939604932762
908.9797582808895 0.009441139596128847
908.985900202011 0.009429225639768156
908.9920421231324 0.009417241003302953
908.9981840442538 0.009405228767288892
909.0043259653752 0.009393231634808619
909.0104678864965 0.009381291744410688
909.0166098076179 0.009369450488039827
909.0227517287393 0.009357748333155471
909.0288936498607 0.009346224652140637
909.035035570982 0.009334917558016857
909.0411774921034 0.009323863748592036
909.0473194132248 0.009313098357970057
909.0534613343463 0.009302654818354211
909.0596032554677 0.009292564731089236
909.065745176589 0.0092828577480778
909.0718870977104 0.009273561464653725
909.0780290188318 0.009264701322682221
909.0841709399532 0.00925630052652989
909.0903128610746 0.009248379970554204
909.0964547821959 0.009240958178934559
909.1025967033173 0.009234051258610819
909.1087386244387 0.009227672863773032
909.1148805455601 0.009221834174214818
909.1210224666816 0.00921654388586183
909.1271643878028 0.009211808213963078
909.1333063089243 0.00920763090937323
909.1394482300457 0.009204013286032866
909.1455901511671 0.009200954261627866
909.1517320722884 0.009198450409299501
909.1578739934098 0.00919649602136243
909.1640159145312 0.009195083182781505
909.1701578356526 0.009194201856154388
909.176299756774 0.009193839975952831
909.1824416778953 0.009193983551980534
909.1885835990167 0.009194616781958851
909.1947255201381 0.009195722170856246
909.2008674412596 0.009197280658482476
909.207009362381 0.00919927175289243
909.2131512835023 0.009201673669367505
909.2192932046237 0.00920446347471679
909.2254351257451 0.009207617234369329
909.2315770468665 0.009211110163651216
909.2377189679879 0.009214916780692146
909.2438608891092 0.009219011060649535
909.2500028102306 0.009223366590938314
909.256144731352 0.009227956724906297
909.2622866524734 0.009232754735341004
909.2684285735947 0.009237733965157938
909.2745704947162 0.00924286797578618
909.2807124158376 0.00924813069064058
909.286854336959 0.009253496535145463
909.2929962580804 0.00925894057086879
909.2991381792017 0.00926443862361035
909.3052801003231 0.009269967405324781
909.3114220214445 0.009275504627556573
909.3175639425659 0.009281029108042266
909.3237058636873 0.009286520868251009
909.3298477848086 0.009291961221934007
909.33598970593 0.009297332854808518
909.3421316270515 0.009302619893309223
909.3482735481729 0.009307807964335526
909.3544154692943 0.009312884244045609
909.3605573904156 0.009317837496061205
909.366699311537 0.009322658099508298
909.3728412326584 0.009327338065133101
909.3789831537798 0.009331871041732078
909.3851250749012 0.009336252311262465
909.3912669960225 0.009340478773311824
909.3974089171439 0.009344548919665685
909.4035508382653 0.009348462797526385
909.4096927593868 0.009352221963929255
909.415834680508 0.00935582942991296
909.4219766016295 0.009359289596203916
909.4281185227509 0.009362608179078658
909.4342604438723 0.00936579212916771
909.4404023649937 0.009368849542073432
909.446544286115 0.009371789561969003
909.4526862072364 0.009374622279384627
909.4588281283578 0.009377358622174235
909.4649700494792 0.009380010242624802
909.4711119706006 0.00938258939976156
909.477253891722 0.00938510883817604
909.4833958128434 0.009387581664722705
909.4895377339648 0.009390021222195335
909.4956796550862 0.009392440963040911
909.5018215762076 0.009394854322237377
909.5079634973289 0.009397274590711815
909.5141054184503 0.009399714790671344
909.5202473395717 0.00940218755196064
909.5263892606931 0.009404704992483245
909.5325311818144 0.009407278601656457
909.5386731029358 0.00940991912899633
909.5448150240572 0.009412636476753266
909.5509569451787 0.009415439599536637
909.5570988663001 0.009418336409894977
909.5632407874214 0.009421333691029257
909.5693827085428 0.009424437017774144
909.5755246296642 0.009427650684686407
909.5816665507856 0.009430977643968443
909.587808471907 0.00943441945196535
909.5939503930283 0.009437976225170687
909.6000923141497 0.009441646606618016
909.6062342352711 0.009445427741229483
909.6123761563925 0.009449315262567764
909.618518077514 0.009453303289441672
909.6246599986353 0.009457384433002229
909.6308019197567 0.009461549814903773
909.6369438408781 0.009465789094793292
909.6430857619995 0.009470090509265392
909.6492276831208 0.00947444092030771
909.6553696042422 0.009478825874353001
909.6615115253636 0.009483229669841544
909.667653446485 0.009487635435192357
909.6737953676064 0.009492025215084614
909.6799372887277 0.009496380065150183
909.6860792098491 0.00950068015512281
909.6922211309706 0.009504904878195322
909.698363052092 0.00950903296822245
909.7045049732134 0.009513042622432247
909.7106468943347 0.00951691162951733
909.7167888154561 0.009520617502942615
909.7229307365775 0.009524137617025719
909.7290726576989 0.00952744934725685
909.7352145788203 0.009530530212364611
909.7413564999416 0.009533358017866497
909.747498421063 0.009535911000828703
909.7536403421844 0.009538167973302923
909.7597822633059 0.009540108465838896
909.7659241844271 0.009541712868423013
909.7720661055486 0.0095429625693504
909.77820802667 0.009543840089395895
909.7843499477914 0.009544329212714288
909.7904918689128 0.009544415111984944
909.7966337900341 0.009544084467586516
909.8027757111555 0.009543325580618255
909.8089176322769 0.009542128477367455
909.8150595533983 0.00954048500679523
909.8212014745197 0.009538388928717126
909.827343395641 0.009535835992650853
909.8334853167624 0.009532824007349505
909.8396272378839 0.00952935289884195
909.8457691590053 0.009525424758791323
909.8519110801267 0.009521043881105239
909.858053001248 0.009516216787038373
909.8641949223694 0.009510952239089288
909.8703368434908 0.009505261241809978
909.8764787646122 0.009499157031642953
909.8826206857336 0.009492655054033943
909.8887626068549 0.009485772928382659
909.8949045279763 0.0094785304014596
909.9010464490977 0.009470949287734773
909.9071883702192 0.009463053399068055
909.9133302913405 0.0094548684622253
909.9194722124619 0.009446422025899617
909.9256141335833 0.009437743355828894
909.9317560547047 0.009428863320712418
909.9378979758261 0.009419814267751223
909.9440398969474 0.009410629888941662
909.9501818180688 0.00940134507930623
909.9563237391902 0.009391995786046138
909.9624656603116 0.009382618851583289
909.968607581433 0.00937325184956737
909.9747495025543 0.009363932915210274
909.9808914236758 0.009354700571348394
909.9870333447972 0.009345593549411007
909.9931752659186 0.009336650608440645
909.99931718704 0.009327910351390349
910.0054591081613 0.009319411040195331
910.0116010292827 0.00931119041112353
910.0177429504041 0.009303285489670837
910.0238848715255 0.009295732408201064
910.0300267926468 0.009288566225482148
910.0361687137682 0.009281820750410334
910.0423106348896 0.009275528369049
910.0484525560111 0.00926971987814201
910.0545944771325 0.009264424324302233
910.0607363982538 0.009259668850294086
910.0668783193752 0.00925547854979948
910.0730202404966 0.009251876329769806
910.079162161618 0.009248882783358356
910.0853040827394 0.009246516072450724
910.0914460038607 0.009244791821006031
910.0975879249821 0.009243723020373499
910.1037298461035 0.009243319945437962
910.109871767225 0.009243590084331205
910.1160136883464 0.009244538080442623
910.1221556094677 0.009246165687650505
910.1282975305891 0.009248471739628212
910.1344394517105 0.009251452131762488
910.1405813728319 0.009255099818087196
910.1467232939532 0.009259404821518156
910.1528652150746 0.009264354258751155
910.159007136196 0.009269932377967022
910.1651490573174 0.00927612061146341
910.1712909784388 0.009282897641327378
910.1774328995601 0.009290239478442427
910.1835748206815 0.009298119555054966
910.189716741803 0.009306508828809358
910.1958586629244 0.009315375900032017
910.2020005840458 0.009324687140046951
910.2081425051671 0.009334406830493006
910.2142844262885 0.00934449731355876
910.2204263474099 0.009354919150745288
910.2265682685313 0.009365631291654962
910.2327101896527 0.009376591250321668
910.238852110774 0.009387755288804055
910.2449940318954 0.009399078607726064
910.2511359530168 0.009410515541166373
910.2572778741383 0.009422019757204702
910.2634197952596 0.009433544461361416
910.269561716381 0.009445042603295492
910.2757036375024 0.009456467083963815
910.2818455586238 0.009467770964483486
910.2879874797452 0.009478907673999431
910.2941294008665 0.009489831216109789
910.3002713219879 0.009500496373408135
910.3064132431093 0.009510858907464016
910.3125551642307 0.009520875755516169
910.3186970853521 0.009530505221238208
910.3248390064734 0.009539707159212802
910.3309809275949 0.00954844315278123
910.3371228487163 0.009556676682722559
910.3432647698377 0.009564373288192794
910.3494066909591 0.00957150071746304
910.3555486120804 0.009578029068293683
910.3616905332018 0.009583930917833222
910.3678324543232 0.00958918143973845
910.3739743754446 0.009593758510205868
910.3801162965659 0.009597642800618386
910.3862582176873 0.009600817857725612
910.3924001388087 0.009603270169190962
910.3985420599302 0.009604989216458628
910.4046839810516 0.00960596751302538
910.4108259021729 0.009606200628522734
910.4169678232943 0.009605687199087188
910.4231097444157 0.009604428922318229
910.4292516655371 0.009602430539132942
910.4353935866585 0.009599699800960282
910.4415355077798 0.009596247423040296
910.4476774289012 0.009592087024659619
910.4538193500226 0.009587235054978707
910.459961271144 0.009581710707102774
910.4661031922655 0.009575535819181611
910.4722451133867 0.009568734763631256
910.4783870345082 0.009561334325628893
910.4845289556296 0.009553363569841072
910.490670876751 0.009544853698330552
910.4968127978724 0.00953583789870034
910.5029547189937 0.009526351183828385
910.5090966401151 0.009516430224582735
910.5152385612365 0.009506113174696577
910.5213804823579 0.009495439490948776
910.5275224034792 0.00948444974777136
910.5336643246006 0.00947318544857761
910.539806245722 0.00946168883297101
910.5459481668435 0.009450002683054145
910.5520900879649 0.009438170128128252
910.5582320090862 0.009426234449321851
910.5643739302076 0.009414238885685499
910.570515851329 0.009402226441028772
910.5766577724504 0.009390239694697645
910.5827996935718 0.00937832061553623
910.5889416146931 0.009366510380501876
910.5950835358145 0.009354849199369734
910.6012254569359 0.009343376144688836
910.6073673780573 0.009332128990039382
910.6135092991788 0.009321144055673511
910.6196512203 0.009310456062817354
910.6257931414215 0.0093000979978679
910.6319350625429 0.009290100985414402
910.6380769836643 0.009280494172894765
910.6442189047856 0.009271304625591255
910.650360825907 0.00926255723375665
910.6565027470284 0.009254274630452256
910.6626446681498 0.009246477122662428
910.6687865892712 0.009239182634245207
910.6749285103925 0.009232406661468831
910.681070431514 0.009226162241806921
910.6872123526354 0.009220459934354974
910.6933542737568 0.009215307814094988
910.6994961948782 0.009210711478236228
910.7056381159995 0.009206674065036453
910.7117800371209 0.009203196285447685
910.7179219582423 0.009200276465616747
910.7240638793637 0.009197910602141911
910.7302058004851 0.009196092427993158
910.7363477216064 0.009194813489197338
910.7424896427278 0.009194063232328794
910.7486315638492 0.009193829100552275
910.7547734849707 0.009194096639846914
910.760915406092 0.009194849612950369
910.7670573272134 0.009196070121668934
910.7731992483348 0.009197738735012326
910.7793411694562 0.009199834624630017
910.7854830905776 0.009202335705060075
910.7916250116989 0.009205218778525958
910.7977669328203 0.009208459683999875
910.8039088539417 0.009212033447984283
910.8100507750631 0.009215914438392604
910.8161926961845 0.009220076518966173
910.8223346173058 0.009224493203915485
910.8284765384273 0.009229137812477896
910.8346184595487 0.009233983620842719
910.8407603806701 0.009239004012847248
910.8469023017915 0.009244172626928279
910.8530442229128 0.009249463499085227
910.8591861440342 0.009254851201641897
910.8653280651556 0.00926031097537256
910.871469986277 0.009265818856532661
910.8776119073983 0.009271351796324734
910.8837538285197 0.009276887773521949
910.8898957496411 0.009282405897869737
910.8960376707626 0.009287886505985042
910.902179591884 0.009293311247587676
910.9083215130053 0.009298663162203248
910.9144634341267 0.009303926746534628
910.9206053552481 0.009309088010509241
910.9267472763695 0.009314134524004094
910.9328891974909 0.009319055452379781
910.9390311186122 0.009323841581262688
910.9451730397336 0.009328485331081845
910.951314960855 0.009332980759677444
910.9574568819764 0.009337323555300297
910.9635988030979 0.00934151101844587
910.9697407242192 0.009345542033279213
910.9758826453406 0.00934941702946621
910.982024566462 0.009353137933037044
910.9881664875834 0.009356708108900165
910.9943084087047 0.009360132293632506
911.0004503298261 0.009363416520370451
911.0065922509475 0.0093665680345289
911.0127341720689 0.00936959520316841
911.0188760931903 0.00937250741693863
911.0250180143116 0.009375314985813319
911.031159935433 0.009378029029868186
911.0373018565544 0.00938066136413472
911.0434437776759 0.009383224380525933
911.0495856987973 0.009385730925916887
911.0557276199186 0.00938819417772972
