time TPR_both_B_open_1_rho13_imag
0.0 0.0
0.00614192112138767 -3.0754407961921536e-09
0.01228384224277534 -2.4484161852495676e-08
0.01842576336416301 -8.221123534163187e-08
0.02456768448555068 -1.9381757517588363e-07
0.030709605606938348 -3.7639313174007034e-07
0.03685152672832602 -6.465120270947194e-07
0.042993447849713685 -1.020189458462641e-06
0.04913536897110136 -1.512840199431699e-06
0.05527729009248903 -2.1392385325989702e-06
0.061419211213876695 -2.9134794542074095e-06
0.06756113233526437 -3.848941000523837e-06
0.07370305345665204 -4.958247557095645e-06
0.07984497457803971 -6.253234025405197e-06
0.08598689569942737 -7.744910736605833e-06
0.09212881682081504 -9.443429018750737e-06
0.09827073794220272 -1.1358047341989766e-05
0.10441265906359039 -1.3497097985379716e-05
0.11055458018497806 -1.5867954189000253e-05
0.11669650130636572 -1.84769977757627e-05
0.12283842242775339 -2.1329587248420765e-05
0.12898034354914106 -2.443002638862372e-05
0.13512226467052874 -2.7781533406187652e-05
0.1412641857919164 -3.138621070790442e-05
0.14740610691330408 -3.524501537597244e-05
0.15354802803469175 -3.935773046635115e-05
0.15968994915607942 -4.37229372568468e-05
0.16583187027746707 -4.8337988593389586e-05
0.17197379139885474 -5.319898350061938e-05
0.17811571252024241 -5.8300743239446267e-05
0.1842576336416301 -6.363678900956852e-05
0.19039955476301776 -6.919932150892494e-05
0.19654147588440543 -7.497920257463021e-05
0.2026833970057931 -8.09659391410047e-05
0.20882531812718078 -8.714766975979354e-05
0.21496723924856845 -9.351115393549195e-05
0.22110916036995612 -0.0001000417645347872
0.2272510814913438 -0.00010672348353343108
0.23339300261273144 -0.00011353890136630135
0.2395349237341191 -0.00012046922014693836
0.24567684485550678 -0.00012749426102139102
0.25181876597689445 -0.00013459247591772014
0.2579606870982821 -0.0001417409639469319
0.2641026082196698 -0.00014891549270338775
0.27024452934105747 -0.00015609052470282481
0.27638645046244514 -0.00016323924918396123
0.2825283715838328 -0.00017033361948523443
0.2886702927052205 -0.0001773443961914728
0.29481221382660816 -0.00018424119622624058
0.30095413494799583 -0.00019099254804418652
0.3070960560693835 -0.00019756595305399068
0.3132379771907712 -0.00020392795337645882
0.31937989831215885 -0.00021004420601399931
0.3255218194335465 -0.000215879563477184
0.33166374055493414 -0.00022139816088144823
0.3378056616763218 -0.00022656350949230142
0.3439475827977095 -0.0002313385966608536
0.35008950391909716 -0.00023568599205315695
0.35623142504048483 -0.00023956796003700862
0.3623733461618725 -0.00024294657804865396
0.3685152672832602 -0.0002457838607195361
0.37465718840464785 -0.00024804188950007495
0.3807991095260355 -0.0002496829474737577
0.3869410306474232 -0.00025066965901085703
0.39308295176881086 -0.00025096513386720884
0.39922487289019853 -0.0002505331152900172
0.4053667940115862 -0.000249338131649966
0.4115087151329739 -0.0002473456510773813
0.41765063625436155 -0.0002445222385401711
0.4237925573757492 -0.00024083571476315104
0.4299344784971369 -0.00023625531635252197
0.43607639961852457 -0.0002307518564560557
0.44221832073991224 -0.00022429788525933452
0.4483602418612999 -0.00021686784959150382
0.4545021629826876 -0.0002084382508907596
0.4606440841040752 -0.00019898780076048995
0.4667860052254629 -0.0001884975733318841
0.47292792634685055 -0.00017695115363814144
0.4790698474682382 -0.00016433478119934103
0.4852117685896259 -0.0001506374880157317
0.49135368971101356 -0.00013585123017076684
0.49749561083240124 -0.00011997101225372135
0.5036375319537889 -0.00010299500382519161
0.5097794530751766 -8.492464716718855e-05
0.5159213741965643 -6.576475558280845e-05
0.5220632953179519 -4.552360153850187e-05
0.5282052164393396 -2.4212993974603747e-05
0.5343471375607273 -1.8483441468477406e-06
0.5404890586821149 2.155128059716353e-05
0.5466309798035026 4.596311565738728e-05
0.5527729009248903 7.13606711387093e-05
0.558914822046278 9.771371737615822e-05
0.5650567431676656 0.00012498828442275431
0.5711986642890533 0.000153146675837029
0.577340585410441 0.00018214749704723084
0.5834825065318286 0.00021194569850732482
0.5896244276532163 0.00024249263379644626
0.595766348774604 0.0002737361327488976
0.6019082698959917 0.0003056205896363932
0.6080501910173793 0.00033808706635847193
0.614192112138767 0.0003710734105311092
0.6203340332601547 0.00040451438829792444
0.6264759543815424 0.0004383418316232873
0.63261787550293 0.00047248479976237846
0.6387597966243177 0.0005068697545401073
0.6449017177457054 0.0005414207490089883
0.651043638867093 0.0005760596289958405
0.6571855599884806 0.0006107062469887065
0.6633274811098683 0.0006452786877588512
0.669469402231256 0.000679693505058272
0.6756113233526436 0.0007138659686809632
0.6817532444740313 0.0007477103211263378
0.687895165595419 0.0007811400430558505
0.6940370867168066 0.000814068126689074
0.7001790078381943 0.0008464073562433482
0.706320928959582 0.0008780705944817397
0.7124628500809697 0.0009089710743974928
0.7186047712023573 0.0009390226950295194
0.724746692323745 0.0009681403203728415
0.7308886134451327 0.0009962400803203652
0.7370305345665203 0.0010232396725480112
0.743172455687908 0.001049058664234204
0.7493143768092957 0.0010736187924870778
0.7554562979306834 0.0010968442623386968
0.761598219052071 0.0011186620411551646
0.7677401401734587 0.0011390021483049238
0.7738820612948464 0.0011577979389249219
0.780023982416234 0.0011749863806258193
0.7861659035376217 0.0011905083219831904
0.7923078246590094 0.0012043087516718704
0.7984497457803971 0.0012163370471153852
0.8045916669017847 0.001226547211541902
0.8107335880231724 0.0012348980983624986
0.8168755091445601 0.0012413536218168712
0.8230174302659478 0.0012458829528659767
0.8291593513873354 0.0012484606993506306
0.8353012725087231 0.0012490670694797557
0.8414431936301108 0.0012476880177618463
0.8475851147514984 0.001244315372548221
0.8537270358728861 0.0012389469444167326
0.8598689569942738 0.0012315866146896722
0.8660108781156615 0.0012222444034494752
0.8721527992370491 0.0012109365164903385
0.8782947203584368 0.001197685370722698
0.8844366414798245 0.001182519597630444
0.8905785626012122 0.001165474024467377
0.8967204837225998 0.001146589632969371
0.9028624048439875 0.0011259134954515729
0.9090043259653752 0.0011034986882552278
0.9151462470867628 0.0010794041826059147
0.9212881682081504 0.001053694713043491
0.9274300893295381 0.0010264406236833998
0.9335720104509257 0.0009977176926684642
0.9397139315723134 0.0009676069352694351
0.9458558526937011 0.0009361943861905559
0.9519977738150888 0.00090357086173281
0.9581396949364764 0.0008698317025615935
0.9642816160578641 0.0008350764979167186
0.9704235371792518 0.0007994087921903382
0.9765654583006395 0.0007629357748819712
0.9827073794220271 0.000725767955018797
0.9888493005434148 0.0006880188212032468
0.9949912216648025 0.0006498044885181908
1.0011331427861903 0.0006112433335822944
1.0072750639075778 0.0005724556191039966
1.0134169850289656 0.0005335631093318062
1.0195589061503532 0.0004946886778407962
1.025700827271741 0.00045595590913038205
1.0318427483931285 0.00041748869553616516
1.0379846695145163 0.0003794108309792018
1.0441265906359039 0.00034184560308894745
1.0502685117572914 0.00030491538524195043
1.0564104328786792 0.0002687412300566393
1.0625523540000668 0.00023344246587588213
1.0686942751214545 0.00019913629775327065
1.074836196242842 0.00016593741443661448
1.0809781173642299 0.00013395760281333652
1.0871200384856174 0.00010330537124730044
1.0932619596070052 7.408558319587787e-05
1.0994038807283928 4.639910244958925e-05
1.1055458018497806 2.0342451285382418e-05
1.1116877229711681 -3.99251723165564e-06
1.117829644092556 -2.6518931623668597e-05
1.1239715652139435 -4.715519794246931e-05
1.1301134863353313 -6.582527823679457e-05
1.1362554074567188 -8.24589505732519e-05
1.1423973285781066 -9.699204971346998e-05
1.1485392496994942 -0.00010936668762624248
1.154681170820882 -0.00011953145309150398
1.1608230919422695 -0.0001274415897329947
1.1669650130636573 -0.00013305915189759277
1.1731069341850449 -0.00013635313788179206
1.1792488553064326 -0.00013729960008880112
1.1853907764278202 -0.000135881731783596
1.191532697549208 -0.00013208993019710158
1.1976746186705955 -0.0001259218358148796
1.2038165397919833 -0.00011738234776949874
1.209958460913371 -0.00010648361533945977
1.2161003820347587 -9.324500564041952e-05
1.2222423031561462 -7.769304767691755e-05
1.228384224277534 -5.98613530039976e-05
1.2345261453989216 -3.979051332854172e-05
1.2406680665203094 -1.7527975458940486e-05
1.246809987641697 6.872105910662059e-06
1.2529519087630847 3.334903701964066e-05
1.2590938298844723 6.183577482775187e-05
1.26523575100586 9.22591370619849e-05
1.2713776721272476 0.0001245400317461792
1.2775195932486354 0.0001585937053694288
1.283661514370023 0.0001943300087850349
1.2898034354914107 0.0002316536798708397
1.2959453566127983 0.00027046464192390703
1.302087277734186 0.0003106583167084888
1.3082291988555736 0.00035212595102574124
1.3143711199769612 0.00039475495562761646
1.320513041098349 0.0004384292552553762
1.3266549622197366 0.000483029648546097
1.3327968833411243 0.0005284341765181951
1.338938804462512 0.0005745184983197699
1.3450807255838997 0.0006211562729018168
1.3512226467052872 0.0006682195452618934
1.357364567826675 0.0007155791358933171
1.3635064889480626 0.0007631050320700247
1.3696484100694504 0.000810666779598431
1.375790331190838 0.0008581338736746033
1.3819322523122257 0.0009053761474982619
1.3880741734336133 0.0009522641573140459
1.394216094555001 0.0009986695625756243
1.4003580156763886 0.0010444654999588595
1.4064999367977764 0.001089526949986824
1.412641857919164 0.0011337310950712044
1.4187837790405518 0.0011769576678218778
1.4249257001619393 0.0012190892885282848
1.431067621283327 0.0012600117907729694
1.4372095424047147 0.001299614534198317
1.4433514635261024 0.0013377907035123052
1.44949338464749 0.0013744375928869312
1.4556353057688778 0.0014094568749741185
1.4617772268902653 0.0014427548538371569
1.4679191480116531 0.0014742427011712926
1.4740610691330407 0.0015038366752638034
1.4802029902544285 0.0015314583222219354
1.486344911375816 0.0015570346590752463
1.4924868324972038 0.001580498338437406
1.4986287536185914 0.00160178779449023
1.5047706747399792 0.00162084737012978
1.5109125958613667 0.0016376274251897747
1.5170545169827545 0.0016520844257314838
1.523196438104142 0.00166418101446074
1.5293383592255299 0.001673886062401973
1.5354802803469174 0.0016811747020253332
1.5416222014683052 0.001686028342086378
1.5477641225896928 0.001688434664497554
1.5539060437110805 0.0016883876036073563
1.560047964832468 0.0016858873083156428
1.5661898859538559 0.0016809400875028746
1.5723318070752434 0.001673558339296044
1.578473728196631 0.0016637604647356577
1.5846156493180188 0.0016515707664454425
1.5907575704394064 0.0016370193329402088
1.5968994915607941 0.0016201419092371555
1.6030414126821817 0.0016009797544619027
1.6091833338035695 0.0015795794871631963
1.615325254924957 0.0015559929190689676
1.6214671760463448 0.0015302768780321569
1.6276090971677324 0.0015024930209267188
1.6337510182891202 0.0014727076372635043
1.6398929394105077 0.0014409914443014895
1.6460348605318955 0.0014074193744331666
1.652176781653283 0.0013720703556229681
1.6583187027746709 0.0013350270856754788
1.6644606238960584 0.0012963758011050178
1.6706025450174462 0.0012562060413710283
1.6767444661388338 0.0012146104092337102
1.6828863872602216 0.0011716843279725411
1.6890283083816091 0.0011275257961958485
1.695170229502997 0.0010822351409534698
1.7013121506243845 0.001035914769845852
1.7074540717457722 0.0009886689228027796
1.7135959928671598 0.0009406034241822619
1.7197379139885476 0.0008918254358161731
1.7258798351099351 0.000842443211602905
1.732021756231323 0.0007925658542198294
1.7381636773527105 0.0007423030744986684
1.7443055984740983 0.0006917649539762523
1.7504475195954858 0.0006410617111004881
1.7565894407168736 0.0005903034715380024
1.7627313618382612 0.0005396000429948492
1.768873282959649 0.0004890606949261994
1.7750152040810365 0.0004387939434740524
1.7811571252024243 0.00038890734193518554
1.7872990463238119 0.0003395072770237211
1.7934409674451997 0.0002906987711554049
1.7995828885665872 0.00024258529094286406
1.805724809687975 0.0001952685620544189
1.8118667308093626 0.00014884839055229917
1.8180086519307503 0.0001034224907911403
1.824150573052138 5.908631992325006e-05
1.8302924941735257 1.5932919025044328e-05
1.8364344152949132 -2.594723917182047e-05
1.8425763364163008 -6.646639598907875e-05
1.8487182575376886 -0.00010553964602086474
1.8548601786590762 -0.00014308506995666694
1.861002099780464 -0.00017902386112197272
1.8671440209018515 -0.00021328044586747095
1.8732859420232393 -0.0002457825979511163
1.8794278631446268 -0.00027646154706778705
1.8855697842660146 -0.00030525208168750425
1.8917117053874022 -0.00033209264636648977
1.89785362650879 -0.00035692543369424714
1.9039955476301775 -0.0003796964710358119
1.9101374687515653 -0.0004003557022201585
1.9162793898729529 -0.0004188570643147534
1.9224213109943407 -0.00043515855961137254
1.9285632321157282 -0.00044922232293113825
1.934705153237116 -0.00046101468433611944
1.9408470743585036 -0.00047050622731247563
1.9469889954798913 -0.0004776718424649849
1.953130916601279 -0.00048249077673667983
1.9592728377226667 -0.0004849466781391609
1.9654147588440543 -0.00048502763595080164
1.971556679965442 -0.00048272621631067223
1.9776986010868296 -0.00047803949310713985
1.9838405222082174 -0.00047096907403127613
1.989982443329605 -0.00046152112163766175
1.9961243644509927 -0.0004497063692286108
2.0022662855723805 -0.0004355401313534668
2.008408206693768 -0.00041904230869195644
2.0145501278151556 -0.0004002373870708322
2.020692048936543 -0.00037915443034599
2.026833970057931 -0.000355827066868263
2.0329758911793188 -0.0003302934692407584
2.0391178123007063 -0.00030259632706848994
2.045259733422094 -0.0002727828123982485
2.051401654543482 -0.00024090453754706844
2.0575435756648695 -0.00020701750502248313
2.063685496786257 -0.00017118204924605691
2.0698274179076446 -0.00013346276980431512
2.0759693390290326 -9.39284559670405e-05
2.08211126015042 -5.265200223272483e-05
2.0882531812718077 -9.710314683870225e-06
2.0943951023931953 3.4815792038633814e-05
2.100537023514583 8.084170730398466e-05
2.106678944635971 0.0001282791467327752
2.1128208657573584 0.0001770362842070466
2.118962786878746 0.0002270178937090966
2.1251047080001335 0.0002781255010110518
2.1312466291215215 0.00033025754519852113
2.137388550242909 0.0003833095499713758
2.1435304713642966 0.00043717430462440716
2.149672392485684 0.0004917420545692379
2.155814313607072 0.0005469007012182806
2.1619562347284598 0.0006025360110104959
2.1680981558498473 0.0006585318333187797
2.174240076971235 0.0007147703269388667
2.180381998092623 0.000771132194821411
2.1865239192140105 0.000827496926671035
2.192665840335398 0.0008837430490000543
2.1988077614567856 0.0009397483821890828
2.2049496825781736 0.0009953903040733618
2.211091603699561 0.0010505460195409108
2.2172335248209487 0.0011050928355979552
2.2233754459423363 0.0011589084413269454
2.2295173670637243 0.0012118711921346374
2.235659288185112 0.001263860397660303
2.2418012093064994 0.0013147566126886666
2.247943130427887 0.00136444193038712
2.254085051549275 0.0014128002771636621
2.2602269726706625 0.0014597177084191893
2.26636889379205 0.0015050827044467013
2.2725108149134376 0.0015487864657090932
2.2786527360348257 0.0015907232067081506
2.284794657156213 0.0016307904476386395
2.2909365782776008 0.0016688893030042899
2.2970784993989883 0.0017049247663557911
2.3032204205203763 0.001738805990296333
2.309362341641764 0.0017704465608862244
2.3155042627631515 0.0017997647655663546
2.321646183884539 0.0018266838537094466
2.327788105005927 0.0018511322889000722
2.3339300261273146 0.0018730439920378553
2.340071947248702 0.0018923585743549443
2.3462138683700897 0.0019090215594374288
2.3523557894914777 0.0019229845933429956
2.3584977106128653 0.0019342056419123135
2.364639631734253 0.0019426491743812504
2.3707815528556404 0.001948286332413816
2.376923473977028 0.0019510950836937615
2.383065395098416 0.0019510603592346612
2.3892073162198035 0.001948174173595262
2.395349237341191 0.0019424357272192023
2.4014911584625787 0.0019338514901549519
2.4076330795839667 0.001922435266454922
2.4137750007053542 0.0019082082386003341
2.419916921826742 0.001891198991352312
2.4260588429481293 0.0018714435144880745
2.4322007640695174 0.0018489851839458636
2.438342685190905 0.0018238747209712693
2.4444846063122925 0.0017961701289324037
2.45062652743368 0.001765936607549897
2.456768448555068 0.0017332464443716035
2.4629103696764556 0.0016981788834087583
2.469052290797843 0.0016608199709414859
2.4751942119192307 0.0016212623785946696
2.4813361330406187 0.001579605203881727
2.4874780541620063 0.001535953748511186
2.493619975283394 0.001490419274850182
2.4997618964047814 0.0014431187410377658
2.5059038175261694 0.0013941745153403962
2.512045738647557 0.0013437140704396489
2.5181876597689445 0.0012918696584388407
2.524329580890332 0.001238777967468758
2.53047150201172 0.0011845797608640149
2.5366134231331077 0.0011294194999682996
2.5427553442544952 0.0010734449517099266
2.548897265375883 0.0010168067821663465
2.555039186497271 0.0009596581374090321
2.5611811076186584 0.0009021542129860068
2.567323028740046 0.0008444518134593829
2.5734649498614335 0.0007867089034677052
2.5796068709828215 0.00072908415182912
2.585748792104209 0.0006717364702392876
2.5918907132255966 0.0006148245481491034
2.598032634346984 0.0005585063854296884
2.604174555468372 0.0005029388244479022
2.6103164765897597 0.00044827708318265463
2.6164583977111473 0.00039467429101254086
2.622600318832535 0.00034228102879697034
2.6287422399539224 0.00029124487485852267
2.6348841610753104 0.00024170995845172893
2.641026082196698 0.00019381652227455656
2.6471680033180855 0.0001477004955437656
2.653309924439473 0.00010349307911322307
2.659451845560861 6.132034406754154e-05
2.6655937666822487 2.1302845170467758e-05
2.6717356878036362 -1.6444749509687747e-05
2.677877608925024 -5.181401153771702e-05
2.684019530046412 -8.470308641796318e-05
2.6901614511677994 -0.00011501700814523815
2.696303372289187 -0.0001426679929484233
2.7024452934105745 -0.00016757571125121222
2.7085872145319625 -0.00018966753695215665
2.71472913565335 -0.00020887877320684305
2.7208710567747376 -0.00022515285397670663
2.727012977896125 -0.00023844152069321523
2.733154899017513 -0.000248704973470195
2.7392968201389007 -0.0002559119963833339
2.7454387412602883 -0.0002600400564217834
2.751580662381676 -0.00026107537580430677
2.757722583503064 -0.0002590129774389407
2.7638645046244514 -0.00025385670339292805
2.770006425745839 -0.00024561920632653754
2.7761483468672266 -0.0002343219139319089
2.7822902679886146 -0.00021999496650423544
2.788432189110002 -0.00020267712785931397
2.7945741102313897 -0.00018241566989644082
2.8007160313527772 -0.00015926623119121483
2.8068579524741653 -0.00013329265008578967
2.812999873595553 -0.0001045667728274505
2.8191417947169404 -7.316823738718866e-05
2.825283715838328 -3.918423367040902e-05
2.831425636959716 -2.709240909430558e-06
2.8375675580811035 3.6155256895998915e-05
2.843709479202491 7.730107655055528e-05
2.8498514003238786 0.00012061366123592363
2.8559933214452666 0.0001659724250046337
2.862135242566654 0.00021325111504965472
2.8682771636880418 0.00026231819054285715
2.8744190848094293 0.0003130372167766155
2.8805610059308173 0.00036526727328922687
2.886702927052205 0.000418863374604925
2.8928448481735924 0.0004736769021746772
2.89898676929498 0.000529556046063713
2.9051286904163676 0.0005863462548979236
2.9112706115377556 0.0006438906925524321
2.917412532659143 0.0007020307000428068
2.9235544537805307 0.0007606062610635396
2.9296963749019183 0.0008194564696076432
2.9358382960233063 0.0008784199980985623
2.941980217144694 0.0009373355644683196
2.9481221382660814 0.0009960423966265354
2.954264059387469 0.0010543806927810996
2.960405980508857 0.0011121920760957665
2.9665479016302445 0.0011693200421997122
2.972689822751632 0.001225610398101714
2.9788317438730196 0.001280911691104284
2.9849736649944076 0.001335075626363279
2.991115586115795 0.0013879574717934019
2.9972575072371828 0.0014394164490814428
3.0033994283585703 0.0014893161096344767
3.0095413494799583 0.001537524694361691
3.015683270601346 0.001583915476262984
3.0218251917227335 0.0016283670848767594
3.027967112844121 0.0016707638117207232
3.034109033965509 0.0017109958959447998
3.0402509550868966 0.0017489597895017142
3.046392876208284 0.0017845584012296392
3.0525347973296717 0.0018177013193302896
3.0586767184510597 0.0018483050118163113
3.0648186395724473 0.0018762930045914097
3.070960560693835 0.0019015960369163393
3.0771024818152224 0.0019241521941016735
3.0832444029366104 0.0019439070173555377
3.089386324057998 0.00196081359079882
3.0955282451793855 0.001974832605743231
3.101670166300773 0.0019859324024065917
3.107812087422161 0.001994088989316935
3.1139540085435486 0.0019992860407297476
3.120095929664936 0.0020015148724528446
3.1262378507863238 0.0020007743965385553
3.1323797719077118 0.001997071055365534
3.1385216930290993 0.001990418735689859
3.144663614150487 0.0019808386632994028
3.1508055352718745 0.0019683592789543664
3.156947456393262 0.0019530160963429882
3.16308937751465 0.001934851542822312
3.1692312986360376 0.0019139147837510832
3.175373219757425 0.0018902615312553258
3.1815151408788127 0.0018639538382956074
3.1876570620002007 0.0018350598789309512
3.1937989831215883 0.0018036537156952731
3.199940904242976 0.0017698150550205418
3.2060828253643634 0.0017336289916543518
3.2122247464857514 0.0016951857430310244
3.218366667607139 0.0016545803745621394
3.2245085887285265 0.0016119125168170124
3.230650509849914 0.0015672860755637568
3.236792430971302 0.0015208089356400166
3.2429343520926897 0.0014725926596165636
3.249076273214077 0.001422752182209204
3.2552181943354648 0.0013714055013824102
3.261360115456853 0.0013186733670747263
3.2675020365782403 0.00126467896845837
3.273643957699628 0.0012095476206262596
3.2797858788210155 0.0011534064515764009
3.2859277999424035 0.001096384090339059
3.292069721063791 0.001038610357063648
3.2982116421851786 0.0009802159558524438
3.304353563306566 0.000921332171094419
3.310495484427954 0.000862090568018026
3.3166374055493417 0.0008026226981434836
3.3227793266707293 0.0007430598102759525
3.328921247792117 0.0006835325676385848
3.335063168913505 0.0006241707717016417
3.3412050900348924 0.0005651030932182649
3.34734701115628 0.0005064568109316856
3.3534889322776675 0.00044835755837051186
3.3596308533990555 0.0003909290791011803
3.365772774520443 0.00033429299075754895
3.3719146956418307 0.0002785685581192729
3.3780566167632182 0.0002238724754613703
3.3841985378846062 0.0001703186583500962
3.390340459005994 0.0001180180450125944
3.3964823801273814 6.707840736275758e-05
3.402624301248769 1.7604171720799235e-05
3.4087662223701565 -3.0303750777077397e-05
3.4149081434915445 -7.65481241225479e-05
3.421050064612932 -0.00012103553781300108
3.4271919857343196 -0.00016367654777707334
3.433333906855707 -0.00020438580799276746
3.439475827977095 -0.0002430821929689804
3.4456177490984827 -0.0002796889112849287
3.4517596702198703 -0.0003141336104002282
3.457901591341258 -0.0003463484729640527
3.464043512462646 -0.0003762703048617451
3.4701854335840334 -0.00040384061524418083
3.476327354705421 -0.00042900568878699607
3.4824692758268085 -0.00045171665042563177
3.4886111969481965 -0.00047192952280561987
3.494753118069584 -0.0004896052766785102
3.5008950391909717 -0.0005047098744602835
3.5070369603123592 -0.0005172143071532564
3.5131788814337472 -0.0005270946248126568
3.519320802555135 -0.0005343319607177033
3.5254627236765224 -0.0005389125493824096
3.53160464479791 -0.0005408277385164902
3.537746565919298 -0.0005400739950189063
3.5438884870406855 -0.000536652905059437
3.550030408162073 -0.0005305711682749699
3.5561723292834606 -0.0005218405860799601
3.5623142504048486 -0.000510478044062391
3.568456171526236 -0.0004965054884109544
3.5745980926476237 -0.0004799498962935661
3.5807400137690113 -0.00046084324008551197
3.5868819348903993 -0.000439222445323817
3.593023856011787 -0.00041512934224730317
3.5991657771331744 -0.0003886106107658802
3.605307698254562 -0.0003597177186916126
3.61144961937595 -0.0003285068530546047
3.6175915404973376 -0.0002950388443222661
3.623733461618725 -0.00025937908333842726
3.6298753827401127 -0.00022159743080153857
3.6360173038615007 -0.00018176811910611225
3.6421592249828882 -0.0001399696463814988
3.648301146104276 -9.628466257385455e-05
3.6544430672256634 -5.079984743413834e-05
3.6605849883470514 -3.605780292950702e-06
3.666726909468439 4.5203198474449875e-05
3.6728688305898265 9.552913436589573e-05
3.679010751711214 0.00014727061409825688
3.6851526728326016 0.00020032292939919355
3.6912945939539896 0.00025457824923146976
3.697436515075377 0.0003099258004049767
3.7035784361967647 0.00036625205649924464
3.7097203573181523 0.000423440934985135
3.7158622784395403 0.00048137400240117644
3.722004199560928 0.0005399306874055199
3.7281461206823154 0.0005989885014911562
3.734288041803703 0.0006584232671176689
3.740429962925091 0.0007181093529806565
3.7465718840464786 0.000777919916107052
3.752713805167866 0.0008377271504337535
3.7588557262892537 0.0008974025414958001
3.7649976474106417 0.0009568171268216456
3.7711395685320293 0.0010158417616042484
3.777281489653417 0.0010743473891900105
3.7834234107748044 0.0011322053159006941
3.7895653318961924 0.0011892874896791699
3.79570725301758 0.0012454667820250224
3.8018491741389675 0.0013006172726636068
3.807991095260355 0.0013546145363688051
3.814133016381743 0.0014073359313390755
3.8202749375031306 0.0014586608885046768
3.826416858624518 0.0015084712011243532
3.8325587797459058 0.001556651314008997
3.8387007008672938 0.0016030886116914183
3.8448426219886813 0.0016476737048416834
3.850984543110069 0.0016903007142099265
3.8571264642314564 0.0017308675513595996
3.8632683853528444 0.001769276195437778
3.869410306474232 0.001805432965211769
3.8755522275956196 0.0018392487855861059
3.881694148717007 0.0018706394477982253
3.887836069838395 0.0018995258624784049
3.8939779909597827 0.001925834304746505
3.9001199120811703 0.0019494966505082775
3.906261833202558 0.0019704506031044734
3.912403754323946 0.0019886399094607207
3.9185456754453334 0.0020040145648817934
3.924687596566721 0.002016531005634086
3.9308295176881085 0.00202615228846192
3.936971438809496 0.0020328482561907755
3.943113359930884 0.0020365956885805402
3.9492552810522716 0.0020373784376068647
3.955397202173659 0.0020351875463688754
3.9615391232950468 0.0020300213508452247
3.9676810444164348 0.0020218855637512355
3.9738229655378223 0.0020107933397844092
3.97996488665921 0.001996765321587137
3.9861068077805974 0.001979829665800883
3.9922487289019855 0.00196002204863925
3.998390650023373 0.0019373856504642489
4.004532571144761 0.0019119711189142343
4.010674492266149 0.0018838365101994
4.016816413387536 0.0018530472082560288
4.022958334508924 0.001819675821527809
4.029100255630311 0.0017838020572266745
4.035242176751699 0.001745512573012166
4.041384097873086 0.0017049008061190993
4.047526018994474 0.0016620667800568824
4.053667940115862 0.0016171168890999328
4.05980986123725 0.0015701636608859146
4.0659517823586375 0.0015213254975386615
4.072093703480025 0.0014707263958297267
4.078235624601413 0.0014184956469936066
4.0843775457228 0.0013647675169080572
4.090519466844188 0.0013096809074476573
4.096661387965575 0.0012533789999120846
4.102803309086964 0.0011960088815211093
4.108945230208351 0.001137721156054405
4.115087151329739 0.0010786695397974654
4.1212290724511265 0.0010190104440298516
4.127370993572514 0.0009589025453652443
4.133512914693902 0.0008985063453167154
4.139654835815289 0.0008379837205195065
4.145796756936677 0.0007774974650952729
4.151938678058065 0.0007172108266859792
4.158080599179453 0.0006572870377222335
4.16422252030084 0.000597888843521135
4.170364441422228 0.0005391780288281903
4.176506362543615 0.00048131494443351115
4.182648283665003 0.00042445803549716446
4.1887902047863905 0.0003687633732172472
4.194932125907778 0.00031438419146491024
4.201074047029166 0.0002614704299940631
4.207215968150554 0.00021016828580996892
4.213357889271942 0.0001606197742502234
4.219499810393329 0.00011296230129625844
4.225641731514717 6.732824858865497e-05
4.231783652636104 2.3844572573370567e-05
4.237925573757492 -1.7367580848854497e-05
4.2440674948788795 -5.61932448555953e-05
4.250209416000267 -9.252398216681142e-05
4.2563513371216555 -0.00012625821625503636
4.262493258243043 -0.00015730154218765647
4.268635179364431 -0.00018556701605930334
4.274777100485818 -0.00021097542205091079
4.280919021607206 -0.00023345551622847677
4.287060942728593 -0.0002529442462767221
4.293202863849981 -0.0002693869464448946
4.299344784971368 -0.0002827375070662205
4.305486706092757 -0.000292958518097537
4.311628627214144 -0.00030002138621248233
4.317770548335532 -0.0003039064250673372
4.3239124694569195 -0.0003046029184481422
4.330054390578307 -0.00030210915609370486
4.336196311699695 -0.000296432442078462
4.342338232821082 -0.00028758907572686606
4.34848015394247 -0.00027560430511906645
4.354622075063858 -0.00026051225333557405
4.360763996185246 -0.0002423558176761948
4.366905917306633 -0.0002211865421742596
4.373047838428021 -0.00019706446381535005
4.3791897595494085 -0.0001700579329528334
4.385331680670796 -0.0001402434084980291
4.391473601792184 -0.00010770522854512346
4.397615522913571 -7.253535717263202e-05
4.40375744403496 -3.4833108242544136e-05
4.409899365156347 5.295152903511951e-06
4.416041286277735 4.7736328877600126e-05
4.422183207399122 9.237092976013666e-05
4.42832512852051 0.00013907343157966169
4.434467049641897 0.00018771265257384135
4.440608970763285 0.0002381521459849093
4.4467508918846725 0.00029025060808372436
4.452892813006061 0.00034386230006166785
4.4590347341274486 0.000398837482378949
4.465176655248836 0.0004550228601138838
4.471318576370224 0.0005122620378156295
4.477460497491611 0.0005703959823306072
4.483602418612999 0.000629263492043285
4.489744339734386 0.0006887016709501407
4.495886260855774 0.0007485464059699478
4.5020281819771615 0.000808632845884366
4.50817010309855 0.0008687958803008141
4.5143120242199375 0.0009288706170337015
4.520453945341325 0.0009886928563132419
4.526595866462713 0.0010480995602475658
4.5327377875841 0.0011069293159918045
4.538879708705488 0.001165022791109053
4.545021629826875 0.0012222231796479837
4.551163550948263 0.0012783766375076117
4.557305472069651 0.0013333327057120509
4.563447393191039 0.0013869447202756924
4.569589314312426 0.0014390702074043547
4.575731235433814 0.0014895712628446582
4.5818731565552016 0.0015383149142698576
4.588015077676589 0.0015851734656668949
4.594156998797977 0.0016300248227717857
4.600298919919364 0.0016727527986852792
4.606440841040753 0.0017132473988884854
4.61258276216214 0.0017514050849675264
4.618724683283528 0.0017871290164489435
4.624866604404915 0.0018203292702376386
4.631008525526303 0.0018509230372441864
4.6371504466476905 0.0018788347958794875
4.643292367769078 0.0019039964621872711
4.649434288890466 0.0019263475164755838
4.655576210011854 0.0019458351063976831
4.661718131133242 0.0019624141265193657
4.667860052254629 0.001976047274495735
4.674001973376017 0.001986705084059912
4.680143894497404 0.0019943659351070865
4.686285815618792 0.001999016041231086
4.692427736740179 0.0020006494151425633
4.698569657861567 0.0019992678124654767
4.7047115789829554 0.001994880654472118
4.710853500104343 0.0019875049303759314
4.716995421225731 0.0019771650798579166
4.723137342347118 0.0019638928565510146
4.729279263468506 0.0019477271732558168
4.735421184589893 0.0019287139297018826
4.741563105711281 0.0019069058237075403
4.747705026832668 0.0018823621466248885
4.753846947954056 0.0018551485639865567
4.759988869075444 0.001825336882296607
4.766130790196832 0.0017930048029293722
4.7722727113182195 0.0017582356641193948
4.778414632439607 0.001721118172037611
4.784556553560995 0.001681746121961781
4.790698474682382 0.001640218110554881
4.79684039580377 0.0015966372402691667
4.802982316925157 0.001551110816893684
4.809124238046546 0.0015037500412599756
4.815266159167933 0.0014546696961137595
4.821408080289321 0.0014039878291521855
4.8275500014107084 0.0013518254332110906
4.833691922532096 0.0012983061245731976
4.839833843653484 0.0012435558203478115
4.845975764774871 0.0011877024158511334
4.852117685896259 0.0011308754628913274
4.858259607017647 0.0010732058498348256
4.864401528139035 0.0010148254842992218
4.870543449260422 0.0009558669792863397
4.87668537038181 0.0008964633435305794
4.882827291503197 0.0008367476768016952
4.888969212624585 0.0007768528708587897
4.8951111337459725 0.0007169113167098399
4.90125305486736 0.0006570546187857905
4.9073949759887485 0.0005974133165915138
4.913536897110136 0.0005381166143468887
4.919678818231524 0.00047929211908302803
4.925820739352911 0.0004210655876052523
4.931962660474299 0.00036356068268539907
4.938104581595686 0.00030689873879268014
4.944246502717074 0.0002511985376207777
4.9503884238384614 0.0001965760936171271
4.95653034495985 0.00014314444966966305
4.9626722660812375 9.10134830558251e-05
4.968814187202625 4.0289721711876656e-05
4.974956108324013 -8.923829168255756e-06
4.9810980294454 -5.6527850237200736e-05
4.987239950566788 -0.00010242686087711007
4.993381871688175 -0.00014652936197488795
4.999523792809563 -0.00018874796873893346
5.00566571393095 -0.00022899953373811406
5.011807635052339 -0.0002672052603717666
5.017949556173726 -0.0003032908070037367
5.024091477295114 -0.0003371863820118267
5.0302333984165015 -0.00036882683002190114
5.036375319537889 -0.000398151709604369
5.042517240659277 -0.0004251053627189301
5.048659161780664 -0.00044963697619536223
5.054801082902052 -0.0004717006355360576
5.06094300402344 -0.000491255371319972
5.067084925144828 -0.0005082651984783309
5.073226846266215 -0.0005226991486969156
5.079368767387603 -0.0005345312961857822
5.0855106885089905 -0.0005437407770342591
5.091652609630378 -0.0005503118023484498
5.097794530751766 -0.0005542336653427266
5.103936451873153 -0.0005555007425303358
5.110078372994542 -0.0005541124891301905
5.116220294115929 -0.0005500734287786132
5.122362215237317 -0.000543393137604119
5.128504136358704 -0.0005340862226967099
5.134646057480092 -0.000522172294972259
5.140787978601479 -0.0005076759364064535
5.146929899722867 -0.0004906266615864099
5.1530718208442545 -0.00047105887350378634
5.159213741965643 -0.00044901181349145673
5.1653556630870305 -0.0004245295051867284
5.171497584208418 -0.00039766069238628767
5.177639505329806 -0.0003684587706469173
5.183781426451193 -0.0003369817124736095
5.189923347572581 -0.0003032919859313524
5.196065268693968 -0.00026745646651312404
5.202207189815356 -0.00022954634209726153
5.208349110936744 -0.00018963701083082123
5.214491032058132 -0.0001478079717836848
5.2206329531795195 -0.00010414270822721303
5.226774874300907 -5.872856340751814e-05
5.232916795422295 -1.1656608698071493e-05
5.239058716543682 3.6978495962775966e-05
5.24520063766507 8.707864942190736e-05
5.251342558786457 0.0001385424644972722
5.257484479907845 0.00019126543102121886
5.263626401029233 0.0002451400867349914
5.269768322150621 0.0003000561959982929
5.275910243272008 0.0003559009362488228
5.282052164393396 0.00041255909211296337
5.2881940855147835 0.00046991325703962756
5.294336006636171 0.0005278440422960378
5.300477927757559 0.0005862302931325997
5.306619848878946 0.0006449493118925908
5.312761770000335 0.0007038770878111648
5.318903691121722 0.000762888533217086
5.32504561224311 0.0008218577258222703
5.331187533364497 0.0008806581567525628
5.337329454485885 0.0009391629839475362
5.3434713756072725 0.0009972452905281863
5.34961329672866 0.0010547783477054618
5.355755217850048 0.001111635881777012
5.361897138971436 0.0011676923447347565
5.368039060092824 0.0012228231879814761
5.374180981214211 0.00127690513863289
5.380322902335599 0.0013298164778564367
5.386464823456986 0.0013814373206785702
5.392606744578374 0.0014316498966691108
5.398748665699761 0.0014803388308906535
5.404890586821149 0.0015273914244800341
5.411032507942537 0.0015726979342085999
5.417174429063925 0.0016161518503472088
5.4233163501853126 0.0016576501721438821
5.4294582713067 0.0016970936801998901
5.435600192428088 0.00173438720501395
5.441742113549475 0.0017694398909443732
5.447884034670863 0.0018021654548221017
5.45402595579225 0.0018324824384310507
5.460167876913639 0.0018603144540569995
5.466309798035026 0.0018855904222919687
5.472451719156414 0.0019082448012706001
5.4785936402778015 0.0019282178065024112
5.484735561399189 0.0019454556204589518
5.490877482520577 0.0019599105910684616
5.497019403641964 0.0019715414182694927
5.503161324763352 0.001980313327776694
5.509303245884739 0.001986198231217553
5.515445167006128 0.001989174871808814
5.521587088127515 0.0019892289547550276
5.527729009248903 0.001986353261572524
5.53387093037029 0.0019805477475634955
5.540012851491678 0.00197181962169722
5.5461547726130656 0.00196018340818879
5.552296693734453 0.0019456609891069401
5.558438614855841 0.001928281627388834
5.564580535977229 0.0019080819696918271
5.570722457098617 0.0018851060285694369
5.576864378220004 0.0018594051435237094
5.583006299341392 0.001831037920552054
5.589148220462779 0.00180007014988323
5.595290141584167 0.0017665747016740512
5.6014320627055545 0.0017306313995219898
5.607573983826942 0.001692326871735719
5.6137159049483305 0.0016517543803962005
5.619857826069718 0.0016090136283336948
5.625999747191106 0.001564210544243458
5.632141668312493 0.0015174570462573875
5.638283589433881 0.0014688707843900112
5.644425510555268 0.0014185748623742026
5.650567431676656 0.0013666975395006957
5.656709352798043 0.0013133719131724747
5.662851273919432 0.0012587355829804152
5.668993195040819 0.0012029302971985315
5.675135116162207 0.001146101582688351
5.681277037283595 0.00108839835928435
5.687418958404982 0.0010299725398163592
5.69356087952637 0.0009709786169986
5.699702800647757 0.0009115732384858749
5.705844721769145 0.0008519147714611661
5.711986642890533 0.00079216285817639
5.718128564011921 0.0007324779639178153
5.724270485133308 0.0006730209189126787
5.730412406254696 0.0006139524557263792
5.7365543273760835 0.0005554327437306849
5.742696248497471 0.0004976209222421074
5.748838169618859 0.00044067463394302346
5.754980090740246 0.00038474956020316287
5.761122011861635 0.0003299989599166393
5.767263932983022 0.00027657321345941037
5.77340585410441 0.0002246193733567687
5.779547775225797 0.00017428072322361318
5.785689696347185 0.00012569634651262004
5.7918316174685724 7.900070656689139e-05
5.79797353858996 3.432323943149068e-05
5.804115459711348 -8.212039170140712e-06
5.810257380832735 -4.848691134226161e-05
5.816399301954124 -8.63893177108887e-05
5.822541223075511 -0.00012181370007444382
5.828683144196899 -0.0001546613248441837
5.834825065318286 -0.00018484058618055906
5.840966986439674 -0.00021226728780165608
5.847108907561061 -0.00023686490251778668
5.853250828682449 -0.0002585648086234788
5.8593927498038365 -0.0002773065023591911
5.865534670925225 -0.00029303778573653015
5.8716765920466125 -0.0003057149291054325
5.877818513168 -0.0003153028079245341
5.883960434289388 -0.00032177501328516176
5.890102355410775 -0.0003251139358227152
5.896244276532163 -0.000325310822738502
5.90238619765355 -0.0003223658077419522
5.908528118774938 -0.00031628791381134734
5.914670039896326 -0.0003070950287587142
5.920811961017714 -0.00029481385367342334
5.9269538821391015 -0.000279479824404398
5.933095803260489 -0.00026113700633143575
5.939237724381877 -0.00023983796275960008
5.945379645503264 -0.00021564359735841128
5.951521566624652 -0.0001886229711520247
5.957663487746039 -0.00015885309465057035
5.963805408867428 -0.00012641869579523303
5.969947329988815 -9.141196447151217e-05
5.976089251110203 -5.393227442227969e-05
5.98223117223159 -1.4085883472526834e-05
5.988373093352978 2.8014386950502496e-05
5.9945150144743655 7.224949194417236e-05
6.000656935595753 0.00011849452177829556
6.006798856717141 0.00016661907787187576
6.012940777838529 0.00021648766484486757
6.019082698959917 0.00026796009733214416
6.025224620081304 0.0003208919201951466
6.031366541202692 0.0003751348407147763
6.037508462324079 0.00043053717130801686
6.043650383445467 0.0004869442812707009
6.0497923045668545 0.0005441990560167053
6.055934225688242 0.0006021423622569957
6.06207614680963 0.0006606135175416348
6.068218067931018 0.0007194507625739821
6.074359989052406 0.0007784917346985761
6.080501910173793 0.0008375739409657039
6.086643831295181 0.0008965352291791177
6.092785752416568 0.0009552142553502569
6.098927673537956 0.001013450946000866
6.105069594659343 0.0010710869537842987
6.111211515780731 0.0011279661049300531
6.117353436902119 0.0011839348370572792
6.123495358023507 0.0012388426259498507
6.1296372791448945 0.0012925423999413704
6.135779200266282 0.0013448909406147637
6.14192112138767 0.0013957492685894542
6.148063042509057 0.0014449830132372912
6.154204963630445 0.001492462765243952
6.160346884751832 0.0015380644110111852
6.166488805873221 0.00158166944797813
6.172630726994608 0.0016231652800246937
6.178772648115996 0.00166244549221022
6.1849145692373835 0.0016994101041876055
6.191056490358771 0.0017339658017275987
6.197198411480159 0.0017660261458786648
6.203340332601546 0.0017955117593809202
6.209482253722934 0.0018223504900449978
6.215624174844322 0.001846477550898415
6.22176609596571 0.0018678356369916306
6.227908017087097 0.001886375018846517
6.234049938208485 0.00190205361261317
6.240191859329872 0.001914837027088016
6.24633378045126 0.0019246985878251304
6.2524757015726475 0.0019316193386510196
6.258617622694035 0.0019355880209671623
6.2647595438154235 0.0019366010312951369
6.270901464936811 0.0019346623575849345
6.277043386058199 0.0019297834948714349
