time TPR_both_A_open_11_rho13_real
62.83185307179586 -0.48579395057261615
62.83799499291725 -0.4858306427153221
62.844136914038636 -0.48586724308369733
62.850278835160026 -0.48590365413764564
62.856420756281416 -0.4859397704693755
62.8625626774028 -0.48597547934152285
62.86870459852419 -0.4860106612767818
62.87484651964557 -0.48604519069529134
62.88098844076696 -0.4860789365958538
62.88713036188835 -0.4861117632769336
62.893272283009736 -0.48614353109327124
62.899414204131126 -0.4861740972438694
62.90555612525252 -0.4862033165870517
62.9116980463739 -0.4862310424782505
62.91783996749529 -0.4862571276261655
62.92398188861668 -0.48628142496292986
62.93012380973806 -0.48630378852392586
62.93626573085945 -0.4863240743329122
62.942407651980844 -0.48634214128815917
62.94854957310223 -0.48635785204531184
62.95469149422362 -0.4863710738927511
62.960833415345 -0.48638167961526885
62.96697533646639 -0.4863895483419153
62.97311725758778 -0.48639456637394174
62.979259178709164 -0.4863966279888116
62.985401099830554 -0.4863956362163196
62.991543020951944 -0.4863915035829292
62.99768494207333 -0.48638415282050795
63.00382686319472 -0.48637351753572605
63.00996878431611 -0.486359542836478
63.01611070543749 -0.4863421859117817
63.02225262655888 -0.4863214165617321
63.028394547680264 -0.48629721767421263
63.034536468801655 -0.48626958564520995
63.040678389923045 -0.48623853073974665
63.04682031104443 -0.4862040773906219
63.05296223216582 -0.4861662644323538
63.05910415328721 -0.48612514526794637
63.06524607440859 -0.48608078796634013
63.07138799552998 -0.4860332752886806
63.07752991665137 -0.48598270464183213
63.083671837772755 -0.4859291879578707
63.089813758894145 -0.48587285149863396
63.095955680015535 -0.4858138355847617
63.10209760113692 -0.48575229424903454
63.10823952225831 -0.48568839481421744
63.11438144337969 -0.4856223173960259
63.12052336450108 -0.4855542543322535
63.12666528562247 -0.48548440953953875
63.132807206743855 -0.4854129977996866
63.138949127865246 -0.4853402439779073
63.145091048986636 -0.48526638217578333
63.15123297010802 -0.4851916548222098
63.15737489122941 -0.4851163117059892
63.1635168123508 -0.4850406089541895
63.16965873347218 -0.4849648079607615
63.17580065459357 -0.4848891742703125
63.181942575714956 -0.48481397642228224
63.188084496836346 -0.48473948476109774
63.194226417957736 -0.4846659702181862
63.20036833907912 -0.4845937030719836
63.20651026020051 -0.4845229516923012
63.2126521813219 -0.48445398127560196
63.21879410244328 -0.48438705257786996
63.22493602356467 -0.48432242065185593
63.231077944686064 -0.4842603335955378
63.23721986580745 -0.48420103131862763
63.24336178692884 -0.48414474433392085
63.24950370805023 -0.4840916925801961
63.25564562917161 -0.4840420842832333
63.261787550293 -0.4839961148613451
63.267929471414384 -0.48395396588160006
63.274071392535774 -0.48391580407264634
63.280213313657164 -0.483881780399766
63.28635523477855 -0.4838520292074457
63.29249715589994 -0.4838266674343993
63.29863907702133 -0.4838057939055925
63.30478099814271 -0.4837894887054017
63.3109229192641 -0.4837778126356229
63.31706484038549 -0.4837708067615886
63.323206761506874 -0.48376849204920314
63.329348682628265 -0.4837708690952316
63.33549060374965 -0.4837779179527116
63.34163252487104 -0.48378959805287225
63.34777444599243 -0.48380584822447803
63.35391636711381 -0.4838265868110271
63.3600582882352 -0.48385171188577486
63.36620020935659 -0.4838811015640797
63.372342130477975 -0.48391461441210976
63.378484051599365 -0.4839520899505028
63.384625972720755 -0.4839933492511265
63.39076789384214 -0.48403819562465494
63.39690981496353 -0.48408641539625774
63.40305173608492 -0.4841377787662877
63.4091936572063 -0.48419204075245276
63.41533557832769 -0.4842489422095689
63.421477499449075 -0.4843082109226235
63.427619420570466 -0.4843695627685035
63.433761341691856 -0.4844327029414045
63.43990326281324 -0.48449732723659383
63.44604518393463 -0.484563123386882
63.45218710505602 -0.48462977244585614
63.4583290261774 -0.4846969502116331
63.46447094729879 -0.48476432868463315
63.47061286842018 -0.4848315775526215
63.476754789541566 -0.4848983656960427
63.482896710662956 -0.4849643627064819
63.48903863178434 -0.48502924041091017
63.49518055290573 -0.4850926743942404
63.50132247402712 -0.4851543455126137
63.5074643951485 -0.4852139413897679
63.51360631626989 -0.4852711578888124
63.51974823739128 -0.4853257005517482
63.52589015851267 -0.48537728599912444
63.53203207963406 -0.48542564328232835
63.53817400075545 -0.4854705151811552
63.54431592187683 -0.48551165943949975
63.55045784299822 -0.4855488499322612
63.55659976411961 -0.4855818777568524
63.562741685240994 -0.485610552243046
63.568883606362384 -0.48563470187528957
63.57502552748377 -0.4856541751220679
63.58116744860516 -0.48566884116737
63.58730936972655 -0.48567859053986284
63.59345129084793 -0.48568333563593263
63.59959321196932 -0.485683011133372
63.60573513309071 -0.48567757429312824
63.611877054212094 -0.4856670051471912
63.618018975333484 -0.48565130657139116
63.624160896454875 -0.4856305042425876
63.63030281757626 -0.48560464648043333
63.63644473869765 -0.4855738039746305
63.64258665981904 -0.48553806939931
63.64872858094042 -0.4854975569168717
63.65487050206181 -0.4854524015743244
63.661012423183195 -0.48540275859583953
63.667154344304585 -0.48534880257587076
63.673296265425975 -0.48529072657782196
63.67943818654736 -0.48522874114380493
63.68558010766875 -0.48516307322157587
63.69172202879014 -0.48509396501521335
63.69786394991152 -0.48502167276653574
63.70400587103291 -0.48494646547463216
63.7101477921543 -0.4848686235612009
63.716289713275685 -0.48478843748963757
63.722431634397076 -0.48470620634601475
63.72857355551846 -0.4846222363902311
63.73471547663985 -0.4845368395856608
63.74085739776124 -0.48445033211565935
63.74699931888262 -0.4843630328952113
63.75314124000401 -0.48427526208590155
63.7592831611254 -0.4841873396222244
63.765425082246786 -0.48409958375701706
63.771567003368176 -0.48401230963353925
63.777708924489566 -0.4839258278914153
63.78385084561095 -0.48384044331328324
63.78999276673234 -0.48375645351862984
63.79613468785373 -0.4836741477108601
63.80227660897511 -0.4835938054832093
63.8084185300965 -0.48351569568865155
63.814560451217886 -0.48344007537847655
63.82070237233928 -0.4833671888137208
63.82684429346067 -0.483297266553156
63.83298621458205 -0.4832305246210346
63.83912813570344 -0.48316716375731145
63.84527005682483 -0.48310736875257815
63.85141197794621 -0.48305130786946276
63.857553899067604 -0.48299913235179737
63.863695820188994 -0.4829509760224009
63.86983774131038 -0.4829069549698905
63.87597966243177 -0.4828671673245169
63.88212158355315 -0.4828316931226274
63.88826350467454 -0.482800594258959
63.89440542579593 -0.48277391452561885
63.900547346917314 -0.4827516797362425
63.906689268038704 -0.48273389793349586
63.912831189160094 -0.48272055967777133
63.91897311028148 -0.482711638414615
63.92511503140287 -0.48270709091814545
63.93125695252426 -0.48270685780744127
63.93739887364564 -0.4827108641326107
63.94354079476703 -0.4827190200270091
63.94968271588842 -0.4827312214218253
63.955824637009805 -0.4827473508190282
63.961966558131195 -0.48276727811844783
63.96810847925258 -0.48279086149455497
63.97425040037397 -0.4828179483183047
63.98039232149536 -0.4828483761192291
63.98653424261674 -0.4828819735827859
63.99267616373813 -0.482918561577815
63.99881808485952 -0.4829579542088128
64.0049600059809 -0.48299995988760247
64.01110192710229 -0.483044382418874
64.01724384822369 -0.48309102209398136
64.02338576934507 -0.483139676787311
64.02952769046645 -0.4831901430494951
64.03566961158785 -0.4832422171917288
64.04181153270923 -0.4832956963554548
64.04795345383062 -0.48335037956171173
64.05409537495201 -0.4834060687345199
64.0602372960734 -0.4834625696927654
64.06637921719478 -0.48351969310517506
64.07252113831618 -0.4835772554031416
64.07866305943756 -0.48363507964634944
64.08480498055894 -0.4836929963363745
64.09094690168034 -0.4837508441737097
64.09708882280172 -0.4838084707539457
64.1032307439231 -0.4838657331991703
64.1093726650445 -0.4839224987210139
64.11551458616589 -0.48397864511214833
64.12165650728727 -0.4840340611634646
64.12779842840867 -0.484088647004603
64.13394034953005 -0.48414231436597105
64.14008227065143 -0.48419498676086753
64.14622419177283 -0.4842465995868475
64.15236611289421 -0.4842971001459737
64.1585080340156 -0.4843464475841306
64.16464995513698 -0.48439461275012413
64.17079187625838 -0.48444157797581955
64.17693379737976 -0.48448733677912276
64.18307571850114 -0.4845318934921301
64.18921763962254 -0.48457526281731333
64.19535956074392 -0.4846174693151034
64.20150148186531 -0.48465854682672926
64.2076434029867 -0.4846985378366431
64.21378532410809 -0.4847374927792924
64.21992724522947 -0.4847754692954055
64.22606916635087 -0.48481253144333314
64.23221108747225 -0.4848487488713071
64.23835300859363 -0.4848841959567632
64.24449492971503 -0.48491895091911313
64.25063685083641 -0.48495309491253163
64.2567787719578 -0.48498671110545494
64.2629206930792 -0.485019883753569
64.26906261420058 -0.48505269727308603
64.27520453532196 -0.4850852353210634
64.28134645644336 -0.48511757988944965
64.28748837756474 -0.4851498104193751
64.29363029868613 -0.48518200294201524
64.29977221980752 -0.48521422925210816
64.3059141409289 -0.4852465561199016
64.31205606205029 -0.4852790445469598
64.31819798317167 -0.48531174907088576
64.32433990429307 -0.48534471712357713
64.33048182541445 -0.48537798844719626
64.33662374653584 -0.48541159457153665
64.34276566765723 -0.48544555835598446
64.34890758877862 -0.48547989359874466
64.3550495099 -0.4855146047154769
64.3611914310214 -0.48554968648895996
64.36733335214278 -0.48558512389087294
64.37347527326416 -0.4856208919762522
64.37961719438556 -0.4856569558506877
64.38575911550694 -0.4856932707098183
64.39190103662833 -0.48572978195021177
64.39804295774972 -0.48576642535028125
64.4041848788711 -0.48580312731945774
64.41032679999249 -0.4858398052134503
64.41646872111389 -0.48587636771307874
64.42261064223527 -0.4859127152638287
64.42875256335665 -0.48594874057299275
64.43489448447805 -0.4859843291610128
64.44103640559943 -0.4860193599634108
64.44717832672082 -0.4860537059795037
64.45332024784221 -0.48608723496395323
64.4594621689636 -0.4861198101570632
64.46560409008498 -0.4861512910496346
64.47174601120636 -0.48618153417812765
64.47788793232776 -0.4862103939458084
64.48402985344914 -0.4862377234655404
64.49017177457053 -0.48626337541985304
64.49631369569192 -0.4862872029339273
64.50245561681331 -0.4863090604571472
64.50859753793469 -0.48632880464887973
64.51473945905609 -0.48634629526419054
64.52088138017747 -0.4863613960352302
64.52702330129885 -0.4863739755440605
64.53316522242025 -0.48638390808275994
64.53930714354163 -0.4863910744966768
64.54544906466302 -0.4863953630067611
64.55159098578442 -0.4863966700069728
64.5577329069058 -0.48639490083281883
64.56387482802718 -0.48638997049714267
64.57001674914858 -0.48638180438937256
64.57615867026996 -0.48637033893451614
64.58230059139134 -0.4863555222082757
64.58844251251274 -0.4863373145047785
64.59458443363413 -0.4863156888535259
64.60072635475551 -0.48629063148229135
64.6068682758769 -0.486262142222865
64.61301019699829 -0.4862302348566951
64.61915211811967 -0.4861949373976623
64.62529403924106 -0.4861562923094446
64.63143596036245 -0.48611435665514385
64.63757788148384 -0.4860692021771062
64.64371980260522 -0.4860209153051366
64.64986172372662 -0.4859695970916128
64.656003644848 -0.4859153630723176
64.66214556596938 -0.48585834305214737
64.66828748709078 -0.4857986808152309
64.67442940821216 -0.48573653375936077
64.68057132933355 -0.4856720724550409
64.68671325045494 -0.4856054801298796
64.69285517157633 -0.48553695207947295
64.69899709269771 -0.4854666950063606
64.7051390138191 -0.4853949262890885
64.71128093494049 -0.4853218731838518
64.71742285606187 -0.4852477719616295
64.72356477718327 -0.4851728669841785
64.72970669830465 -0.48509740972267035
64.73584861942604 -0.48502165772317246
64.74199054054743 -0.4849458735235843
64.74813246166882 -0.4848703235270068
64.7542743827902 -0.48479527683687573
64.7604163039116 -0.4847210040595197
64.76655822503298 -0.48464777608008924
64.77270014615436 -0.4845758628180467
64.77884206727575 -0.4845055319686437
64.78498398839714 -0.48443704773696156
64.79112590951853 -0.4843706695712383
64.79726783063991 -0.484306650902275
64.80340975176131 -0.4842452378957674
64.80955167288269 -0.48418666822439127
64.81569359400407 -0.4841311698664127
64.82183551512547 -0.4840789599375086
64.82797743624685 -0.48403024356232305
64.83411935736824 -0.4839852127920994
64.84026127848963 -0.48394404557451093
64.84640319961102 -0.48390690478152953
64.8525451207324 -0.48387393730087347
64.8586870418538 -0.4838452731962441
64.86482896297518 -0.4838210249411905
64.87097088409656 -0.4838012867310423
64.87711280521796 -0.48378613387695335
64.88325472633935 -0.4837756222856489
64.88939664746073 -0.4837697880280262
64.89553856858213 -0.4837686469993023
64.90168048970351 -0.48377219467292965
64.90782241082489 -0.4837804059500198
64.91396433194629 -0.48379323510555416
64.92010625306767 -0.4838106158321684
64.92624817418906 -0.4838324613818277
64.93239009531044 -0.4838586648052477
64.93853201643184 -0.48388909928843615
64.94467393755322 -0.4839236185852896
64.9508158586746 -0.48396205754471755
64.956957779796 -0.4840042327303375
64.96309970091738 -0.4840499431303511
64.96924162203877 -0.4840989709547885
64.97538354316016 -0.48415108251691263
64.98152546428155 -0.48420602919516736
64.98766738540293 -0.4842635484716733
64.99380930652433 -0.48432336504290485
64.99995122764571 -0.48438519199782226
65.00609314876709 -0.48444873205837835
65.01223506988849 -0.4845136788770012
65.01837699100987 -0.4845797183853271
65.02451891213126 -0.484646530188156
65.03066083325265 -0.4847137889963323
65.03680275437404 -0.48478116609197697
65.04294467549542 -0.48484833081926315
65.04908659661682 -0.4849149520937121
65.0552285177382 -0.4849806999227952
65.06137043885958 -0.48504524693046114
65.06751235998098 -0.4851082698780887
65.07365428110236 -0.4851694511742641
65.07979620222375 -0.48522848036571753
65.08593812334513 -0.4852850556017542
65.09208004446653 -0.4853388850645171
65.09822196558791 -0.4853896883575011
65.1043638867093 -0.48543719784484457
65.11050580783069 -0.4854811599340922
65.11664772895207 -0.48552133629532723
65.12278965007346 -0.485557505009834
65.12893157119485 -0.4855894616417636
65.13507349231624 -0.4856170202266326
65.14121541343762 -0.48564001417088837
65.14735733455902 -0.4856582970572409
65.1534992556804 -0.48567174335094926
65.15964117680178 -0.4856802490027955
65.16578309792318 -0.48568373194506687
65.17192501904456 -0.485682132477477
65.17806694016595 -0.4856754135405984
65.18420886128735 -0.485663560875068
65.19035078240873 -0.4856465830655056
65.19649270353011 -0.4856245114687967
65.20263462465151 -0.4855974000271182
65.20877654577289 -0.48556532496679566
65.21491846689428 -0.48552838438479745
65.22106038801567 -0.48548669772539116
65.22720230913706 -0.48544040515016385
65.23334423025844 -0.48538966680528056
65.23948615137982 -0.48533466199050485
65.24562807250122 -0.48527558823509487
65.2517699936226 -0.4852126602862693
65.25791191474399 -0.48514610901644123
65.26405383586538 -0.4850761802559116
65.27019575698677 -0.48500313355811214
65.27633767810815 -0.4849272409048528
65.28247959922955 -0.484848785359345
65.28862152035093 -0.4847680596749949
65.29476344147231 -0.4846853648681443
65.30090536259371 -0.484601008763061
65.3070472837151 -0.48451530451752467
65.31318920483648 -0.48442856913733917
65.31933112595787 -0.48434112198805285
65.32547304707926 -0.4842532833120225
65.33161496820064 -0.48416537275877847
65.33775688932204 -0.48407770793642846
65.34389881044342 -0.4839906029915426
65.3500407315648 -0.48390436722463875
65.3561826526862 -0.48381930374804083
65.36232457380758 -0.48373570819247275
65.36846649492897 -0.4836538674683269
65.37460841605036 -0.4835740585871131
65.38075033717175 -0.48349654754811644
65.38689225829313 -0.4834215882948102
65.39303417941451 -0.4833494217451019
65.39917610053591 -0.4832802748989779
65.4053180216573 -0.4832143600266347
65.41145994277868 -0.4831518739396856
65.41760186390007 -0.4830929973475647
65.42374378502146 -0.48303789430076766
65.42988570614284 -0.48298671172210755
65.43602762726424 -0.48293957902673296
65.44216954838562 -0.48289660783121446
65.448311469507 -0.48285789175158644
65.4544533906284 -0.482823506289857
65.46059531174978 -0.48279350880809707
65.46673723287117 -0.4827679385888665
65.47287915399257 -0.4827468169803939
65.47902107511395 -0.4827301476245932
65.48516299623533 -0.48271791676568104
65.49130491735673 -0.48271009363687184
65.49744683847811 -0.48270663092233385
65.5035887595995 -0.48270746529131237
65.50973068072089 -0.4827125180010792
65.51587260184228 -0.48272169556510647
65.52201452296366 -0.4827348904826252
65.52815644408506 -0.4827519820255117
65.53429836520644 -0.482772837078218
65.54044028632782 -0.48279731102625645
65.5465822074492 -0.4828252486885666
65.5527241285706 -0.48285648528889474
65.55886604969199 -0.48289084746115934
65.56500797081337 -0.4829281542836124
65.57114989193477 -0.48296821833647513
65.57729181305615 -0.48301084677759887
65.58343373417753 -0.4830558424305981
65.58957565529893 -0.4831030048798249
65.59571757642031 -0.48315213156648723
65.6018594975417 -0.48320301888017697
65.6080014186631 -0.4832554632400647
65.61414333978448 -0.48330926216003417
65.62028526090586 -0.4833642152920633
65.62642718202726 -0.48342012544224944
65.63256910314864 -0.4834767995539678
65.63871102427002 -0.483534049652793
65.64485294539142 -0.4835916937479893
65.6509948665128 -0.48364955668557263
65.65713678763419 -0.4837074709481831
65.66327870875558 -0.48376527739728603
65.66942062987697 -0.483822825953514
65.67556255099835 -0.4838799762112979
65.68170447211975 -0.4839365979843088
65.68784639324113 -0.4839925717786201
65.69398831436251 -0.48404778919092367
65.7001302354839 -0.4841021532295881
65.7062721566053 -0.484155578556812
65.71241407772668 -0.48420799165062206
65.71855599884806 -0.48425933088597
65.72469791996946 -0.4843095465347116
65.73083984109084 -0.4843586006847818
65.73698176221222 -0.4844064670794112
65.74312368333362 -0.4844531308777873
65.749265604455 -0.4844985883390882
65.75540752557639 -0.4845428464323527
65.76154944669779 -0.48458592237517933
65.76769136781917 -0.4846278431047445
65.77383328894055 -0.4846686446851139
65.77997521006195 -0.4847083716552916
65.78611713118333 -0.4847470763228716
65.79225905230471 -0.48478481800855355
65.79840097342611 -0.4848216622471523
65.8045428945475 -0.48485767995103723
65.81068481566888 -0.48489294654220944
65.81682673679028 -0.4849275410594566
65.82296865791166 -0.48496154524718715
65.82911057903304 -0.4849950426326614
65.83525250015444 -0.48502811759841746
65.84139442127582 -0.4850608544566756
65.8475363423972 -0.4850933365324693
65.85367826351859 -0.4851256452621462
65.85982018463999 -0.48515785931371774
65.86596210576137 -0.4851900537353293
65.87210402688275 -0.485222299137853
65.87824594800415 -0.48525466091730585
65.88438786912553 -0.4852871985224302
65.89052979024692 -0.48531996477237915
65.89667171136831 -0.48535300522903113
65.9028136324897 -0.48538635762798105
65.90895555361108 -0.48542005137177635
65.91509747473248 -0.4854541070884645
65.92123939585386 -0.48548853625799204
65.92738131697524 -0.48552334090846533
65.93352323809664 -0.4855585133837633
65.93966515921802 -0.48559403618345587
65.9458070803394 -0.48562988187545847
65.9519490014608 -0.4856660130813633
65.95809092258219 -0.4857023825338852
65.96423284370357 -0.48573893320539313
65.97037476482497 -0.485775598506074
65.97651668594635 -0.4858123025498445
65.98265860706773 -0.48584896048575354
65.98880052818913 -0.48588547889227446
65.99494244931051 -0.48592175623156125
66.0010843704319 -0.48595768336046696
66.00722629155328 -0.4859931440948795
66.01336821267468 -0.48602801582371
66.01951013379606 -0.4860621701686966
66.02565205491744 -0.486095473686024
66.03179397603884 -0.48612778860565775
66.03793589716022 -0.48615897360417965
66.04407781828161 -0.4861888846068489
66.050219739403 -0.48621737561456974
66.05636166052439 -0.4862442995514126
66.06250358164577 -0.4862695091283185
66.06864550276717 -0.48629285771863484
66.07478742388855 -0.4863142002411292
66.08092934500993 -0.48633339404615394
66.08707126613133 -0.4863502998006791
66.09321318725272 -0.4863647823679309
66.0993551083741 -0.4863767116774295
66.1054970294955 -0.48638596358126335
66.11163895061688 -0.48639242069249344
66.11778087173826 -0.48639597320162614
66.12392279285966 -0.48639651966717085
66.13006471398104 -0.4863939677763518
66.13620663510243 -0.48638823507211326
66.14234855622382 -0.48637924964265034
66.1484904773452 -0.486366950769769
66.15463239846659 -0.4863512895324793
66.16077431958797 -0.48633222936234494
66.16691624070937 -0.48630974654721737
66.17305816183075 -0.48628383068013575
66.17920008295214 -0.4862544850503102
66.18534200407353 -0.48622172697329885
66.19148392519492 -0.48618558805766265
66.1976258463163 -0.48614611440560085
66.2037677674377 -0.4861033667453109
66.20990968855908 -0.4860574204930659
66.21605160968046 -0.48600836574328055
66.22219353080186 -0.485956307185153
66.22833545192324 -0.48590136394478145
66.23447737304463 -0.4858436693520047
66.24061929416602 -0.4857833706315915
66.2467612152874 -0.48572062851878317
66.25290313640879 -0.48565561679959207
66.25904505753019 -0.4855885217766926
66.26518697865157 -0.48551954166215755
66.27132889977295 -0.4854488858987326
66.27747082089435 -0.48537677441179433
66.28361274201573 -0.4853034367945765
66.28975466313712 -0.48522911142968606
66.29589658425851 -0.48515404455038735
66.3020385053799 -0.4850784892455397
66.30818042650128 -0.48500270441249554
66.31432234762266 -0.48492695366266314
66.32046426874406 -0.4848515041848036
66.32660618986544 -0.48477662557148116
66.33274811098683 -0.48470258861439225
66.33889003210822 -0.48462966407459496
66.34503195322961 -0.4845581214338911
66.35117387435099 -0.4844882276338161
66.35731579547239 -0.4844202458088699
66.36345771659377 -0.4843544340207242
66.36959963771515 -0.4842910440002173
66.37574155883655 -0.4842303199039857
66.38188347995793 -0.4841724970925489
66.38802540107932 -0.484117800936601
66.39416732220072 -0.48406644565815876
66.4003092433221 -0.4840186332130516
66.40645116444348 -0.48397455222103974
66.41259308556488 -0.4839343769496168
66.41873500668626 -0.48389826635726746
66.42487692780765 -0.4838663632016373
66.43101884892904 -0.48383879321773804
66.43716077005043 -0.4838156643709286
66.44330269117181 -0.4837970661890137
66.4494446122932 -0.4837830691773932
66.45558653341459 -0.48377372432074567
66.46172845453597 -0.48376906267428116
66.46787037565737 -0.4837690950471413
66.47401229677875 -0.4837738117800475
66.48015421790014 -0.4837831826188205
66.48629613902152 -0.4837971566849283
66.49243806014292 -0.4838156625437322
66.4985799812643 -0.4838386083706327
66.50472190238568 -0.48386588221484333
66.51086382350708 -0.4838973523600665
66.51700574462846 -0.4839328677808816
66.52314766574985 -0.48397225869321225
66.52928958687124 -0.4840153371968071
66.53543150799263 -0.48406189800723803
66.54157342911401 -0.4841117192745011
66.5477153502354 -0.4841645634849106
66.55385727135679 -0.48422017844257376
66.55999919247817 -0.48427829832635544
66.56614111359957 -0.48433864481787603
66.57228303472095 -0.4844009282957259
66.57842495584234 -0.48446484909073595
66.58456687696373 -0.4845300987968207
66.59070879808512 -0.48459636163159403
66.5968507192065 -0.4846633158406568
66.6029926403279 -0.48473063513919096
66.60913456144928 -0.4847979901842255
66.61527648257066 -0.4848650500707076
66.62141840369206 -0.4849314838443095
66.62756032481344 -0.48499696202370784
66.63370224593483 -0.4850611581249257
66.63984416705621 -0.48512375018020715
66.64598608817761 -0.48518442224380215
66.65212800929899 -0.48524286587699983
66.65826993042037 -0.4852987816047291
66.66441185154177 -0.48535188033609356
66.67055377266315 -0.4854018847412753
66.67669569378454 -0.48544853057737114
66.68283761490594 -0.4854915679559044
66.68897953602732 -0.4855307625449706
66.6951214571487 -0.48556589669924805
66.7012633782701 -0.48559677051143585
66.70740529939148 -0.48562320277904314
66.71354722051287 -0.485645031880874
66.71968914163426 -0.48566211655802777
66.72583106275565 -0.4856743365947366
66.73197298387703 -0.4856815933949121
66.73811490499843 -0.4856838104508757
66.74425682611981 -0.4856809337013585
66.75039874724119 -0.4856729317765146
66.75654066836259 -0.48565979612837534
66.76268258948397 -0.4856415410458646
66.76882451060536 -0.48561820355420326
66.77496643172675 -0.48558984319926307
66.78110835284814 -0.48555654171813534
66.78725027396952 -0.48551840259790224
66.7933921950909 -0.4854755505253071
66.7995341162123 -0.4854281307306942
66.80567603733368 -0.4853763082302637
66.81181795845507 -0.4853202669713038
66.81795987957646 -0.48526020888567645
66.82410180069785 -0.4851963528573751
66.83024372181923 -0.4851289336104796
66.83638564294063 -0.4850582005243047
66.84252756406201 -0.48498441638293505
66.8486694851834 -0.48490785606667614
66.85481140630479 -0.48482880519326255
66.86095332742617 -0.4847475587168667
66.86709524854756 -0.4846644194931199
66.87323716966895 -0.48457969681846863
66.87937909079034 -0.4844937049522133
66.88552101191172 -0.4844067616295496
66.89166293303312 -0.4843191865738675
66.8978048541545 -0.4842313000164043
66.90394677527588 -0.4841434212311533
66.91008869639728 -0.4840558670927019
66.91623061751866 -0.48396895066436313
66.92237253864005 -0.4838829798236345
66.92851445976143 -0.4837982559316596
66.93465638088283 -0.483715072552949
66.94079830200421 -0.48363371423120083
66.94694022312561 -0.4835544553265931
66.95308214424699 -0.4834775589194761
66.95922406536837 -0.4834032757848806
66.96536598648976 -0.48333184344179714
66.97150790761116 -0.4832634852806728
66.97764982873254 -0.48319840977208767
66.98379174985392 -0.48313680975908
66.98993367097532 -0.4830788618351242
66.9960755920967 -0.4830247258092823
67.00221751321808 -0.4829745442595978
67.00835943433948 -0.4829284421753683
67.01450135546087 -0.4828865266884965
67.02064327658225 -0.4828488868937119
67.02678519770365 -0.4828155937570704
67.03292711882503 -0.4827867001117603
67.03906903994641 -0.4827622407398773
67.04521096106781 -0.4827422325385058
67.05135288218919 -0.4827266747681074
67.05749480331058 -0.4827155493809054
67.06363672443197 -0.4827088214266705
67.06977864555336 -0.48270643953301856
67.07592056667474 -0.482708336457064
67.08206248779612 -0.4827144297050225
67.08820440891752 -0.48272462221609813
67.0943463300389 -0.4827388031067672
67.1004882511603 -0.482756848471331
67.10663017228168 -0.48277862223441564
67.11277209340307 -0.4828039770508724
67.11891401452445 -0.4828327552483611
67.12505593564585 -0.48286478980770275
67.13119785676723 -0.4828999053759382
67.13733977788861 -0.48293791930685975
67.14348169901001 -0.48297864272366975
67.1496236201314 -0.48302188159828424
67.15576554125278 -0.4830674378417053
67.16190746237417 -0.48311511039981875
67.16804938349556 -0.4831646963489032
67.17419130461694 -0.48321599198511256
67.18033322573834 -0.48326879390219213
67.18647514685972 -0.48332290005170536
67.1926170679811 -0.4833781107800981
67.1987589891025 -0.48343422983701856
67.20490091022388 -0.4834910653494146
67.21104283134527 -0.4835484307560763
67.21718475246666 -0.48360614569747895
67.22332667358805 -0.48366403685598464
67.22946859470943 -0.48372193874170566
67.23561051583083 -0.4837796944196201
67.24175243695221 -0.4838371561738344
67.2478943580736 -0.4838941861052278
67.25403627919499 -0.483950656659098
67.26017820031637 -0.48400645107981954
67.26632012143776 -0.4840614637899602
67.27246204255914 -0.48411560069175735
67.27860396368054 -0.48416877938933034
67.28474588480192 -0.48422092933050287
67.2908878059233 -0.4842719918676205
67.2970297270447 -0.48432192023727777
67.30317164816609 -0.4843706794594031
67.30931356928747 -0.48441824615668466
67.31545549040887 -0.48446460829587235
67.32159741153025 -0.484509764853019
67.32773933265163 -0.4845537254052573
67.33388125377303 -0.4845965096522323
67.34002317489441 -0.4846381468708011
67.3461650960158 -0.48467867530709574
67.35230701713719 -0.4847181415104997
67.35844893825858 -0.48475659961450834
67.36459085937996 -0.48479411056982663
67.37073278050136 -0.4848307413354185
67.37687470162274 -0.48486656403351397
67.38301662274412 -0.4849016550748449
67.38915854386552 -0.48493609426059425
67.3953004649869 -0.4849699638676972
67.40144238610829 -0.4850033477242324
67.40758430722968 -0.48503633028170656
67.41372622835107 -0.4850689956910122
67.41986814947245 -0.48510142688878266
67.42601007059383 -0.485133704700756
67.43215199171523 -0.48516590696857526
67.43829391283661 -0.48519810770623917
67.444435833958 -0.48523037629212856
67.4505777550794 -0.48526277670223034
67.45671967620078 -0.4852953667897968
67.46286159732216 -0.48532819761628176
67.46900351844356 -0.4853613128379632
67.47514543956494 -0.48539474815218075
67.48128736068632 -0.4854285308066324
67.48742928180772 -0.48546267917466707
67.4935712029291 -0.4854972023989813
67.49971312405049 -0.4855321001055993
67.50585504517188 -0.4855673621894928
67.51199696629327 -0.48560296867266317
67.51813888741465 -0.48563888963499074
67.52428080853605 -0.48567508521766506
67.53042272965743 -0.48571150569851695
67.53656465077881 -0.48574809163811117
67.54270657190021 -0.4857847740950381
67.5488484930216 -0.4858214749084254
67.55499041414298 -0.4858581070453194
67.56113233526438 -0.48589457501025285
67.56727425638576 -0.48593077531400397
67.57341617750714 -0.4859665969982745
67.57955809862852 -0.48600192221279054
67.58570001974992 -0.4860366268411111
67.5918419408713 -0.48607058117126506
67.59798386199269 -0.4861036506071892
67.60412578311409 -0.4861356964168344
67.61026770423547 -0.4861665765127121
67.61640962535685 -0.48619614626058755
67.62255154647825 -0.48622425931199453
67.62869346759963 -0.4862507684562124
67.63483538872102 -0.4862755264873366
67.64097730984241 -0.48629838708208983
67.6471192309638 -0.4863192056840295
67.65326115208518 -0.48633784038982913
67.65940307320658 -0.48635415283335964
67.66554499432796 -0.4863680090633223
67.67168691544934 -0.48637928041023143
67.67782883657074 -0.4863878443386061
67.68397075769212 -0.4863935852802691
67.6901126788135 -0.486396395444712
67.6962545999349 -0.48639617560255716
67.70239652105629 -0.48639283583820214
67.70853844217767 -0.48638629626780616
67.71468036329907 -0.48637648771887104
67.72082228442045 -0.4863633523677428
67.72696420554183 -0.4863468443314654
67.73310612666322 -0.4863269302105373
67.73924804778461 -0.4863035895792331
67.745389968906 -0.4862768154203072
67.75153189002738 -0.486246614501039
67.75767381114878 -0.48621300768777576
67.76381573227016 -0.486176030196309
67.76995765339154 -0.4861357317756416
67.77609957451294 -0.48609217682295536
67.78224149563432 -0.48604544442783626
67.7883834167557 -0.4859956283441048
67.7945253378771 -0.48594283688791534
67.80066725899849 -0.4858871927611115
67.80680918011987 -0.4858288327991733
67.81295110124127 -0.4857679076434796
67.81909302236265 -0.48570458133798533
67.82523494348403 -0.48563903085082333
67.83137686460543 -0.48557144552177167
67.83751878572681 -0.4855020264369498
67.8436607068482 -0.48543098573254406
67.8498026279696 -0.4853585458298237
67.85594454909098 -0.48528493860413907
67.86208647021236 -0.4852104044910367
67.86822839133376 -0.48513519153307566
67.87437031245514 -0.4850595543713369
67.88051223357652 -0.4849837531860302
67.88665415469791 -0.4849080525910028
67.8927960758193 -0.4848327204873019
67.89893799694069 -0.48475802688129804
67.90507991806207 -0.48468424267316396
67.91122183918347 -0.484611638421797
67.91736376030485 -0.48454048309249126
67.92350568142624 -0.4844710427938609
67.92964760254763 -0.4844035795106788
67.93578952366902 -0.4843383498393919
67.9419314447904 -0.48427560373313205
67.9480733659118 -0.4842155832630734
67.95421528703318 -0.4841585214029406
67.96035720815456 -0.4841046408433954
67.96649912927596 -0.48405415284291897
67.97264105039734 -0.4840072561216299
67.97878297151873 -0.483964135804264
67.98492489264012 -0.483924962418312
67.9910668137615 -0.4838898909530073
67.99720873488289 -0.48385905998453754
68.00335065600429 -0.48383259087251446
68.00949257712567 -0.4838105870323443
68.01563449824705 -0.48379313328773643
68.02177641936845 -0.48378029530717664
68.02791834048983 -0.48377211912773777
68.03406026161122 -0.4837686307691448
68.0402021827326 -0.4837698359405594
68.046344103854 -0.48377571984206036
68.05248602497538 -0.48378624706233386
68.05862794609676 -0.4838013615735987
68.06476986721816 -0.4838209868243281
68.07091178833954 -0.4838450259298459
68.07705370946093 -0.48387336196041225
68.08319563058232 -0.4839058583259562
68.08933755170371 -0.483942359256154
68.09547947282509 -0.48398269037411046
68.10162139394649 -0.48402665936146966
68.10776331506787 -0.4840740567123523
68.11390523618925 -0.48412465657310677
68.12004715731065 -0.48417821766446056
68.12618907843203 -0.48423448428226656
68.13233099955342 -0.4842931873726572
68.13847292067481 -0.4843540456770619
68.1446148417962 -0.4844167669421829
68.15075676291758 -0.4844810491896847
68.15689868403898 -0.4845465820400368
68.16304060516036 -0.48461304808462957
68.16918252628174 -0.48468012429999663
68.17532444740314 -0.48474748349770763
68.18146636852453 -0.4848147958032385
68.18760828964591 -0.48488173015689695
68.19375021076729 -0.48494795582968403
68.19989213188869 -0.4850131439467898
68.20603405301007 -0.4850769690112791
68.21217597413145 -0.48513911042040964
68.21831789525285 -0.48519925396694846
68.22445981637424 -0.4852570933178173
68.23060173749562 -0.48531233146238956
68.23674365861702 -0.4853646821228222
68.2428855797384 -0.48541387111888484
68.24902750085978 -0.48545963767988687
68.25516942198118 -0.48550173569649735
68.26131134310256 -0.4855399349054811
68.26745326422395 -0.48557402200065514
68.27359518534534 -0.4856038016637185
68.27973710646673 -0.4856290975089789
68.28587902758811 -0.4856497529364322
68.2920209487095 -0.4856656318881398
68.29816286983089 -0.48567661950335844
68.30430479095227 -0.48568262266843953
68.31044671207367 -0.4856835704581238
68.31658863319505 -0.4856794144654821
68.32273055431644 -0.4856701290184069
68.32887247543783 -0.48565571128126367
68.33501439655922 -0.48563618124099067
68.3411563176806 -0.48561158157766054
68.34729823880198 -0.48558197742024
68.35344015992338 -0.48554745598899574
68.35958208104476 -0.4855081261267126
68.36572400216615 -0.4854641177215857
68.37186592328754 -0.4854155810253359
68.37800784440893 -0.4853626858707483
68.38414976553031 -0.4853056207934504
68.39029168665171 -0.4852445920633497
68.39643360777309 -0.48517982263167897
68.40257552889447 -0.48511155100009534
68.40871745001587 -0.48504003001873724
68.41485937113725 -0.4849655256205193
68.42100129225864 -0.4848883154992789
68.42714321338003 -0.4848086877396715
68.43328513450142 -0.484726939406909
68.4394270556228 -0.4846433751045813
68.4455689767442 -0.4845583055089
68.45171089786558 -0.4844720458877113
68.45785281898696 -0.48438491461258143
68.46399474010836 -0.4842972316721819
68.47013666122974 -0.4842093171950247
68.47627858235113 -0.48412148998939514
68.48242050347253 -0.48403406610808347
68.48856242459391 -0.4839473574452048
68.49470434571529 -0.4838616703720464
68.50084626683667 -0.4837773044185255
68.50698818795807 -0.4836945510064029
68.51313010907946 -0.4836136922399877
68.51927203020084 -0.4835349997595861
68.52541395132224 -0.48345873366249975
68.53155587244362 -0.48338514149588113
68.537697793565 -0.4833144573252576
68.5438397146864 -0.48324690088206673
68.54998163580778 -0.48318267679303284
68.55612355692917 -0.48312197389373546
68.56226547805056 -0.4830649646282552
68.56840739917195 -0.4830118045363053
68.57454932029333 -0.4829626318288004
68.58069124141473 -0.48291756705239675
68.58683316253611 -0.4828767128430972
68.59297508365749 -0.4828401537686108
68.59911700477889 -0.48280795625878664
68.60525892590027 -0.482780168623049
68.61140084702166 -0.48275682115341934
68.61754276814305 -0.4827379263113729
68.62368468926444 -0.48272347899645596
68.62982661038582 -0.4827134568942745
68.63596853150722 -0.4827078209011889
68.6421104526286 -0.48270651562275796
68.64825237374998 -0.48270946994270814
68.65439429487137 -0.4827165976589602
68.66053621599276 -0.4827277981829897
68.66667813711415 -0.48274295729857264
68.67282005823553 -0.48276194797573896
68.67896197935693 -0.4827846312355552
68.68510390047831 -0.48281085706114796
68.6912458215997 -0.4828404653501935
68.69738774272109 -0.48287328690392967
68.70352966384247 -0.4829091444475786
68.70967158496386 -0.48294785367691656
68.71581350608525 -0.4829892243256106
68.72195542720664 -0.48303306124781686
68.72809734832802 -0.48307916551044106
68.73423926944942 -0.4831273354893997
68.7403811905708 -0.483177367964163
68.74652311169218 -0.48322905920483256
68.75266503281358 -0.4832822060460196
68.75880695393496 -0.4833366069418118
68.76494887505635 -0.4833920629961696
68.77109079617775 -0.4834483789631996
68.77723271729913 -0.4835053642118562
68.78337463842051 -0.4835628336497843
68.78951655954191 -0.48362060860120626
68.79565848066329 -0.4836785176339683
68.80180040178467 -0.4837363973311195
68.80794232290606 -0.4837940930026864
68.81408424402746 -0.48385145933361784
68.82022616514884 -0.483908360964235
68.82636808627022 -0.4839646729998905
68.83251000739162 -0.48402028144696485
68.838651928513 -0.4840750835727526
68.84479384963439 -0.48412898818725375
68.85093577075578 -0.48418191584537507
68.85707769187717 -0.4842337989685397
68.86321961299855 -0.4842845818852172
68.86936153411995 -0.484334220790429
68.87550345524133 -0.48438268362480424
68.88164537636271 -0.48442994987431015
68.88778729748411 -0.48447601029232323
68.89392921860549 -0.4845208665462425
68.90007113972688 -0.4845645307913667
68.90621306084827 -0.4846070251752855
68.91235498196966 -0.48464838127651944
68.91849690309104 -0.48468863948161567
68.92463882421244 -0.4847278483053648
68.93078074533382 -0.4847660636592044
68.9369226664552 -0.484803348073256
68.9430645875766 -0.4848397698777898
68.94920650869798 -0.4848754023501923
68.95534842981937 -0.4849103228337653
68.96149035094075 -0.48494461183488596
68.96763227206215 -0.48497835210519386
68.97377419318353 -0.48501162771557166
68.97991611430491 -0.48504452312870905
68.98605803542631 -0.4850771222770347
68.9921999565477 -0.48510950765271177
68.99834187766908 -0.4851417594162627
69.00448379879047 -0.48517395453021134
69.01062571991186 -0.48520616592388394
69.01676764103324 -0.48523846169522106
69.02290956215464 -0.4852709043551342
69.02905148327602 -0.48530355011954757
69.0351934043974 -0.48533644825386035
69.0413353255188 -0.48536964047412257
69.04747724664018 -0.48540316040873566
69.05361916776157 -0.48543703312399206
69.05976108888296 -0.48547127471626345
69.06590301000435 -0.48550589197311367
69.07204493112573 -0.485540882105082
69.07818685224713 -0.4855762325493609
69.08432877336851 -0.4856119208460627
69.0904706944899 -0.4856479145872499
69.09661261561129 -0.4856841714384231
69.10275453673268 -0.4857206392316674
69.10889645785406 -0.48575725612920845
