time TPR_both_C_open_8_rho33
43.982297150257104 0.06328539096750277
43.988439071378494 0.0644222592436453
43.99458099249988 0.06536306407887815
44.00072291362127 0.06609519056767287
44.00686483474266 0.06660846553020072
44.01300675586404 0.06689536702846911
44.01914867698543 0.06695118368947654
44.025290598106814 0.06677411923249717
44.031432519228204 0.06636533912812424
44.037574440349594 0.06572895795638606
44.04371636147098 0.0648719677180205
44.04985828259237 0.06380410902328075
44.05600020371376 0.06253768867436577
44.06214212483514 0.06108734861301271
44.06828404595653 0.05946979247317411
44.07442596707792 0.057703477018321306
44.080567888199305 0.055808276522737565
44.086709809320695 0.053805128656843754
44.092851730442085 0.05171567065084846
44.09899365156347 0.04956187444337391
44.10513557268486 0.04736568918772256
44.11127749380624 0.045148698913375584
44.11741941492763 0.042931802357423145
44.12356133604902 0.04073492102923077
44.129703257170405 0.03857674049498742
44.135845178291795 0.03647448871187785
44.141987099413186 0.03444375404921337
44.14812902053457 0.03249834444852688
44.15427094165596 0.03065018803521409
44.16041286277735 0.02890927443456357
44.16655478389873 0.02728363509276589
44.17269670502012 0.02577936007999644
44.178838626141506 0.024400648172446086
44.184980547262896 0.02314988648112485
44.191122468384286 0.022027755519050264
44.19726438950567 0.02103335537112251
44.20340631062706 0.02016434854385208
44.20954823174845 0.01941711511252355
44.21569015286983 0.01878691593581053
44.22183207399122 0.018268059954797123
44.22797399511261 0.01785407191626818
44.234115916233996 0.01753785724025468
44.24025783735539 0.017311861170938154
44.24639975847678 0.017168219791035243
44.25254167959816 0.01709890092720297
44.25868360071955 0.017095833414265453
44.26482552184093 0.017151023607742226
44.27096744296232 0.017256658428069848
44.277109364083714 0.01740519457908244
44.2832512852051 0.017589433902914585
44.28939320632649 0.017802585110634095
44.29553512744788 0.01803831236148011
44.30167704856926 0.018290771353972016
44.30781896969065 0.018554633741015097
44.31396089081204 0.018825100791118356
44.320102811933424 0.019097907292360147
44.326244733054814 0.01936931673870891
44.3323866541762 0.019636108853955815
44.33852857529759 0.019895560501183424
44.34467049641898 0.020145420999686945
44.35081241754036 0.02038388283071229
44.35695433866175 0.020609548662141233
44.36309625978314 0.020821395563847652
44.369238180904524 0.02101873722297229
44.375380102025915 0.021201184904478684
44.381522023147305 0.021368607839256887
44.38766394426869 0.021521093661464895
44.39380586539008 0.021658909460008112
44.39994778651147 0.021782463956872684
44.40608970763285 0.0218922712778439
44.41223162875424 0.02198891673894411
44.418373549875625 0.0220730250343449
44.424515470997015 0.02214523117783416
44.430657392118405 0.02220615451915764
44.43679931323979 0.022256376127462278
44.44294123436118 0.02229641980521516
44.44908315548257 0.02232673696578794
44.45522507660395 0.022347695574744003
44.46136699772534 0.022359573317106213
44.46750891884673 0.02236255510895448
44.473650839968116 0.022356735020205857
44.479792761089506 0.02234212261521326
44.485934682210896 0.02231865364807337
44.49207660333228 0.022286204969883244
44.49821852445367 0.022244613415771497
44.50436044557505 0.022193698341099258
44.51050236669644 0.022133287370190522
44.51664428781783 0.0220632448094365
44.522786208939216 0.021983502062489453
44.528928130060606 0.021894089272106343
44.535070051182 0.021795167305294114
44.54121197230338 0.02168705910060848
44.54735389342477 0.02157027931408717
44.55349581454616 0.02144556113895741
44.55963773566754 0.021313879139598695
44.56577965678893 0.021176466937708555
44.57192157791032 0.02103482862314339
44.57806349903171 0.020890742837592433
44.5842054201531 0.02074625859903446
44.59034734127448 0.02060368210029194
44.59648926239587 0.02046555392563753
44.60263118351726 0.02033461638301406
44.608773104638644 0.020213770941519462
44.614915025760034 0.020106026087641136
44.621056946881424 0.020014436260337096
44.62719886800281 0.019942032883415305
44.6333407891242 0.019891748870929118
44.63948271024559 0.019866338323276878
44.64562463136697 0.0198682934433087
44.65176655248836 0.01989976096773936
44.657908473609744 0.019962460614788447
44.664050394731134 0.020057608180742863
44.670192315852525 0.020185845964645524
44.67633423697391 0.02034718315293628
44.6824761580953 0.020540948649445313
44.68861807921669 0.020765758589488596
44.69476000033807 0.021019500433117785
44.70090192145946 0.02129933509951467
44.70704384258085 0.021601718094214385
44.713185763702235 0.02192244000953657
44.719327684823625 0.02225668616611452
44.72546960594501 0.022599114532356
44.7316115270664 0.022943950433495872
44.73775344818779 0.023285095967791238
44.74389536930917 0.023616251509084637
44.75003729043056 0.02393104621546133
44.75617921155195 0.02422317410325897
44.762321132673335 0.024486532000566483
44.768463053794726 0.024715355576137472
44.774604974916116 0.024904349654516142
44.7807468960375 0.025048809176561097
44.78688881715889 0.025144727441077836
44.79303073828028 0.025188888656999094
44.79917265940166 0.02517894233051757
44.80531458052305 0.025113457587582638
44.811456501644436 0.02499195616579898
44.817598422765826 0.024814923475521757
44.823740343887216 0.02458379780152227
44.8298822650086 0.024300938368128678
44.83602418612999 0.023969573597996188
44.84216610725138 0.023593731436113742
44.84830802837276 0.023178154068409278
44.85444994949415 0.022728199724763077
44.86059187061554 0.022249734510490216
44.86673379173693 0.021749017354407464
44.87287571285832 0.02123258119625533
44.8790176339797 0.020707113466776932
44.88515955510109 0.02017933874938456
44.89130147622248 0.019655906265555478
44.897443397343864 0.019143284511834686
44.903585318465254 0.01864766501112753
44.909727239586644 0.01817487674211329
44.91586916070803 0.017730312395275154
44.92201108182942 0.017318867188541448
44.92815300295081 0.01694489057469345
44.93429492407219 0.016612150799338903
44.94043684519358 0.016323811932844687
44.94657876631497 0.016082422710061717
44.952720687436354 0.01588991627322764
44.958862608557745 0.015747619728801912
44.96500452967913 0.015656272298494454
44.97114645080052 0.01561605076660762
44.97728837192191 0.01562660089645526
44.98343029304329 0.015687073503089326
44.98957221416468 0.015796163921875613
44.99571413528607 0.01595215369600898
45.001856056407455 0.01615295341396618
45.007997977528845 0.016396145753326867
45.014139898650235 0.016679027923833238
45.02028181977162 0.016998652844016936
45.02642374089301 0.017351868526895728
45.03256566201439 0.01773535528662122
45.03870758313578 0.018145660505865455
45.04484950425717 0.018579230820343892
45.050991425378555 0.01903244168016686
45.057133346499946 0.01950162433642827
45.063275267621336 0.019983090374983286
45.06941718874272 0.02047315397771303
45.07555910986411 0.020968152135172172
45.0817010309855 0.021464463064182107
45.08784295210688 0.021958523100756456
45.09398487322827 0.022446842344001412
45.10012679434966 0.02292601932170462
45.106268715471046 0.023392754934638417
45.112410636592436 0.02384386591558293
45.11855255771382 0.02427629801210484
45.12469447883521 0.02468713907052618
45.1308363999566 0.025073632163527794
45.13697832107798 0.025433188866608718
45.14312024219937 0.025763402750241533
45.14926216332076 0.026062063116021668
45.15540408444215 0.026327168967334065
45.16154600556354 0.02655694316891775
45.16768792668493 0.026749846716005877
45.17382984780631 0.026904593003207477
45.1799717689277 0.027020161956671326
45.18611369004908 0.02709581387095432
45.192255611170474 0.02713110277495081
45.198397532291864 0.027125889139661883
45.20453945341325 0.027080351734799803
45.21068137453464 0.026994998441380147
45.21682329565603 0.02687067583350082
45.22296521677741 0.026708577354166343
45.2291071378988 0.026510249926750648
45.23524905902019 0.026277598864684535
45.241390980141574 0.026012890966085757
45.247532901262964 0.025718755705907568
45.253674822384355 0.025398184464066095
45.25981674350574 0.025054527751975926
45.26595866462713 0.024691490419849933
45.27210058574851 0.024313124840777342
45.2782425068699 0.023923822072774593
45.28438442799129 0.02352830099464827
45.290526349112675 0.023131595393871888
45.296668270234065 0.0227390389535028
45.302810191355455 0.022356248039864565
45.30895211247684 0.021989102133567022
45.31509403359823 0.021643721674722977
45.32123595471962 0.021326443011407896
45.327377875841 0.021043790052215117
45.33351979696239 0.020802442134198934
45.339661718083775 0.020609197532843182
45.345803639205165 0.020470931968343046
45.351945560326556 0.020394551410746992
45.35808748144794 0.020386938464250243
45.36422940256933 0.02045489162718533
45.37037132369072 0.020605056787662984
45.3765132448121 0.02084385043304906
45.38265516593349 0.02117737423056757
45.38879708705488 0.021611320880058293
45.394939008176266 0.022150871449123862
45.401080929297656 0.022800584772918353
45.407222850419046 0.023564279929052624
45.41336477154043 0.024444913271696626
45.41950669266182 0.025444452012830285
45.4256486137832 0.02656374685351351
45.43179053490459 0.027802406671152732
45.43793245602598 0.02915867873428295
45.444074377147366 0.030629338316742437
45.45021629826876 0.03220959189008547
45.45635821939015 0.03389299825934044
45.46250014051153 0.03567141204795656
45.46864206163292 0.037534953812324134
45.47478398275431 0.03947201075967905
45.48092590387569 0.04146927154777143
45.487067824997084 0.043511797960996454
45.49320974611847 0.04558313539549805
45.49935166723986 0.04766546306429038
45.50549358836125 0.04973978368123778
45.51163550948263 0.051786151136917334
45.51777743060402 0.05378393338442197
45.52391935172541 0.05571210645906754
45.530061272846794 0.057549574316134805
45.536203193968184 0.05927550803945045
45.542345115089574 0.06086969700316962
45.54848703621096 0.06231290380736257
45.55462895733235 0.06358721429551513
45.56077087845374 0.06467637372990254
45.56691279957512 0.06556610026866815
45.57305472069651 0.06624436726331374
45.579196641817894 0.06670164657080213
45.585338562939285 0.06693110603090344
45.591480484060675 0.06692875546454553
45.59762240518206 0.0666935369594221
45.60376432630345 0.0662273567725448
45.60990624742484 0.06553505783681277
45.61604816854622 0.06462433354727637
45.62219008966761 0.06350558515911327
45.628332010789 0.06219172669216801
45.634473931910385 0.06069794265002343
45.640615853031775 0.05904140507628362
45.64675777415316 0.05724095744788133
45.65289969527455 0.05531677361660401
45.65904161639594 0.05329000043931681
45.66518353751732 0.05118239288026411
45.67132545863871 0.04901595023274166
45.6774673797601 0.046812561710460464
45.683609300881486 0.04459366902850596
45.689751222002876 0.04237995276490136
45.695893143124266 0.040191048306914584
45.70203506424565 0.0380452960852831
45.70817698536704 0.0359595296296128
45.71431890648843 0.033948903783696686
45.72046082760981 0.03202676424218589
45.7266027487312 0.030204558447595797
45.732744669852586 0.02849178685140437
45.738886590973976 0.026895992621205733
45.74502851209537 0.02542278708710669
45.75117043321675 0.02407590757763852
45.75731235433814 0.022857303804691052
45.76345427545953 0.021767248618559252
45.76959619658091 0.020804468762912906
45.7757381177023 0.019966291205566013
45.781880038823694 0.019248800690893617
45.78802195994508 0.01864700433749911
45.79416388106647 0.018154999372427406
45.80030580218786 0.017766140432178952
45.80644772330924 0.01747320325232569
45.81258964443063 0.017268541993670058
45.818731565552014 0.017144237896887394
45.824873486673404 0.01709223740441251
45.831015407794794 0.017104478324930117
45.83715732891618 0.017173003031340336
45.84329925003757 0.017290058068865154
45.84944117115896 0.01744817989961589
45.85558309228034 0.01764026681912328
45.86172501340173 0.017859637346623047
45.86786693452312 0.018100075613573456
45.874008855644504 0.018355864454689622
45.880150776765895 0.018621807044640466
45.88629269788728 0.018893238024332938
45.89243461900867 0.019166025126958093
45.89857654013006 0.01943656234971166
45.90471846125144 0.01970175572659701
45.91086038237283 0.019959002745318616
45.91700230349422 0.0202061664212516
45.923144224615605 0.020441544997901104
45.929286145736995 0.020663838189924046
45.935428066858385 0.02087211082508797
45.94156998797977 0.021065754678481367
45.94771190910116 0.021244449228414758
45.95385383022255 0.021408122000841294
45.95999575134393 0.021556909109394836
45.96613767246532 0.021691116542445595
45.972279593586705 0.021811182697618146
45.978421514708096 0.021917642618294486
45.984563435829486 0.02201109434563148
45.99070535695087 0.0220921677630967
45.99684727807226 0.02216149627768495
46.00298919919365 0.022219691651758376
46.00913112031503 0.022267322270561156
46.01527304143642 0.022304895101424877
46.02141496255781 0.022332841569908862
46.027556883679196 0.022351507543968026
46.033698804800586 0.022361147578080033
46.03984072592198 0.02236192352356669
46.04598264704336 0.0223539075577635
46.05212456816475 0.022337089622153326
46.05826648928613 0.02231138918737461
46.06440841040752 0.022276671180887112
46.07055033152891 0.022232765821315555
46.0766922526503 0.022179492002999714
46.08283417377169 0.02211668376664637
46.08897609489308 0.022044219279512604
46.09511801601446 0.021962051634299765
46.10125993713585 0.021870240663669056
46.107401858257234 0.02176898486143162
46.113543779378624 0.02165865240701006
46.119685700500014 0.021539810212123926
46.1258276216214 0.02141324985345415
46.13196954274279 0.021280009227918832
46.13811146386418 0.021141388773487833
46.14425338498556 0.020998961142933648
46.15039530610695 0.020854573304404572
46.15653722722834 0.020710340173817936
46.162679148349724 0.020568629060858008
46.168821069471115 0.020432034432043698
46.174962990592505 0.02030334275806671
46.18110491171389 0.020185487513346607
46.18724683283528 0.020081494726202537
46.19338875395667 0.019994419828699716
46.19953067507805 0.019927276914575957
46.20567259619944 0.01988296186847106
46.211814517320825 0.019864171165494496
46.217956438442215 0.019873318441801183
46.224098359563605 0.019912451189094016
46.23024028068499 0.019983170114328153
46.23638220180638 0.020086553817322942
46.24252412292777 0.020223091462707954
46.24866604404915 0.02039262605082623
46.25480796517054 0.02059431072068034
46.26094988629193 0.02082658024662223
46.267091807413316 0.021087139523552116
46.273233728534706 0.02137297038171441
46.27937564965609 0.021680357544949003
46.28551757077748 0.022004933962673372
46.29165949189887 0.022341745126530515
46.29780141302025 0.0226853313507112
46.30394333414164 0.023029826375188127
46.31008525526303 0.02336907006866407
46.316227176384416 0.02369673248734784
46.322369097505806 0.02400644610917232
46.3285110186272 0.024291942730079685
46.33465293974858 0.024547191294723214
46.34079486086997 0.024766532848635867
46.34693678199136 0.02494480884735507
46.35307870311274 0.02507747923914272
46.35922062423413 0.025160727044998697
46.36536254535552 0.02519154658038078
46.37150446647691 0.02516781298030813
46.3776463875983 0.025088331282234342
46.38378830871968 0.024952863965178266
46.38993022984107 0.024762136513283947
46.39607215096246 0.024517821240929126
46.402214072083844 0.024222500259145144
46.408355993205234 0.02387960905580143
46.414497914326624 0.0234933626840561
46.42063983544801 0.023068666988099427
46.4267817565694 0.02261101762975822
46.43292367769078 0.02212638990641599
46.43906559881217 0.021621122467151335
46.44520751993356 0.021101798041961866
46.451349441054944 0.020575124204742157
46.457491362176334 0.020047817004427662
46.463633283297725 0.01952649003358032
46.46977520441911 0.01901755117510087
46.4759171255405 0.01852710889251435
46.48205904666189 0.018060889524714022
46.48820096778327 0.017624166629190332
46.49434288890466 0.017221703004617204
46.50048481002605 0.016857705628583842
46.506626731147435 0.016535793381508825
46.512768652268825 0.016258977103191165
46.51891057339021 0.016029651251279316
46.5250524945116 0.015849596205789292
46.53119441563299 0.015719990092763612
46.53733633675437 0.01564142888300106
46.54347825787576 0.015613953456236791
46.54962017899715 0.015637082303264455
46.555762100118535 0.015709848563010637
46.561904021239926 0.01583084015232857
46.568045942361316 0.01599824183656478
46.5741878634827 0.016209878201873768
46.58032978460409 0.01646325661903367
46.58647170572547 0.016755609426747343
46.59261362684686 0.017083934704267823
46.59875554796825 0.017445035143553243
46.604897469089636 0.017835554665727678
46.611039390211026 0.018252012551939912
46.617181311332416 0.018690834972151106
46.6233232324538 0.019148383895123196
46.62946515357519 0.019620983447835076
46.63560707469658 0.02010494386227923
46.64174899581796 0.020596583202192608
46.64789091693935 0.021092247102301873
46.65403283806074 0.021588326779008345
46.66017475918213 0.022081275585245138
46.66631668030352 0.022567624384816434
46.6724586014249 0.023043996014275425
46.67860052254629 0.0235071190847443
46.68474244366768 0.023953841353444395
46.69088436478906 0.02438114286645604
46.697026285910454 0.024786149041666324
46.703168207031844 0.025166143825209552
46.70931012815323 0.02551858301709452
46.71545204927462 0.025841107823201002
46.72159397039601 0.02613155865239299
46.72773589151739 0.02638798914005094
46.73387781263878 0.026608680343718532
46.740019733760164 0.02679215502358664
46.746161654881554 0.026937191890934315
46.752303576002944 0.027042839682092087
46.75844549712433 0.02710843089459107
46.76458741824572 0.027133595006431026
46.77072933936711 0.027118270989248225
46.77687126048849 0.02706271892185952
46.78301318160988 0.02696753051230108
46.78915510273127 0.026833638343965953
46.795297023852655 0.02666232367443373
46.801438944974045 0.026455222633473288
46.807580866095435 0.026214330688593242
46.81372278721682 0.025942005271222857
46.81986470833821 0.025640966482639686
46.82600662945959 0.025314295824356764
46.83214855058098 0.024965432920845396
46.83829047170237 0.02459817022103925
46.844432392823755 0.02421664567680784
46.850574313945145 0.023825333399317795
46.856716235066536 0.023429032285921875
46.86285815618792 0.023032852589288954
46.86900007730931 0.02264220036580532
46.8751419984307 0.022262759691451587
46.88128391955208 0.02190047247090091
46.88742584067347 0.021561515591068225
46.893567761794856 0.021252275086532837
46.899709682916246 0.020979316895200648
46.905851604037636 0.020749353693603898
46.91199352515902 0.020569207218923687
46.91813544628041 0.02044576541681596
46.9242773674018 0.02038593370890588
46.93041928852318 0.020396579660346907
46.93656120964457 0.020484470355100245
46.94270313076596 0.020656201863037
46.948845051887346 0.02091812031592718
46.95498697300874 0.021276234304393325
46.96112889413013 0.02173611856806142
46.96727081525151 0.022302809276447594
46.9734127363729 0.022980691584968356
46.97955465749428 0.02377338059121386
46.98569657861567 0.02468359729937821
46.991838499737064 0.025713041709327606
46.99798042085845 0.026862265661024582
47.00412234197984 0.02813054856124894
47.01026426310123 0.029515779571437157
47.01640618422261 0.031014350215109114
47.022548105344 0.032621061642634286
47.02869002646539 0.0343290509431624
47.034831947586774 0.03612974089447111
47.040973868708164 0.03801281737188653
47.04711578982955 0.03996623828406176
47.05325771095094 0.04197627736050096
47.05939963207233 0.044027605386126885
47.06554155319371 0.04610341057400884
47.0716834743151 0.048185558710190764
47.07782539543649 0.050254792525158416
47.083967316557874 0.05229096848396188
47.090109237679265 0.05427332788739919
47.096251158800655 0.056180797891055026
47.10239307992204 0.057992316831221954
47.10853500104343 0.05968717715084879
47.11467692216482 0.06124537829614715
47.1208188432862 0.06264798125157409
47.12696076440759 0.06387745593600519
47.133102685528975 0.06491801252440121
47.139244606650365 0.06575590790375643
47.145386527771755 0.06637971892327016
47.15152844889314 0.06678057484676599
47.15767037001453 0.06695234243747358
47.16381229113592 0.0668917583662144
47.1699542122573 0.06659850508797735
47.17609613337869 0.06607522792451911
47.18223805450008 0.06532749276177684
47.188379975621466 0.06436368545733286
47.194521896742856 0.06319485569172652
47.20066381786424 0.061834509527827056
47.20680573898563 0.060298356310220506
47.21294766010702 0.05860401669514335
47.2190895812284 0.05677069951438063
47.22523150234979 0.05481885581846239
47.23137342347118 0.0527698188021163
47.237515344592566 0.050645438386957856
47.243657265713956 0.048467719032999915
47.24979918683535 0.04625846889233222
47.25594110795673 0.04403896773475378
47.26208302907812 0.04182966020278717
47.26822495019951 0.0396498799339112
47.27436687132089 0.03751760896541029
47.28050879244228 0.03544927565708511
47.28665071356367 0.033459593173077826
47.29279263468506 0.031561439397125635
47.29893455580645 0.029765778052108244
47.30507647692783 0.028081619785683284
47.31121839804922 0.026516021093691614
47.31736031917061 0.025074118199762283
47.323502240291994 0.023759192404326702
47.329644161413384 0.022572762963779237
47.335786082534774 0.021514703259571583
47.34192800365616 0.020583375861161917
47.34806992477755 0.01977578206516338
47.35421184589893 0.019087721591548774
47.36035376702032 0.018513958319727686
47.36649568814171 0.018048388234585315
47.372637609263094 0.017684206106414094
47.378779530384485 0.01741406783051011
47.384921451505875 0.017230245784319895
47.39106337262726 0.017124775006064193
47.39720529374865 0.01708958844416987
47.40334721487004 0.017116639959099816
47.40948913599142 0.01719801416797476
47.41563105711281 0.01732602259965831
47.4217729782342 0.017493285967840663
47.427914899355585 0.017692802668271546
47.434056820476975 0.017918003861688642
47.44019874159836 0.018162795715832722
47.44634066271975 0.018421589549290518
47.45248258384114 0.018689320748947195
47.45862450496252 0.01896145742462193
47.46476642608391 0.01923399982269244
47.4709083472053 0.01950347154928517
47.477050268326686 0.01976690365722267
47.483192189448076 0.020021812633719466
47.489334110569466 0.020266173292035814
47.49547603169085 0.02049838752394384
47.50161795281224 0.020717249814625475
47.50775987393362 0.020921910360819786
47.51390179505501 0.02111183656955257
47.5200437161764 0.021286773651044977
47.526185637297786 0.02144670495737471
47.532327558419176 0.02159181265964995
47.53846947954057 0.02172243930189428
47.54461140066195 0.021839050720132674
47.55075332178334 0.021942200770502965
47.55689524290473 0.02203249827039737
47.56303716402611 0.022110576521119356
47.5691790851475 0.02217706574846444
47.575321006268894 0.022232568767875212
47.58146292739028 0.022277640152037047
47.58760484851167 0.022312769149464107
47.59374676963306 0.02233836657116359
47.59988869075444 0.02235475582721197
47.60603061187583 0.02236216825442018
47.612172532997214 0.022360742828713653
47.618314454118604 0.02235053030012115
47.624456375239994 0.022331501723361714
47.63059829636138 0.02230356128233713
47.63674021748277 0.022266563222251245
47.64288213860416 0.022220332609021967
47.64902405972554 0.022164689533198105
47.65516598084693 0.02209947626650654
47.661307901968314 0.02202458676592883
47.667449823089704 0.02193999780607141
47.673591744211095 0.021845800909488556
47.67973366533248 0.02174223414112247
47.68587558645387 0.021629712742252494
47.69201750757526 0.021508857506780065
47.69815942869664 0.021380519753976056
47.70430134981803 0.021245801732565305
47.71044327093942 0.021106071306446265
47.716585192060805 0.020962969827000657
47.722727113182195 0.020818412194403717
47.728869034303585 0.02067457825284474
47.73501095542497 0.020533894852728184
47.74115287654636 0.020399008145470195
47.74729479766775 0.02027274595005477
47.75343671878913 0.020158070339458736
47.75957863991052 0.020058020931533072
47.765720561031905 0.019975649722911163
47.771862482153296 0.019913948664026113
47.778004403274686 0.019875771524780473
47.78414632439607 0.01986375192911533
47.79028824551746 0.019880219727425402
47.79643016663885 0.019927118113358053
47.80257208776023 0.020005924061806096
47.80871400888162 0.02011757475531472
47.814855930003006 0.020262402666563817
47.820997851124396 0.020440081868092052
47.827139772245786 0.020649587943771947
47.83328169336717 0.02088917358069371
47.83942361448856 0.0211563615304935
47.84556553560995 0.0214479561556949
47.85170745673133 0.021760074233557407
47.85784937785272 0.022088195095356082
47.86399129897411 0.022427229554277783
47.8701332200955 0.02277160644387498
47.87627514121689 0.023115374976229505
47.88241706233828 0.02345232055974794
47.88855898345966 0.023776091214868785
47.89470090458105 0.02408033131367255
47.90084282570244 0.024358819064831345
47.906984746823824 0.024605603982547523
47.913126667945214 0.024815140526043673
47.9192685890666 0.024982414178107707
47.92541051018799 0.025103056444681894
47.93155243130938 0.02517344559430866
47.93769435243076 0.02519079040287417
47.94383627355215 0.025153194707328973
47.94997819467354 0.02505970117996705
47.956120115794924 0.024910313387802887
47.962262036916314 0.024705995873545137
47.9684039580377 0.024448652659378175
47.97454587915909 0.02414108520703624
47.98068780028048 0.02378693144448805
47.98682972140186 0.02339058797113628
47.99297164252325 0.022957117963950335
47.99911356364464 0.02249214761510716
48.005255484766025 0.022001754131062666
48.011397405887415 0.021492348411941718
48.017539327008805 0.02097055551180715
48.02368124813019 0.020443095862073973
48.02982316925158 0.019916670033021135
48.03596509037297 0.019397849525838066
48.04210701149435 0.01889297574578001
48.04824893261574 0.01840806892281144
48.05439085373713 0.01794874833691318
48.060532774858515 0.017520164787850668
48.066674695979906 0.017126945839292786
48.07281661710129 0.016773153978610088
48.07895853822268 0.01646225747815021
48.08510045934407 0.01619711343048209
48.09124238046545 0.015979962165602095
48.09738430158684 0.015812432046371706
48.10352622270823 0.01569555348099342
48.109668143829616 0.015629780887356916
48.115810064951006 0.015615021290880804
48.12195198607239 0.015650668230723863
48.12809390719378 0.01573563968342367
48.13423582831517 0.015868418781801338
48.14037774943655 0.01604709620356347
48.14651967055794 0.01626941322154246
48.15266159167933 0.016532804539238735
48.158803512800716 0.01683444017498592
48.16494543392211 0.017171265799991554
48.1710873550435 0.017540041074794274
48.17722927616488 0.017937375661227075
48.18337119728627 0.01835976270953617
48.18951311840766 0.018803609730460268
48.19565503952904 0.019265266858194696
48.201796960650434 0.019741052591331083
48.207938881771824 0.020227277164778807
48.21408080289321 0.020720263756565126
48.2202227240146 0.021216367769922105
48.22636464513598 0.021711994454163778
48.23250656625737 0.02220361513872982
48.23864848737876 0.02268778235475808
48.244790408500144 0.023161144109060734
48.250932329621534 0.02362045755784886
48.257074250742924 0.024062602303385434
48.26321617186431 0.024484593507301176
48.2693580929857 0.024883594980862272
48.27550001410708 0.025256932376232936
48.28164193522847 0.025602106564844046
48.28778385634986 0.025916807250397536
48.293925777471244 0.026198926825765974
48.300067698592635 0.026446574445983317
48.306209619714025 0.026658090254502605
48.31235154083541 0.02683205966769904
48.3184934619568 0.02696732759394512
48.32463538307819 0.027063012439139576
48.33077730419957 0.02711851973091823
48.33691922532096 0.02713355517940583
48.34306114644235 0.02710813698365827
48.349203067563735 0.027042607190124888
48.355344988685125 0.026937641912582046
48.361486909806516 0.026794260231892283
48.3676288309279 0.02661383160822477
48.37377075204929 0.02639808165735737
48.37991267317067 0.02614909616540134
48.38605459429206 0.025869323241479787
48.39219651541345 0.025561573533990863
48.398338436534836 0.025229018461269494
48.404480357656226 0.02487518642968373
48.410622278777616 0.0245039570292741
48.416764199899 0.024119553206734128
48.42290612102039 0.02372653141568412
48.42904804214177 0.023329769732886318
48.43518996326316 0.022934453904762172
48.44133188438455 0.022546061250358428
48.447473805505936 0.02217034229458734
48.453615726627326 0.021813299939901408
48.45975764774872 0.021481165907415747
48.4658995688701 0.021180374092941965
48.47204148999149 0.020917530393813277
48.47818341111288 0.020699378474414477
48.48432533223426 0.02053276085884016
48.490467253355654 0.020424574675976498
48.496609174477044 0.020381721344173775
48.50275109559843 0.02041104947855865
48.50889301671982 0.02051929034283168
48.51503493784121 0.020712985257342643
48.52117685896259 0.020998404523276212
48.52731878008398 0.021381457633899998
48.533460701205364 0.021867594820401594
48.539602622326754 0.022461700321022734
48.545744543448144 0.023167978163403963
48.55188646456953 0.023989831702590194
48.55802838569092 0.024929738648038453
48.56417030681231 0.025989123825008835
48.57031222793369 0.027168232427791702
48.57645414905508 0.028466007009911136
48.582596070176464 0.029879971892916277
48.588737991297855 0.03140612903254203
48.594879912419245 0.03303886963093301
48.60102183354063 0.034770905900005006
48.60716375466202 0.03659322734091741
48.61330567578341 0.038495085690061374
48.61944759690479 0.04046401228143502
48.62558951802618 0.04248587098508775
48.63173143914757 0.04454494910657209
48.637873360268955 0.046624087687519716
48.644015281390345 0.04870485155649539
48.650157202511735 0.05076773827513721
48.65629912363312 0.05279242384824833
48.66244104475451 0.054758041765455484
48.6685829658759 0.056643490668297374
48.67472488699728 0.058427764744297714
48.68086680811867 0.06009029989236901
48.68700872924006 0.06161132783221015
48.693150650361446 0.06297222968870597
48.699292571482836 0.06415588020680478
48.70543449260422 0.06514697366852233
48.71157641372561 0.06593232280504825
48.717718334847 0.06650112252375528
48.72386025596838 0.06684517108914498
48.73000217708977 0.0669590424823077
48.736144098211156 0.06684020497732435
48.742286019332546 0.06648908246702684
48.74842794045394 0.06590905668862121
48.75456986157532 0.06510641018063158
48.76071178269671 0.06409021148295968
48.7668537038181 0.06287214570884486
48.77299562493948 0.06146629511209466
48.77913754606087 0.05988887559240179
48.785279467182264 0.058157936181722374
48.79142138830365 0.056293029401743334
48.79756330942504 0.054314860954085206
48.80370523054643 0.05224492749077164
48.80984715166781 0.05010515121428136
48.8159890727892 0.04791751978708371
48.82213099391059 0.04570373951291945
48.828272915031974 0.043484909017665926
48.834414836153364 0.041281219744419145
48.840556757274754 0.03911168852789511
48.84669867839614 0.03699392637217174
48.85284059951753 0.0349439463681544
48.85898252063891 0.03297601249623829
48.8651244417603 0.0311025299053588
48.87126636288169 0.029333976177107167
48.877408284003074 0.027678872102210438
48.883550205124465 0.026143789639363573
48.889692126245855 0.024733394009368852
48.89583404736724 0.02345051631030553
48.90197596848863 0.02229625262519265
48.90811788961001 0.021270085329718604
48.9142598107314 0.020370022186478598
48.92040173185279 0.019592748822050084
48.926543652974175 0.018933790309244622
48.932685574095565 0.01838767780190072
48.938827495216955 0.017948116475260515
48.94496941633834 0.017608151392533116
48.95111133745973 0.017360328329272607
48.95725325858112 0.01719684702426278
48.9633951797025 0.017109704772771236
48.96953710082389 0.017090828721242082
48.97567902194528 0.017132195649770515
48.981820943066666 0.017225938430294387
48.987962864188056 0.017364438716831614
48.994104785309446 0.017540405753926614
49.00024670643083 0.017746941477396378
49.00638862755222 0.017977592325946923
49.0125305486736 0.018226388383304766
49.01867246979499 0.018487870629536943
49.02481439091638 0.0187571071996465
49.030956312037766 0.01902969963056627
49.037098233159156 0.01930178012814571
49.04324015428055 0.01957000090779919
49.04938207540193 0.019831516660490565
49.05552399652332 0.020083961173993154
49.0616659176447 0.020325419102074232
49.06780783876609 0.02055439382534596
49.07394975988748 0.020769772290603387
49.08009168100887 0.020970787653744504
49.08623360213026 0.021156980487610107
49.09237552325165 0.021328159252607382
49.09851744437303 0.021484360666638135
49.10465936549442 0.02162581055302191
49.11080128661581 0.021752885691715924
49.116943207737194 0.021866077150684168
49.123085128858584 0.021965955530846328
49.129227049979974 0.02205313851935668
49.13536897110136 0.022128261111396038
49.14151089222275 0.022191948829277556
49.14765281334414 0.02224479423828585
49.15379473446552 0.022287337029898435
49.15993665558691 0.0223200479133389
49.166078576708294 0.02234331652415605
49.172220497829684 0.022357443522065912
49.178362418951075 0.02236263700804658
49.18450434007246 0.022359013341190278
49.19064626119385 0.02234660237787136
49.19678818231524 0.022325357088479394
49.20293010343662 0.022295167429800075
49.20907202455801 0.02225587826410863
49.215213945679395 0.02220731101975879
49.221355866800785 0.022149288683744914
49.227497787922175 0.022081663606330425
49.23363970904356 0.02200434748405112
49.23978163016495 0.021917342773628504
49.24592355128634 0.021820774679673513
49.25206547240772 0.02171492275824994
49.25820739352911 0.0216002510916214
49.2643493146505 0.02147743592237482
49.270491235771885 0.021347389593260626
49.276633156893276 0.021211279628037618
49.282775078014666 0.021070541813447585
49.28891699913605 0.0209268862075136
49.29505892025744 0.020782295107920148
49.30120084137883 0.020639012168159988
49.30734276250021 0.020499522048587807
49.3134846836216 0.02036652023271933
49.319626604742986 0.020242872922126506
49.325768525864376 0.020131567239932594
49.331910446985766 0.020035652314785834
49.33805236810715 0.01995817217374827
49.34419428922854 0.01990209173136118
49.35033621034993 0.01987021750933122
49.35647813147131 0.019865115041920043
49.3626200525927 0.01988902520093709
49.368761973714086 0.019943781896277078
49.37490389483548 0.02003073375934389
49.38104581595687 0.02015067248545686
49.38718773707825 0.02030377048805893
49.39332965819964 0.020489530396155305
49.39947157932103 0.020706748704694196
49.40561350044241 0.020953495567621275
49.411755421563804 0.021227112311652415
49.417897342685194 0.021524227756444775
49.42403926380658 0.021840793869061216
49.43018118492797 0.022172140676403898
49.43632310604936 0.022513049730639795
49.44246502717074 0.022857844793644427
49.44860694829213 0.023200497802258538
49.45474886941352 0.023534747621634673
49.460890790534904 0.02385422861272083
49.467032711656294 0.024152605653004575
49.47317463277768 0.024423711974400686
49.47931655389907 0.02466168603142859
49.48545847502046 0.02486110359415944
49.49160039614184 0.025017101375700186
49.49774231726323 0.02512548874928852
49.50388423838462 0.025182844475811535
49.510026159506005 0.025186595833961357
49.516168080627395 0.025135078103076233
49.52231000174878 0.02502757297026667
49.52845192287017 0.024864325093606494
49.53459384399156 0.024646536725755983
49.54073576511294 0.02437634096128255
49.54687768623433 0.024056754791404206
49.55301960735572 0.02369161370961639
49.559161528477105 0.023285490091794567
49.565303449598495 0.022843597960162016
49.571445370719886 0.022371687021879347
49.57758729184127 0.02187592904472444
49.58372921296266 0.021362799694009678
49.58987113408405 0.020838958910724157
49.59601305520543 0.02031113276918722
49.60215497632682 0.019785999524995858
49.60829689744821 0.019270082265149754
49.614438818569596 0.018769650218170116
49.620580739690986 0.018290630389963383
49.62672266081237 0.017838530778391024
49.63286458193376 0.01741837600258943
49.63900650305515 0.017034655777291085
49.64514842417653 0.01669128628109358
49.65129034529792 0.016391584121886762
49.65743226641931 0.016138252301030248
49.663574187540696 0.01593337732629685
49.66971610866209 0.01577843642539266
49.67585802978347 0.015674313667927788
49.68199995090486 0.015621323712752827
49.68814187202625 0.015619241856441288
49.69428379314763 0.015667339062736804
49.700425714269024 0.015764420696234852
49.706567635390414 0.015908867759948486
49.7127095565118 0.016098679538872746
49.71885147763319 0.016331516673341245
49.72499339875458 0.016604743820241828
49.73113531987596 0.016915471200887693
49.73727724099735 0.017260594476040635
49.74341916211874 0.01763683252653795
49.749561083240124 0.018040762848297337
49.755703004361514 0.018468854390127746
49.761844925482905 0.018917497769543996
49.76798684660429 0.01938303289422473
49.77412876772568 0.019861774094112116
49.78027068884706 0.02035003293127219
49.78641260996845 0.020844138901855495
49.79255453108984 0.02134045827755445
49.798696452211225 0.021835411353874578
49.804838373332615 0.022325488380558627
49.810980294454005 0.022807264446986338
49.81712221557539 0.02327741358374034
49.82326413669678 0.02373272232220979
49.82940605781816 0.024170102928494107
49.83554797893955 0.02458660649730659
49.84168990006094 0.024979436057322984
49.847831821182325 0.0253459598026512
49.853973742303715 0.0256837245269104
49.860115663425105 0.02599046929781617
49.86625758454649 0.026264139372118595
49.87239950566788 0.026502900314111226
49.87854142678927 0.026705152246543545
49.88468334791065 0.026869544131392965
49.89082526903204 0.026994987950293287
49.89696719015343 0.02708067263111767
49.903109111274816 0.02712607754883974
49.909251032396206 0.027130985415812114
49.915392953517596 0.027095494369349438
49.92153487463898 0.02702002906317128
49.92767679576037 0.026905350573851267
49.93381871688175 0.026752564943714335
49.93996063800314 0.026563130197155845
49.94610255912453 0.026338861687377063
49.952244480245916 0.02608193565400009
49.95838640136731 0.025794890897600193
49.9645283224887 0.025480628503244677
49.97067024361008 0.025142409569769077
49.97681216473147 0.024783850922664805
49.98295408585285 0.024408918803887906
49.98909600697424 0.02402192053939963
49.995237928095634 0.023627494182707133
50.00137984921702 0.023230596118245527
50.00752177033841 0.02283648658073617
50.0136636914598 0.022450713004897285
50.01980561258118 0.022079091064114324
50.02594753370257 0.02172768318792128
50.03208945482396 0.021402774268558064
50.038231375945344 0.021110844179850985
50.044373297066734 0.02085853664190446
50.050515218188124 0.020652623878558204
50.05665713930951 0.020499966438390176
50.0627990604309 0.020407467492335907
50.06894098155229 0.020382020890519652
50.07508290267367 0.020430452266684565
50.08122482379506 0.02055945252946038
50.087366744916444 0.02077550318359173
50.093508666037835 0.021084793087683296
50.099650587159225 0.021493126482394913
50.10579250828061 0.02200582241596324
50.111934429402 0.022627606050699665
50.11807635052339 0.023362492749132813
50.12421827164477 0.02421366630197441
50.13036019276616 0.025183353158038775
50.136502113887545 0.026272695030415138
50.142644035008935 0.027481622761568503
50.148785956130325 0.02880873480751393
50.15492787725171 0.030251184120508694
50.1610697983731 0.0318045775426448
50.16721171949449 0.033462892041615414
50.17335364061587 0.03521841219917419
50.17949556173726 0.037061693280546266
50.18563748285865 0.03898155395278285
50.191779403980036 0.04096510227212074
50.197921325101426 0.04299779792324214
50.204063246222816 0.04506355287433776
50.2102051673442 0.047144871627910916
50.21634708846559 0.049223031124576926
50.22248900958698 0.05127829913079172
50.22863093070836 0.05329018865425671
50.23477285182975 0.05523774463152036
50.240914772951136 0.057099857873801625
50.247056694072526 0.05885560009357633
50.25319861519392 0.06048457281909897
50.2593405363153 0.06196726218597276
