time TPR_both_A_open_1_rho11
0.0 1.0
0.00614192112138767 0.9999624488455355
0.01228384224277534 0.9998506535190054
0.01842576336416301 0.9996662775844224
0.02456768448555068 0.9994114734404868
0.030709605606938348 0.9990888628726036
0.03685152672832602 0.9987015138948862
0.042993447849713685 0.9982529141032799
0.04913536897110136 0.9977469407888786
0.05527729009248903 0.9971878280856249
0.061419211213876695 0.9965801314486358
0.06756113233526437 0.9959286897781956
0.07370305345665204 0.9952385855198591
0.07984497457803971 0.9945151030830293
0.08598689569942737 0.9937636859287805
0.09212881682081504 0.9929898926826101
0.09827073794220272 0.9921993526292812
0.10441265906359039 0.9913977209450962
0.11055458018497806 0.9905906340179513
0.11669650130636572 0.9897836651975821
0.12283842242775339 0.9889822813077329
0.12898034354914106 0.9881918002388287
0.13512226467052874 0.9874173499243641
0.1412641857919164 0.9866638289869467
0.14740610691330408 0.9859358693210193
0.15354802803469175 0.9852378008590511
0.15968994915607942 0.9845736187467033
0.16583187027746707 0.9839469531304316
0.17197379139885474 0.9833610417384403
0.17811571252024241 0.9828187054131071
0.1842576336416301 0.9823223267301554
0.19039955476301776 0.9818738318171807
0.19654147588440543 0.9814746754617892
0.2026833970057931 0.9811258295777224
0.20882531812718078 0.9808277750760397
0.21496723924856845 0.980580497167784
0.22110916036995612 0.980383484104619
0.2272510814913438 0.9802357293447337
0.23339300261273144 0.9801357371128648
0.2395349237341191 0.9800815313055736
0.24567684485550678 0.9800706676759098
0.25181876597689445 0.9801002492152517
0.2579606870982821 0.9801669446343804
0.2641026082196698 0.9802670098306775
0.27024452934105747 0.9803963122136721
0.27638645046244514 0.9805503577469468
0.2825283715838328 0.9807243205506189
0.2886702927052205 0.9809130748951849
0.29481221382660816 0.9811112294044619
0.30095413494799583 0.9813131632726538
0.3070960560693835 0.9815130642882449
0.3132379771907712 0.9817049684455119
0.31937989831215885 0.9818828009130025
0.3255218194335465 0.9820404181174335
0.33166374055493414 0.9821716506912195
0.3378056616763218 0.9822703470223666
0.3439475827977095 0.9823304171368876
0.35008950391909716 0.9823458766363788
0.35623142504048483 0.9823108904070939
0.3623733461618725 0.9822198158119302
0.3685152672832602 0.9820672450733947
0.37465718840464785 0.9818480465539909
0.3807991095260355 0.981557404640765
0.3869410306474232 0.9811908579430992
0.39308295176881086 0.9807443355174091
0.39922487289019853 0.980214190839308
0.4053667940115862 0.979597233253141
0.4115087151329739 0.9788907566406517
0.41765063625436155 0.9780925650649495
0.4237925573757492 0.9772009951629114
0.4299344784971369 0.9762149350786458
0.43607639961852457 0.9751338397525817
0.44221832073991224 0.9739577424050266
0.4483602418612999 0.972687262079487
0.4545021629826876 0.9713236071394807
0.4606440841040752 0.969868574642748
0.4667860052254629 0.968324545548406
0.47292792634685055 0.9666944757454023
0.4790698474682382 0.9649818829242437
0.4852117685896259 0.9631908293480639
0.49135368971101356 0.9613259006132638
0.49749561083240124 0.959392180523812
0.5036375319537889 0.9573952222364399
0.5097794530751766 0.9553410158660136
0.5159213741965643 0.9532359527709089
0.5220632953179519 0.9510867867669078
0.5282052164393396 0.9489005925446038
0.5343471375607273 0.9466847215892452
0.5404890586821149 0.944446755923064
0.5466309798035026 0.9421944600081928
0.5527729009248903 0.939935731163059
0.558914822046278 0.9376785488565164
0.5650567431676656 0.9354309232518191
0.5711986642890533 0.933200843376815
0.577340585410441 0.9309962252974399
0.5834825065318286 0.928824860668775
0.5896244276532163 0.9266943660316973
0.595766348774604 0.9246121332136542
0.6019082698959917 0.9225852811795224
0.6080501910173793 0.9206206096630931
0.614192112138767 0.9187245548917411
0.6203340332601547 0.9169031476965531
0.6264759543815424 0.9151619742779474
0.63261787550293 0.9135061398729244
0.6387597966243177 0.911940235544887
0.6449017177457054 0.910468308290801
0.651043638867093 0.9090938346336487
0.6571855599884806 0.9078196978409997
0.6633274811098683 0.9066481688833692
0.669469402231256 0.9055808912191446
0.6756113233526436 0.9046188694664871
0.6817532444740313 0.9037624619969827
0.687895165595419 0.9030113774611181
0.6940370867168066 0.90236467523204
0.7001790078381943 0.9018207697316649
0.706320928959582 0.9013774385821014
0.7124628500809697 0.9010318345055969
0.7186047712023573 0.9007805008778519
0.724746692323745 0.9006193908225222
0.7308886134451327 0.9005438897190479
0.7370305345665203 0.9005488409815233
0.743172455687908 0.9006285749530868
0.7493143768092957 0.900776940748168
0.7554562979306834 0.9009873408637774
0.761598219052071 0.9012527683707533
0.7677401401734587 0.9015658464863824
0.7738820612948464 0.9019188703209815
0.780023982416234 0.9023038505827715
0.7861659035376217 0.9027125590176104
0.7923078246590094 0.9031365753528118
0.7984497457803971 0.903567335507315
0.8045916669017847 0.903996180823866
0.8107335880231724 0.904414408072619
0.8168755091445601 0.9048133199696933
0.8230174302659478 0.9051842759487791
0.8291593513873354 0.9055187429189393
0.8353012725087231 0.9058083457374162
0.8414431936301108 0.906044917122625
0.8475851147514984 0.9062205467297465
0.8537270358728861 0.9063276291095675
0.8598689569942738 0.9063589102706306
0.8660108781156615 0.9063075325654932
0.8721527992370491 0.906167077624168
0.8782947203584368 0.9059316070617515
0.8844366414798245 0.9055957006930326
0.8905785626012122 0.9051544919946503
0.8967204837225998 0.9046037005652493
0.9028624048439875 0.9039396613461997
0.9090043259653752 0.9031593503798384
0.9151462470867628 0.9022604068989332
0.9212881682081504 0.9012411515601448
0.9274300893295381 0.9001006006556477
0.9335720104509257 0.8988384761606829
0.9397139315723134 0.8974552115005512
0.9458558526937011 0.895951952948226
0.9519977738150888 0.8943305565932053
0.9581396949364764 0.8925935808531487
0.9642816160578641 0.8907442745320167
0.9704235371792518 0.8887865604614913
0.9765654583006395 0.8867250147961019
0.9827073794220271 0.8845648420663154
0.9888493005434148 0.882311846127498
0.9949912216648025 0.8799723971757198
1.0011331427861903 0.8775533950334554
1.0072750639075778 0.8750622289389234
1.0134169850289656 0.872506734101736
1.0195589061503532 0.8698951453143051
1.025700827271741 0.8672360479327521
1.0318427483931285 0.8645383265625609
1.0379846695145163 0.8618111118026393
1.0441265906359039 0.8590637254165674
1.0502685117572914 0.8563056243114416
1.0564104328786792 0.8535463437127238
1.0625523540000668 0.8507954399278104
1.0686942751214545 0.8480624330916129
1.074836196242842 0.8453567502843213
1.0809781173642299 0.8426876694048007
1.0871200384856174 0.8400642641728746
1.0932619596070052 0.8374953506202714
1.0994038807283928 0.834989435413483
1.1055458018497806 0.8325546663324843
1.1116877229711681 0.8301987852074856
1.117829644092556 0.8279290835919868
1.1239715652139435 0.8257523614247162
1.1301134863353313 0.8236748889059456
1.1362554074567188 0.821702371785553
1.1423973285781066 0.8198399202314313
1.1485392496994942 0.8180920214177826
1.154681170820882 0.8164625159438574
1.1608230919422695 0.8149545781651173
1.1669650130636573 0.813570700490941
1.1731069341850449 0.8123126816761336
1.1792488553064326 0.8111816191078655
1.1853907764278202 0.8101779050654979
1.191532697549208 0.8093012269081753
1.1976746186705955 0.8085505711242387
1.2038165397919833 0.8079242311574985
1.209958460913371 0.807419818908252
1.2161003820347587 0.8070342797916407
1.2222423031561462 0.8067639112224761
1.228384224277534 0.8066043843839549
1.2345261453989216 0.8065507691276252
1.2406680665203094 0.8065975618434432
1.246809987641697 0.8067387161315955
1.2529519087630847 0.8069676761018266
1.2590938298844723 0.8072774121210872
1.26523575100586 0.8076604588262498
1.2713776721272476 0.80810895521522
1.2775195932486354 0.8086146866268266
1.283661514370023 0.8091691284172373
1.2898034354914107 0.8097634911381401
1.2959453566127983 0.8103887670194325
1.302087277734186 0.8110357775565471
1.3082291988555736 0.8116952219997066
1.3143711199769612 0.8123577265393083
1.320513041098349 0.8130138939782225
1.3266549622197366 0.8136543536780755
1.3327968833411243 0.8142698115625904
1.338938804462512 0.8148510999568527
1.3450807255838997 0.8153892270370388
1.3512226467052872 0.815875425660827
1.357364567826675 0.816301201344553
1.3635064889480626 0.816658379149347
1.3696484100694504 0.8169391492352088
1.375790331190838 0.8171361108394342
1.3819322523122257 0.8172423144342496
1.3880741734336133 0.8172513018181519
1.394216094555001 0.8171571438965293
1.4003580156763886 0.8169544759098832
1.4064999367977764 0.8166385298725801
1.412641857919164 0.8162051639917487
1.4187837790405518 0.8156508888448554
1.4249257001619393 0.8149728901057901
1.431067621283327 0.8141690476230758
1.4372095424047147 0.813237950670145
1.4433514635261024 0.8121789092065255
1.44949338464749 0.8109919610102186
1.4556353057688778 0.8096778745654681
1.4617772268902653 0.8082381476163624
1.4679191480116531 0.8066750013251395
1.4740610691330407 0.8049913700044145
1.4802029902544285 0.803190886424573
1.486344911375816 0.8012778627309416
1.4924868324972038 0.7992572670396973
1.4986287536185914 0.797134695816431
1.5047706747399792 0.7949163421763944
1.5109125958613667 0.792608960280314
1.5170545169827545 0.7902198260337762
1.523196438104142 0.7877566943311253
1.5293383592255299 0.7852277531161118
1.5354802803469174 0.7826415745607336
1.5416222014683052 0.780007063690416
1.5477641225896928 0.7773334048074775
1.5539060437110805 0.7746300060853786
1.560047964832468 0.7719064427232435
1.5661898859538559 0.7691723990633237
1.5723318070752434 0.7664376100832401
1.578473728196631 0.763711802679861
1.5846156493180188 0.761004637162478
1.5907575704394064 0.7583256493695196
1.5968994915607941 0.7556841938154623
1.6030414126821817 0.7530893882629806
1.6091833338035695 0.7505500600999095
1.615325254924957 0.7480746948815267
1.6214671760463448 0.7456713873762879
1.6276090971677324 0.7433477954278267
1.6337510182891202 0.7411110969181206
1.6398929394105077 0.7389679500866807
1.6460348605318955 0.7369244574288434
1.652176781653283 0.7349861333632133
1.6583187027746709 0.7331578758244722
1.6644606238960584 0.7314439419035823
1.6706025450174462 0.7298479276233297
1.6767444661388338 0.7283727519035841
1.6828863872602216 0.7270206447380003
1.6890283083816091 0.7257931395725138
1.695170229502997 0.72469106984621
1.7013121506243845 0.723714569627252
1.7074540717457722 0.7228630782507707
1.7135959928671598 0.722135348842128
1.7197379139885476 0.7215294605879012
1.7258798351099351 0.7210428345983674
1.732021756231323 0.7206722531892449
1.7381636773527105 0.7204138823969312
1.7443055984740983 0.7202632975304256
1.7504475195954858 0.7202155115544238
1.7565894407168736 0.7202650060915876
1.7627313618382612 0.7204057648275611
1.768873282959649 0.7206313090997222
1.7750152040810365 0.7209347354497266
1.7811571252024243 0.7213087549203772
1.7872990463238119 0.7217457338790195
1.7934409674451997 0.7222377361522752
1.7995828885665872 0.7227765662602577
1.805724809687975 0.7233538135422467
1.8118667308093626 0.7239608969699224
1.8180086519307503 0.7245891104484944
1.824150573052138 0.7252296684102371
1.8302924941735257 0.7258737515089302
1.8364344152949132 0.7265125522273854
1.8425763364163008 0.7271373202135506
1.8487182575376886 0.7277394071635614
1.8548601786590762 0.728310311072557
1.861002099780464 0.7288417196760951
1.8671440209018515 0.7293255529066522
1.8732859420232393 0.7297540041910383
1.8794278631446268 0.7301195804157137
1.8855697842660146 0.7304151403880715
1.8917117053874022 0.7306339316229062
1.89785362650879 0.7307696252846785
1.9039955476301775 0.730816349117982
1.9101374687515653 0.7307687182010002
1.9162793898729529 0.7306218633598927
1.9224213109943407 0.7303714570861425
1.9285632321157282 0.7300137368041133
1.934705153237116 0.7295455253425452
1.9408470743585036 0.7289642484716251
1.9469889954798913 0.7282679493767006
1.953130916601279 0.7274552999507702
1.9592728377226667 0.7265256088006389
1.9654147588440543 0.7254788258761046
1.971556679965442 0.7243155436477416
1.9776986010868296 0.7230369947767253
1.9838405222082174 0.7216450462396243
1.989982443329605 0.7201421898920589
1.9961243644509927 0.7185315294774337
2.0022662855723805 0.716816764110409
2.008408206693768 0.7150021682891654
2.0145501278151556 0.7130925685155846
2.020692048936543 0.7110933166279333
2.026833970057931 0.7090102599762164
2.0329758911793188 0.7068497085957177
2.0391178123007063 0.7046183995590735
2.045259733422094 0.7023234587111665
2.051401654543482 0.699972360013881
2.0575435756648695 0.6975728827489758
2.063685496786257 0.6951330668467229
2.0698274179076446 0.6926611666252207
2.0759693390290326 0.6901656032401631
2.08211126015042 0.6876549161571075
2.0882531812718077 0.6851377139677195
2.0943951023931953 0.6826226248779418
2.100537023514583 0.6801182471994275
2.106678944635971 0.677633100175808
2.1128208657573584 0.6751755754724501
2.118962786878746 0.6727538896522864
2.1251047080001335 0.6703760379511934
2.1312466291215215 0.6680497496543376
2.137388550242909 0.6657824453601007
2.1435304713642966 0.6635811964008256
2.149672392485684 0.6614526866699503
2.155814313607072 0.6594031770833859
2.1619562347284598 0.6574384728795546
2.1680981558498473 0.6555638939376546
2.174240076971235 0.6537842482677957
2.180381998092623 0.6521038087999947
2.1865239192140105 0.6505262935719798
2.192665840335398 0.649054849388657
2.1988077614567856 0.6476920389992783
2.2049496825781736 0.6464398318121091
2.211091603699561 0.6452995981410247
2.2172335248209487 0.6442721069542178
2.2233754459423363 0.6433575270722995
2.2295173670637243 0.6425554317417199
2.235659288185112 0.6418648064897698
2.2418012093064994 0.6412840601495796
2.247943130427887 0.6408110389275724
2.254085051549275 0.6404430433718062
2.2602269726706625 0.6401768480875575
2.26636889379205 0.6400087240363204
2.2725108149134376 0.6399344632460705
2.2786527360348257 0.6399494057540672
2.284794657156213 0.6400484685985416
2.2909365782776008 0.6402261766721872
2.2970784993989883 0.6404766952483028
2.3032204205203763 0.6407938639895504
2.309362341641764 0.6411712322494293
2.3155042627631515 0.6416020954775469
2.321646183884539 0.6420795325414309
2.327788105005927 0.6425964437797954
2.3339300261273146 0.6431455896047106
2.340071947248702 0.6437196294728866
2.3462138683700897 0.6443111610491472
2.3523557894914777 0.6449127593880386
2.3584977106128653 0.6455170159623254
2.364639631734253 0.6461165773698017
2.3707815528556404 0.6467041835523781
2.376923473977028 0.6472727053637782
2.383065395098416 0.6478151813244264
2.3892073162198035 0.6483248534042623
2.395349237341191 0.6487952016763558
2.4014911584625787 0.6492199776863936
2.4076330795839667 0.6495932363854733
2.4137750007053542 0.6499093664762919
2.419916921826742 0.6501631190258628
2.4260588429481293 0.6503496342014866
2.4322007640695174 0.6504644659909655
2.438342685190905 0.6505036047731029
2.4444846063122925 0.6504634976105215
2.45062652743368 0.650341066143856
2.456768448555068 0.6501337219745337
2.4629103696764556 0.649839379432739
2.469052290797843 0.649456465637815
2.4751942119192307 0.6489839277703249
2.4813361330406187 0.6484212374882845
2.4874780541620063 0.6477683924346763
2.493619975283394 0.647025914799188
2.4997618964047814 0.6461948469141386
2.5059038175261694 0.6452767438826199
2.512045738647557 0.6442736632558749
2.5181876597689445 0.6431881517966728
2.524329580890332 0.642023229385741
2.53047150201172 0.6407823701489539
2.5366134231331077 0.6394694809037331
2.5427553442544952 0.6380888770437185
2.548897265375883 0.636645256000985
2.555039186497271 0.6351436684446213
2.5611811076186584 0.6335894873931099
2.567323028740046 0.6319883754353683
2.5734649498614335 0.6303462502713086
2.5796068709828215 0.6286692487970817
2.585748792104209 0.6269636899726045
2.5918907132255966 0.6252360367193175
2.598032634346984 0.6234928571042322
2.604174555468372 0.6217407850720748
2.6103164765897597 0.6199864809906095
2.6164583977111473 0.6182365922749994
2.622600318832535 0.61649771435528
2.6287422399539224 0.6147763522467395
2.6348841610753104 0.6130788829762485
2.641026082196698 0.6114115191084732
2.6471680033180855 0.6097802736045702
2.653309924439473 0.6081909262325499
2.659451845560861 0.6066489917332247
2.6655937666822487 0.6051596899287279
2.6717356878036362 0.6037279179422466
2.677877608925024 0.6023582246781245
2.684019530046412 0.6010547876911114
2.6901614511677994 0.5998213925525484
2.696303372289187 0.5986614147999636
2.7024452934105745 0.5975778045351746
2.7085872145319625 0.596573073714819
2.71472913565335 0.5956492861565164
2.7208710567747376 0.5948080502638339
2.727012977896125 0.5940505144540894
2.733154899017513 0.5933773652549802
2.7392968201389007 0.5927888280192166
2.7454387412602883 0.592284670190908
2.751580662381676 0.5918642070434927
2.757722583503064 0.5915263097965906
2.7638645046244514 0.5912694160083254
2.770006425745839 0.5910915421304264
2.7761483468672266 0.590990298105752
2.7822902679886146 0.5909629038817348
2.788432189110002 0.5910062077085585
2.7945741102313897 0.591116706087548
2.8007160313527772 0.5912905652331736
2.8068579524741653 0.5915236439111103
2.812999873595553 0.591811517514817
2.8191417947169404 0.5921495032439578
2.825283715838328 0.5925326862495335
2.831425636959716 0.5929559466126645
2.8375675580811035 0.5934139870264303
2.843709479202491 0.5939013610528672
2.8498514003238786 0.594412501830041
2.8559933214452666 0.5949417511069027
2.862135242566654 0.5954833884863151
2.8682771636880418 0.5960316607591083
2.8744190848094293 0.5965808112142094
2.8805610059308173 0.5971251088117568
2.886702927052205 0.5976588771076087
2.8928448481735924 0.5981765228187913
2.89898676929498 0.5986725639202171
2.9051286904163676 0.5991416571634572
2.9112706115377556 0.5995786249085532
2.917412532659143 0.5999784811598418
2.9235544537805307 0.600336456696665
2.9296963749019183 0.600648023189717
2.9358382960233063 0.6009089161937738
2.941980217144694 0.6011151569077801
2.9481221382660814 0.6012630725938523
2.954264059387469 0.6013493155478431
2.960405980508857 0.6013708805158099
2.9665479016302445 0.6013251204531956
2.972689822751632 0.6012097605268516
2.9788317438730196 0.6010229102643382
2.9849736649944076 0.6007630737603205
2.991115586115795 0.6004291578563972
2.9972575072371828 0.600020478218437
3.0033994283585703 0.5995367632444631
3.0095413494799583 0.5989781557463446
3.015683270601346 0.598345212360002
3.0218251917227335 0.5976389006514699
3.027967112844121 0.596860593899908
3.034109033965509 0.5960120635534255
3.0402509550868966 0.5950954693692383
3.046392876208284 0.5941133472660898
3.0525347973296717 0.5930685949338348
3.0586767184510597 0.5919644552624426
3.0648186395724473 0.5908044976701912
3.070960560693835 0.5895925974282897
3.0771024818152224 0.5883329130963374
3.0832444029366104 0.5870298621996723
3.089386324057998 0.5856880952955424
3.0955282451793855 0.5843124685899046
3.101670166300773 0.5829080152803058
3.107812087422161 0.5814799158125095
3.1139540085435486 0.5800334672491005
3.120095929664936 0.5785740519570691
3.1262378507863238 0.5771071058281858
3.1323797719077118 0.5756380862507219
3.1385216930290993 0.574172440053654
3.144663614150487 0.5727155716448659
3.1508055352718745 0.5712728115630147
3.156947456393262 0.569849385658665
3.16308937751465 0.5684503851140866
3.1692312986360376 0.5670807375028251
3.175373219757425 0.5657451790799276
3.1815151408788127 0.5644482284816752
3.1876570620002007 0.563194162000016
3.1937989831215883 0.5619869905818199
3.199940904242976 0.5608304386867827
3.2060828253643634 0.559727925120555
3.2122247464857514 0.5586825459416697
3.218366667607139 0.5576970595223774
3.2245085887285265 0.5567738738247804
3.230650509849914 0.5559150359349594
3.236792430971302 0.5551222238793304
3.2429343520926897 0.5543967407294804
3.249076273214077 0.5537395109844163
3.2552181943354648 0.553151079202706
3.261360115456853 0.5526316108415585
3.2675020365782403 0.5521808952456211
3.273643957699628 0.5517983507152701
3.2797858788210155 0.5514830315725386
3.2859277999424035 0.5512336371325978
3.292069721063791 0.5510485224799253
3.2982116421851786 0.5509257109409694
3.304353563306566 0.5508629081392007
3.310495484427954 0.5508575175139201
3.3166374055493417 0.5509066571809708
3.3227793266707293 0.55100717801151
3.328921247792117 0.5511556828041333
3.335063168913505 0.5513485464257859
3.3412050900348924 0.551581936797933
3.34734701115628 0.5518518366062546
3.3534889322776675 0.552154065614554
3.3596308533990555 0.5524843034664904
3.365772774520443 0.5528381128620329
3.3719146956418307 0.5532109629990759
3.3780566167632182 0.5535982531743175
3.3841985378846062 0.5539953364412116
3.390340459005994 0.5543975432264384
3.3964823801273814 0.5548002048098508
3.402624301248769 0.5551986765761553
3.4087662223701565 0.5555883609496607
3.4149081434915445 0.555964729926222
3.421050064612932 0.5563233471190253
3.4271919857343196 0.5566598892370977
3.433333906855707 0.5569701669174101
3.439475827977095 0.5572501448331962
3.4456177490984827 0.5574959610026964
3.4517596702198703 0.5577039452239951
3.457901591341258 0.5578706365630397
3.464043512462646 0.5579927998233657
3.4701854335840334 0.5580674409276062
3.476327354705421 0.5580918211426047
3.4824692758268085 0.5580634700819723
3.4886111969481965 0.5579801974223145
3.494753118069584 0.5578401032721827
3.5008950391909717 0.5576415871361493
3.5070369603123592 0.557383355420337
3.5131788814337472 0.5570644274303014
3.519320802555135 0.5566841398174182
3.5254627236765224 0.5562421494358916
3.53160464479791 0.5557384345791924
3.537746565919298 0.5551732945721497
3.5438884870406855 0.5545473477030487
3.550030408162073 0.5538615274888793
3.5561723292834606 0.5531170772762971
3.5623142504048486 0.5523155431908221
3.568456171526236 0.5514587654572298
3.5745980926476237 0.5505488681248804
3.5807400137690113 0.5495882472427742
3.5868819348903993 0.5485795575402931
3.593023856011787 0.5475256976807396
3.5991657771331744 0.5464297941658041
3.605307698254562 0.5452951839797971
3.61144961937595 0.544125396072758
3.6175915404973376 0.5429241317912356
3.623733461618725 0.5416952443744862
3.6298753827401127 0.5404427176419264
3.6360173038615007 0.5391706440047725
3.6421592249828882 0.5378832019408004
3.648301146104276 0.536584633075949
3.6544430672256634 0.5352792190200135
3.6605849883470514 0.5339712581058407
3.666726909468439 0.5326650421822262
3.6728688305898265 0.5313648336100956
3.679010751711214 0.5300748426095148
3.6851526728326016 0.5287992051016707
3.6912945939539896 0.5275419611851958
3.697436515075377 0.5263070343801791
3.7035784361967647 0.5250982117659702
3.7097203573181523 0.523919125130548
3.7158622784395403 0.5227732332399171
3.722004199560928 0.5216638053258221
3.7281461206823154 0.5205939058791941
3.734288041803703 0.5195663808252938
3.740429962925091 0.5185838451446578
3.7465718840464786 0.5176486719918317
3.752713805167866 0.5167629833516546
3.7588557262892537 0.5159286422606749
3.7649976474106417 0.5151472466092922
3.7711395685320293 0.5144201245285533
3.777281489653417 0.5137483313543145
3.7834234107748044 0.5131326481508285
3.7895653318961924 0.5125735817658147
3.79570725301758 0.5120713663798123
3.8018491741389675 0.5116259665041583
3.807991095260355 0.5112370813743227
3.814133016381743 0.51090415067861
3.8202749375031306 0.510626361556393
3.826416858624518 0.5104026567951071
3.8325587797459058 0.5102317441511532
3.8387007008672938 0.5101121067166238
3.8448426219886813 0.5100420142513251
3.850984543110069 0.510019535397865
3.8571264642314564 0.5100425506965474
3.8632683853528444 0.5101087663163858
3.869410306474232 0.510215728418656
3.8755522275956196 0.5103608380699521
3.881694148717007 0.5105413666226357
3.887836069838395 0.5107544714817828
3.8939779909597827 0.5109972121791655
3.9001199120811703 0.5112665666763948
3.906261833202558 0.5115594478210221
3.912403754323946 0.5118727198811116
3.9185456754453334 0.5122032150854942
3.924687596566721 0.5125477500985718
3.9308295176881085 0.5129031423601315
3.936971438809496 0.5132662262221275
3.943113359930884 0.513633868815818
3.9492552810522716 0.5140029855839773
3.955397202173659 0.5143705554141853
3.9615391232950468 0.5147336353104409
3.9676810444164348 0.5150893745415845
3.9738229655378223 0.5154350282062979
3.97996488665921 0.5157679701558124
3.9861068077805974 0.5160857052169595
3.9922487289019855 0.5163858806598862
3.998390650023373 0.5166662968566852
4.004532571144761 0.516924917079413
4.010674492266149 0.5171598763885328
4.016816413387536 0.5173694895657676
4.022958334508924 0.5175522580487234
4.029100255630311 0.5177068758284702
4.035242176751699 0.517832234275577
4.041384097873086 0.5179274258648918
4.047526018994474 0.5179917467746433
4.053667940115862 0.5180246983412096
4.05980986123725 0.5180259873571229
4.0659517823586375 0.5179955252065308
4.072093703480025 0.5179334258393611
4.078235624601413 0.5178400025927882
4.0843775457228 0.5177157638762038
4.090519466844188 0.5175614077436733
4.096661387965575 0.5173778153857341
4.102803309086964 0.5171660435802621
4.108945230208351 0.5169273161499068
4.115087151329739 0.5166630144811725
4.1212290724511265 0.516374667167495
4.127370993572514 0.5160639388455434
4.133512914693902 0.5157326183003438
4.139654835815289 0.5153826059206149
4.145796756936677 0.5150159005908003
4.151938678058065 0.514634586110635
4.158080599179453 0.5142408172366073
4.16422252030084 0.5138368054423188
4.170364441422228 0.5134248044964705
4.176506362543615 0.5130070959579732
4.182648283665003 0.5125859746874898
4.1887902047863905 0.5121637344735619
4.194932125907778 0.5117426538693745
4.201074047029166 0.5113249823331947
4.207215968150554 0.5109129267616417
4.213357889271942 0.5105086385002442
4.219499810393329 0.5101142009103159
4.225641731514717 0.509731617565082
4.231783652636104 0.5093628011413374
4.237925573757492 0.5090095630657872
4.2440674948788795 0.50867360396773
4.250209416000267 0.5083565049819921
4.2563513371216555 0.5080597199381166
4.262493258243043 0.507784568463867
4.268635179364431 0.5075322300232122
4.274777100485818 0.5073037389012328
4.280919021607206 0.5070999801409067
4.287060942728593 0.5069216864295941
4.293202863849981 0.5067694359263054
4.299344784971368 0.5066436510145851
4.305486706092757 0.5065445979601201
4.311628627214144 0.5064723874470277
4.317770548335532 0.5064269759622319
4.3239124694569195 0.5064081679934014
4.330054390578307 0.5064156190026224
4.336196311699695 0.5064488391352843
4.342338232821082 0.506507197621572
4.34848015394247 0.5065899278264425
4.354622075063858 0.5066961329029793
4.360763996185246 0.506824792003531
4.366905917306633 0.5069747670029907
4.373047838428021 0.5071448096888986
4.3791897595494085 0.5073335693737122
4.385331680670796 0.5075396008854911
4.391473601792184 0.5077613728943587
4.397615522913571 0.5079972765333386
4.40375744403496 0.508245634273473
4.409899365156347 0.5085047090144583
4.416041286277735 0.5087727133533089
4.422183207399122 0.5090478189947604
4.42832512852051 0.5093281662681833
4.434467049641897 0.5096118737166813
4.440608970763285 0.5098970477247545
4.4467508918846725 0.5101817921514129
4.452892813006061 0.5104642179359038
4.4590347341274486 0.5107424526432862
4.465176655248836 0.5110146499169366
4.471318576370224 0.5112789988047314
4.477460497491611 0.5115337329251431
4.483602418612999 0.5117771394388388
4.489744339734386 0.5120075677906244
4.495886260855774 0.5122234381857763
4.5020281819771615 0.5124232497639973
4.50817010309855 0.5126055884334713
4.5143120242199375 0.5127691343268372
4.520453945341325 0.5129126688404066
4.526595866462713 0.5130350812176645
4.5327377875841 0.5131353746380883
4.538879708705488 0.513212671772634
4.545021629826875 0.5132662197679216
4.551163550948263 0.5132953946222636
4.557305472069651 0.5132997049182255
4.563447393191039 0.5132787948784531
4.569589314312426 0.5132324467140316
4.575731235433814 0.5131605822376976
4.5818731565552016 0.5130632637177822
4.588015077676589 0.5129406939528355
4.594156998797977 0.5127932155514238
4.600298919919364 0.5126213094065997
4.606440841040753 0.5124255923599463
4.61258276216214 0.5122068140558678
4.618724683283528 0.5119658529928597
4.624866604404915 0.5117037117847826
4.631008525526303 0.5114215116515977
4.6371504466476905 0.5111204861655301
4.643292367769078 0.5108019742851054
4.649434288890466 0.5104674127158733
4.655576210011854 0.5101183276428001
4.661718131133242 0.509756325885177
4.667860052254629 0.5093830855303798
4.674001973376017 0.5090003461078262
4.680143894497404 0.5086098983689509
4.686285815618792 0.508213573742863
4.692427736740179 0.5078132335405218
4.698569657861567 0.5074107579827019
4.7047115789829554 0.5070080351286884
4.710853500104343 0.5066069497835016
4.716995421225731 0.5062093724615092
4.723137342347118 0.5058171484835166
4.729279263468506 0.5054320872828612
4.735421184589893 0.5050559519936919
4.741563105711281 0.5046904493915301
4.747705026832668 0.504337220252431
4.753846947954056 0.5039978301926605
4.759988869075444 0.5036737610458312
4.766130790196832 0.5033664028289869
4.7722727113182195 0.503077046343275
4.778414632439607 0.5028068764486716
4.784556553560995 0.5025569660458402
4.790698474682382 0.5023282707916815
4.79684039580377 0.5021216245685715
4.802982316925157 0.5019377357207753
4.809124238046546 0.5017771840651446
4.815266159167933 0.5016404186770397
4.821408080289321 0.5015277564465347
4.8275500014107084 0.5014393813944259
4.833691922532096 0.5013753447324286
4.839833843653484 0.5013355656472553
4.845975764774871 0.501319832784061
4.852117685896259 0.5013278064010347
4.858259607017647 0.5013590211637301
4.864401528139035 0.5014128895450666
4.870543449260422 0.5014887057947831
4.87668537038181 0.5015856504404874
4.882827291503197 0.5017027952812751
4.888969212624585 0.5018391088341829
4.8951111337459725 0.5019934621934365
4.90125305486736 0.5021646352625266
4.9073949759887485 0.5023513233195432
4.913536897110136 0.5025521438768769
4.919678818231524 0.5027656437972995
4.925820739352911 0.5029903066295264
4.931962660474299 0.5032245601275729
4.938104581595686 0.5034667839195237
4.944246502717074 0.5037153172926693
4.9503884238384614 0.5039684670633009
4.95653034495985 0.5042245155007565
4.9626722660812375 0.5044817282765381
4.968814187202625 0.5047383624104576
4.974956108324013 0.5049926741867837
4.9810980294454 0.5052429270142579
4.987239950566788 0.5054873992045886
4.993381871688175 0.5057243916446574
4.999523792809563 0.5059522353381322
5.00566571393095 0.5061692987925388
5.011807635052339 0.506373995228075
5.017949556173726 0.5065647895845858
5.024091477295114 0.506740205303194
5.0302333984165015 0.5068988308590964
5.036375319537889 0.507039326022047
5.042517240659277 0.5071604278210625
5.048659161780664 0.507260956189955
5.054801082902052 0.5073398192704365
5.06094300402344 0.5073960183497922
5.067084925144828 0.5074286524105084
5.073226846266215 0.5074369222698007
5.079368767387603 0.5074201342877367
5.0855106885089905 0.5073777036236121
5.091652609630378 0.5073091570214396
5.097794530751766 0.507214135106848
5.103936451873153 0.5070923941793931
5.110078372994542 0.5069438074862354
5.116220294115929 0.5067683659653498
5.122362215237317 0.506566178448898
5.128504136358704 0.5063374713200822
5.134646057480092 0.5060825876197177
5.140787978601479 0.5058019856018572
5.146929899722867 0.5054962367410737
5.1530718208442545 0.505166023197401
5.159213741965643 0.5048121347484248
5.1653556630870305 0.5044354652015599
5.171497584208418 0.5040370083031055
5.177639505329806 0.5036178531641915
5.183781426451193 0.5031791792271735
5.189923347572581 0.5027222507993537
5.196065268693968 0.502248411184059
5.202207189815356 0.5017590764420478
5.208349110936744 0.5012557288189141
5.214491032058132 0.5007399098765613
5.2206329531795195 0.5002132133689046
5.226774874300907 0.499677277903706
5.232916795422295 0.49913377943381165
5.239058716543682 0.49858442362204825
5.24520063766507 0.4980309381246191
5.251342558786457 0.49747506483802534
5.257484479907845 0.4969185521543133
5.263626401029233 0.49636314726883873
5.269768322150621 0.4958105885837361
5.275910243272008 0.49526259824892116
5.282052164393396 0.49472087488075184
5.2881940855147835 0.4941870864964563
5.294336006636171 0.4936628637001408
5.300477927757559 0.4931497931536487
5.306619848878946 0.4926494113627931
5.312761770000335 0.4921631988065662
5.318903691121722 0.49169257443388525
5.32504561224311 0.4912388905493011
5.331187533364497 0.49080342810591626
5.337329454485885 0.4903873924205714
5.3434713756072725 0.48999190932319736
5.34961329672866 0.4896180217491338
5.355755217850048 0.48926668678020885
5.361897138971436 0.48893877313748885
5.368039060092824 0.48863505912586824
5.374180981214211 0.4883562310280882
5.380322902335599 0.48810288194337537
5.386464823456986 0.4878755110636795
5.392606744578374 0.4876745233784732
5.398748665699761 0.48750022979726065
5.404890586821149 0.48735284767732034
5.411032507942537 0.48723250174278065
5.417174429063925 0.4871392253798815
5.4233163501853126 0.4870729622922095
5.4294582713067 0.4870335684987842
5.435600192428088 0.4870208146571165
5.441742113549475 0.48703438869273263
5.447884034670863 0.48707389871615003
5.45402595579225 0.4871388762078813
5.460167876913639 0.4872287794517239
5.466309798035026 0.48734299719633795
5.472451719156414 0.48748085252492707
5.4785936402778015 0.48764160691268416
5.484735561399189 0.487824464451557
5.490877482520577 0.48802857622180335
5.497019403641964 0.48825304478974213
5.503161324763352 0.4884969288110669
5.509303245884739 0.48875924771905854
5.515445167006128 0.4890389864770288
5.521587088127515 0.4893351003743366
5.527729009248903 0.48964651984536006
5.53387093037029 0.48997215529087773
5.540012851491678 0.4903109018814238
5.5461547726130656 0.4906616443223447
5.552296693734453 0.491023261560505
5.558438614855841 0.49139463141287887
5.564580535977229 0.49177463509763436
5.570722457098617 0.49216216164877424
5.576864378220004 0.4925561121959524
5.583006299341392 0.4929554040917447
5.589148220462779 0.49335897486942387
5.595290141584167 0.4937657860151739
5.6014320627055545 0.4941748265396807
5.607573983826942 0.4945851163351571
5.6137159049483305 0.4949957093050916
5.619857826069718 0.4954056962553554
5.625999747191106 0.4958142075367438
5.632141668312493 0.4962204154305656
5.638283589433881 0.49662353627050726
5.644425510555268 0.4970228322956788
5.650567431676656 0.49741761323147426
5.656709352798043 0.49780723759663675
5.662851273919432 0.4981911137366848
5.668993195040819 0.4985687005856145
5.675135116162207 0.49893950815951726
5.681277037283595 0.49930309778742843
5.687418958404982 0.4996590820863237
5.69356087952637 0.5000071246886918
5.699702800647757 0.5003469397325117
5.705844721769145 0.5006782911247354
5.711986642890533 0.5010009915905117
5.718128564011921 0.5013149015213609
5.724270485133308 0.5016199276363275
5.730412406254696 0.5019160214707811
5.7365543273760835 0.5022031777080069
5.742696248497471 0.5024814323690213
5.748838169618859 0.5027508608761735
5.754980090740246 0.5030115760060515
5.761122011861635 0.5032637257470092
5.767263932983022 0.503507491076285
5.77340585410441 0.503743083671204
5.779547775225797 0.5039707435683561
5.785689696347185 0.5041907367839493
5.7918316174685724 0.5044033529077587
5.79797353858996 0.504608902682258
5.804115459711348 0.5048077155776385
5.810257380832735 0.5050001373725319
5.816399301954124 0.5051865277493497
5.822541223075511 0.5053672579122818
5.828683144196899 0.5055427082351571
5.834825065318286 0.5057132659455825
5.840966986439674 0.505879322851063
5.847108907561061 0.5060412731121687
5.853250828682449 0.5061995110672679
5.8593927498038365 0.5063544291128939
5.865534670925225 0.5065064156434692
5.8716765920466125 0.5066558530538595
5.877818513168 0.5068031158080831
5.883960434289388 0.5069485685774591
5.890102355410775 0.5070925644515111
5.896244276532163 0.5072354432250712
5.90238619765355 0.5073775297652192
5.908528118774938 0.5075191324619436
5.914670039896326 0.5076605417667033
5.920811961017714 0.5078020288233913
5.9269538821391015 0.5079438441965307
5.933095803260489 0.5080862167018606
5.939237724381877 0.5082293523447702
5.945379645503264 0.5083734333723002
5.951521566624652 0.5085186174446371
5.957663487746039 0.5086650369321538
5.963805408867428 0.5088127983440996
5.969947329988815 0.5089619818949831
5.976089251110203 0.5091126412145288
5.98223117223159 0.5092648032068012
5.988373093352978 0.5094184680636752
5.9945150144743655 0.5095736094372888
6.000656935595753 0.5097301747754333
6.006798856717141 0.5098880858230235
6.012940777838529 0.5100472392918465
6.019082698959917 0.5102075076997185
6.025224620081304 0.5103687403789925
6.031366541202692 0.5105307646530667
6.037508462324079 0.510693387178156
6.043650383445467 0.510856395446128
6.0497923045668545 0.5110195594426701
6.055934225688242 0.5111826334534972
6.06207614680963 0.5113453580097116
6.068218067931018 0.5115074619618417
6.074359989052406 0.5116686646705219
6.080501910173793 0.5118286783002556
6.086643831295181 0.5119872102012597
6.092785752416568 0.5121439653630364
6.098927673537956 0.5122986489220829
6.105069594659343 0.5124509687050589
6.111211515780731 0.5126006377877984
6.117353436902119 0.5127473770498016
6.123495358023507 0.5128909177032875
6.1296372791448945 0.5130310037755494
6.135779200266282 0.5131673945232347
6.14192112138767 0.5132998667572894
6.148063042509057 0.5134282170576617
6.154204963630445 0.513552263857451
6.160346884751832 0.5136718493770281
6.166488805873221 0.5137868413897148
6.172630726994608 0.5138971348019034
6.178772648115996 0.5140026530320033
6.1849145692373835 0.5141033491742932
6.191056490358771 0.514199206935637
6.197198411480159 0.5142902413350438
6.203340332601546 0.5143764991582064
6.209482253722934 0.5144580591614076
6.215624174844322 0.5145350320215027
6.22176609596571 0.5146075600310549
6.227908017087097 0.5146758165400662
6.234049938208485 0.5147400051480975
6.240191859329872 0.5148003586528617
6.24633378045126 0.5148571377635837
6.2524757015726475 0.5149106295895127
6.258617622694035 0.5149611459159296
6.2647595438154235 0.5150090212817778
6.270901464936811 0.5150546108746552
6.277043386058199 0.5150982882603024
