delta_wp TPR_A_rho23_imag
-4.0 0.021315585502981668
-3.75 0.023894683662242292
-3.5 0.026941967930005046
-3.25 0.030567577570060442
-3.0 0.034910927483940674
-2.75 0.04014704887513573
-2.5 0.04649103474820201
-2.25 0.054194508583725855
-2.0 0.06351859678870588
-1.75 0.07464545259228993
-1.5 0.08743904037465365
-1.25 0.10085859835335886
-1.0 0.11166043156888357
-0.75 0.11209280407655513
-0.5 0.0886633249246499
-0.25 0.0357927381154717
0.0 2.751054798176081e-13
0.25 0.0357927381151228
0.5 0.08866332492426394
0.75 0.11209280407619582
1.0 0.11166043156836944
1.25 0.10085859835302864
1.5 0.08743904037408179
1.75 0.07464545259229138
2.0 0.06351859678855361
2.25 0.05419450858349199
2.5 0.04649103474791713
2.75 0.040147048874794214
3.0 0.03491092748320125
3.25 0.03056757756964676
3.5 0.026941967929274925
3.75 0.02389468366177334
4.0 0.02131558550248751
