delta_wp TPR_A_rho23_imag
-4.0 0.03376385453028405
-3.75 0.03412844819743693
-3.5 0.03209465139897122
-3.25 0.033078636001015294
-3.0 0.03602659466844479
-2.75 0.04020346210490169
-2.5 0.04553029658198117
-2.25 0.052150541566513026
-2.0 0.06330057335617856
-1.75 0.07013824086706927
-1.5 0.08161863083022879
-1.25 0.09394473991078482
-1.0 0.10430801320217047
-0.75 0.10542670567534869
-0.5 0.08346474359804557
-0.25 0.03227843847605228
0.0 0.0015171529528150893
0.25 0.039636881292218124
0.5 0.09048396758341538
0.75 0.11366108828461839
1.0 0.11394233075505474
1.25 0.10358205308580913
1.5 0.09020922156910736
1.75 0.07725091221082817
2.0 0.06587304871058407
2.25 0.056340811424640015
2.5 0.04843893382245057
2.75 0.041930318973767707
3.0 0.036559957586419875
3.25 0.032107263221642084
3.5 0.028391867914669248
3.75 0.02526988058499106
4.0 0.022627612132090937
