delta_wp TPR_A_rho23_real_RWAanalytical
-4.0 0.003356893078078813
-3.9919839679358717 0.003375684877569498
-3.9839679358717435 0.0033946144389370796
-3.975951903807615 0.0034136830004507183
-3.967935871743487 0.0034328918134544756
-3.9599198396793587 0.0034522421425245294
-3.9519038076152304 0.003471735265628493
-3.943887775551102 0.0034913724742868585
-3.935871743486974 0.0035111550737366103
-3.9278557114228456 0.003531084383097018
-3.9198396793587174 0.0035511617355376657
-3.911823647294589 0.003571388478448733
-3.903807615230461 0.0035917659736135633
-3.8957915831663326 0.0036122955973835595
-3.8877755511022043 0.0036329787408554345
-3.879759519038076 0.003653816810050853
-3.8717434869739478 0.0036748112260984998
-3.8637274549098195 0.003695963425418607
-3.8557114228456912 0.0037172748599099857
-3.847695390781563 0.0037387469971395847
-3.8396793587174347 0.0037603813205346246
-3.8316633266533064 0.003782179329577338
-3.823647294589178 0.0038041425400023665
-3.81563126252505 0.003826272483996827
-3.8076152304609217 0.003848570710403122
-3.799599198396794 0.0038710387849245033
-3.791583166332665 0.0038936782903334515
-3.7835671342685373 0.003916490826682892
-3.775551102204409 0.003939478011520316
-3.7675350701402808 0.003962641480104822
-3.7595190380761525 0.003985982885627139
-3.7515030060120242 0.0040095038994326735
-3.743486973947896 0.004033206211247605
-3.7354709418837677 0.004057091529408116
-3.7274549098196395 0.0040811615810927605
-3.719438877755511 0.004105418112558039
-3.711422845691383 0.004129862889377229
-3.7034068136272547 0.004154497696682509
-3.6953907815631264 0.004179324339410431
-3.687374749498998 0.004204344642550795
-3.67935871743487 0.0042295604513989645
-3.6713426853707416 0.004254973631811687
-3.6633266533066133 0.0042805860704664645
-3.655310621242485 0.004306399675124528
-3.647294589178357 0.004332416374897466
-3.6392785571142285 0.004358638120517573
-3.6312625250501003 0.004385066884611964
-3.623246492985972 0.004411704661980501
-3.6152304609218437 0.004438553469877627
-3.6072144288577155 0.004465615348298111
-3.599198396793587 0.004492892360266812
-3.591182364729459 0.004520386592132487
-3.5831663326653307 0.004548100153865726
-3.5751503006012024 0.004576035179361068
-3.567134268537074 0.004604193826743357
-3.559118236472946 0.0046325782786783955
-3.5511022044088176 0.004661190742687994
-3.5430861723446894 0.004690033451469432
-3.535070140280561 0.004719108663219432
-3.527054108216433 0.004748418661962713
-3.5190380761523046 0.004777965757885165
-3.5110220440881763 0.004807752287671753
-3.503006012024048 0.004837780614849185
-3.49498997995992 0.004868053130133439
-3.4869739478957915 0.0048985722517822195
-3.4789579158316633 0.004929340425952399
-3.470941883767535 0.00496036012706255
-3.4629258517034067 0.004991633858160614
-3.4549098196392785 0.005023164151296808
-3.44689378757515 0.005054953567901831
-3.438877755511022 0.005087004699170458
-3.4308617234468937 0.005119320166450612
-3.422845691382766 0.005151902621637964
-3.414829659318637 0.0051847547475761995
-3.4068136272545093 0.005217879258462957
-3.3987975951903806 0.005251278900261624
-3.390781563126253 0.00528495645111898
-3.382765531062124 0.00531891472178886
-3.3747494989979963 0.005353156556061836
-3.3667334669338675 0.005387684831201134
-3.3587174348697397 0.005422502458384727
-3.350701402805611 0.005457612383153846
-3.342685370741483 0.005493017585867881
-3.3346693386773545 0.005528721082165873
-3.3266533066132267 0.005564725923434599
-3.3186372745490984 0.005601035197283441
-3.31062124248497 0.0056376520280260675
-3.302605210420842 0.00567457957716907
-3.2945891783567136 0.005711821043907652
-3.2865731462925853 0.005749379665628469
-3.278557114228457 0.005787258718419737
-3.270541082164329 0.005825461517588705
-3.2625250501002006 0.005863991418186615
-3.2545090180360723 0.005902851815541269
-3.246492985971944 0.00594204614579728
-3.2384769539078158 0.005981577886464172
-3.2304609218436875 0.006021450556972415
-3.2224448897795592 0.006061667719237515
-3.214428857715431 0.006102232978232291
-3.2064128256513027 0.006143149982567472
-3.1983967935871744 0.006184422425080691
-3.190380761523046 0.006226054043434069
-3.182364729458918 0.006268048620720452
-3.1743486973947896 0.006310409986078486
-3.1663326653306614 0.00635314201531662
-3.158316633266533 0.0063962486315461975
-3.150300601202405 0.00643973380582374
-3.1422845691382766 0.006483601557802615
-3.1342685370741483 0.006527855956394162
-3.12625250501002 0.0065725011204384575
-3.118236472945892 0.006617541219384859
-3.1102204408817635 0.0066629804739824555
-3.1022044088176353 0.006708823156980599
-3.094188376753507 0.006755073593839618
-3.0861723446893787 0.006801736163451926
-3.0781563126252505 0.00684881529887363
-3.070140280561122 0.006896315488066811
-3.062124248496994 0.006944241274652629
-3.0541082164328657 0.00699259725867542
-3.0460921843687374 0.007041388097377936
-3.038076152304609 0.007090618505987898
-3.030060120240481 0.007140293258516022
-3.0220440881763526 0.007190417188565673
-3.014028056112225 0.007240995190154361
-3.006012024048096 0.007292032218547198
-2.9979959919839683 0.007343533291102488
-2.9899799599198396 0.007395503488129721
-2.9819639278557117 0.007447947953759972
-2.973947895791583 0.007500871896829101
-2.965931863727455 0.007554280591773713
-2.9579158316633265 0.007608179379540281
-2.9498997995991987 0.0076625736685073985
-2.94188376753507 0.007717468935421577
-2.933867735470942 0.007772870726346546
-2.9258517034068134 0.007828784657626483
-2.9178356713426856 0.007885216416863123
-2.909819639278557 0.007942171763907208
-2.901803607214429 0.00799965653186421
-2.8937875751503004 0.008057676628114768
-2.8857715430861726 0.008116238035349839
-2.877755511022044 0.008175346812620934
-2.869739478957916 0.008235009096405514
-2.8617234468937878 0.008295231101687875
-2.8537074148296595 0.008356019123055615
-2.8456913827655312 0.008417379535811976
-2.837675350701403 0.00847931879710427
-2.8296593186372747 0.008541843447068565
-2.8216432865731464 0.008604960109990891
-2.813627254509018 0.008668675495485154
-2.80561122244489 0.008732996399688008
-2.7975951903807617 0.008797929706470902
-2.7895791583166334 0.008863482388669505
-2.781563126252505 0.008929661509330777
-2.773547094188377 0.008996474222977871
-2.7655310621242486 0.009063927776893143
-2.7575150300601203 0.009132029512419456
-2.749498997995992 0.009200786866280035
-2.741482965931864 0.009270207371917125
-2.7334669338677355 0.009340298660849651
-2.7254509018036073 0.009411068464050126
-2.717434869739479 0.009482524613341082
-2.7094188376753507 0.009554675042811208
-2.7014028056112225 0.009627527790251465
-2.693386773547094 0.009701090998611423
-2.685370741482966 0.009775372917476053
-2.6773547094188377 0.009850381904563188
-2.6693386773547094 0.009926126427241963
-2.661322645290581 0.01000261506407238
-2.6533066132264533 0.01007985650636635
-2.6452905811623246 0.01015785955977036
-2.637274549098197 0.01023663314587002
-2.629258517034068 0.010316186303816838
-2.6212424849699403 0.010396528191977245
-2.6132264529058116 0.010477668089604403
-2.6052104208416837 0.010559615398532696
-2.597194388777555 0.010642379644895485
-2.589178356713427 0.010725970480866027
-2.5811623246492985 0.010810397686422136
-2.5731462925851707 0.010895671171134425
-2.565130260521042 0.010981800975978803
-2.557114228456914 0.011068797275172978
-2.5490981963927855 0.011156670378037649
-2.5410821643286576 0.01124543073088218
-2.533066132264529 0.011335088918915368
-2.525050100200401 0.011425655668181137
-2.5170340681362724 0.011517141847519728
-2.5090180360721446 0.011609558470554232
-2.501002004008016 0.011702916697703007
-2.492985971943888 0.011797227838217827
-2.4849699398797593 0.011892503352248323
-2.4769539078156315 0.011988754852932448
-2.468937875751503 0.012085994108513631
-2.460921843687375 0.012184233044484299
-2.4529058116232467 0.01228348374575634
-2.4448897795591185 0.012383758458858316
-2.43687374749499 0.012485069594159811
-2.428857715430862 0.012587429728122872
-2.4208416833667337 0.012690851605580752
-2.4128256513026054 0.012795348142044017
-2.404809619238477 0.012900932426034111
-2.396793587174349 0.013007617721444473
-2.3887775551102206 0.013115417469929247
-2.3807615230460923 0.013224345293319643
-2.372745490981964 0.01333441499606799
-2.364729458917836 0.013445640567719483
-2.3567134268537075 0.01355803618541161
-2.3486973947895793 0.013671616216401302
-2.340681362725451 0.013786395220619663
-2.3326653306613228 0.01390238795325431
-2.3246492985971945 0.014019609367359201
-2.3166332665330662 0.014138074616491832
-2.308617234468938 0.014257799057377712
-2.3006012024048097 0.01437879825260191
-2.2925851703406814 0.014501087973327522
-2.284569138276553 0.01462468420204087
-2.276553106212425 0.014749603135323091
-2.2685370741482966 0.014875861186647967
-2.2605210420841684 0.015003474989205609
-2.25250501002004 0.015132461398751648
-2.2444889779559123 0.015262837496481602
-2.2364729458917836 0.01539462059192998
-2.2284569138276558 0.01552782822589356
-2.220440881763527 0.0156624781733786
-2.2124248496993992 0.015798588446571053
-2.2044088176352705 0.0159361772978296
-2.1963927855711427 0.01607526322270047
-2.188376753507014 0.0162158649629537
-2.180360721442886 0.016358001509639723
-2.1723446893787575 0.01650169210616588
-2.1643286573146296 0.016646956251391502
-2.156312625250501 0.0167938137027412
-2.148296593186373 0.016942284479334716
-2.1402805611222444 0.017092388865132896
-2.1322645290581166 0.01724414741209812
-2.124248496993988 0.017397580943368386
-2.11623246492986 0.017552710556443335
-2.1082164328657313 0.017709557626381326
-2.1002004008016035 0.017868143809005508
-2.092184368737475 0.018028491044117988
-2.084168336673347 0.01819062155871973
-2.0761523046092183 0.018354557870235117
-2.0681362725450905 0.018520322789738686
-2.0601202404809618 0.018687939425182647
-2.052104208416834 0.018857431184622523
-2.0440881763527057 0.019028821779439258
-2.0360721442885774 0.019202135227555008
-2.028056112224449 0.01937739585664043
-2.020040080160321 0.01955462830731076
-2.0120240480961926 0.01973385753630796
-2.0040080160320644 0.019915108819666034
-1.9959919839679365 0.020098407755856453
-1.9879759519038078 0.02028378026891057
-1.9799599198396791 0.020471252611515438
-1.9719438877755513 0.020660851368079686
-1.9639278557114235 0.020852603457765666
-1.9559118236472948 0.021046536137483793
-1.947895791583166 0.021242677004845032
-1.9398797595190382 0.02144105400106722
-1.9318637274549104 0.021641695413830656
-1.9238476953907817 0.021844629880078032
-1.915831663326653 0.02204988638875365
-1.9078156312625252 0.022257494283476873
-1.8997995991983974 0.022467483265144063
-1.8917835671342687 0.02267988339445315
-1.88376753507014 0.0228947250943447
-1.8757515030060121 0.02311203915235331
-1.8677354709418843 0.02333185672286239
-1.8597194388777556 0.023554209329255272
-1.8517034068136269 0.023779128865955342
-1.843687374749499 0.024006647600347496
-1.8356713426853712 0.024236798174572825
-1.8276553106212425 0.024469613607187926
-1.8196392785571138 0.024705127294679958
-1.811623246492986 0.024943373012828444
-1.8036072144288582 0.025184384917903715
-1.7955911823647295 0.025428197547692127
-1.7875751503006008 0.025674845822337044
-1.779559118236473 0.025924365044984885
-1.7715430861723451 0.026176790902224467
-1.7635270541082164 0.0264321594643071
-1.7555110220440877 0.0266905071851352
-1.74749498997996 0.026951870902005955
-1.739478957915832 0.027216287835096088
-1.7314629258517034 0.027483795586673184
-1.7234468937875755 0.02775443214001843
-1.7154308617234477 0.028028235858045106
-1.707414829659319 0.02830524548159604
-1.6993987975951903 0.028585500127402654
-1.6913827655310625 0.028869039285687972
-1.6833667334669347 0.029155902817394472
-1.675350701402806 0.029446130951017044
-1.6673346693386772 0.029739764279020618
-1.6593186372745494 0.030036843753821183
-1.6513026052104216 0.0303374106833078
-1.643286573146293 0.030641506725882017
-1.6352705410821642 0.030949173884990685
-1.6272545090180364 0.03126045450312678
-1.6192384769539085 0.03157539125527173
-1.6112224448897798 0.031894027141751526
-1.6032064128256511 0.03221640548047801
-1.5951903807615233 0.032542569898545495
-1.5871743486973955 0.0328725643231513
-1.5791583166332668 0.03320643297180754
-1.571142284569138 0.03354422034181043
-1.5631262525050102 0.03388597119893176
-1.5551102204408824 0.03423173056529579
-1.5470941883767537 0.03458154370640272
-1.539078156312625 0.03493545611725937
-1.5310621242484972 0.03529351350757522
-1.5230460921843694 0.035655761785980504
-1.5150300601202407 0.03602224704322129
-1.507014028056112 0.0363930155342843
-1.4989979959919841 0.036768113659403225
-1.4909819639278563 0.03714758794389532
-1.4829659318637276 0.03753148501677511
-1.474949899799599 0.03791985158809064
-1.466933867735471 0.03831273442492482
-1.4589178356713433 0.03871018032600241
-1.4509018036072145 0.039112236094840463
-1.4428857715430858 0.03951894851137799
-1.434869739478958 0.039930364302018156
-1.4268537074148302 0.04034653010801318
-1.4188376753507015 0.04076749245211962
-1.4108216432865728 0.041193297703448914
-1.402805611222445 0.04162399204043548
-1.3947895791583171 0.042059621411841115
-1.3867735470941884 0.04250023149571133
-1.3787575150300597 0.042945867656196374
-1.370741482965932 0.04339657489814656
-1.362725450901804 0.043852397819387434
-1.3547094188376754 0.04431338056057704
-1.3466933867735467 0.04477956675254401
-1.3386773547094188 0.04525099946100178
-1.330661322645291 0.04572772112852949
-1.3226452905811623 0.0462097735137068
-1.3146292585170345 0.04669719762728526
-1.3066132264529067 0.047190033665275896
-1.298597194388778 0.047688320938826086
-1.2905811623246493 0.04819209780075647
-1.2825651302605214 0.04870140156862312
-1.2745490981963936 0.049216268444165656
-1.266533066132265 0.04973673342899674
-1.2585170340681362 0.05026283023638418
-1.2505010020040084 0.05079459119897169
-1.2424849699398806 0.05133204717227895
-1.2344689378757518 0.05187522743381598
-1.2264529058116231 0.052424159577642564
-1.2184368737474953 0.052978869404197215
-1.2104208416833675 0.053539380805215024
-1.2024048096192388 0.05410571564354727
-1.19438877755511 0.05467789362769133
-1.1863727454909823 0.055255932180832704
-1.1783567134268544 0.05583984630419555
-1.1703406813627257 0.05642964843449169
-1.162324649298597 0.057025348295252784
-1.1543086172344692 0.057626952741824604
-1.1462925851703414 0.058234465599795865
-1.1382765531062127 0.05884788749662792
-1.130260521042084 0.05946721568624686
-1.1222444889779561 0.06009244386635315
-1.1142284569138283 0.060723561988198296
-1.1062124248496996 0.061360556058572074
-1.098196392785571 0.06200340793373931
-1.090180360721443 0.06265209510505965
-1.0821643286573153 0.06330659047601875
-1.0741482965931866 0.06396686213039422
-1.0661322645290578 0.06463287309127588
-1.05811623246493 0.06530458107065633
-1.0501002004008022 0.06598193820930333
-1.0420841683366735 0.06666489080662241
-1.0340681362725448 0.06735337904021707
-1.026052104208417 0.06804733667485063
-1.0180360721442892 0.0687466907605141
-1.0100200400801604 0.06945136131930219
-1.0020040080160317 0.07016126102080274
-0.9939879759519039 0.07087629484570498
-0.9859719438877761 0.07159635973733555
-0.9779559118236474 0.07232134424083451
-0.9699398797595187 0.07305112812969032
-0.9619238476953909 0.07378558201935938
-0.953907815631263 0.0745245669677044
-0.9458917835671343 0.07526793406199629
-0.9378757515030056 0.0760155239922377
-0.9298597194388778 0.0767671666105814
-0.92184368737475 0.0775226804766338
-0.9138276553106213 0.07828187238845356
-0.9058116232464934 0.07904453689907973
-0.8977955911823656 0.07981045581844998
-0.8897795591182369 0.08057939770059785
-0.8817635270541082 0.08135111731605325
-0.8737474949899804 0.08212535510940772
-0.8657314629258526 0.08290183664204795
-0.8577154308617239 0.08368027202010724
-0.8496993987975952 0.08446035530773799
-0.8416833667334673 0.08524176392586541
-0.8336673346693395 0.086024158036646
-0.8256513026052108 0.08680717991392371
-0.8176352705410821 0.08759045330005502
-0.8096192384769543 0.08837358274955742
-0.8016032064128265 0.08915615296012765
-0.7935871743486977 0.08993772809167634
-0.785571142284569 0.09071785107413528
-0.7775551102204412 0.0914960429049123
-0.7695390781563134 0.09227180193699691
-0.7615230460921847 0.09304460315885862
-0.753507014028056 0.09381389746743106
-0.7454909819639282 0.09457911093563695
-0.7374749498998003 0.09533964407608297
-0.7294589178356716 0.09609487110274008
-0.7214428857715429 0.09684413919262684
-0.7134268537074151 0.09758676774972774
-0.7054108216432873 0.09832204767360647
-0.6973947895791586 0.09904924063541885
-0.6893787575150299 0.09976757836428983
-0.681362725450902 0.10047626194729378
-0.6733466933867742 0.10117446114656808
-0.6653306613226455 0.1018613137373973
-0.6573146292585168 0.10253592487142853
-0.649298597194389 0.10319736646951877
-0.6412825651302612 0.10384467664906906
-0.6332665330661325 0.10447685919107132
-0.6252505010020037 0.10509288305247978
-0.6172344689378759 0.10569168192991767
-0.6092184368737481 0.10627215388114225
-0.6012024048096194 0.10683316101111344
-0.5931863727454907 0.10737352922994575
-0.5851703406813629 0.10789204809046261
-0.577154308617235 0.10838747071351643
-0.5691382765531063 0.10885851380968464
-0.5611222444889776 0.10930385780639686
-0.5531062124248498 0.10972214708998686
-0.545090180360722 0.11011199037259053
-0.5370741482965933 0.11047196119422367
-0.5290581162324646 0.11080059857076376
-0.5210420841683367 0.11109640779892198
-0.5130260521042089 0.11135786142961732
-0.5050100200400802 0.11158340042144756
-0.4969939879759524 0.11177143548618129
-0.4889779559118246 0.11192034863836268
-0.48096192384769587 0.11202849496121513
-0.47294589178356716 0.11209420460104155
-0.46492985971943934 0.11211578500223382
-0.4569138276553115 0.11209152339481218
-0.4488977955911828 0.11201968954610145
-0.4408817635270541 0.11189853878770334
-0.4328657314629263 0.11172631532832829
-0.42484969939879846 0.11150125586229113
-0.41683366733466976 0.11122159348254167
-0.40881763527054105 0.11088556190597594
-0.4008016032064132 0.11049140001744676
-0.3927855711422854 0.11003735673734924
-0.3847695390781567 0.10952169621588737
-0.376753507014028 0.10894270335512124
-0.36873747494990017 0.10829868965764401
-0.36072144288577235 0.10758799939823702
-0.35270541082164364 0.10680901611210013
-0.34468937875751493 0.10596016939024833
-0.3366733466933871 0.10503994196941588
-0.3286573146292593 0.10404687710031867
-0.3206412825651306 0.10297958617441466
-0.3126252505010019 0.10183675658538127
-0.30460921843687405 0.10061715979743109
-0.29659318637274623 0.0993196595883412
-0.2885771543086175 0.09794322043071217
-0.2805611222444888 0.09648691597054748
-0.272545090180361 0.09494993755780193
-0.2645290581162332 0.09333160277914913
-0.25651302605210446 0.09163136393892556
-0.24849699398797576 0.08984881643008881
-0.24048096192384794 0.08798370693316414
-0.23246492985972012 0.0860359413776194
-0.2244488977955914 0.08400559259699415
-0.2164328657314627 0.08189290760649108
-0.20841683366733488 0.07969831442971202
-0.20040080160320706 0.07742242839987173
-0.19238476953907835 0.0750660578602286
-0.18436873747494964 0.07263020918871048
-0.17635270541082182 0.07011609107285878
-0.168336673346694 0.06752511796332787
-0.1603206412825653 0.06485891263730123
-0.15230460921843658 0.0621193078073569
-0.14428857715430876 0.05930834671655278
-0.13627254509018094 0.056428282666808494
-0.12825651302605223 0.053481577435008344
-0.12024048096192352 0.050470898539597964
-0.1122244488977957 0.047399115329735564
-0.10420841683366788 0.044269293879201844
-0.09619238476953917 0.0410846906781575
-0.08817635270541135 0.03784874512733276
-0.08016032064128353 0.03456507085119468
-0.07214428857715482 0.03123744585890958
-0.06412825651302612 0.027869801594288143
-0.056112224448898296 0.0244662109282089
-0.048096192384770475 0.02103087515905087
-0.04008016032064177 0.017568110098223715
-0.03206412825651306 0.014082331328763353
-0.024048096192385238 0.01057803873497462
-0.016032064128257417 0.007059800410068642
-0.008016032064128709 0.0035322360564889084
0.0 -0.0
0.00801603206412782 -0.0035322360564885177
0.01603206412825653 -0.007059800410068252
0.02404809619238435 -0.01057803873497423
0.03206412825651306 -0.014082331328763353
0.04008016032064088 -0.01756811009822333
0.04809619238476959 -0.02103087515905049
0.05611222444889741 -0.024466210928208516
0.06412825651302612 -0.027869801594288143
0.07214428857715394 -0.031237445858909214
0.08016032064128265 -0.03456507085119432
0.08817635270541047 -0.03784874512733239
0.09619238476953917 -0.0410846906781575
0.104208416833667 -0.044269293879201504
0.11222444889779482 -0.04739911532973521
0.12024048096192352 -0.050470898539597964
0.12825651302605134 -0.05348157743500801
0.13627254509018005 -0.056428282666808174
0.14428857715430787 -0.059308346716552475
0.15230460921843658 -0.0621193078073569
0.1603206412825644 -0.06485891263730095
0.1683366733466931 -0.06752511796332758
0.17635270541082093 -0.07011609107285849
0.18436873747494964 -0.07263020918871048
0.19238476953907746 -0.07506605786022834
0.20040080160320617 -0.07742242839987147
0.208416833667334 -0.07969831442971179
0.2164328657314627 -0.08189290760649108
0.22444889779559052 -0.08400559259699393
0.23246492985971923 -0.08603594137761916
0.24048096192384705 -0.08798370693316393
0.24849699398797576 -0.08984881643008881
0.2565130260521036 -0.09163136393892535
0.2645290581162323 -0.09333160277914895
0.2725450901803601 -0.09494993755780173
0.2805611222444888 -0.09648691597054748
0.28857715430861663 -0.097943220430712
0.29659318637274534 -0.09931965958834106
0.30460921843687316 -0.10061715979743095
0.3126252505010019 -0.10183675658538127
0.3206412825651297 -0.10297958617441455
0.3286573146292584 -0.10404687710031854
0.3366733466933862 -0.10503994196941577
0.34468937875751493 -0.10596016939024833
0.35270541082164275 -0.10680901611210004
0.36072144288577146 -0.10758799939823695
0.3687374749498993 -0.10829868965764393
0.376753507014028 -0.10894270335512124
0.3847695390781558 -0.10952169621588728
0.3927855711422845 -0.1100373567373492
0.40080160320641234 -0.11049140001744671
0.40881763527054105 -0.11088556190597594
0.41683366733466887 -0.11122159348254164
0.4248496993987976 -0.11150125586229111
0.4328657314629254 -0.11172631532832826
0.4408817635270541 -0.11189853878770334
0.4488977955911819 -0.11201968954610142
0.45691382765531063 -0.11209152339481217
0.46492985971943845 -0.11211578500223382
0.47294589178356716 -0.11209420460104155
0.480961923847695 -0.11202849496121513
0.4889779559118237 -0.11192034863836267
0.4969939879759515 -0.1117714354861813
0.5050100200400802 -0.11158340042144756
0.513026052104208 -0.11135786142961733
0.5210420841683359 -0.11109640779892199
0.5290581162324646 -0.11080059857076376
0.5370741482965924 -0.11047196119422367
0.5450901803607211 -0.11011199037259055
0.5531062124248489 -0.10972214708998689
0.5611222444889776 -0.10930385780639686
0.5691382765531054 -0.10885851380968468
0.5771543086172342 -0.10838747071351648
0.585170340681362 -0.10789204809046267
0.5931863727454907 -0.10737352922994575
0.6012024048096185 -0.1068331610111135
0.6092184368737472 -0.10627215388114232
0.617234468937875 -0.10569168192991774
0.6252505010020037 -0.10509288305247978
0.6332665330661316 -0.1044768591910714
0.6412825651302603 -0.10384467664906914
0.6492985971943881 -0.10319736646951887
0.6573146292585168 -0.10253592487142853
0.6653306613226446 -0.10186131373739739
0.6733466933867733 -0.10117446114656817
0.6813627254509012 -0.10047626194729388
0.6893787575150299 -0.09976757836428983
0.6973947895791577 -0.09904924063541892
0.7054108216432864 -0.09832204767360654
0.7134268537074142 -0.09758676774972783
0.7214428857715429 -0.09684413919262684
0.7294589178356707 -0.09609487110274015
0.7374749498997994 -0.09533964407608303
0.7454909819639273 -0.094579110935637
0.753507014028056 -0.09381389746743106
0.7615230460921838 -0.09304460315885871
0.7695390781563125 -0.09227180193699698
0.7775551102204403 -0.09149604290491238
0.785571142284569 -0.09071785107413528
0.7935871743486969 -0.08993772809167642
0.8016032064128256 -0.08915615296012773
0.8096192384769534 -0.0883735827495575
0.8176352705410821 -0.08759045330005502
0.8256513026052099 -0.0868071799139238
0.8336673346693386 -0.08602415803664608
0.8416833667334664 -0.08524176392586551
0.8496993987975952 -0.08446035530773799
0.857715430861723 -0.08368027202010732
0.8657314629258517 -0.08290183664204803
0.8737474949899795 -0.0821253551094078
0.8817635270541082 -0.08135111731605325
0.889779559118236 -0.08057939770059794
0.8977955911823647 -0.07981045581845006
0.9058116232464926 -0.07904453689907982
0.9138276553106213 -0.07828187238845356
0.9218436873747491 -0.07752268047663388
0.9298597194388769 -0.07676716661058149
0.9378757515030056 -0.0760155239922377
0.9458917835671334 -0.07526793406199637
0.9539078156312621 -0.07452456696770449
0.96192384769539 -0.07378558201935946
0.9699398797595187 -0.07305112812969032
0.9779559118236465 -0.07232134424083458
0.9859719438877752 -0.07159635973733562
0.993987975951903 -0.07087629484570507
1.0020040080160317 -0.07016126102080274
1.0100200400801596 -0.06945136131930227
1.0180360721442883 -0.06874669076051418
1.026052104208416 -0.06804733667485072
1.0340681362725448 -0.06735337904021707
1.0420841683366726 -0.0666648908066225
1.0501002004008013 -0.0659819382093034
1.0581162324649291 -0.06530458107065641
1.0661322645290578 -0.06463287309127588
1.0741482965931857 -0.06396686213039429
1.0821643286573144 -0.06330659047601883
1.0901803607214422 -0.06265209510505972
1.098196392785571 -0.06200340793373931
1.1062124248496987 -0.061360556058572144
1.1142284569138274 -0.06072356198819836
1.1222444889779553 -0.06009244386635322
1.130260521042084 -0.05946721568624686
1.1382765531062118 -0.05884788749662798
1.1462925851703405 -0.05823446559979593
1.1543086172344683 -0.05762695274182467
1.162324649298597 -0.057025348295252784
1.1703406813627248 -0.056429648434491754
1.1783567134268536 -0.05583984630419561
1.1863727454909814 -0.05525593218083276
1.19438877755511 -0.05467789362769133
1.202404809619238 -0.05410571564354733
1.2104208416833666 -0.05353938080521509
1.2184368737474944 -0.052978869404197285
1.2264529058116231 -0.052424159577642564
1.234468937875751 -0.05187522743381605
1.2424849699398797 -0.051332047172279
1.2505010020040075 -0.05079459119897176
1.2585170340681362 -0.05026283023638418
1.266533066132264 -0.04973673342899681
1.2745490981963927 -0.04921626844416571
1.2825651302605205 -0.04870140156862319
1.2905811623246493 -0.04819209780075647
1.298597194388777 -0.04768832093882615
1.3066132264529058 -0.04719003366527595
1.3146292585170336 -0.04669719762728532
1.3226452905811623 -0.0462097735137068
1.3306613226452901 -0.04572772112852955
1.338677354709418 -0.04525099946100182
1.3466933867735467 -0.04477956675254401
1.3547094188376745 -0.044313380560577084
1.3627254509018032 -0.04385239781938748
1.370741482965931 -0.043396574898146606
1.3787575150300597 -0.042945867656196374
1.3867735470941875 -0.04250023149571138
1.3947895791583163 -0.04205962141184117
1.402805611222444 -0.04162399204043552
1.4108216432865728 -0.041193297703448914
1.4188376753507006 -0.04076749245211968
1.4268537074148293 -0.04034653010801322
1.4348697394789571 -0.03993036430201819
1.4428857715430858 -0.03951894851137799
1.4509018036072137 -0.0391122360948405
1.4589178356713424 -0.038710180326002444
1.4669338677354702 -0.03831273442492486
1.474949899799599 -0.03791985158809064
1.4829659318637267 -0.03753148501677515
1.4909819639278554 -0.037147587943895354
1.4989979959919832 -0.036768113659403266
1.507014028056112 -0.0363930155342843
1.5150300601202398 -0.03602224704322133
1.5230460921843685 -0.035655761785980546
1.5310621242484963 -0.03529351350757525
1.539078156312625 -0.03493545611725937
1.5470941883767528 -0.03458154370640276
1.5551102204408815 -0.03423173056529583
1.5631262525050094 -0.0338859711989318
1.571142284569138 -0.03354422034181043
1.579158316633266 -0.03320643297180757
1.5871743486973946 -0.03287256432315133
1.5951903807615224 -0.03254256989854553
1.6032064128256511 -0.03221640548047801
1.611222444889779 -0.03189402714175155
1.6192384769539077 -0.03157539125527177
1.6272545090180355 -0.031260454503126825
1.6352705410821642 -0.030949173884990685
1.643286573146292 -0.03064150672588204
1.6513026052104207 -0.030337410683307822
1.6593186372745485 -0.030036843753821214
1.6673346693386772 -0.029739764279020618
1.675350701402805 -0.029446130951017082
1.6833667334669338 -0.029155902817394507
1.6913827655310616 -0.028869039285688
1.6993987975951903 -0.028585500127402654
1.7074148296593181 -0.028305245481596072
1.7154308617234468 -0.028028235858045147
1.7234468937875747 -0.027754432140018454
1.7314629258517034 -0.027483795586673184
1.7394789579158312 -0.027216287835096116
1.747494989979959 -0.026951870902005987
1.7555110220440877 -0.0266905071851352
1.7635270541082155 -0.026432159464307128
1.7715430861723442 -0.02617679090222449
1.779559118236472 -0.025924365044984913
1.7875751503006008 -0.025674845822337044
1.7955911823647286 -0.02542819754769216
1.8036072144288573 -0.025184384917903747
1.8116232464929851 -0.02494337301282847
1.8196392785571138 -0.024705127294679958
1.8276553106212416 -0.024469613607187954
1.8356713426853704 -0.024236798174572853
1.8436873747494982 -0.024006647600347517
1.8517034068136269 -0.023779128865955342
1.8597194388777547 -0.023554209329255303
1.8677354709418834 -0.023331856722862414
1.8757515030060112 -0.023112039152353332
1.88376753507014 -0.0228947250943447
1.8917835671342678 -0.022679883394453173
1.8997995991983965 -0.02246748326514409
1.9078156312625243 -0.02225749428347689
1.915831663326653 -0.02204988638875365
1.9238476953907808 -0.02184462988007806
1.9318637274549095 -0.021641695413830684
1.9398797595190373 -0.021441054001067238
1.947895791583166 -0.021242677004845032
1.9559118236472939 -0.021046536137483817
1.9639278557114226 -0.02085260345776569
1.9719438877755504 -0.020660851368079703
1.9799599198396791 -0.020471252611515438
1.987975951903807 -0.020283780268910596
1.9959919839679356 -0.020098407755856473
2.0040080160320635 -0.019915108819666055
2.012024048096192 -0.01973385753630797
2.020040080160321 -0.01955462830731076
2.028056112224448 -0.01937739585664046
2.0360721442885765 -0.019202135227555026
2.0440881763527052 -0.019028821779439268
2.052104208416832 -0.01885743118462256
2.0601202404809627 -0.018687939425182633
2.0681362725450896 -0.018520322789738707
2.0761523046092183 -0.018354557870235117
2.084168336673347 -0.01819062155871973
2.092184368737474 -0.01802849104411801
2.1002004008016026 -0.01786814380900553
2.1082164328657313 -0.017709557626381326
2.1162324649298583 -0.01755271055644337
2.1242484969939888 -0.017397580943368372
2.1322645290581157 -0.017244147412098138
2.1402805611222444 -0.017092388865132896
2.148296593186373 -0.016942284479334716
2.1563126252505 -0.016793813702741217
2.1643286573146288 -0.016646956251391523
2.1723446893787575 -0.01650169210616588
2.1803607214428844 -0.01635800150963976
2.188376753507013 -0.016215864962953717
2.196392785571142 -0.01607526322270049
2.2044088176352687 -0.015936177297829632
2.2124248496993992 -0.015798588446571053
2.220440881763526 -0.015662478173378618
2.228456913827655 -0.015527828225893575
2.2364729458917836 -0.01539462059192998
2.2444889779559105 -0.015262837496481633
2.2525050100200392 -0.015132461398751662
2.260521042084168 -0.015003474989205616
2.268537074148295 -0.014875861186647995
2.2765531062124253 -0.014749603135323084
2.2845691382765523 -0.014624684202040885
2.292585170340681 -0.01450108797332753
2.3006012024048097 -0.01437879825260191
2.3086172344689366 -0.014257799057377733
2.3166332665330653 -0.014138074616491846
2.324649298597194 -0.014019609367359206
2.332665330661321 -0.013902387953254334
2.3406813627254515 -0.013786395220619654
2.3486973947895784 -0.013671616216401316
2.356713426853707 -0.013558036185411617
2.364729458917836 -0.013445640567719483
2.3727454909819627 -0.01333441499606801
2.3807615230460915 -0.013224345293319657
2.38877755511022 -0.013115417469929253
2.396793587174347 -0.013007617721444499
2.4048096192384776 -0.012900932426034106
2.4128256513026045 -0.012795348142044027
2.420841683366733 -0.01269085160558076
2.428857715430862 -0.012587429728122872
2.436873747494989 -0.012485069594159829
2.4448897795591176 -0.01238375845885833
2.4529058116232463 -0.012283483745756345
2.460921843687373 -0.012184233044484322
2.4689378757515037 -0.012085994108513623
2.4769539078156306 -0.01198875485293246
2.4849699398797593 -0.011892503352248323
2.492985971943888 -0.011797227838217827
2.501002004008015 -0.011702916697703016
2.5090180360721437 -0.011609558470554244
2.5170340681362724 -0.011517141847519728
2.5250501002003993 -0.011425655668181156
2.53306613226453 -0.011335088918915357
2.5410821643286567 -0.01124543073088219
2.5490981963927855 -0.011156670378037649
2.557114228456914 -0.011068797275172978
2.565130260521041 -0.010981800975978815
2.57314629258517 -0.010895671171134436
2.5811623246492985 -0.010810397686422136
2.5891783567134254 -0.01072597048086605
2.597194388777554 -0.010642379644895493
2.605210420841683 -0.010559615398532706
2.61322645290581 -0.010477668089604424
2.6212424849699403 -0.010396528191977245
2.629258517034067 -0.010316186303816845
2.637274549098196 -0.01023663314587003
2.6452905811623246 -0.01015785955977036
2.6533066132264516 -0.010079856506366365
2.6613226452905803 -0.010002615064072387
2.669338677354709 -0.009926126427241964
2.677354709418836 -0.009850381904563204
2.6853707414829664 -0.00977537291747605
2.6933867735470933 -0.009701090998611434
2.701402805611222 -0.009627527790251467
2.7094188376753507 -0.009554675042811208
2.7174348697394777 -0.009482524613341094
2.7254509018036064 -0.009411068464050133
2.733466933867735 -0.009340298660849653
2.741482965931862 -0.00927020737191714
2.7494989979959925 -0.00920078686628003
2.7575150300601194 -0.009132029512419461
2.765531062124248 -0.009063927776893148
2.773547094188377 -0.008996474222977871
2.781563126252504 -0.008929661509330788
2.7895791583166325 -0.008863482388669512
2.797595190380761 -0.008797929706470906
2.805611222444888 -0.008732996399688022
2.8136272545090186 -0.00866867549548515
2.8216432865731456 -0.008604960109990898
2.8296593186372743 -0.008541843447068568
2.837675350701403 -0.00847931879710427
2.84569138276553 -0.008417379535811986
2.8537074148296586 -0.00835601912305562
2.8617234468937873 -0.008295231101687879
2.8697394789579143 -0.008235009096405527
2.8777555110220447 -0.008175346812620925
2.8857715430861717 -0.008116238035349844
2.8937875751503004 -0.008057676628114768
2.901803607214429 -0.00799965653186421
2.909819639278556 -0.007942171763907213
2.9178356713426847 -0.007885216416863128
2.9258517034068134 -0.007828784657626483
2.9338677354709404 -0.007772870726346559
2.941883767535071 -0.007717468935421571
2.949899799599198 -0.007662573668507404
2.9579158316633265 -0.007608179379540281
2.965931863727455 -0.007554280591773713
2.973947895791582 -0.007500871896829107
2.981963927855711 -0.007447947953759979
2.9899799599198396 -0.007395503488129721
2.9979959919839665 -0.0073435332911025
3.006012024048095 -0.007292032218547203
3.014028056112224 -0.007240995190154367
3.022044088176351 -0.007190417188565684
3.0300601202404813 -0.007140293258516019
3.0380761523046083 -0.007090618505987904
3.046092184368737 -0.007041388097377939
3.0541082164328657 -0.00699259725867542
3.0621242484969926 -0.006944241274652637
3.0701402805611213 -0.006896315488066818
3.07815631262525 -0.006848815298873634
3.086172344689377 -0.006801736163451937
3.0941883767535074 -0.006755073593839615
3.1022044088176344 -0.006708823156980604
3.110220440881763 -0.006662980473982459
3.118236472945892 -0.006617541219384859
3.1262525050100187 -0.0065725011204384644
3.1342685370741474 -0.006527855956394168
3.142284569138276 -0.006483601557802619
3.150300601202403 -0.00643973380582375
3.1583166332665336 -0.006396248631546194
3.1663326653306605 -0.006353142015316625
3.174348697394789 -0.006310409986078489
3.182364729458918 -0.006268048620720452
3.190380761523045 -0.006226054043434074
3.1983967935871735 -0.0061844224250806965
3.2064128256513023 -0.006143149982567474
3.214428857715429 -0.0061022329782323
3.2224448897795597 -0.006061667719237511
3.2304609218436866 -0.006021450556972421
3.2384769539078153 -0.005981577886464175
3.246492985971944 -0.00594204614579728
3.254509018036071 -0.005902851815541276
3.2625250501001997 -0.00586399141818662
3.2705410821643284 -0.005825461517588706
3.2785571142284553 -0.0057872587184197456
3.286573146292586 -0.005749379665628468
3.2945891783567127 -0.005711821043907657
3.3026052104208414 -0.005674579577169072
3.31062124248497 -0.0056376520280260675
3.318637274549097 -0.005601035197283447
3.326653306613226 -0.005564725923434603
3.3346693386773545 -0.005528721082165873
3.3426853707414814 -0.005493017585867888
3.350701402805612 -0.005457612383153842
3.358717434869739 -0.0054225024583847295
3.3667334669338675 -0.005387684831201134
3.3747494989979963 -0.005353156556061836
3.382765531062123 -0.005318914721788863
3.390781563126252 -0.005284956451118984
3.3987975951903806 -0.005251278900261624
3.4068136272545075 -0.005217879258462963
3.4148296593186362 -0.005184754747576204
3.422845691382765 -0.0051519026216379675
3.430861723446892 -0.005119320166450618
3.4388777555110224 -0.005087004699170456
3.4468937875751493 -0.005054953567901833
3.454909819639278 -0.00502316415129681
3.4629258517034067 -0.004991633858160614
3.4709418837675337 -0.004960360127062555
3.4789579158316624 -0.004929340425952403
3.486973947895791 -0.00489857225178222
3.494989979959918 -0.0048680531301334455
3.5030060120240485 -0.004837780614849183
3.5110220440881754 -0.0048077522876717555
3.519038076152304 -0.004777965757885166
3.527054108216433 -0.004748418661962713
3.5350701402805598 -0.0047191086632194365
3.5430861723446885 -0.004690033451469435
3.551102204408817 -0.004661190742687996
3.559118236472944 -0.004632578278678402
3.5671342685370746 -0.004604193826743355
3.5751503006012015 -0.004576035179361072
3.5831663326653302 -0.004548100153865728
3.591182364729459 -0.004520386592132487
3.599198396793586 -0.004492892360266816
3.6072144288577146 -0.004465615348298114
3.6152304609218433 -0.004438553469877628
3.6232464929859702 -0.004411704661980507
3.6312625250501007 -0.004385066884611963
3.6392785571142277 -0.004358638120517577
3.6472945891783564 -0.0043324163748974685
3.655310621242485 -0.004306399675124528
3.663326653306612 -0.004280586070466469
3.6713426853707407 -0.00425497363181169
3.6793587174348694 -0.004229560451398965
3.6873747494989964 -0.0042043446425507995
3.695390781563127 -0.004179324339410429
3.7034068136272538 -0.004154497696682512
3.7114228456913825 -0.0041298628893772305
3.719438877755511 -0.004105418112558039
3.727454909819638 -0.004081161581092765
3.735470941883767 -0.0040570915294081186
3.7434869739478955 -0.0040332062112476055
3.7515030060120225 -0.004009503899432678
3.759519038076153 -0.003985982885627138
3.76753507014028 -0.003962641480104825
3.7755511022044086 -0.003939478011520318
3.7835671342685373 -0.003916490826682892
3.7915831663326642 -0.003893678290333454
3.799599198396793 -0.003871038784924506
3.8076152304609217 -0.003848570710403122
3.8156312625250486 -0.0038262724839968304
3.8236472945891773 -0.0038041425400023687
3.831663326653306 -0.0037821793295773395
3.839679358717433 -0.003760381320534628
3.8476953907815634 -0.0037387469971395834
3.8557114228456904 -0.0037172748599099883
3.863727454909819 -0.0036959634254186084
3.8717434869739478 -0.0036748112260984998
3.8797595190380747 -0.0036538168100508565
3.8877755511022034 -0.003632978740855437
3.895791583166332 -0.0036122955973835603
3.903807615230459 -0.0035917659736135676
3.9118236472945895 -0.0035713884784487316
3.9198396793587165 -0.0035511617355376683
3.927855711422845 -0.0035310843830970197
3.935871743486974 -0.0035111550737366103
3.943887775551101 -0.003491372474286862
3.9519038076152295 -0.0034717352656284946
3.9599198396793582 -0.00345224214252453
3.967935871743485 -0.003432891813454479
3.9759519038076157 -0.003413683000450717
3.9839679358717426 -0.0033946144389370814
3.9919839679358713 -0.0033756848775694996
4.0 -0.003356893078078813
