delta_wp TPR_A_rho23_real
-4.0 0.0033568930822560155
-3.75 0.004013934225719904
-3.5 0.004849104066571044
-3.25 0.0059248573181315
-3.0 0.007330614244748733
-2.75 0.009196470184125526
-2.5 0.011714653245789335
-2.25 0.015173053838446297
-2.0 0.020006500719102732
-1.75 0.02686986851522338
-1.5 0.03672098802787689
-1.25 0.050828015039164995
-1.0 0.07033954203851768
-0.75 0.09414921523976752
-0.5 0.11170541942521027
-0.25 0.09018932748039304
0.0 2.142028741490887e-13
0.25 -0.0901893274799763
0.5 -0.11170541942502614
0.75 -0.09414921523943208
1.0 -0.07033954203806485
1.25 -0.05082801503884533
1.5 -0.036720988027446104
1.75 -0.026869868515089743
2.0 -0.020006500718913706
2.25 -0.015173053838273694
2.5 -0.011714653245622427
2.75 -0.00919647018396017
3.0 -0.007330614244516554
3.25 -0.0059248573179822624
3.5 -0.004849104066375976
3.75 -0.0040139342255844776
4.0 -0.0033568930821270353
