delta_wp TPR_B_rho12_imag
-4.0 -0.0053573046320905295
-3.75 -0.0060144456927145465
-3.5 -0.006794055323882997
-3.25 -0.0077265157556456725
-3.0 -0.008851342997776684
-2.75 -0.01022016321607529
-2.5 -0.011900479425022373
-2.25 -0.013980044994635883
-2.0 -0.016570904208094806
-1.75 -0.019810246291156883
-1.5 -0.023850842628172348
-1.25 -0.02882512079885639
-1.0 -0.034753851238319845
-0.75 -0.041365476789027765
-0.5 -0.047839902495598274
-0.25 -0.052561400013241215
0.0 -1.0977149119509547e-10
0.25 -0.0525614000132755
0.5 -0.04783990249561938
0.75 -0.04136547678898965
1.0 -0.03475385123825456
1.25 -0.028825120798819496
1.5 -0.02385084262810362
1.75 -0.019810246291044633
2.0 -0.016570904208020223
2.25 -0.013980044994612618
2.5 -0.011900479424973073
2.75 -0.010220163215977166
3.0 -0.00885134299768767
3.25 -0.007726515755555453
3.5 -0.006794055323796626
3.75 -0.006014445692625794
4.0 -0.005357304632008397
