delta_wp TPR_B_rho12_imag_RWAanalytical
-4.0 0.005357304734348881
-3.9919839679358717 0.005376729405755479
-3.9839679358717435 0.00539625605798228
-3.975951903807615 0.005415885376970294
-3.967935871743487 0.005435618054157985
-3.9599198396793587 0.005455454786530959
-3.9519038076152304 0.005475396276672123
-3.943887775551102 0.00549544323281234
-3.935871743486974 0.00551559636888157
-3.9278557114228456 0.005535856404560493
-3.9198396793587174 0.005556224065332643
-3.911823647294589 0.005576700082537035
-3.903807615230461 0.005597285193421303
-3.8957915831663326 0.005617980141195341
-3.8877755511022043 0.005638785675085473
-3.879759519038076 0.005659702550389137
-3.8717434869739478 0.005680731528530091
-3.8637274549098195 0.005701873377114149
-3.8557114228456912 0.005723128869985466
-3.847695390781563 0.005744498787283347
-3.8396793587174347 0.005765983915499608
-3.8316633266533064 0.005787585047536485
-3.823647294589178 0.0058093029827651025
-3.81563126252505 0.005831138527084494
-3.8076152304609217 0.005853092492981196
-3.799599198396794 0.0058751656995894045
-3.791583166332665 0.005897358972751718
-3.7835671342685373 0.00591967314508044
-3.775551102204409 0.005942109056019492
-3.7675350701402808 0.005964667551906902
-3.7595190380761525 0.005987349486037885
-3.7515030060120242 0.0060101557187285425
-3.743486973947896 0.0060330871173801485
-3.7354709418837677 0.006056144556544059
-3.7274549098196395 0.006079328917987233
-3.719438877755511 0.00610264109075838
-3.711422845691383 0.006126081971254732
-3.7034068136272547 0.006149652463289443
-3.6953907815631264 0.006173353478159644
-3.687374749498998 0.006197185934715113
-3.67935871743487 0.0062211507594276275
-3.6713426853707416 0.006245248886460943
-3.6633266533066133 0.006269481257741441
-3.655310621242485 0.006293848823029457
-3.647294589178357 0.0063183525399912515
-3.6392785571142285 0.006342993374271674
-3.6312625250501003 0.006367772299567512
-3.623246492985972 0.006392690297701512
-3.6152304609218437 0.00641774835869711
-3.6072144288577155 0.006442947480853842
-3.599198396793587 0.006468288670823476
-3.591182364729459 0.006493772943686836
-3.5831663326653307 0.0065194013230313545
-3.5751503006012024 0.006545174841029337
-3.567134268537074 0.006571094538516951
-3.559118236472946 0.0065971614650739505
-3.5511022044088176 0.006623376679104137
-3.5430861723446894 0.00664974124791655
-3.535070140280561 0.006676256247807427
-3.527054108216433 0.0067029227641428974
-3.5190380761523046 0.006729741891442436
-3.5110220440881763 0.006756714733463095
-3.503006012024048 0.00678384240328448
-3.49498997995992 0.006811126023394527
-3.4869739478957915 0.006838566725776037
-3.4789579158316633 0.006866165651994008
-3.470941883767535 0.006893923953283751
-3.4629258517034067 0.006921842790639806
-3.4549098196392785 0.0069499233349056486
-3.44689378757515 0.006978166766864218
-3.438877755511022 0.007006574277329241
-3.4308617234468937 0.0070351470672373765
-3.422845691382766 0.007063886347741173
-3.414829659318637 0.007092793340302891
-3.4068136272545093 0.007121869276789074
-3.3987975951903806 0.007151115399566054
-3.390781563126253 0.0071805329615962175
-3.382765531062124 0.007210123226535157
-3.3747494989979963 0.007239887468829655
-3.3667334669338675 0.007269826973816551
-3.3587174348697397 0.007299943037822399
-3.350701402805611 0.007330236968264082
-3.342685370741483 0.007360710083750206
-3.3346693386773545 0.007391363714183427
-3.3266533066132267 0.007422199200863606
-3.3186372745490984 0.007453217896591891
-3.31062124248497 0.007484421165775631
-3.302605210420842 0.007515810384534213
-3.2945891783567136 0.007547386940805783
-3.2865731462925853 0.007579152234454842
-3.278557114228457 0.007611107677380756
-3.270541082164329 0.007643254693627162
-3.2625250501002006 0.0076755947194922765
-3.2545090180360723 0.007708129203640106
-3.246492985971944 0.007740859607212569
-3.2384769539078158 0.007773787403942529
-3.2304609218436875 0.007806914080267744
-3.2224448897795592 0.007840241135445717
-3.214428857715431 0.007873770081669475
-3.2064128256513027 0.007907502444184275
-3.1983967935871744 0.007941439761405215
-3.190380761523046 0.007975583585035763
-3.182364729458918 0.008009935480187233
-3.1743486973947896 0.008044497025499149
-3.1663326653306614 0.008079269813260577
-3.158316633266533 0.008114255449532329
-3.150300601202405 0.008149455554270133
-3.1422845691382766 0.008184871761448708
-3.1342685370741483 0.008220505719186772
-3.12625250501002 0.008256359089872952
-3.118236472945892 0.008292433550292641
-3.1102204408817635 0.00832873079175575
-3.1022044088176353 0.0083652525202254
-3.094188376753507 0.008402000456447506
-3.0861723446893787 0.008438976336081292
-3.0781563126252505 0.008476181909830714
-3.070140280561122 0.00851361894357676
-3.062124248496994 0.008551289218510704
-3.0541082164328657 0.008589194531268206
-3.0460921843687374 0.008627336694064333
-3.038076152304609 0.008665717534829467
-3.030060120240481 0.00870433889734608
-3.0220440881763526 0.008743202641386408
-3.014028056112225 0.008782310642850958
-3.006012024048096 0.00882166479390792
-2.9979959919839683 0.00886126700313339
-2.9899799599198396 0.00890111919565249
-2.9819639278557117 0.008941223313281252
-2.973947895791583 0.008981581314669413
-2.965931863727455 0.009022195175443953
-2.9579158316633265 0.009063066888353498
-2.9498997995991987 0.00910419846341345
-2.94188376753507 0.009145591928051987
-2.933867735470942 0.009187249327256735
-2.9258517034068134 0.0092291727237223
-2.9178356713426856 0.009271364197998417
-2.909819639278557 0.009313825848638959
-2.901803607214429 0.009356559792351527
-2.8937875751503004 0.009399568164147849
-2.8857715430861726 0.009442853117494756
-2.877755511022044 0.00948641682446588
-2.869739478957916 0.009530261475893956
-2.8617234468937878 0.00957438928152375
-2.8537074148296595 0.00961880247016557
-2.8456913827655312 0.00966350328984937
-2.837675350701403 0.009708494007979383
-2.8296593186372747 0.00975377691148927
-2.8216432865731464 0.00979935430699779
-2.813627254509018 0.009845228520964925
-2.80561122244489 0.00989140189984844
-2.7975951903807617 0.009937876810260865
-2.7895791583166334 0.00998465563912685
-2.781563126252505 0.010031740793840884
-2.773547094188377 0.0100791347024253
-2.7655310621242486 0.010126839813688584
-2.7575150300601203 0.010174858597383924
-2.749498997995992 0.010223193544367947
-2.741482965931864 0.01027184716675965
-2.7334669338677355 0.010320821998099427
-2.7254509018036073 0.010370120593508201
-2.717434869739479 0.010419745529846574
-2.7094188376753507 0.010469699405873993
-2.7014028056112225 0.010519984842407832
-2.693386773547094 0.010570604482482381
-2.685370741482966 0.010621560991507694
-2.6773547094188377 0.01067285705742819
-2.6693386773547094 0.010724495390881017
-2.661322645290581 0.010776478725354083
-2.6533066132264533 0.010828809817343686
-2.6452905811623246 0.010881491446511739
-2.637274549098197 0.010934526415842421
-2.629258517034068 0.010987917551798336
-2.6212424849699403 0.011041667704475913
-2.6132264529058116 0.011095779747760227
-2.6052104208416837 0.011150256579478879
-2.597194388777555 0.011205101121555159
-2.589178356713427 0.011260316320160108
-2.5811623246492985 0.011315905145863704
-2.5731462925851707 0.011371870593784784
-2.565130260521042 0.011428215683739903
-2.557114228456914 0.01148494346039078
-2.5490981963927855 0.011542056993390459
-2.5410821643286576 0.011599559377527897
-2.533066132264529 0.01165745373287104
-2.525050100200401 0.011715743204908157
-2.5170340681362724 0.011774430964687431
-2.5090180360721446 0.011833520208954574
-2.501002004008016 0.011893014160288519
-2.492985971943888 0.011952916067234847
-2.4849699398797593 0.012013229204437098
-2.4769539078156315 0.012073956872765565
-2.468937875751503 0.012135102399443674
-2.460921843687375 0.012196669138171629
-2.4529058116232467 0.012258660469247342
-2.4448897795591185 0.012321079799684385
-2.43687374749499 0.012383930563326876
-2.428857715430862 0.012447216220961135
-2.4208416833667337 0.012510940260423953
-2.4128256513026054 0.012575106196707318
-2.404809619238477 0.01263971757205941
-2.396793587174349 0.01270477795608172
-2.3887775551102206 0.012770290945822101
-2.3807615230460923 0.012836260165863568
-2.372745490981964 0.012902689268408672
-2.364729458917836 0.01296958193335923
-2.3567134268537075 0.013036941868391237
-2.3486973947895793 0.01310477280902474
-2.340681362725451 0.013173078518688465
-2.3326653306613228 0.013241862788778973
-2.3246492985971945 0.013311129438714125
-2.3166332665330662 0.013380882315980653
-2.308617234468938 0.013451125296175521
-2.3006012024048097 0.01352186228304092
-2.2925851703406814 0.013593097208492591
-2.284569138276553 0.013664834032641248
-2.276553106212425 0.013737076743806764
-2.2685370741482966 0.013809829358524964
-2.2605210420841684 0.013883095921546636
-2.25250501002004 0.013956880505828509
-2.2444889779559123 0.014031187212515901
-2.2364729458917836 0.014106020170916759
-2.2284569138276558 0.014181383538466649
-2.220440881763527 0.014257281500684586
-2.2124248496993992 0.014333718271119143
-2.2044088176352705 0.014410698091284663
-2.1963927855711427 0.014488225230587102
-2.188376753507014 0.014566303986239256
-2.180360721442886 0.014644938683164861
-2.1723446893787575 0.014724133673891351
-2.1643286573146296 0.014803893338430662
-2.156312625250501 0.01488422208414796
-2.148296593186373 0.014965124345617548
-2.1402805611222444 0.015046604584465852
-2.1322645290581166 0.015128667289200775
-2.124248496993988 0.015211316975027193
-2.11623246492986 0.015294558183647894
-2.1082164328657313 0.01537839548304978
-2.1002004008016035 0.015462833467274527
-2.092184368737475 0.015547876756173503
-2.084168336673347 0.015633529995146164
-2.0761523046092183 0.015719797854861647
-2.0681362725450905 0.01580668503096281
-2.0601202404809618 0.01589419624375234
-2.052104208416834 0.015982336237860217
-2.0440881763527057 0.016071109781892114
-2.0360721442885774 0.01616052166805794
-2.028056112224449 0.0162505767117801
-2.020040080160321 0.016341279751280798
-2.0120240480961926 0.016432635647147614
-2.0040080160320644 0.016524649281876913
-1.9959919839679365 0.01661732555939425
-1.9879759519038078 0.01671066940455117
-1.9799599198396791 0.016804685762597645
-1.9719438877755513 0.01689937959862946
-1.9639278557114235 0.016994755897009883
-1.9559118236472948 0.017090819660764662
-1.947895791583166 0.01718757591094977
-1.9398797595190382 0.01728502968599108
-1.9318637274549104 0.017383186040995074
-1.9238476953907817 0.01748205004702984
-1.915831663326653 0.01758162679037547
-1.9078156312625252 0.017681921371743015
-1.8997995991983974 0.01778293890546118
-1.8917835671342687 0.01788468451862972
-1.88376753507014 0.017987163350238696
-1.8757515030060121 0.018090380550252697
-1.8677354709418843 0.018194341278659026
-1.8597194388777556 0.018299050704478848
-1.8517034068136269 0.01840451400474025
-1.843687374749499 0.01851073636341241
-1.8356713426853712 0.018617722970299625
-1.8276553106212425 0.018725479019894173
-1.8196392785571138 0.018834009710186995
-1.811623246492986 0.018943320241435066
-1.8036072144288582 0.01905341581488437
-1.7955911823647295 0.01916430163144721
-1.7875751503006008 0.01927598289033284
-1.779559118236473 0.019388464787630143
-1.7715430861723451 0.01950175251484124
-1.7635270541082164 0.019615851257364647
-1.7555110220440877 0.019730766192926876
-1.74749498997996 0.019846502489961164
-1.739478957915832 0.019963065305932063
-1.7314629258517034 0.02008045978560451
-1.7234468937875755 0.020198691059256084
-1.7154308617234477 0.02031776424083121
-1.707414829659319 0.02043768442603573
-1.6993987975951903 0.02055845669037057
-1.6913827655310625 0.02068008608710318
-1.6833667334669347 0.020802577645175117
-1.675350701402806 0.020925936367044526
-1.6673346693386772 0.021050167226461792
-1.6593186372745494 0.021175275166177236
-1.6513026052104216 0.02130126509557909
-1.643286573146293 0.021428141888260258
-1.6352705410821642 0.021555910379512405
-1.6272545090180364 0.021684575363745833
-1.6192384769539085 0.021814141591833536
-1.6112224448897798 0.021944613768377877
-1.6032064128256511 0.022075996548898223
-1.5951903807615233 0.022208294536938084
-1.5871743486973955 0.0223415122810901
-1.5791583166332668 0.022475654271937148
-1.571142284569138 0.022610724938908
-1.5631262525050102 0.022746728647046008
-1.5551102204408824 0.02288366969368908
-1.5470941883767537 0.023021552305059253
-1.539078156312625 0.023160380632760234
-1.5310621242484972 0.023300158750181432
-1.5230460921843694 0.023440890648806667
-1.5150300601202407 0.023582580234425905
-1.507014028056112 0.023725231323248407
-1.4989979959919841 0.02386884763791582
-1.4909819639278563 0.024013432803413403
-1.4829659318637276 0.024158990342877787
-1.474949899799599 0.024305523673299783
-1.466933867735471 0.024453036101120585
-1.4589178356713433 0.024601530817719916
-1.4509018036072145 0.02475101089479443
-1.4428857715430858 0.024901479279624928
-1.434869739478958 0.025052938790231016
-1.4268537074148302 0.025205392110411656
-1.4188376753507015 0.025358841784670155
-1.4108216432865728 0.025513290213022358
-1.402805611222445 0.025668739645686597
-1.3947895791583171 0.025825192177654333
-1.3867735470941884 0.025982649743139893
-1.3787575150300597 0.026141114109908513
-1.370741482965932 0.026300586873481392
-1.362725450901804 0.026461069451216745
-1.3547094188376754 0.026622563076265905
-1.3466933867735467 0.026785068791403476
-1.3386773547094188 0.02694858744273097
-1.330661322645291 0.027113119673252917
-1.3226452905811623 0.027278665916325034
-1.3146292585170345 0.027445226388973655
-1.3066132264529067 0.027612801085086378
-1.298597194388778 0.027781389768473254
-1.2905811623246493 0.02795099196579832
-1.2825651302605214 0.02812160695938177
-1.2745490981963936 0.028293233779872338
-1.266533066132265 0.02846587119879038
-1.2585170340681362 0.028639517720941726
-1.2505010020040084 0.028814171576703122
-1.2424849699398806 0.02898983071417961
-1.2344689378757518 0.029166492791234688
-1.2264529058116231 0.029344155167394262
-1.2184368737474953 0.02952281489562563
-1.2104208416833675 0.029702468713992694
-1.2024048096192388 0.02988311303718899
-1.19438877755511 0.030064743947950227
-1.1863727454909823 0.03024735718834844
-1.1783567134268544 0.030430948150969857
-1.1703406813627257 0.03061551186997877
-1.162324649298597 0.030801043012070158
-1.1543086172344692 0.030987535867314044
-1.1462925851703414 0.031174984339894626
-1.1382765531062127 0.03136338193874759
-1.130260521042084 0.03155272176809921
-1.1222444889779561 0.03174299651791147
-1.1142284569138283 0.031934198454237284
-1.1062124248496996 0.03212631940949016
-1.098196392785571 0.032319350772633565
-1.090180360721443 0.03251328347929486
-1.0821643286573153 0.03270810800180945
-1.0741482965931866 0.0329038143392008
-1.0661322645290578 0.03310039200710248
-1.05811623246493 0.03329783002762883
-1.0501002004008022 0.033496116919201034
-1.0420841683366735 0.03369524068633555
-1.0340681362725448 0.03389518880940258
-1.026052104208417 0.03409594823436242
-1.0180360721442892 0.034297505362488004
-1.0100200400801604 0.034499846040081855
-1.0020040080160317 0.03470295554819666
-0.9939879759519039 0.03490681859236877
-0.9859719438877761 0.03511141929237411
-0.9779559118236474 0.03531674117201642
-0.9699398797595187 0.03552276714895828
-0.9619238476953909 0.035729479524605534
-0.953907815631263 0.03593685997405613
-0.9458917835671343 0.036144889536124505
-0.9378757515030056 0.036353548603453155
-0.9298597194388778 0.03656281691272342
-0.92184368737475 0.03677267353497756
-0.9138276553106213 0.03698309686606424
-0.9058116232464934 0.03719406461722037
-0.8977955911823656 0.03740555380580196
-0.8897795591182369 0.03761754074617692
-0.8817635270541082 0.037830001040792705
-0.8737474949899804 0.03804290957143243
-0.8657314629258526 0.03825624049067216
-0.8577154308617239 0.038469967213552676
-0.8496993987975952 0.03868406240947888
-0.8416833667334673 0.03889849799435981
-0.8336673346693395 0.03911324512300191
-0.8256513026052108 0.03932827418176806
-0.8176352705410821 0.03954355478151427
-0.8096192384769543 0.03975905575081605
-0.8016032064128265 0.03997474512949511
-0.7935871743486977 0.04019059016245671
-0.785571142284569 0.04040655729384746
-0.7775551102204412 0.04062261216154173
-0.7695390781563134 0.040838719591964376
-0.7615230460921847 0.04105484359525558
-0.753507014028056 0.041270947360782476
-0.7454909819639282 0.04148699325300038
-0.7374749498998003 0.04170294280766468
-0.7294589178356716 0.04191875672839155
-0.7214428857715429 0.04213439488356395
-0.7134268537074151 0.04234981630357602
-0.7054108216432873 0.04256497917840594
-0.6973947895791586 0.04277984085550329
-0.6893787575150299 0.04299435783797335
-0.681362725450902 0.04320848578303599
-0.6733466933867742 0.04342217950073145
-0.6653306613226455 0.043635392952839386
-0.6573146292585168 0.043848079251971345
-0.649298597194389 0.04406019066078927
-0.6412825651302612 0.044271678591294106
-0.6332665330661325 0.044482493604119516
-0.6252505010020037 0.044692585407754774
-0.6172344689378759 0.04490190285760971
-0.6092184368737481 0.04511039395482031
-0.6012024048096194 0.04531800584467897
-0.5931863727454907 0.04552468481455568
-0.5851703406813629 0.0457303762911581
-0.577154308617235 0.045935024836954795
-0.5691382765531063 0.046138574145561974
-0.5611222444889776 0.04634096703586523
-0.5531062124248498 0.04654214544461486
-0.545090180360722 0.04674205041719657
-0.5370741482965933 0.046940622096236
-0.5290581162324646 0.04713779970764726
-0.5210420841683367 0.04733352154367889
-0.5130260521042089 0.04752772494244575
-0.5050100200400802 0.04772034626336021
-0.4969939879759524 0.047911320857789305
-0.4889779559118246 0.04810058303416359
-0.48096192384769587 0.048288066016645335
-0.47294589178356716 0.048473701896327395
-0.46492985971943934 0.04865742157377309
-0.4569138276553115 0.0488391546915191
-0.4488977955911828 0.04901882955494195
-0.4408817635270541 0.04919637303962681
-0.4328657314629263 0.049371710483068015
-0.42484969939879846 0.04954476555816288
-0.41683366733466976 0.049715460125522005
-0.40881763527054105 0.04988371406109645
-0.4008016032064132 0.050049445054994236
-0.3927855711422854 0.05021256837660319
-0.3847695390781567 0.05037299660022541
-0.376753507014028 0.05053063928432257
-0.36873747494990017 0.050685402596127166
-0.36072144288577235 0.0508371888717305
-0.35270541082164364 0.050985896099742786
-0.34468937875751493 0.051131417314138165
-0.3366733466933871 0.051273639878823565
-0.3286573146292593 0.05141244464265116
-0.3206412825651306 0.05154770493882107
-0.3126252505010019 0.05167928539663003
-0.30460921843687405 0.051807040525958886
-0.29659318637274623 0.05193081302529403
-0.2885771543086175 0.052050431751826484
-0.2805611222444888 0.052165709276439154
-0.272545090180361 0.05227643892605952
-0.2645290581162332 0.05238239118940083
-0.25651302605210446 0.05248330932745641
-0.24849699398797576 0.052578903984366515
-0.24048096192384794 0.05266884653342902
-0.23246492985972012 0.05275276081141732
-0.2244488977955914 0.052830212783965644
-0.2164328657314627 0.05290069753403988
-0.20841683366733488 0.05296362275767148
-0.20040080160320706 0.053018287661579476
-0.19238476953907835 0.05306385574943229
-0.18436873747494964 0.05309931940216411
-0.17635270541082182 0.053123453318705764
-0.168336673346694 0.05313475265609814
-0.1603206412825653 0.05313134988647491
-0.15230460921843658 0.05311090164325248
-0.14428857715430876 0.05307043262253258
-0.13627254509018094 0.05300611704461443
-0.12825651302605223 0.052912967748397696
-0.12024048096192352 0.05278438605917599
-0.1122244488977957 0.052611497473034896
-0.10420841683366788 0.05238215046089952
-0.09619238476953917 0.05207937251958852
-0.08817635270541135 0.051678928839537
-0.08016032064128353 0.051145355772849094
-0.07214428857715482 0.050425326928872215
-0.06412825651302612 0.04943622247661982
-0.056112224448898296 0.048045870706308794
-0.048096192384770475 0.046035914520226796
-0.04008016032064177 0.04303592016732632
-0.03206412825651306 0.03841488339791879
-0.024048096192385238 0.03117309008668617
-0.016032064128257417 0.020256321781153577
-0.008016032064128709 0.007005712805012764
0.0 0.0
0.00801603206412782 0.007005712805011408
0.01603206412825653 0.02025632178115216
0.02404809619238435 0.03117309008668518
0.03206412825651306 0.03841488339791879
0.04008016032064088 0.043035920167325915
0.04809619238476959 0.04603591452022654
0.05611222444889741 0.04804587070630861
0.06412825651302612 0.04943622247661982
0.07214428857715394 0.050425326928872125
0.08016032064128265 0.05114535577284902
0.08817635270541047 0.051678928839536946
0.09619238476953917 0.05207937251958852
0.104208416833667 0.052382150460899495
0.11222444889779482 0.05261149747303488
0.12024048096192352 0.05278438605917599
0.12825651302605134 0.052912967748397696
0.13627254509018005 0.053006117044614415
0.14428857715430787 0.053070432622532575
0.15230460921843658 0.05311090164325248
0.1603206412825644 0.05313134988647491
0.1683366733466931 0.05313475265609814
0.17635270541082093 0.053123453318705764
0.18436873747494964 0.05309931940216411
0.19238476953907746 0.05306385574943229
0.20040080160320617 0.05301828766157947
0.208416833667334 0.0529636227576715
0.2164328657314627 0.05290069753403988
0.22444889779559052 0.05283021278396566
0.23246492985971923 0.05275276081141733
0.24048096192384705 0.052668846533429035
0.24849699398797576 0.052578903984366515
0.2565130260521036 0.05248330932745643
0.2645290581162323 0.05238239118940084
0.2725450901803601 0.05227643892605953
0.2805611222444888 0.052165709276439154
0.28857715430861663 0.0520504317518265
0.29659318637274534 0.051930813025294044
0.30460921843687316 0.0518070405259589
0.3126252505010019 0.05167928539663003
0.3206412825651297 0.05154770493882108
0.3286573146292584 0.05141244464265118
0.3366733466933862 0.05127363987882358
0.34468937875751493 0.051131417314138165
0.35270541082164275 0.050985896099742814
0.36072144288577146 0.050837188871730506
0.3687374749498993 0.05068540259612718
0.376753507014028 0.05053063928432257
0.3847695390781558 0.05037299660022542
0.3927855711422845 0.05021256837660321
0.40080160320641234 0.05004944505499424
0.40881763527054105 0.04988371406109645
0.41683366733466887 0.049715460125522026
0.4248496993987976 0.0495447655581629
0.4328657314629254 0.04937171048306804
0.4408817635270541 0.04919637303962681
0.4488977955911819 0.04901882955494197
0.45691382765531063 0.048839154691519115
0.46492985971943845 0.04865742157377312
0.47294589178356716 0.048473701896327395
0.480961923847695 0.04828806601664536
0.4889779559118237 0.04810058303416361
0.4969939879759515 0.04791132085778934
0.5050100200400802 0.04772034626336021
0.513026052104208 0.04752772494244576
0.5210420841683359 0.047333521543678925
0.5290581162324646 0.04713779970764726
0.5370741482965924 0.04694062209623602
0.5450901803607211 0.04674205041719659
0.5531062124248489 0.04654214544461489
0.5611222444889776 0.04634096703586523
0.5691382765531054 0.046138574145561995
0.5771543086172342 0.04593502483695481
0.585170340681362 0.04573037629115812
0.5931863727454907 0.04552468481455568
0.6012024048096185 0.04531800584467898
0.6092184368737472 0.04511039395482034
0.617234468937875 0.044901902857609734
0.6252505010020037 0.044692585407754774
0.6332665330661316 0.044482493604119544
0.6412825651302603 0.04427167859129414
0.6492985971943881 0.04406019066078929
0.6573146292585168 0.043848079251971345
0.6653306613226446 0.043635392952839414
0.6733466933867733 0.043422179500731475
0.6813627254509012 0.043208485783036016
0.6893787575150299 0.04299435783797335
0.6973947895791577 0.042779840855503314
0.7054108216432864 0.04256497917840597
0.7134268537074142 0.042349816303576045
0.7214428857715429 0.04213439488356395
0.7294589178356707 0.04191875672839158
0.7374749498997994 0.0417029428076647
0.7454909819639273 0.0414869932530004
0.753507014028056 0.041270947360782476
0.7615230460921838 0.04105484359525561
0.7695390781563125 0.0408387195919644
0.7775551102204403 0.040622612161541755
0.785571142284569 0.04040655729384746
0.7935871743486969 0.040190590162456734
0.8016032064128256 0.03997474512949512
0.8096192384769534 0.039759055750816084
0.8176352705410821 0.03954355478151427
0.8256513026052099 0.03932827418176808
0.8336673346693386 0.03911324512300195
0.8416833667334664 0.038898497994359835
0.8496993987975952 0.03868406240947888
0.857715430861723 0.038469967213552704
0.8657314629258517 0.03825624049067218
0.8737474949899795 0.03804290957143245
0.8817635270541082 0.037830001040792705
0.889779559118236 0.03761754074617694
0.8977955911823647 0.037405553805801996
0.9058116232464926 0.0371940646172204
0.9138276553106213 0.03698309686606424
0.9218436873747491 0.036772673534977575
0.9298597194388769 0.03656281691272345
0.9378757515030056 0.036353548603453155
0.9458917835671334 0.03614488953612453
0.9539078156312621 0.03593685997405616
0.96192384769539 0.035729479524605555
0.9699398797595187 0.03552276714895828
0.9779559118236465 0.03531674117201645
0.9859719438877752 0.03511141929237412
0.993987975951903 0.03490681859236879
1.0020040080160317 0.03470295554819666
1.0100200400801596 0.034499846040081876
1.0180360721442883 0.03429750536248803
1.026052104208416 0.03409594823436245
1.0340681362725448 0.03389518880940258
1.0420841683366726 0.03369524068633557
1.0501002004008013 0.033496116919201055
1.0581162324649291 0.033297830027628844
1.0661322645290578 0.03310039200710248
1.0741482965931857 0.03290381433920083
1.0821643286573144 0.03270810800180947
1.0901803607214422 0.03251328347929487
1.098196392785571 0.032319350772633565
1.1062124248496987 0.032126319409490185
1.1142284569138274 0.031934198454237304
1.1222444889779553 0.03174299651791151
1.130260521042084 0.03155272176809921
1.1382765531062118 0.0313633819387476
1.1462925851703405 0.031174984339894646
1.1543086172344683 0.03098753586731406
1.162324649298597 0.030801043012070158
1.1703406813627248 0.030615511869978795
1.1783567134268536 0.030430948150969882
1.1863727454909814 0.030247357188348457
1.19438877755511 0.030064743947950227
1.202404809619238 0.02988311303718901
1.2104208416833666 0.029702468713992715
1.2184368737474944 0.029522814895625648
1.2264529058116231 0.029344155167394262
1.234468937875751 0.029166492791234705
1.2424849699398797 0.028989830714179623
1.2505010020040075 0.02881417157670314
1.2585170340681362 0.028639517720941726
1.266533066132264 0.028465871198790398
1.2745490981963927 0.028293233779872362
1.2825651302605205 0.02812160695938179
1.2905811623246493 0.02795099196579832
1.298597194388777 0.027781389768473264
1.3066132264529058 0.027612801085086403
1.3146292585170336 0.02744522638897367
1.3226452905811623 0.027278665916325034
1.3306613226452901 0.02711311967325293
1.338677354709418 0.026948587442730983
1.3466933867735467 0.026785068791403476
1.3547094188376745 0.02662256307626593
1.3627254509018032 0.02646106945121676
1.370741482965931 0.02630058687348141
1.3787575150300597 0.026141114109908513
1.3867735470941875 0.025982649743139907
1.3947895791583163 0.025825192177654346
1.402805611222444 0.025668739645686618
1.4108216432865728 0.025513290213022358
1.4188376753507006 0.025358841784670176
1.4268537074148293 0.025205392110411673
1.4348697394789571 0.025052938790231034
1.4428857715430858 0.024901479279624928
1.4509018036072137 0.024751010894794444
1.4589178356713424 0.024601530817719926
1.4669338677354702 0.024453036101120602
1.474949899799599 0.024305523673299783
1.4829659318637267 0.024158990342877804
1.4909819639278554 0.024013432803413417
1.4989979959919832 0.023868847637915833
1.507014028056112 0.023725231323248407
1.5150300601202398 0.02358258023442592
1.5230460921843685 0.023440890648806684
1.5310621242484963 0.023300158750181453
1.539078156312625 0.023160380632760234
1.5470941883767528 0.023021552305059267
1.5551102204408815 0.022883669693689098
1.5631262525050094 0.02274672864704602
1.571142284569138 0.022610724938908
1.579158316633266 0.02247565427193716
1.5871743486973946 0.022341512281090114
1.5951903807615224 0.022208294536938095
1.6032064128256511 0.022075996548898223
1.611222444889779 0.021944613768377898
1.6192384769539077 0.02181414159183355
1.6272545090180355 0.021684575363745847
1.6352705410821642 0.021555910379512405
1.643286573146292 0.021428141888260276
1.6513026052104207 0.021301265095579103
1.6593186372745485 0.02117527516617725
1.6673346693386772 0.021050167226461792
1.675350701402805 0.020925936367044533
1.6833667334669338 0.02080257764517513
1.6913827655310616 0.020680086087103193
1.6993987975951903 0.02055845669037057
1.7074148296593181 0.020437684426035743
1.7154308617234468 0.02031776424083123
1.7234468937875747 0.020198691059256098
1.7314629258517034 0.02008045978560451
1.7394789579158312 0.019963065305932073
1.747494989979959 0.019846502489961178
1.7555110220440877 0.019730766192926876
1.7635270541082155 0.01961585125736466
1.7715430861723442 0.01950175251484125
1.779559118236472 0.019388464787630157
1.7875751503006008 0.01927598289033284
1.7955911823647286 0.019164301631447223
1.8036072144288573 0.01905341581488438
1.8116232464929851 0.01894332024143508
1.8196392785571138 0.018834009710186995
1.8276553106212416 0.018725479019894187
1.8356713426853704 0.01861772297029964
1.8436873747494982 0.01851073636341242
1.8517034068136269 0.01840451400474025
1.8597194388777547 0.01829905070447886
1.8677354709418834 0.01819434127865904
1.8757515030060112 0.018090380550252704
1.88376753507014 0.017987163350238696
1.8917835671342678 0.01788468451862973
1.8997995991983965 0.017782938905461187
1.9078156312625243 0.017681921371743025
1.915831663326653 0.01758162679037547
1.9238476953907808 0.017482050047029855
1.9318637274549095 0.01738318604099508
1.9398797595190373 0.017285029685991094
1.947895791583166 0.01718757591094977
1.9559118236472939 0.01709081966076467
1.9639278557114226 0.016994755897009897
1.9719438877755504 0.01689937959862947
1.9799599198396791 0.016804685762597645
1.987975951903807 0.01671066940455118
1.9959919839679356 0.01661732555939426
2.0040080160320635 0.016524649281876923
2.012024048096192 0.01643263564714762
2.020040080160321 0.016341279751280798
2.028056112224448 0.016250576711780113
2.0360721442885765 0.016160521668057946
2.0440881763527052 0.016071109781892117
2.052104208416832 0.015982336237860238
2.0601202404809627 0.01589419624375233
2.0681362725450896 0.015806685030962817
2.0761523046092183 0.015719797854861647
2.084168336673347 0.015633529995146164
2.092184368737474 0.015547876756173511
2.1002004008016026 0.015462833467274534
2.1082164328657313 0.01537839548304978
2.1162324649298583 0.01529455818364791
2.1242484969939888 0.015211316975027185
2.1322645290581157 0.015128667289200787
2.1402805611222444 0.015046604584465852
2.148296593186373 0.014965124345617548
2.1563126252505 0.01488422208414797
2.1643286573146288 0.014803893338430673
2.1723446893787575 0.014724133673891351
2.1803607214428844 0.014644938683164879
2.188376753507013 0.014566303986239263
2.196392785571142 0.01448822523058711
2.2044088176352687 0.014410698091284684
2.2124248496993992 0.014333718271119143
2.220440881763526 0.014257281500684595
2.228456913827655 0.014181383538466657
2.2364729458917836 0.014106020170916759
2.2444889779559105 0.014031187212515922
2.2525050100200392 0.013956880505828518
2.260521042084168 0.013883095921546641
2.268537074148295 0.01380982935852498
2.2765531062124253 0.013737076743806758
2.2845691382765523 0.013664834032641255
2.292585170340681 0.013593097208492597
2.3006012024048097 0.01352186228304092
2.3086172344689366 0.013451125296175532
2.3166332665330653 0.013380882315980662
2.324649298597194 0.013311129438714127
2.332665330661321 0.013241862788778987
2.3406813627254515 0.013173078518688461
2.3486973947895784 0.013104772809024749
2.356713426853707 0.013036941868391239
2.364729458917836 0.01296958193335923
2.3727454909819627 0.012902689268408681
2.3807615230460915 0.012836260165863575
2.38877755511022 0.012770290945822103
2.396793587174347 0.012704777956081733
2.4048096192384776 0.012639717572059407
2.4128256513026045 0.012575106196707325
2.420841683366733 0.012510940260423955
2.428857715430862 0.012447216220961135
2.436873747494989 0.012383930563326886
2.4448897795591176 0.012321079799684394
2.4529058116232463 0.012258660469247347
2.460921843687373 0.012196669138171641
2.4689378757515037 0.01213510239944367
2.4769539078156306 0.012073956872765572
2.4849699398797593 0.012013229204437098
2.492985971943888 0.011952916067234847
2.501002004008015 0.011893014160288526
2.5090180360721437 0.011833520208954583
2.5170340681362724 0.011774430964687431
2.5250501002003993 0.01171574320490817
2.53306613226453 0.011657453732871031
2.5410821643286567 0.0115995593775279
2.5490981963927855 0.011542056993390459
2.557114228456914 0.01148494346039078
2.565130260521041 0.01142821568373991
2.57314629258517 0.011371870593784791
2.5811623246492985 0.011315905145863704
2.5891783567134254 0.011260316320160123
2.597194388777554 0.011205101121555164
2.605210420841683 0.011150256579478884
2.61322645290581 0.01109577974776024
2.6212424849699403 0.011041667704475913
2.629258517034067 0.010987917551798341
2.637274549098196 0.01093452641584243
2.6452905811623246 0.010881491446511739
2.6533066132264516 0.010828809817343696
2.6613226452905803 0.01077647872535409
2.669338677354709 0.01072449539088102
2.677354709418836 0.010672857057428202
2.6853707414829664 0.010621560991507692
2.6933867735470933 0.010570604482482388
2.701402805611222 0.010519984842407834
2.7094188376753507 0.010469699405873993
2.7174348697394777 0.010419745529846583
2.7254509018036064 0.010370120593508204
2.733466933867735 0.010320821998099429
2.741482965931862 0.010271847166759659
2.7494989979959925 0.010223193544367942
2.7575150300601194 0.010174858597383927
2.765531062124248 0.010126839813688586
2.773547094188377 0.0100791347024253
2.781563126252504 0.010031740793840893
2.7895791583166325 0.009984655639126856
2.797595190380761 0.009937876810260869
2.805611222444888 0.00989140189984845
2.8136272545090186 0.009845228520964923
2.8216432865731456 0.009799354306997797
2.8296593186372743 0.009753776911489272
2.837675350701403 0.009708494007979383
2.84569138276553 0.00966350328984938
2.8537074148296586 0.009618802470165576
2.8617234468937873 0.009574389281523751
2.8697394789579143 0.009530261475893967
2.8777555110220447 0.009486416824465877
2.8857715430861717 0.00944285311749476
2.8937875751503004 0.009399568164147849
2.901803607214429 0.009356559792351527
2.909819639278556 0.009313825848638962
2.9178356713426847 0.009271364197998422
2.9258517034068134 0.0092291727237223
2.9338677354709404 0.009187249327256746
2.941883767535071 0.00914559192805198
2.949899799599198 0.009104198463413453
2.9579158316633265 0.009063066888353498
2.965931863727455 0.009022195175443953
2.973947895791582 0.008981581314669418
2.981963927855711 0.008941223313281257
2.9899799599198396 0.00890111919565249
2.9979959919839665 0.008861267003133399
3.006012024048095 0.008821664793907924
3.014028056112224 0.008782310642850961
3.022044088176351 0.008743202641386416
3.0300601202404813 0.00870433889734608
3.0380761523046083 0.00866571753482947
3.046092184368737 0.008627336694064333
3.0541082164328657 0.008589194531268206
3.0621242484969926 0.008551289218510711
3.0701402805611213 0.008513618943576764
3.07815631262525 0.008476181909830715
3.086172344689377 0.008438976336081302
3.0941883767535074 0.008402000456447503
3.1022044088176344 0.008365252520225405
3.110220440881763 0.008328730791755752
3.118236472945892 0.008292433550292641
3.1262525050100187 0.008256359089872958
3.1342685370741474 0.008220505719186776
3.142284569138276 0.00818487176144871
3.150300601202403 0.008149455554270138
3.1583166332665336 0.008114255449532327
3.1663326653306605 0.00807926981326058
3.174348697394789 0.008044497025499153
3.182364729458918 0.008009935480187233
3.190380761523045 0.007975583585035768
3.1983967935871735 0.007941439761405218
3.2064128256513023 0.007907502444184278
3.214428857715429 0.00787377008166948
3.2224448897795597 0.007840241135445713
3.2304609218436866 0.007806914080267748
3.2384769539078153 0.007773787403942535
3.246492985971944 0.007740859607212569
3.254509018036071 0.007708129203640111
3.2625250501001997 0.007675594719492279
3.2705410821643284 0.007643254693627162
3.2785571142284553 0.007611107677380762
3.286573146292586 0.00757915223445484
3.2945891783567127 0.007547386940805789
3.3026052104208414 0.0075158103845342165
3.31062124248497 0.007484421165775631
3.318637274549097 0.007453217896591896
3.326653306613226 0.00742219920086361
3.3346693386773545 0.007391363714183427
3.3426853707414814 0.007360710083750213
3.350701402805612 0.0073302369682640795
3.358717434869739 0.007299943037822402
3.3667334669338675 0.007269826973816551
3.3747494989979963 0.007239887468829655
3.382765531062123 0.007210123226535159
3.390781563126252 0.007180532961596218
3.3987975951903806 0.007151115399566054
3.4068136272545075 0.007121869276789078
3.4148296593186362 0.0070927933403028935
3.422845691382765 0.007063886347741176
3.430861723446892 0.00703514706723738
3.4388777555110224 0.007006574277329239
3.4468937875751493 0.0069781667668642215
3.454909819639278 0.006949923334905649
3.4629258517034067 0.006921842790639806
3.4709418837675337 0.006893923953283756
3.4789579158316624 0.00686616565199401
3.486973947895791 0.006838566725776037
3.494989979959918 0.006811126023394533
3.5030060120240485 0.006783842403284478
3.5110220440881754 0.006756714733463097
3.519038076152304 0.006729741891442438
3.527054108216433 0.0067029227641428974
3.5350701402805598 0.00667625624780743
3.5430861723446885 0.006649741247916552
3.551102204408817 0.006623376679104137
3.559118236472944 0.0065971614650739575
3.5671342685370746 0.006571094538516949
3.5751503006012015 0.006545174841029341
3.5831663326653302 0.006519401323031357
3.591182364729459 0.006493772943686836
3.599198396793586 0.006468288670823481
3.6072144288577146 0.006442947480853845
3.6152304609218433 0.006417748358697112
3.6232464929859702 0.006392690297701518
3.6312625250501007 0.006367772299567511
3.6392785571142277 0.006342993374271677
3.6472945891783564 0.006318352539991252
3.655310621242485 0.006293848823029457
3.663326653306612 0.006269481257741446
3.6713426853707407 0.0062452488864609456
3.6793587174348694 0.006221150759427628
3.6873747494989964 0.006197185934715118
3.695390781563127 0.006173353478159641
3.7034068136272538 0.006149652463289445
3.7114228456913825 0.006126081971254733
3.719438877755511 0.00610264109075838
3.727454909819638 0.006079328917987237
3.735470941883767 0.006056144556544061
3.7434869739478955 0.006033087117380149
3.7515030060120225 0.006010155718728547
3.759519038076153 0.005987349486037884
3.76753507014028 0.005964667551906903
3.7755511022044086 0.005942109056019494
3.7835671342685373 0.00591967314508044
3.7915831663326642 0.00589735897275172
3.799599198396793 0.005875165699589406
3.8076152304609217 0.005853092492981196
3.8156312625250486 0.005831138527084499
3.8236472945891773 0.005809302982765105
3.831663326653306 0.0057875850475364865
3.839679358717433 0.005765983915499613
3.8476953907815634 0.005744498787283347
3.8557114228456904 0.005723128869985468
3.863727454909819 0.00570187337711415
3.8717434869739478 0.005680731528530091
3.8797595190380747 0.005659702550389143
3.8877755511022034 0.005638785675085476
3.895791583166332 0.005617980141195342
3.903807615230459 0.005597285193421308
3.9118236472945895 0.005576700082537035
3.9198396793587165 0.005556224065332646
3.927855711422845 0.005535856404560495
3.935871743486974 0.00551559636888157
3.943887775551101 0.005495443232812343
3.9519038076152295 0.005475396276672125
3.9599198396793582 0.0054554547865309595
3.967935871743485 0.005435618054157989
3.9759519038076157 0.005415885376970292
3.9839679358717426 0.005396256057982282
3.9919839679358713 0.00537672940575548
4.0 0.005357304734348881
