delta_wp TPR_B_rho12_imag
-4.0 -0.005174862645929735
-3.75 -0.005935928912425819
-3.5 -0.006711410488514094
-3.25 -0.007638582853699761
-3.0 -0.008757176886736415
-2.75 -0.010118837945586054
-2.5 -0.011791149484151808
-2.25 -0.013862137339059737
-2.0 -0.016438450434003098
-1.75 -0.0196768935372601
-1.5 -0.023714823488865073
-1.25 -0.028695642921478606
-1.0 -0.03464767233483878
-0.75 -0.04130807674810973
-0.5 -0.04786004064167098
-0.25 -0.05267225471693359
0.0 -0.0007987984048291425
0.25 -0.05277228005992975
0.5 -0.048028523245492366
0.75 -0.04150556975924635
1.0 -0.03484488833675205
1.25 -0.0288779802478775
1.5 -0.023877707038409593
1.75 -0.019820736113627464
2.0 -0.0165716193855026
2.25 -0.01397521117461513
2.5 -0.011892703167567915
2.75 -0.010211014114065465
3.0 -0.008841746908957119
3.25 -0.007717004757853199
3.5 -0.0067849227382986805
3.75 -0.0060058411138223
4.0 -0.005349291961254601
