delta_wp TPR_B_rho12_real
-4.0 0.021799082137043395
-3.75 0.023425577684244886
-3.5 0.024716047297372357
-3.25 0.026115853375251467
-3.0 0.027630104884382115
-2.75 0.02925622198690941
-2.5 0.030978671468376344
-2.25 0.032758323478838954
-2.0 0.0345151664226778
-1.75 0.036090510917296946
-1.5 0.037209441591483296
-1.25 0.03739510021709988
-1.0 0.035893722504271405
-0.75 0.03164644519664475
-0.5 0.02343245714177625
-0.25 0.009821685264755051
0.0 0.0009924614418336981
0.25 -0.009529483891096834
0.5 -0.023222492098456678
0.75 -0.03154311965870576
1.0 -0.0358833383801477
1.25 -0.03745407727048159
1.5 -0.037316657107181204
1.75 -0.03623056054653197
2.0 -0.03467652312960856
2.25 -0.032937068831269393
2.5 -0.031169523566257764
2.75 -0.029456805396025514
3.0 -0.027839105709394983
3.25 -0.026332698484114507
3.5 -0.024940826077365946
3.75 -0.023659913123742077
4.0 -0.02248307631859727
