delta_wp TPR_B_rho12_real
-4.0 0.022530285601501793
-3.75 0.023709155943862116
-3.5 0.024991906957935236
-3.25 0.026385269260875772
-3.0 0.02789260050563739
-2.75 0.029510354527571267
-2.5 0.031221847275941288
-2.25 0.03298636581012977
-2.0 0.03472040507540003
-1.75 0.036266156138834514
-1.5 0.03734121396392699
-1.25 0.03746658858967946
-1.0 0.03588792427698857
-0.75 0.03155387597779768
-0.5 0.023265299949792363
-0.25 0.009627035369657626
0.0 -4.386541304593569e-14
0.25 -0.00962703536966538
0.5 -0.023265299949785937
0.75 -0.03155387597783047
1.0 -0.035887924276969484
1.25 -0.03746658858965405
1.5 -0.03734121396389845
1.75 -0.03626615613877039
2.0 -0.03472040507529986
2.25 -0.03298636581003843
2.5 -0.031221847275782404
2.75 -0.029510354527421765
3.0 -0.027892600505495795
3.25 -0.026385269260711917
3.5 -0.024991906957766725
3.75 -0.023709155943667407
4.0 -0.022530285601320588
