delta_wp TPR_B_rho23_imag
-4.0 0.007890503993257518
-3.75 0.00642847619337697
-3.5 0.007034681936999353
-3.25 0.007787086639470947
-3.0 0.008714750938202617
-2.75 0.009861832302567031
-2.5 0.011287262547841475
-2.25 0.013068252353297083
-2.0 0.01533152303487718
-1.75 0.018116445829492064
-1.5 0.02164295942291881
-1.25 0.026004776938838427
-1.0 0.031227187228167197
-0.75 0.03707866367619307
-0.5 0.042838435911950586
-0.25 0.04706318126447443
0.0 0.00028746384555379116
0.25 0.047125937084590855
0.5 0.042931688307794265
0.75 0.03716112930493183
1.0 0.03126675617439457
1.25 0.025983564737767348
1.5 0.021553170268880654
1.75 0.01795550637444459
2.0 0.015071332138399389
2.25 0.012763892092642476
2.5 0.010910728412105013
2.75 0.009412056581509938
3.0 0.008189843802075474
3.25 0.007184136005331694
3.5 0.006349121942051052
3.75 0.005649760268974933
4.0 0.0050591224228726485
