delta_wp TPR_B_rho23_imag_RWAanalytical
-4.0 0.004821574260913993
-3.9919839679358717 0.004839056465179931
-3.9839679358717435 0.004856630452184051
-3.975951903807615 0.004874296839273265
-3.967935871743487 0.004892056248742186
-3.9599198396793587 0.0049099093078778635
-3.9519038076152304 0.00492785664900491
-3.943887775551102 0.004945898909531106
-3.935871743486974 0.004964036731993414
-3.9278557114228456 0.004982270764104444
-3.9198396793587174 0.005000601658799378
-3.911823647294589 0.005019030074283332
-3.903807615230461 0.005037556674079173
-3.8957915831663326 0.005056182127075807
-3.8877755511022043 0.005074907107576926
-3.879759519038076 0.005093732295350223
-3.8717434869739478 0.005112658375677081
-3.8637274549098195 0.005131686039402734
-3.8557114228456912 0.005150815982986919
-3.847695390781563 0.0051700489085550125
-3.8396793587174347 0.005189385523949648
-3.8316633266533064 0.005208826542782836
-3.823647294589178 0.005228372684488593
-3.81563126252505 0.005248024674376043
-3.8076152304609217 0.005267783243683076
-3.799599198396794 0.0052876491296304645
-3.791583166332665 0.005307623075476546
-3.7835671342685373 0.005327705830572396
-3.775551102204409 0.005347898150417542
-3.7675350701402808 0.005368200796716211
-3.7595190380761525 0.005388614537434096
-3.7515030060120242 0.005409140146855689
-3.743486973947896 0.005429778405642133
-3.7354709418837677 0.005450530100889653
-3.7274549098196395 0.00547139602618851
-3.719438877755511 0.005492376981682543
-3.711422845691383 0.005513473774129259
-3.7034068136272547 0.005534687216960499
-3.6953907815631264 0.00555601813034368
-3.687374749498998 0.005577467341243601
-3.67935871743487 0.005599035683484865
-3.6713426853707416 0.005620723997814848
-3.6633266533066133 0.005642533131967297
-3.655310621242485 0.005664463940726512
-3.647294589178357 0.005686517285992127
-3.6392785571142285 0.005708694036844507
-3.6312625250501003 0.005730995069610761
-3.623246492985972 0.005753421267931361
-3.6152304609218437 0.005775973522827399
-3.6072144288577155 0.005798652732768458
-3.599198396793587 0.005821459803741128
-3.591182364729459 0.005844395649318153
-3.5831663326653307 0.00586746119072822
-3.5751503006012024 0.005890657356926403
-3.567134268537074 0.005913985084665256
-3.559118236472946 0.0059374453185665555
-3.5511022044088176 0.005961039011193722
-3.5430861723446894 0.005984767123124895
-3.535070140280561 0.006008630623026684
-3.527054108216433 0.006032630487728607
-3.5190380761523046 0.006056767702298193
-3.5110220440881763 0.006081043260116786
-3.503006012024048 0.006105458162956032
-3.49498997995992 0.006130013421055074
-3.4869739478957915 0.006154710053198434
-3.4789579158316633 0.0061795490867946066
-3.470941883767535 0.0062045315579553765
-3.4629258517034067 0.006229658511575824
-3.4549098196392785 0.006254931001415083
-3.44689378757515 0.006280350090177796
-3.438877755511022 0.006305916849596317
-3.4308617234468937 0.006331632360513637
-3.422845691382766 0.006357497712967055
-3.414829659318637 0.006383514006272602
-3.4068136272545093 0.006409682349110166
-3.3987975951903806 0.006436003859609449
-3.390781563126253 0.006462479665436596
-3.382765531062124 0.00648911090388164
-3.3747494989979963 0.006515898721946691
-3.3667334669338675 0.006542844276434896
-3.3587174348697397 0.0065699487340401585
-3.350701402805611 0.006597213271437675
-3.342685370741483 0.006624639075375186
-3.3346693386773545 0.006652227342765084
-3.3266533066132267 0.006679979280777245
-3.3186372745490984 0.006707896106932702
-3.31062124248497 0.006735979049198069
-3.302605210420842 0.006764229346080792
-3.2945891783567136 0.0067926482467252055
-3.2865731462925853 0.006821237011009358
-3.278557114228457 0.006849996909642681
-3.270541082164329 0.006878929224264446
-3.2625250501002006 0.006908035247543048
-3.2545090180360723 0.006937316283276094
-3.246492985971944 0.006966773646491312
-3.2384769539078158 0.006996408663548277
-3.2304609218436875 0.00702622267224097
-3.2224448897795592 0.007056217021901145
-3.214428857715431 0.007086393073502528
-3.2064128256513027 0.007116752199765848
-3.1983967935871744 0.007147295785264693
-3.190380761523046 0.007178025226532187
-3.182364729458918 0.00720894193216851
-3.1743486973947896 0.0072400473229492345
-3.1663326653306614 0.0072713428319345205
-3.158316633266533 0.007302829904579096
-3.150300601202405 0.007334509998843119
-3.1422845691382766 0.007366384585303836
-3.1342685370741483 0.007398455147268095
-3.12625250501002 0.007430723180885657
-3.118236472945892 0.007463190195263376
-3.1102204408817635 0.007495857712580175
-3.1022044088176353 0.007528727268202859
-3.094188376753507 0.007561800410802757
-3.0861723446893787 0.007595078702473164
-3.0781563126252505 0.007628563718847641
-3.070140280561122 0.007662257049219085
-3.062124248496994 0.007696160296659634
-3.0541082164328657 0.007730275078141385
-3.0460921843687374 0.007764603024657898
-3.038076152304609 0.007799145781346519
-3.030060120240481 0.007833905007611473
-3.0220440881763526 0.007868882377247767
-3.014028056112225 0.007904079578565862
-3.006012024048096 0.007939498314517127
-2.9979959919839683 0.00797514030282005
-2.9899799599198396 0.00801100727608724
-2.9819639278557117 0.008047100981953126
-2.973947895791583 0.008083423183202472
-2.965931863727455 0.00811997565789956
-2.9579158316633265 0.008156760199518148
-2.9498997995991987 0.008193778617072104
-2.94188376753507 0.008231032735246788
-2.933867735470942 0.008268524394531062
-2.9258517034068134 0.00830625545135007
-2.9178356713426856 0.008344227778198574
-2.909819639278557 0.008382443263775062
-2.901803607214429 0.008420903813116373
-2.8937875751503004 0.008459611347733065
-2.8857715430861726 0.00849856780574528
-2.877755511022044 0.008537775142019291
-2.869739478957916 0.00857723532830456
-2.8617234468937878 0.008616950353371376
-2.8537074148296595 0.008656922223149012
-2.8456913827655312 0.008697152960864435
-2.837675350701403 0.008737644607181445
-2.8296593186372747 0.008778399220340342
-2.8216432865731464 0.00881941887629801
-2.813627254509018 0.008860705668868431
-2.80561122244489 0.008902261709863597
-2.7975951903807617 0.008944089129234778
-2.7895791583166334 0.008986190075214165
-2.781563126252505 0.009028566714456796
-2.773547094188377 0.00907122123218277
-2.7655310621242486 0.009114155832319726
-2.7575150300601203 0.00915737273764553
-2.749498997995992 0.009200874189931152
-2.741482965931864 0.009244662450083685
-2.7334669338677355 0.009288739798289484
-2.7254509018036073 0.009333108534157381
-2.717434869739479 0.009377770976861917
-2.7094188376753507 0.009422729465286593
-2.7014028056112225 0.00946798635816705
-2.693386773547094 0.009513544034234142
-2.685370741482966 0.009559404892356925
-2.6773547094188377 0.00960557135168537
-2.6693386773547094 0.009652045851792915
-2.661322645290581 0.009698830852818674
-2.6533066132264533 0.009745928835609315
-2.6452905811623246 0.009793342301860564
-2.637274549098197 0.00984107377425818
-2.629258517034068 0.0098891257966185
-2.6212424849699403 0.009937500934028322
-2.6132264529058116 0.009986201772984205
-2.6052104208416837 0.010035230921530991
-2.597194388777555 0.010084591009399643
-2.589178356713427 0.010134284688144098
-2.5811623246492985 0.010184314631277334
-2.5731462925851707 0.010234683534406305
-2.565130260521042 0.010285394115365911
-2.557114228456914 0.010336449114351703
-2.5490981963927855 0.010387851294051413
-2.5410821643286576 0.010439603439775106
-2.533066132264529 0.010491708359583934
-2.525050100200401 0.010544168884417341
-2.5170340681362724 0.010596987868218688
-2.5090180360721446 0.010650168188059117
-2.501002004008016 0.010703712744259668
-2.492985971943888 0.010757624460511362
-2.4849699398797593 0.01081190628399339
-2.4769539078156315 0.010866561185489008
-2.468937875751503 0.010921592159499309
-2.460921843687375 0.010977002224354465
-2.4529058116232467 0.011032794422322608
-2.4448897795591185 0.011088971819715947
-2.43687374749499 0.011145537506994188
-2.428857715430862 0.01120249459886502
-2.4208416833667337 0.011259846234381556
-2.4128256513026054 0.011317595577036585
-2.404809619238477 0.011375745814853469
-2.396793587174349 0.011434300160473546
-2.3887775551102206 0.01149326185123989
-2.3807615230460923 0.01155263414927721
-2.372745490981964 0.011612420341567804
-2.364729458917836 0.011672623740023305
-2.3567134268537075 0.011733247681552112
-2.3486973947895793 0.011794295528122266
-2.340681362725451 0.011855770666819618
-2.3326653306613228 0.011917676509901075
-2.3246492985971945 0.011980016494842715
-2.3166332665330662 0.012042794084382587
-2.308617234468938 0.01210601276655797
-2.3006012024048097 0.012169676054736829
-2.2925851703406814 0.012233787487643331
-2.284569138276553 0.012298350629377125
-2.276553106212425 0.012363369069426087
-2.2685370741482966 0.012428846422672469
-2.2605210420841684 0.012494786329391971
-2.25250501002004 0.012561192455245658
-2.2444889779559123 0.012628068491264311
-2.2364729458917836 0.012695418153825081
-2.2284569138276558 0.012763245184619984
-2.220440881763527 0.012831553350616127
-2.2124248496993992 0.01290034644400723
-2.2044088176352705 0.012969628282156196
-2.1963927855711427 0.013039402707528392
-2.188376753507014 0.01310967358761533
-2.180360721442886 0.013180444814848378
-2.1723446893787575 0.013251720306502216
-2.1643286573146296 0.013323504004587596
-2.156312625250501 0.013395799875733163
-2.148296593186373 0.013468611911055792
-2.1402805611222444 0.013541944126019268
-2.1322645290581166 0.013615800560280698
-2.124248496993988 0.013690185277524473
-2.11623246492986 0.013765102365283104
-2.1082164328657313 0.013840555934744803
-2.1002004008016035 0.013916550120547072
-2.092184368737475 0.013993089080556152
-2.084168336673347 0.014070176995631548
-2.0761523046092183 0.014147818069375484
-2.0681362725450905 0.01422601652786653
-2.0601202404809618 0.014304776619377107
-2.052104208416834 0.014384102614074195
-2.0440881763527057 0.014463998803702902
-2.0360721442885774 0.014544469501252143
-2.028056112224449 0.01462551904060209
-2.020040080160321 0.014707151776152717
-2.0120240480961926 0.014789372082432854
-2.0040080160320644 0.014872184353689222
-1.9959919839679365 0.014955593003454823
-1.9879759519038078 0.015039602464096052
-1.9799599198396791 0.01512421718633788
-1.9719438877755513 0.015209441638766518
-1.9639278557114235 0.015295280307308893
-1.9559118236472948 0.015381737694688195
-1.947895791583166 0.015468818319854796
-1.9398797595190382 0.01555652671739197
-1.9318637274549104 0.015644867436895565
-1.9238476953907817 0.015733845042326857
-1.915831663326653 0.015823464111337924
-1.9078156312625252 0.015913729234568713
-1.8997995991983974 0.016004645014915064
-1.8917835671342687 0.01609621606676675
-1.88376753507014 0.016188447015214824
-1.8757515030060121 0.016281342495227426
-1.8677354709418843 0.016374907150793126
-1.8597194388777556 0.016469145634030964
-1.8517034068136269 0.016564062604266225
-1.843687374749499 0.01665966272707117
-1.8356713426853712 0.01675595067326966
-1.8276553106212425 0.016852931117904757
-1.8196392785571138 0.01695060873916829
-1.811623246492986 0.017048988217291557
-1.8036072144288582 0.01714807423339593
-1.7955911823647295 0.01724787146830249
-1.7875751503006008 0.017348384601299553
-1.779559118236473 0.017449618308867126
-1.7715430861723451 0.017551577263357113
-1.7635270541082164 0.017654266131628182
-1.7555110220440877 0.01775768957363419
-1.74749498997996 0.017861852240965048
-1.739478957915832 0.017966758775338855
-1.7314629258517034 0.01807241380704406
-1.7234468937875755 0.01817882195333048
-1.7154308617234477 0.01828598781674809
-1.707414829659319 0.018393915983432155
-1.6993987975951903 0.018502611021333513
-1.6913827655310625 0.01861207747839286
-1.6833667334669347 0.018722319880657607
-1.675350701402806 0.018833342730340073
-1.6673346693386772 0.01894515050381561
-1.6593186372745494 0.019057747649559514
-1.6513026052104216 0.019171138586021184
-1.643286573146293 0.019285327699434234
-1.6352705410821642 0.019400319341561164
-1.6272545090180364 0.019516117827371247
-1.6192384769539085 0.019632727432650182
-1.6112224448897798 0.01975015239154009
-1.6032064128256511 0.0198683968940084
-1.5951903807615233 0.019987465083244272
-1.5871743486973955 0.02010736105298109
-1.5791583166332668 0.02022808884474343
-1.571142284569138 0.0203496524450172
-1.5631262525050102 0.020472055782341403
-1.5551102204408824 0.020595302724320173
-1.5470941883767537 0.020719397074553322
-1.539078156312625 0.020844342569484208
-1.5310621242484972 0.020970142875163286
-1.5230460921843694 0.021096801583926003
-1.5150300601202407 0.021224322210983314
-1.507014028056112 0.021352708190923563
-1.4989979959919841 0.021481962874124235
-1.4909819639278563 0.02161208952307206
-1.4829659318637276 0.02174309130859001
-1.474949899799599 0.021874971305969805
-1.466933867735471 0.022007732491008524
-1.4589178356713433 0.022141377735947924
-1.4509018036072145 0.022275909805314985
-1.4428857715430858 0.022411331351662435
-1.434869739478958 0.022547644911207913
-1.4268537074148302 0.022684852899370486
-1.4188376753507015 0.02282295760620314
-1.4108216432865728 0.022961961191720122
-1.402805611222445 0.02310186568111794
-1.3947895791583171 0.023242672959888896
-1.3867735470941884 0.023384384768825903
-1.3787575150300597 0.02352700269891766
-1.370741482965932 0.02367052818613325
-1.362725450901804 0.02381496250609507
-1.3547094188376754 0.023960306768639316
-1.3466933867735467 0.02410656191226313
-1.3386773547094188 0.024253728698457874
-1.330661322645291 0.024401807705927626
-1.3226452905811623 0.02455079932469253
-1.3146292585170345 0.024700703750076287
-1.3066132264529067 0.02485152097657774
-1.298597194388778 0.02500325079162593
-1.2905811623246493 0.02515589276921849
-1.2825651302605214 0.025309446263443593
-1.2745490981963936 0.025463910401885104
-1.266533066132265 0.025619284078911345
-1.2585170340681362 0.025775565948847553
-1.2505010020040084 0.02593275441903281
-1.2424849699398806 0.02609084764276165
-1.2344689378757518 0.02624984351211122
-1.2264529058116231 0.026409739650654837
-1.2184368737474953 0.02657053340606307
-1.2104208416833675 0.026732221842593423
-1.2024048096192388 0.026894801733470093
-1.19438877755511 0.0270582695531552
-1.1863727454909823 0.027222621469513594
-1.1783567134268544 0.02738785333587287
-1.1703406813627257 0.027553960682980896
-1.162324649298597 0.027720938710863143
-1.1543086172344692 0.02788878228058264
-1.1462925851703414 0.02805748590590516
-1.1382765531062127 0.028227043744872827
-1.130260521042084 0.028397449591289287
-1.1222444889779561 0.02856869686612033
-1.1142284569138283 0.028740778608813553
-1.1062124248496996 0.028913687468541144
-1.098196392785571 0.029087415695370204
-1.090180360721443 0.029261955131365373
-1.0821643286573153 0.029437297201628507
-1.0741482965931866 0.02961343290528072
-1.0661322645290578 0.02979035280639223
-1.05811623246493 0.029968047024865947
-1.0501002004008022 0.030146505227280927
-1.0420841683366735 0.030325716617702
-1.0340681362725448 0.030505669928462324
-1.026052104208417 0.03068635341092618
-1.0180360721442892 0.030867754826239206
-1.0100200400801604 0.03104986143607367
-1.0020040080160317 0.031232659993376995
-0.9939879759519039 0.03141613673313189
-0.9859719438877761 0.0316002773631367
-0.9779559118236474 0.03178506705481478
-0.9699398797595187 0.03197049043406245
-0.9619238476953909 0.03215653157214498
-0.953907815631263 0.03234317397665051
-0.9458917835671343 0.03253040058251205
-0.9378757515030056 0.03271819374310784
-0.9298597194388778 0.03290653522145109
-0.92184368737475 0.0330954061814798
-0.9138276553106213 0.03328478717945782
-0.9058116232464934 0.033474658155498334
-0.8977955911823656 0.03366499842522176
-0.8897795591182369 0.033855786671559224
-0.8817635270541082 0.03404700093671343
-0.8737474949899804 0.03423861861428918
-0.8657314629258526 0.034430616441604944
-0.8577154308617239 0.03462297049219741
-0.8496993987975952 0.034815656168530995
-0.8416833667334673 0.03500864819492383
-0.8336673346693395 0.03520192061070172
-0.8256513026052108 0.03539544676359126
-0.8176352705410821 0.035589199303362844
-0.8096192384769543 0.03578315017573445
-0.8016032064128265 0.03597727061654559
-0.7935871743486977 0.036171531146211036
-0.785571142284569 0.03636590156446272
-0.7775551102204412 0.03656035094538755
-0.7695390781563134 0.036754847632767935
-0.7615230460921847 0.03694935923573003
-0.753507014028056 0.037143852624704224
-0.7454909819639282 0.037338293927700335
-0.7374749498998003 0.03753264852689821
-0.7294589178356716 0.03772688105555239
-0.7214428857715429 0.03792095539520755
-0.7134268537074151 0.03811483467321841
-0.7054108216432873 0.038308481260565345
-0.6973947895791586 0.03850185676995296
-0.6893787575150299 0.03869492205417601
-0.681362725450902 0.03888763720473239
-0.6733466933867742 0.0390799615506583
-0.6653306613226455 0.03927185365755545
-0.6573146292585168 0.03946327132677421
-0.649298597194389 0.039654171594710345
-0.6412825651302612 0.0398445107321647
-0.6332665330661325 0.04003424424370757
-0.6252505010020037 0.0402233268669793
-0.6172344689378759 0.04041171257184874
-0.6092184368737481 0.04059935455933829
-0.6012024048096194 0.04078620526021107
-0.5931863727454907 0.04097221633310011
-0.5851703406813629 0.04115733866204229
-0.577154308617235 0.04134152235325931
-0.5691382765531063 0.04152471673100577
-0.5611222444889776 0.041706870332278705
-0.5531062124248498 0.04188793090015338
-0.545090180360722 0.04206784537547691
-0.5370741482965933 0.04224655988661239
-0.5290581162324646 0.042424019736882534
-0.5210420841683367 0.04260016938931101
-0.5130260521042089 0.042774952448201176
-0.5050100200400802 0.042948311637024186
-0.4969939879759524 0.04312018877201037
-0.4889779559118246 0.04329052473074723
-0.48096192384769587 0.0434592594149808
-0.47294589178356716 0.04362633170669465
-0.46492985971943934 0.043791679416395786
-0.4569138276553115 0.04395523922236719
-0.4488977955911828 0.04411694659944776
-0.4408817635270541 0.044276735735664124
-0.4328657314629263 0.04443453943476122
-0.42484969939879846 0.04459028900234659
-0.41683366733466976 0.04474391411296981
-0.40881763527054105 0.044895342654986806
-0.4008016032064132 0.04504450054949481
-0.3927855711422854 0.04519131153894287
-0.3847695390781567 0.04533569694020286
-0.376753507014028 0.04547757535589031
-0.36873747494990017 0.04561686233651445
-0.36072144288577235 0.04575346998455745
-0.35270541082164364 0.045887306489768506
-0.34468937875751493 0.04601827558272435
-0.3366733466933871 0.0461462758909412
-0.3286573146292593 0.04627120017838604
-0.3206412825651306 0.04639293444493896
-0.3126252505010019 0.04651135685696702
-0.30460921843687405 0.046626336473363
-0.29659318637274623 0.046737731722764624
-0.2885771543086175 0.04684538857664383
-0.2805611222444888 0.04694913834879523
-0.272545090180361 0.04704879503345357
-0.2645290581162332 0.04714415207046075
-0.25651302605210446 0.04723497839471077
-0.24849699398797576 0.04732101358592986
-0.24048096192384794 0.04740196188008612
-0.23246492985972012 0.04747748473027558
-0.2244488977955914 0.04754719150556908
-0.2164328657314627 0.04761062778063589
-0.20841683366733488 0.04766726048190434
-0.20040080160320706 0.04771645889542153
-0.19238476953907835 0.04775747017448905
-0.18436873747494964 0.0477893874619477
-0.17635270541082182 0.04781110798683519
-0.168336673346694 0.047821277390488325
-0.1603206412825653 0.047818214897827414
-0.15230460921843658 0.047799811478927236
-0.14428857715430876 0.047763389360279324
-0.13627254509018094 0.04770550534015298
-0.12825651302605223 0.04762167097355793
-0.12024048096192352 0.047505947453258396
-0.1122244488977957 0.047350347725731406
-0.10420841683366788 0.04714393541480957
-0.09619238476953917 0.046871435267629664
-0.08817635270541135 0.0465110359555833
-0.08016032064128353 0.04603082019556418
-0.07214428857715482 0.04538279423598499
-0.06412825651302612 0.04449260022895784
-0.056112224448898296 0.04324128363567792
-0.048096192384770475 0.041432323068204116
-0.04008016032064177 0.03873232815059369
-0.03206412825651306 0.03457339505812691
-0.024048096192385238 0.02805578107801755
-0.016032064128257417 0.018230689603038218
-0.008016032064128709 0.006305141524511487
0.0 0.0
0.00801603206412782 0.006305141524510267
0.01603206412825653 0.018230689603036945
0.02404809619238435 0.028055781078016657
0.03206412825651306 0.03457339505812691
0.04008016032064088 0.03873232815059332
0.04809619238476959 0.04143232306820388
0.05611222444889741 0.04324128363567775
0.06412825651302612 0.04449260022895784
0.07214428857715394 0.04538279423598491
0.08016032064128265 0.046030820195564114
0.08817635270541047 0.04651103595558325
0.09619238476953917 0.046871435267629664
0.104208416833667 0.04714393541480954
0.11222444889779482 0.04735034772573139
0.12024048096192352 0.047505947453258396
0.12825651302605134 0.04762167097355793
0.13627254509018005 0.04770550534015297
0.14428857715430787 0.04776338936027932
0.15230460921843658 0.047799811478927236
0.1603206412825644 0.047818214897827414
0.1683366733466931 0.047821277390488325
0.17635270541082093 0.04781110798683519
0.18436873747494964 0.0477893874619477
0.19238476953907746 0.04775747017448906
0.20040080160320617 0.047716458895421525
0.208416833667334 0.04766726048190434
0.2164328657314627 0.04761062778063589
0.22444889779559052 0.04754719150556909
0.23246492985971923 0.0474774847302756
0.24048096192384705 0.04740196188008613
0.24849699398797576 0.04732101358592986
0.2565130260521036 0.04723497839471078
0.2645290581162323 0.047144152070460764
0.2725450901803601 0.04704879503345358
0.2805611222444888 0.04694913834879523
0.28857715430861663 0.04684538857664384
0.29659318637274534 0.04673773172276464
0.30460921843687316 0.04662633647336301
0.3126252505010019 0.04651135685696702
0.3206412825651297 0.04639293444493897
0.3286573146292584 0.04627120017838606
0.3366733466933862 0.046146275890941224
0.34468937875751493 0.04601827558272435
0.35270541082164275 0.04588730648976853
0.36072144288577146 0.045753469984557454
0.3687374749498993 0.04561686233651446
0.376753507014028 0.04547757535589031
0.3847695390781558 0.04533569694020288
0.3927855711422845 0.045191311538942895
0.40080160320641234 0.04504450054949482
0.40881763527054105 0.044895342654986806
0.41683366733466887 0.044743914112969824
0.4248496993987976 0.044590289002346614
0.4328657314629254 0.044434539434761236
0.4408817635270541 0.044276735735664124
0.4488977955911819 0.04411694659944777
0.45691382765531063 0.04395523922236721
0.46492985971943845 0.04379167941639581
0.47294589178356716 0.04362633170669465
0.480961923847695 0.04345925941498083
0.4889779559118237 0.04329052473074725
0.4969939879759515 0.0431201887720104
0.5050100200400802 0.042948311637024186
0.513026052104208 0.04277495244820119
0.5210420841683359 0.04260016938931102
0.5290581162324646 0.042424019736882534
0.5370741482965924 0.04224655988661242
0.5450901803607211 0.042067845375476934
0.5531062124248489 0.04188793090015339
0.5611222444889776 0.041706870332278705
0.5691382765531054 0.041524716731005794
0.5771543086172342 0.04134152235325933
0.585170340681362 0.04115733866204231
0.5931863727454907 0.04097221633310011
0.6012024048096185 0.04078620526021109
0.6092184368737472 0.0405993545593383
0.617234468937875 0.04041171257184876
0.6252505010020037 0.0402233268669793
0.6332665330661316 0.040034244243707585
0.6412825651302603 0.03984451073216473
0.6492985971943881 0.039654171594710366
0.6573146292585168 0.03946327132677421
0.6653306613226446 0.03927185365755547
0.6733466933867733 0.03907996155065833
0.6813627254509012 0.038887637204732414
0.6893787575150299 0.03869492205417601
0.6973947895791577 0.038501856769952984
0.7054108216432864 0.03830848126056537
0.7134268537074142 0.03811483467321844
0.7214428857715429 0.03792095539520755
0.7294589178356707 0.03772688105555242
0.7374749498997994 0.03753264852689823
0.7454909819639273 0.037338293927700356
0.753507014028056 0.037143852624704224
0.7615230460921838 0.03694935923573004
0.7695390781563125 0.036754847632767956
0.7775551102204403 0.03656035094538758
0.785571142284569 0.03636590156446272
0.7935871743486969 0.036171531146211064
0.8016032064128256 0.035977270616545605
0.8096192384769534 0.035783150175734475
0.8176352705410821 0.035589199303362844
0.8256513026052099 0.03539544676359128
0.8336673346693386 0.03520192061070175
0.8416833667334664 0.03500864819492385
0.8496993987975952 0.034815656168530995
0.857715430861723 0.034622970492197425
0.8657314629258517 0.03443061644160496
0.8737474949899795 0.03423861861428921
0.8817635270541082 0.03404700093671343
0.889779559118236 0.033855786671559245
0.8977955911823647 0.03366499842522179
0.9058116232464926 0.033474658155498355
0.9138276553106213 0.03328478717945782
0.9218436873747491 0.03309540618147982
0.9298597194388769 0.0329065352214511
0.9378757515030056 0.03271819374310784
0.9458917835671334 0.03253040058251208
0.9539078156312621 0.03234317397665054
0.96192384769539 0.032156531572145
0.9699398797595187 0.03197049043406245
0.9779559118236465 0.0317850670548148
0.9859719438877752 0.03160027736313672
0.993987975951903 0.031416136733131914
1.0020040080160317 0.031232659993376995
1.0100200400801596 0.03104986143607369
1.0180360721442883 0.030867754826239227
1.026052104208416 0.030686353410926206
1.0340681362725448 0.030505669928462324
1.0420841683366726 0.030325716617702017
1.0501002004008013 0.030146505227280948
1.0581162324649291 0.02996804702486596
1.0661322645290578 0.02979035280639223
1.0741482965931857 0.02961343290528074
1.0821643286573144 0.029437297201628528
1.0901803607214422 0.029261955131365387
1.098196392785571 0.029087415695370204
1.1062124248496987 0.028913687468541165
1.1142284569138274 0.02874077860881357
1.1222444889779553 0.028568696866120354
1.130260521042084 0.028397449591289287
1.1382765531062118 0.028227043744872844
1.1462925851703405 0.02805748590590518
1.1543086172344683 0.027888782280582655
1.162324649298597 0.027720938710863143
1.1703406813627248 0.027553960682980914
1.1783567134268536 0.027387853335872896
1.1863727454909814 0.027222621469513607
1.19438877755511 0.0270582695531552
1.202404809619238 0.02689480173347011
1.2104208416833666 0.026732221842593447
1.2184368737474944 0.026570533406063083
1.2264529058116231 0.026409739650654837
1.234468937875751 0.026249843512111234
1.2424849699398797 0.026090847642761664
1.2505010020040075 0.025932754419032825
1.2585170340681362 0.025775565948847553
1.266533066132264 0.025619284078911356
1.2745490981963927 0.025463910401885125
1.2825651302605205 0.025309446263443613
1.2905811623246493 0.02515589276921849
1.298597194388777 0.02500325079162594
1.3066132264529058 0.02485152097657776
1.3146292585170336 0.024700703750076304
1.3226452905811623 0.02455079932469253
1.3306613226452901 0.02440180770592764
1.338677354709418 0.024253728698457884
1.3466933867735467 0.02410656191226313
1.3547094188376745 0.023960306768639337
1.3627254509018032 0.023814962506095085
1.370741482965931 0.02367052818613327
1.3787575150300597 0.02352700269891766
1.3867735470941875 0.023384384768825914
1.3947895791583163 0.023242672959888914
1.402805611222444 0.023101865681117956
1.4108216432865728 0.022961961191720122
1.4188376753507006 0.022822957606203155
1.4268537074148293 0.022684852899370504
1.4348697394789571 0.02254764491120793
1.4428857715430858 0.022411331351662435
1.4509018036072137 0.022275909805315
1.4589178356713424 0.022141377735947935
1.4669338677354702 0.02200773249100854
1.474949899799599 0.021874971305969805
1.4829659318637267 0.021743091308590024
1.4909819639278554 0.021612089523072076
1.4989979959919832 0.02148196287412425
1.507014028056112 0.021352708190923563
1.5150300601202398 0.02122432221098333
1.5230460921843685 0.021096801583926017
1.5310621242484963 0.020970142875163307
1.539078156312625 0.020844342569484208
1.5470941883767528 0.02071939707455334
1.5551102204408815 0.020595302724320187
1.5631262525050094 0.020472055782341417
1.571142284569138 0.0203496524450172
1.579158316633266 0.020228088844743444
1.5871743486973946 0.020107361052981103
1.5951903807615224 0.019987465083244286
1.6032064128256511 0.0198683968940084
1.611222444889779 0.019750152391540106
1.6192384769539077 0.0196327274326502
1.6272545090180355 0.01951611782737126
1.6352705410821642 0.019400319341561164
1.643286573146292 0.019285327699434248
1.6513026052104207 0.019171138586021194
1.6593186372745485 0.019057747649559524
1.6673346693386772 0.01894515050381561
1.675350701402805 0.01883334273034008
1.6833667334669338 0.018722319880657617
1.6913827655310616 0.018612077478392875
1.6993987975951903 0.018502611021333513
1.7074148296593181 0.01839391598343217
1.7154308617234468 0.018285987816748103
1.7234468937875747 0.018178821953330492
1.7314629258517034 0.01807241380704406
1.7394789579158312 0.017966758775338865
1.747494989979959 0.017861852240965058
1.7555110220440877 0.01775768957363419
1.7635270541082155 0.017654266131628196
1.7715430861723442 0.017551577263357123
1.779559118236472 0.01744961830886714
1.7875751503006008 0.017348384601299553
1.7955911823647286 0.0172478714683025
1.8036072144288573 0.01714807423339594
1.8116232464929851 0.017048988217291568
1.8196392785571138 0.01695060873916829
1.8276553106212416 0.016852931117904767
1.8356713426853704 0.016755950673269675
1.8436873747494982 0.01665966272707118
1.8517034068136269 0.016564062604266225
1.8597194388777547 0.016469145634030975
1.8677354709418834 0.016374907150793136
1.8757515030060112 0.016281342495227433
1.88376753507014 0.016188447015214824
1.8917835671342678 0.01609621606676676
1.8997995991983965 0.01600464501491507
1.9078156312625243 0.015913729234568724
1.915831663326653 0.015823464111337924
1.9238476953907808 0.015733845042326867
1.9318637274549095 0.015644867436895575
1.9398797595190373 0.015556526717391982
1.947895791583166 0.015468818319854796
1.9559118236472939 0.015381737694688204
1.9639278557114226 0.015295280307308907
1.9719438877755504 0.015209441638766526
1.9799599198396791 0.01512421718633788
1.987975951903807 0.015039602464096061
1.9959919839679356 0.014955593003454832
2.0040080160320635 0.01487218435368923
2.012024048096192 0.014789372082432856
2.020040080160321 0.014707151776152717
2.028056112224448 0.014625519040602105
2.0360721442885765 0.01454446950125215
2.0440881763527052 0.014463998803702905
2.052104208416832 0.014384102614074216
2.0601202404809627 0.014304776619377096
2.0681362725450896 0.014226016527866536
2.0761523046092183 0.014147818069375484
2.084168336673347 0.014070176995631548
2.092184368737474 0.013993089080556161
2.1002004008016026 0.013916550120547079
2.1082164328657313 0.013840555934744803
2.1162324649298583 0.01376510236528312
2.1242484969939888 0.013690185277524467
2.1322645290581157 0.013615800560280708
2.1402805611222444 0.013541944126019268
2.148296593186373 0.013468611911055792
2.1563126252505 0.013395799875733173
2.1643286573146288 0.013323504004587606
2.1723446893787575 0.013251720306502216
2.1803607214428844 0.013180444814848391
2.188376753507013 0.013109673587615339
2.196392785571142 0.013039402707528399
2.2044088176352687 0.012969628282156215
2.2124248496993992 0.01290034644400723
2.220440881763526 0.012831553350616134
2.228456913827655 0.01276324518461999
2.2364729458917836 0.012695418153825081
2.2444889779559105 0.012628068491264329
2.2525050100200392 0.012561192455245666
2.260521042084168 0.012494786329391976
2.268537074148295 0.012428846422672484
2.2765531062124253 0.012363369069426084
2.2845691382765523 0.01229835062937713
2.292585170340681 0.012233787487643337
2.3006012024048097 0.012169676054736829
2.3086172344689366 0.012106012766557978
2.3166332665330653 0.012042794084382595
2.324649298597194 0.011980016494842715
2.332665330661321 0.011917676509901089
2.3406813627254515 0.011855770666819617
2.3486973947895784 0.011794295528122273
2.356713426853707 0.011733247681552116
2.364729458917836 0.011672623740023305
2.3727454909819627 0.011612420341567812
2.3807615230460915 0.011552634149277218
2.38877755511022 0.011493261851239892
2.396793587174347 0.011434300160473561
2.4048096192384776 0.011375745814853466
2.4128256513026045 0.011317595577036592
2.420841683366733 0.01125984623438156
2.428857715430862 0.01120249459886502
2.436873747494989 0.011145537506994197
2.4448897795591176 0.011088971819715953
2.4529058116232463 0.011032794422322613
2.460921843687373 0.010977002224354477
2.4689378757515037 0.010921592159499302
2.4769539078156306 0.010866561185489015
2.4849699398797593 0.01081190628399339
2.492985971943888 0.010757624460511362
2.501002004008015 0.010703712744259672
2.5090180360721437 0.010650168188059127
2.5170340681362724 0.010596987868218688
2.5250501002003993 0.010544168884417351
2.53306613226453 0.01049170835958393
2.5410821643286567 0.01043960343977511
2.5490981963927855 0.010387851294051413
2.557114228456914 0.010336449114351703
2.565130260521041 0.01028539411536592
2.57314629258517 0.010234683534406312
2.5811623246492985 0.010184314631277334
2.5891783567134254 0.010134284688144111
2.597194388777554 0.010084591009399646
2.605210420841683 0.010035230921530996
2.61322645290581 0.009986201772984215
2.6212424849699403 0.009937500934028322
2.629258517034067 0.009889125796618506
2.637274549098196 0.009841073774258188
2.6452905811623246 0.009793342301860564
2.6533066132264516 0.009745928835609326
2.6613226452905803 0.00969883085281868
2.669338677354709 0.009652045851792919
2.677354709418836 0.00960557135168538
2.6853707414829664 0.009559404892356923
2.6933867735470933 0.009513544034234149
2.701402805611222 0.009467986358167051
2.7094188376753507 0.009422729465286593
2.7174348697394777 0.009377770976861923
2.7254509018036064 0.009333108534157385
2.733466933867735 0.009288739798289487
2.741482965931862 0.009244662450083693
2.7494989979959925 0.009200874189931148
2.7575150300601194 0.009157372737645535
2.765531062124248 0.009114155832319728
2.773547094188377 0.00907122123218277
2.781563126252504 0.009028566714456805
2.7895791583166325 0.00898619007521417
2.797595190380761 0.008944089129234781
2.805611222444888 0.008902261709863605
2.8136272545090186 0.008860705668868431
2.8216432865731456 0.008819418876298016
2.8296593186372743 0.008778399220340344
2.837675350701403 0.008737644607181445
2.84569138276553 0.008697152960864441
2.8537074148296586 0.00865692222314902
2.8617234468937873 0.008616950353371376
2.8697394789579143 0.00857723532830457
2.8777555110220447 0.00853777514201929
2.8857715430861717 0.008498567805745285
2.8937875751503004 0.008459611347733065
2.901803607214429 0.008420903813116373
2.909819639278556 0.008382443263775066
2.9178356713426847 0.00834422777819858
2.9258517034068134 0.00830625545135007
2.9338677354709404 0.00826852439453107
2.941883767535071 0.008231032735246785
2.949899799599198 0.008193778617072107
2.9579158316633265 0.008156760199518148
2.965931863727455 0.00811997565789956
2.973947895791582 0.008083423183202477
2.981963927855711 0.008047100981953131
2.9899799599198396 0.00801100727608724
2.9979959919839665 0.00797514030282006
3.006012024048095 0.00793949831451713
3.014028056112224 0.007904079578565865
3.022044088176351 0.007868882377247775
3.0300601202404813 0.007833905007611473
3.0380761523046083 0.007799145781346523
3.046092184368737 0.0077646030246579
3.0541082164328657 0.007730275078141385
3.0621242484969926 0.00769616029665964
3.0701402805611213 0.0076622570492190884
3.07815631262525 0.0076285637188476425
3.086172344689377 0.0075950787024731715
3.0941883767535074 0.007561800410802752
3.1022044088176344 0.007528727268202863
3.110220440881763 0.007495857712580176
3.118236472945892 0.007463190195263376
3.1262525050100187 0.007430723180885662
3.1342685370741474 0.007398455147268098
3.142284569138276 0.0073663845853038385
3.150300601202403 0.007334509998843123
3.1583166332665336 0.007302829904579093
3.1663326653306605 0.007271342831934522
3.174348697394789 0.007240047322949237
3.182364729458918 0.00720894193216851
3.190380761523045 0.007178025226532191
3.1983967935871735 0.007147295785264697
3.2064128256513023 0.00711675219976585
3.214428857715429 0.007086393073502533
3.2224448897795597 0.0070562170219011415
3.2304609218436866 0.007026222672240973
3.2384769539078153 0.006996408663548281
3.246492985971944 0.006966773646491312
3.254509018036071 0.0069373162832761
3.2625250501001997 0.006908035247543052
3.2705410821643284 0.006878929224264446
3.2785571142284553 0.006849996909642686
3.286573146292586 0.006821237011009356
3.2945891783567127 0.006792648246725209
3.3026052104208414 0.006764229346080795
3.31062124248497 0.006735979049198069
3.318637274549097 0.006707896106932706
3.326653306613226 0.006679979280777249
3.3346693386773545 0.006652227342765084
3.3426853707414814 0.006624639075375192
3.350701402805612 0.006597213271437671
3.358717434869739 0.006569948734040162
3.3667334669338675 0.006542844276434896
3.3747494989979963 0.006515898721946691
3.382765531062123 0.006489110903881643
3.390781563126252 0.006462479665436596
3.3987975951903806 0.006436003859609449
3.4068136272545075 0.00640968234911017
3.4148296593186362 0.006383514006272604
3.422845691382765 0.00635749771296706
3.430861723446892 0.006331632360513642
3.4388777555110224 0.006305916849596315
3.4468937875751493 0.0062803500901778
3.454909819639278 0.006254931001415084
3.4629258517034067 0.006229658511575824
3.4709418837675337 0.00620453155795538
3.4789579158316624 0.006179549086794609
3.486973947895791 0.006154710053198433
3.494989979959918 0.00613001342105508
3.5030060120240485 0.00610545816295603
3.5110220440881754 0.006081043260116788
3.519038076152304 0.006056767702298195
3.527054108216433 0.006032630487728607
3.5350701402805598 0.006008630623026687
3.5430861723446885 0.005984767123124896
3.551102204408817 0.0059610390111937235
3.559118236472944 0.0059374453185665615
3.5671342685370746 0.005913985084665255
3.5751503006012015 0.005890657356926406
3.5831663326653302 0.005867461190728221
3.591182364729459 0.005844395649318153
3.599198396793586 0.005821459803741133
3.6072144288577146 0.00579865273276846
3.6152304609218433 0.0057759735228274
3.6232464929859702 0.005753421267931366
3.6312625250501007 0.005730995069610759
3.6392785571142277 0.005708694036844509
3.6472945891783564 0.005686517285992128
3.655310621242485 0.005664463940726512
3.663326653306612 0.005642533131967301
3.6713426853707407 0.005620723997814851
3.6793587174348694 0.005599035683484866
3.6873747494989964 0.0055774673412436054
3.695390781563127 0.005556018130343678
3.7034068136272538 0.005534687216960502
3.7114228456913825 0.0055134737741292595
3.719438877755511 0.005492376981682543
3.727454909819638 0.005471396026188512
3.735470941883767 0.0054505301008896554
3.7434869739478955 0.005429778405642135
3.7515030060120225 0.005409140146855692
3.759519038076153 0.005388614537434095
3.76753507014028 0.005368200796716213
3.7755511022044086 0.005347898150417544
3.7835671342685373 0.005327705830572396
3.7915831663326642 0.005307623075476547
3.799599198396793 0.005287649129630465
3.8076152304609217 0.005267783243683076
3.8156312625250486 0.0052480246743760485
3.8236472945891773 0.0052283726844885945
3.831663326653306 0.005208826542782838
3.839679358717433 0.005189385523949652
3.8476953907815634 0.005170048908555012
3.8557114228456904 0.0051508159829869215
3.863727454909819 0.005131686039402735
3.8717434869739478 0.005112658375677081
3.8797595190380747 0.005093732295350228
3.8877755511022034 0.005074907107576928
3.895791583166332 0.0050561821270758076
3.903807615230459 0.005037556674079177
3.9118236472945895 0.005019030074283331
3.9198396793587165 0.005000601658799381
3.927855711422845 0.004982270764104445
3.935871743486974 0.004964036731993414
3.943887775551101 0.004945898909531109
3.9519038076152295 0.004927856649004913
3.9599198396793582 0.0049099093078778635
3.967935871743485 0.004892056248742191
3.9759519038076157 0.004874296839273262
3.9839679358717426 0.004856630452184053
3.9919839679358713 0.0048390564651799315
4.0 0.004821574260913993
