delta_wp TPR_B_rho23_real
-4.0 6.529726608298968e-05
-3.75 6.186655498084232e-05
-3.5 7.011452605282694e-05
-3.25 8.111636571095147e-05
-3.0 9.55410495080864e-05
-2.75 0.00011461100548744519
-2.5 0.00014019697282839866
-2.25 0.0001751690377962428
-2.0 0.0002391053791201503
-1.75 0.0002940146005035872
-1.5 0.0003972160781884321
-1.25 0.0005546522342438613
-1.0 0.0008054773974455122
-0.75 0.0012324191847552415
-0.5 0.002061841057385118
-0.25 0.0043698867956167555
0.0 -0.0009863685733992541
0.25 -0.0040336162034606245
0.5 -0.0017639727111598163
0.75 -0.000974936575875628
1.0 -0.0005879867912464649
1.25 -0.00037276871267306335
1.5 -0.00024512649019139455
1.75 -0.00016607586986717643
2.0 -0.0001153897116053028
2.25 -8.19194022965471e-05
2.5 -5.921903326907141e-05
2.75 -4.346144232818174e-05
3.0 -3.229358403647151e-05
3.25 -2.4231189362834463e-05
3.5 -1.831463437117434e-05
3.75 -1.3909323412468925e-05
4.0 -1.0586829757338093e-05
