delta_wp TPR_C_rho23_imag
-4.0 0.003050631143411411
-3.75 0.002637358647505893
-3.5 0.0024637113245105737
-3.25 0.0025354645093177627
-3.0 0.002943639503799176
-2.75 0.003950219538761023
-2.5 0.006104501567592228
-2.25 0.00981421693096141
-2.0 0.005837076087222351
-1.75 0.017156059773013797
-1.5 0.01509114555183493
-1.25 0.01130614745084179
-1.0 0.008532928016565793
-0.75 0.006855957009973635
-0.5 0.005884252239766571
-0.25 0.005391028365172099
0.0 0.005309139698119094
0.25 0.005415409481485609
0.5 0.005944251420809731
0.75 0.006972038264145915
1.0 0.008727911881232306
1.25 0.011357984833323582
1.5 0.01335254497762371
1.75 0.011118744015844012
2.0 -0.00417539896173111
2.25 0.006597669887418202
2.5 0.004533527797823902
2.75 0.002158760303880885
3.0 0.0007857212361356078
3.25 0.00012944742328468422
3.5 -0.00013637415153465988
3.75 -0.00020189269292450237
4.0 -0.0001309955844486068
