delta_wp TPR_C_rho23_imag_RWAanalytical
-4.0 0.005299428457802981
-3.9919839679358717 0.005236097920709199
-3.9839679358717435 0.005173571137709332
-3.975951903807615 0.005111839627630711
-3.967935871743487 0.00505089486348133
-3.9599198396793587 0.004990728281192418
-3.9519038076152304 0.004931331287907
-3.943887775551102 0.004872695269831174
-3.935871743486974 0.00481481159966451
-3.9278557114228456 0.0047576716436257055
-3.9198396793587174 0.004701266768089175
-3.911823647294589 0.004645588345847905
-3.903807615230461 0.004590627762017551
-3.8957915831663326 0.00453637641959625
-3.8877755511022043 0.004482825744694415
-3.879759519038076 0.004429967191448175
-3.8717434869739478 0.004377792246629837
-3.8637274549098195 0.004326292433968321
-3.8557114228456912 0.00427545931819215
-3.847695390781563 0.004225284508807098
-3.8396793587174347 0.00417575966362028
-3.8316633266533064 0.004126876492022048
-3.823647294589178 0.004078626758036715
-3.81563126252505 0.004031002283152624
-3.8076152304609217 0.003983994948941899
-3.799599198396794 0.003937596699479675
-3.791583166332665 0.0038917995435723217
-3.7835671342685373 0.0038465955568039076
-3.775551102204409 0.003801976883409519
-3.7675350701402808 0.003757935737984197
-3.7595190380761525 0.003714464407035348
-3.7515030060120242 0.0036715552503867096
-3.743486973947896 0.0036292007024412137
-3.7354709418837677 0.0035873932733101166
-3.7274549098196395 0.003546125549815208
-3.719438877755511 0.003505390196370821
-3.711422845691383 0.003465179955752006
-3.7034068136272547 0.0034254876497549266
-3.6953907815631264 0.003386306179755416
-3.687374749498998 0.003347628527171197
-3.67935871743487 0.0033094477538331835
-3.6713426853707416 0.003271757002270978
-3.6633266533066133 0.0032345494959174635
-3.655310621242485 0.003197818539237156
-3.647294589178357 0.0031615575177828224
-3.6392785571142285 0.003125759898184623
-3.6312625250501003 0.0030904192280758447
-3.623246492985972 0.003055529135959141
-3.6152304609218437 0.003021083331016982
-3.6072144288577155 0.0029870756028698405
-3.599198396793587 0.0029534998212855093
-3.591182364729459 0.0029203499358427566
-3.5831663326653307 0.0028876199755523612
-3.5751503006012024 0.0028553040484384706
-3.567134268537074 0.0028233963410830495
-3.559118236472946 0.0027918911181360087
-3.5511022044088176 0.0027607827217936065
-3.5430861723446894 0.002730065571247423
-3.535070140280561 0.0026997341621062096
-3.527054108216433 0.002669783065792776
-3.5190380761523046 0.0026402069289179
-3.5110220440881763 0.0026110004726332663
-3.503006012024048 0.0025821584919652066
-3.49498997995992 0.0025536758551310094
-3.4869739478957915 0.002525547502839453
-3.4789579158316633 0.0024977684475770883
-3.470941883767535 0.002470333772881793
-3.4629258517034067 0.002443238632604953
-3.4549098196392785 0.0024164782501636065
-3.44689378757515 0.002390047917783805
-3.438877755511022 0.002363942995736352
-3.4308617234468937 0.0023381589115660448
-3.422845691382766 0.0023126911593154614
-3.414829659318637 0.002287535298744264
-3.4068136272545093 0.0022626869545449937
-3.3987975951903806 0.0022381418155561646
-3.390781563126253 0.002213895633973557
-3.382765531062124 0.002189944224560392
-3.3747494989979963 0.0021662834638572276
-3.3667334669338675 0.0021429092893921306
-3.3587174348697397 0.0021198176988918684
-3.350701402805611 0.0020970047494946495
-3.342685370741483 0.0020744665569650098
-3.3346693386773545 0.0020521992949113395
-3.3266533066132267 0.002030199194006564
-3.3186372745490984 0.0020084625412123964
-3.31062124248497 0.001986985679007627
-3.302605210420842 0.0019657650046207994
-3.2945891783567136 0.0019447969692676665
-3.2865731462925853 0.0019240780773937397
-3.278557114228457 0.0019036048859222693
-3.270541082164329 0.001883374003507908
-3.2625250501002006 0.0018633820897963527
-3.2545090180360723 0.0018436258546901823
-3.246492985971944 0.0018241020576211311
-3.2384769539078158 0.0018048075068289769
-3.2304609218436875 0.0017857390586472558
-3.2224448897795592 0.001766893616795936
-3.214428857715431 0.0017482681316812311
-3.2064128256513027 0.0017298595997026585
-3.1983967935871744 0.0017116650625674879
-3.190380761523046 0.0016936816066126484
-3.182364729458918 0.0016759063621342358
-3.1743486973947896 0.0016583365027246458
-3.1663326653306614 0.001640969244617443
-3.158316633266533 0.0016238018460399957
-3.150300601202405 0.0016068316065739323
-3.1422845691382766 0.0015900558665234603
-3.1342685370741483 0.001573472006291567
-3.12625250501002 0.0015570774457641197
-3.118236472945892 0.0015408696437018887
-3.1102204408817635 0.0015248460971404784
-3.1022044088176353 0.001509004340798177
-3.094188376753507 0.0014933419464917116
-3.0861723446893787 0.001477856522559878
-3.0781563126252505 0.0014625457132950508
-3.070140280561122 0.001447407198382514
-3.062124248496994 0.0014324386923476008
-3.0541082164328657 0.001417637944010606
-3.0460921843687374 0.0014030027359494043
-3.038076152304609 0.0013885308839697676
-3.030060120240481 0.0013742202365832925
-3.0220440881763526 0.0013600686744929147
-3.014028056112225 0.001346074110085938
-3.006012024048096 0.0013322344869345201
-2.9979959919839683 0.0013185477793035696
-2.9899799599198396 0.0013050119916659553
-2.9819639278557117 0.0012916251582250119
-2.973947895791583 0.0012783853424442125
-2.965931863727455 0.0012652906365840024
-2.9579158316633265 0.0012523391612456632
-2.9498997995991987 0.0012395290649221803
-2.94188376753507 0.0012268585235560038
-2.933867735470942 0.0012143257401036596
-2.9258517034068134 0.001201928944107097
-2.9178356713426856 0.0011896663912717344
-2.909819639278557 0.001177536363051085
-2.901803607214429 0.0011655371662379235
-2.8937875751503004 0.0011536671325618733
-2.8857715430861726 0.0011419246182933734
-2.877755511022044 0.0011303080038539064
-2.869739478957916 0.0011188156934324443
-2.8617234468937878 0.0011074461146079947
-2.8537074148296595 0.0010961977179781974
-2.8456913827655312 0.0010850689767938721
-2.837675350701403 0.0010740583865994394
-2.8296593186372747 0.0010631644648791416
-2.8216432865731464 0.0010523857507089697
-2.813627254509018 0.0010417208044142341
-2.80561122244489 0.0010311682072326768
-2.7975951903807617 0.0010207265609830697
-2.7895791583166334 0.0010103944877391986
-2.781563126252505 0.001000170629509167
-2.773547094188377 0.0009900536479199378
-2.7655310621242486 0.0009800422239070335
-2.7575150300601203 0.0009701350574093229
-2.749498997995992 0.0009603308670688073
-2.741482965931864 0.0009506283899353454
-2.7334669338677355 0.0009410263811762291
-2.7254509018036073 0.0009315236137905388
-2.717434869739479 0.0009221188783282097
-2.7094188376753507 0.0009128109826137295
-2.7014028056112225 0.0009035987514743971
-2.693386773547094 0.0008944810264730725
-2.685370741482966 0.0008854566656453466
-2.6773547094188377 0.000876524543241056
-2.6693386773547094 0.0008676835494700841
-2.661322645290581 0.0008589325902523655
-2.6533066132264533 0.0008502705869720423
-2.6452905811623246 0.0008416964762356898
-2.637274549098197 0.0008332092096345616
-2.629258517034068 0.0008248077535107692
-2.6212424849699403 0.0008164910887273572
-2.6132264529058116 0.0008082582104421822
-2.6052104208416837 0.0008001081278855594
-2.597194388777555 0.0007920398641415936
-2.589178356713427 0.0007840524559331512
-2.5811623246492985 0.0007761449534103951
-2.5731462925851707 0.0007683164199428466
-2.565130260521042 0.0007605659319148844
-2.557114228456914 0.0007528925785246632
-2.5490981963927855 0.0007452954615863491
-2.5410821643286576 0.0007377736953356633
-2.533066132264529 0.0007303264062386343
-2.525050100200401 0.0007229527328035444
-2.5170340681362724 0.0007156518253959823
-2.5090180360721446 0.0007084228460569789
-2.501002004008016 0.0007012649683241491
-2.492985971943888 0.0006941773770558109
-2.4849699398797593 0.0006871592682580101
-2.4769539078156315 0.0006802098489144234
-2.468937875751503 0.0006733283368190685
-2.460921843687375 0.000666513960411795
-2.4529058116232467 0.0006597659586164886
-2.4448897795591185 0.0006530835806819612
-2.43687374749499 0.0006464660860254658
-2.428857715430862 0.0006399127440788011
-2.4208416833667337 0.000633422834136956
-2.4128256513026054 0.000626995645209254
-2.404809619238477 0.0006206304758729537
-2.396793587174349 0.0006143266341292617
-2.3887775551102206 0.0006080834372617194
-2.3807615230460923 0.0006019002116969202
-2.372745490981964 0.0005957762928675207
-2.364729458917836 0.000589711025077501
-2.3567134268537075 0.0005837037613696411
-2.3486973947895793 0.000577753863395174
-2.340681362725451 0.0005718607012855737
-2.3326653306613228 0.0005660236535264477
-2.3246492985971945 0.0005602421068334948
-2.3166332665330662 0.000554515456030491
-2.308617234468938 0.0005488431039292729
-2.3006012024048097 0.0005432244612116791
-2.2925851703406814 0.000537658946313422
-2.284569138276553 0.0005321459853098512
-2.276553106212425 0.0005266850118035777
-2.2685370741482966 0.0005212754668139308
-2.2605210420841684 0.0005159167986682078
-2.25250501002004 0.0005106084628946967
-2.2444889779559123 0.00050534992211743
-2.2364729458917836 0.0005001406459526476
-2.2284569138276558 0.0004949801109069399
-2.220440881763527 0.0004898678002770325
-2.2124248496993992 0.00048480320405120054
-2.2044088176352705 0.0004797858188122647
-2.1963927855711427 0.00047481514764216457
-2.188376753507014 0.00046989070002805754
-2.180360721442886 0.000465011991769942
-2.1723446893787575 0.00046017854488975506
-2.1643286573146296 0.00045538988754194196
-2.156312625250501 0.00045064555392544984
-2.148296593186373 0.00044594508419714367
-2.1402805611222444 0.0004412880243865981
-2.1322645290581166 0.0004366739263122631
-2.124248496993988 0.00043210234749895926
-2.11623246492986 0.00042757285109669993
-2.1082164328657313 0.0004230850058007979
-2.1002004008016035 0.0004186383857732547
-2.092184368737475 0.0004142325705653905
-2.084168336673347 0.0004098671450417133
-2.0761523046092183 0.00040554169930498706
-2.0681362725450905 0.00040125582862249705
-2.0601202404809618 0.00039700913335347467
-2.052104208416834 0.00039280121887767696
-2.0440881763527057 0.00038863169552508914
-2.0360721442885774 0.0003845001785067412
-2.028056112224449 0.00038040628784661104
-2.020040080160321 0.00037634964831460295
-2.0120240480961926 0.0003723298893605777
-2.0040080160320644 0.00036834664504941983
-1.9959919839679365 0.00036439955399712433
-1.9879759519038078 0.0003604882593078819
-1.9799599198396791 0.00035661240851215376
-1.9719438877755513 0.00035277165350571004
-1.9639278557114235 0.00034896565048962084
-1.9559118236472948 0.00034519405991118485
-1.947895791583166 0.00034145654640577736
-1.9398797595190382 0.00033775277873960213
-1.9318637274549104 0.0003340824297533325
-1.9238476953907817 0.00033044517630662773
-1.915831663326653 0.00032684069922351124
-1.9078156312625252 0.0003232686832385913
-1.8997995991983974 0.00031972881694411384
-1.8917835671342687 0.0003162207927378347
-1.88376753507014 0.0003127443067716957
-1.8757515030060121 0.00030929905890128963
-1.8677354709418843 0.00030588475263610353
-1.8597194388777556 0.0003025010950905276
-1.8517034068136269 0.00029914779693561634
-1.843687374749499 0.00029582457235158765
-1.8356713426853712 0.0002925311389810496
-1.8276553106212425 0.0002892672178829434
-1.8196392785571138 0.000286032533487191
-1.811623246492986 0.0002828268135500317
-1.8036072144288582 0.00027964978911004107
-1.7955911823647295 0.00027650119444481904
-1.7875751503006008 0.00027338076702833797
-1.779559118236473 0.00027028824748893563
-1.7715430861723451 0.00026722337956794616
-1.7635270541082164 0.0002641859100789587
-1.7555110220440877 0.0002611755888676921
-1.74749498997996 0.0002581921687724757
-1.739478957915832 0.00025523540558532496
-1.7314629258517034 0.0002523050580136071
-1.7234468937875755 0.0002494008876422826
-1.7154308617234477 0.00024652265889671296
-1.707414829659319 0.00024367013900602945
-1.6993987975951903 0.00024084309796705152
-1.6913827655310625 0.0002380413085087444
-1.6833667334669347 0.0002352645460572092
-1.675350701402806 0.00023251258870119745
-1.6673346693386772 0.00022978521715814117
-1.6593186372745494 0.00022708221474068807
-1.6513026052104216 0.00022440336732373583
-1.643286573146293 0.00022174846331195815
-1.6352705410821642 0.0002191172936078138
-1.6272545090180364 0.00021650965158002958
-1.6192384769539085 0.00021392533303255093
-1.6112224448897798 0.00021136413617395405
-1.6032064128256511 0.00020882586158731058
-1.5951903807615233 0.00020631031220049692
-1.5871743486973955 0.00020381729325694237
-1.5791583166332668 0.00020134661228681002
-1.571142284569138 0.00019889807907860223
-1.5631262525050102 0.00019647150565118356
-1.5551102204408824 0.00019406670622621491
-1.5470941883767537 0.00019168349720099454
-1.539078156312625 0.00018932169712169682
-1.5310621242484972 0.0001869811266570036
-1.5230460921843694 0.00018466160857212084
-1.5150300601202407 0.00018236296770317778
-1.507014028056112 0.0001800850309319996
-1.4989979959919841 0.00017782762716124815
-1.4909819639278563 0.00017559058728992526
-1.4829659318637276 0.0001733737441892348
-1.474949899799599 0.00017117693267879595
-1.466933867735471 0.00016899998950320181
-1.4589178356713433 0.00016684275330891937
-1.4509018036072145 0.0001647050646215257
-1.4428857715430858 0.00016258676582327496
-1.434869739478958 0.00016048770113098968
-1.4268537074148302 0.00015840771657427274
-1.4188376753507015 0.0001563466599740357
-1.4108216432865728 0.000154304380921338
-1.402805611222445 0.00015228073075653124
-1.3947895791583171 0.00015027556254870465
-1.3867735470941884 0.00014828873107542863
-1.3787575150300597 0.00014632009280279032
-1.370741482965932 0.0001443695058657162
-1.362725450901804 0.0001424368300485782
-1.3547094188376754 0.00014052192676608025
-1.3466933867735467 0.0001386246590444194
-1.3386773547094188 0.0001367448915027175
-1.330661322645291 0.00013488249033471943
-1.3226452905811623 0.00013303732329075533
-1.3146292585170345 0.00013120925965996174
-1.3066132264529067 0.00012939817025275647
-1.298597194388778 0.00012760392738356597
-1.2905811623246493 0.00012582640485380074
-1.2825651302605214 0.0001240654779350736
-1.2745490981963936 0.00012232102335265835
-1.266533066132265 0.00012059291926918604
-1.2585170340681362 0.00011888104526857448
-1.2505010020040084 0.0001171852823401872
-1.2424849699398806 0.00011550551286321851
-1.2344689378757518 0.00011384162059130306
-1.2264529058116231 0.00011219349063734483
-1.2184368737474953 0.00011056100945856272
-1.2104208416833675 0.00010894406484174949
-1.2024048096192388 0.00010734254588874205
-1.19438877755511 0.0001057563430020993
-1.1863727454909823 0.0001041853478709837
-1.1783567134268544 0.00010262945345724476
-1.1703406813627257 0.00010108855398170147
-1.162324649298597 9.956254491062099e-05
-1.1543086172344692 9.805132294238965e-05
-1.1462925851703414 9.655478599437409e-05
-1.1382765531062127 9.507283318997112e-05
-1.130260521042084 9.360536484584212e-05
-1.1222444889779561 9.215228245932951e-05
-1.1142284569138283 9.071348869605279e-05
-1.1062124248496996 8.928888737768278e-05
-1.098196392785571 8.787838346989042e-05
-1.090180360721443 8.648188307046739e-05
-1.0821643286573153 8.509929339761689e-05
-1.0741482965931866 8.373052277841232e-05
-1.0661322645290578 8.237548063742158e-05
-1.05811623246493 8.10340774854936e-05
-1.0501002004008022 7.970622490870564e-05
-1.0420841683366735 7.839183555746995e-05
-1.0340681362725448 7.709082313579654e-05
-1.026052104208417 7.580310239070994e-05
-1.0180360721442892 7.452858910181792e-05
-1.0100200400801604 7.326720007103106e-05
-1.0020040080160317 7.201885311243025e-05
-0.9939879759519039 7.078346704227991e-05
-0.9859719438877761 6.956096166918514e-05
-0.9779559118236474 6.835125778439195e-05
-0.9699398797595187 6.71542771522274e-05
-0.9619238476953909 6.596994250067804e-05
-0.953907815631263 6.479817751210479e-05
-0.9458917835671343 6.363890681409311e-05
-0.9378757515030056 6.249205597043648e-05
-0.9298597194388778 6.13575514722504e-05
-0.92184368737475 6.023532072921615e-05
-0.9138276553106213 5.912529206095304e-05
-0.9058116232464934 5.8027394688516846e-05
-0.8977955911823656 5.6941558726022e-05
-0.8897795591182369 5.586771517238776e-05
-0.8817635270541082 5.480579590320583e-05
-0.8737474949899804 5.3755733662727395e-05
-0.8657314629258526 5.2717462055968584e-05
-0.8577154308617239 5.169091554093325e-05
-0.8496993987975952 5.067602942095132e-05
-0.8416833667334673 4.967273983713056e-05
-0.8336673346693395 4.868098376092098e-05
-0.8256513026052108 4.770069898679093e-05
-0.8176352705410821 4.6731824125012926e-05
-0.8096192384769543 4.577429859455751e-05
-0.8016032064128265 4.4828062616094396e-05
-0.7935871743486977 4.389305720509964e-05
-0.785571142284569 4.296922416506764e-05
-0.7775551102204412 4.2056506080825845e-05
-0.7695390781563134 4.1154846311951596e-05
-0.7615230460921847 4.026418898629026e-05
-0.753507014028056 3.9384478993572895e-05
-0.7454909819639282 3.8515661979132236e-05
-0.7374749498998003 3.765768433771578e-05
-0.7294589178356716 3.6810493207395655e-05
-0.7214428857715429 3.597403646357339e-05
-0.7134268537074151 3.51482627130785e-05
-0.7054108216432873 3.433312128835982e-05
-0.6973947895791586 3.352856224176926e-05
-0.6893787575150299 3.273453633993615e-05
-0.681362725450902 3.195099505823134e-05
-0.6733466933867742 3.117789057531979e-05
-0.6653306613226455 3.041517576780162e-05
-0.6573146292585168 2.966280420493984e-05
-0.649298597194389 2.8920730143473755e-05
-0.6412825651302612 2.8188908522517324e-05
-0.6332665330661325 2.746729495854192e-05
-0.6252505010020037 2.6755845740442296e-05
-0.6172344689378759 2.6054517824684494e-05
-0.6092184368737481 2.5363268830535182e-05
-0.6012024048096194 2.468205703537199e-05
-0.5931863727454907 2.401084137007342e-05
-0.5851703406813629 2.334958141448754e-05
-0.577154308617235 2.269823739297875e-05
-0.5691382765531063 2.2056770170052215e-05
-0.5611222444889776 2.1425141246054833e-05
-0.5531062124248498 2.080331275295176e-05
-0.545090180360722 2.0191247450178024e-05
-0.5370741482965933 1.9588908720564772e-05
-0.5290581162324646 1.89962605663391e-05
-0.5210420841683367 1.841326760519658e-05
-0.5130260521042089 1.7839895066446046e-05
-0.5050100200400802 1.7276108787226242e-05
-0.4969939879759524 1.6721875208793335e-05
-0.4889779559118246 1.6177161372878267e-05
-0.48096192384769587 1.564193491811424e-05
-0.47294589178356716 1.5116164076533144e-05
-0.46492985971943934 1.4599817670130183e-05
-0.4569138276553115 1.409286510749631e-05
-0.4488977955911828 1.3595276380518136e-05
-0.4408817635270541 1.3107022061144491e-05
-0.4328657314629263 1.2628073298218865e-05
-0.42484969939879846 1.215840181437744e-05
-0.41683366733466976 1.1697979903012341e-05
-0.40881763527054105 1.124678042529942e-05
-0.4008016032064132 1.0804776807289788e-05
-0.3927855711422854 1.0371943037064907e-05
-0.3847695390781567 9.94825366195485e-06
-0.376753507014028 9.533683785819135e-06
-0.36873747494990017 9.128209066389399e-06
-0.36072144288577235 8.73180571267374e-06
-0.35270541082164364 8.34445048242241e-06
-0.34468937875751493 7.966120679654236e-06
-0.3366733466933871 7.596794152243218e-06
-0.3286573146292593 7.236449289565038e-06
-0.3206412825651306 6.885065020203271e-06
-0.3126252505010019 6.542620809714702e-06
-0.30460921843687405 6.209096658453257e-06
-0.29659318637274623 5.884473099452317e-06
-0.2885771543086175 5.568731196365216e-06
-0.2805611222444888 5.26185254146341e-06
-0.272545090180361 4.963819253691847e-06
-0.2645290581162332 4.6746139767813625e-06
-0.25651302605210446 4.394219877417912e-06
-0.24849699398797576 4.122620643468179e-06
-0.24048096192384794 3.859800482261148e-06
-0.23246492985972012 3.6057441189254947e-06
-0.2244488977955914 3.360436794782626e-06
-0.2164328657314627 3.1238642657949533e-06
-0.20841683366733488 2.8960128010690536e-06
-0.20040080160320706 2.676869181413596e-06
-0.19238476953907835 2.4664206979518616e-06
-0.18436873747494964 2.264655150788534e-06
-0.17635270541082182 2.07156084773044e-06
-0.168336673346694 1.8871266030611335e-06
-0.1603206412825653 1.7113417363692062e-06
-0.15230460921843658 1.5441960714300139e-06
-0.14428857715430876 1.3856799351405777e-06
-0.13627254509018094 1.2357841565075644e-06
-0.12825651302605223 1.0945000656882437e-06
-0.12024048096192352 9.618194930841798e-07
-0.1122244488977957 8.377347684874438e-07
-0.10420841683366788 7.222387202792964e-07
-0.09619238476953917 6.153246746812386e-07
-0.08817635270541135 5.169864550582568e-07
-0.08016032064128353 4.2721838127404167e-07
-0.07214428857715482 3.460152690982882e-07
-0.06412825651302612 2.73372429665842e-07
-0.056112224448898296 2.092856689875898e-07
-0.048096192384770475 1.5375128751306082e-07
-0.04008016032064177 1.0676607974468737e-07
-0.03206412825651306 6.832733390361715e-08
-0.024048096192385238 3.8432831647011424e-08
-0.016032064128257417 1.708084783681602e-08
-0.008016032064128709 4.270150359970623e-09
0.0 0.0
0.00801603206412782 4.270150359969676e-09
0.01603206412825653 1.7080847836814123e-08
0.02404809619238435 3.843283164700858e-08
0.03206412825651306 6.832733390361715e-08
0.04008016032064088 1.0676607974468263e-07
0.04809619238476959 1.5375128751305513e-07
0.05611222444889741 2.092856689875832e-07
0.06412825651302612 2.73372429665842e-07
0.07214428857715394 3.4601526909827966e-07
0.08016032064128265 4.2721838127403224e-07
0.08817635270541047 5.169864550582464e-07
0.09619238476953917 6.153246746812386e-07
0.104208416833667 7.222387202792842e-07
0.11222444889779482 8.377347684874305e-07
0.12024048096192352 9.618194930841798e-07
0.12825651302605134 1.0945000656882287e-06
0.13627254509018005 1.235784156507548e-06
0.14428857715430787 1.3856799351405603e-06
0.15230460921843658 1.5441960714300139e-06
0.1603206412825644 1.7113417363691872e-06
0.1683366733466931 1.8871266030611134e-06
0.17635270541082093 2.0715608477304187e-06
0.18436873747494964 2.264655150788534e-06
0.19238476953907746 2.4664206979518387e-06
0.20040080160320617 2.676869181413572e-06
0.208416833667334 2.8960128010690294e-06
0.2164328657314627 3.1238642657949533e-06
0.22444889779559052 3.3604367947825995e-06
0.23246492985971923 3.605744118925467e-06
0.24048096192384705 3.859800482261119e-06
0.24849699398797576 4.122620643468179e-06
0.2565130260521036 4.394219877417881e-06
0.2645290581162323 4.674613976781331e-06
0.2725450901803601 4.963819253691814e-06
0.2805611222444888 5.26185254146341e-06
0.28857715430861663 5.568731196365182e-06
0.29659318637274534 5.884473099452283e-06
0.30460921843687316 6.20909665845322e-06
0.3126252505010019 6.542620809714702e-06
0.3206412825651297 6.885065020203231e-06
0.3286573146292584 7.236449289564999e-06
0.3366733466933862 7.596794152243176e-06
0.34468937875751493 7.966120679654236e-06
0.35270541082164275 8.344450482422366e-06
0.36072144288577146 8.731805712673698e-06
0.3687374749498993 9.128209066389355e-06
0.376753507014028 9.533683785819135e-06
0.3847695390781558 9.948253661954804e-06
0.3927855711422845 1.0371943037064858e-05
0.40080160320641234 1.080477680728974e-05
0.40881763527054105 1.124678042529942e-05
0.41683366733466887 1.1697979903012289e-05
0.4248496993987976 1.2158401814377386e-05
0.4328657314629254 1.2628073298218811e-05
0.4408817635270541 1.3107022061144491e-05
0.4488977955911819 1.359527638051808e-05
0.45691382765531063 1.4092865107496256e-05
0.46492985971943845 1.4599817670130127e-05
0.47294589178356716 1.5116164076533144e-05
0.480961923847695 1.5641934918114183e-05
0.4889779559118237 1.617716137287821e-05
0.4969939879759515 1.6721875208793274e-05
0.5050100200400802 1.7276108787226242e-05
0.513026052104208 1.7839895066445985e-05
0.5210420841683359 1.8413267605196515e-05
0.5290581162324646 1.89962605663391e-05
0.5370741482965924 1.9588908720564708e-05
0.5450901803607211 2.0191247450177956e-05
0.5531062124248489 2.0803312752951687e-05
0.5611222444889776 2.1425141246054833e-05
0.5691382765531054 2.2056770170052147e-05
0.5771543086172342 2.269823739297868e-05
0.585170340681362 2.3349581414487464e-05
0.5931863727454907 2.401084137007342e-05
0.6012024048096185 2.4682057035371917e-05
0.6092184368737472 2.5363268830535114e-05
0.617234468937875 2.6054517824684412e-05
0.6252505010020037 2.6755845740442296e-05
0.6332665330661316 2.7467294958541837e-05
0.6412825651302603 2.8188908522517243e-05
0.6492985971943881 2.892073014347367e-05
0.6573146292585168 2.966280420493984e-05
0.6653306613226446 3.041517576780153e-05
0.6733466933867733 3.1177890575319704e-05
0.6813627254509012 3.195099505823125e-05
0.6893787575150299 3.273453633993615e-05
0.6973947895791577 3.352856224176916e-05
0.7054108216432864 3.433312128835973e-05
0.7134268537074142 3.5148262713078406e-05
0.7214428857715429 3.597403646357339e-05
0.7294589178356707 3.681049320739557e-05
0.7374749498997994 3.765768433771569e-05
0.7454909819639273 3.8515661979132134e-05
0.753507014028056 3.9384478993572895e-05
0.7615230460921838 4.026418898629015e-05
0.7695390781563125 4.115484631195151e-05
0.7775551102204403 4.205650608082575e-05
0.785571142284569 4.296922416506764e-05
0.7935871743486969 4.389305720509954e-05
0.8016032064128256 4.482806261609429e-05
0.8096192384769534 4.577429859455741e-05
0.8176352705410821 4.6731824125012926e-05
0.8256513026052099 4.7700698986790826e-05
0.8336673346693386 4.868098376092087e-05
0.8416833667334664 4.9672739837130444e-05
0.8496993987975952 5.067602942095132e-05
0.857715430861723 5.1690915540933134e-05
0.8657314629258517 5.271746205596846e-05
0.8737474949899795 5.375573366272728e-05
0.8817635270541082 5.480579590320583e-05
0.889779559118236 5.5867715172387645e-05
0.8977955911823647 5.6941558726021886e-05
0.9058116232464926 5.802739468851674e-05
0.9138276553106213 5.912529206095304e-05
0.9218436873747491 6.023532072921602e-05
0.9298597194388769 6.135755147225026e-05
0.9378757515030056 6.249205597043648e-05
0.9458917835671334 6.363890681409298e-05
0.9539078156312621 6.479817751210465e-05
0.96192384769539 6.596994250067792e-05
0.9699398797595187 6.71542771522274e-05
0.9779559118236465 6.835125778439181e-05
0.9859719438877752 6.9560961669185e-05
0.993987975951903 7.078346704227976e-05
1.0020040080160317 7.201885311243025e-05
1.0100200400801596 7.326720007103092e-05
1.0180360721442883 7.452858910181779e-05
1.026052104208416 7.58031023907098e-05
1.0340681362725448 7.709082313579654e-05
1.0420841683366726 7.839183555746979e-05
1.0501002004008013 7.97062249087055e-05
1.0581162324649291 8.103407748549346e-05
1.0661322645290578 8.237548063742158e-05
1.0741482965931857 8.373052277841215e-05
1.0821643286573144 8.509929339761673e-05
1.0901803607214422 8.648188307046723e-05
1.098196392785571 8.787838346989042e-05
1.1062124248496987 8.928888737768261e-05
1.1142284569138274 9.071348869605264e-05
1.1222444889779553 9.215228245932934e-05
1.130260521042084 9.360536484584212e-05
1.1382765531062118 9.507283318997097e-05
1.1462925851703405 9.655478599437393e-05
1.1543086172344683 9.805132294238948e-05
1.162324649298597 9.956254491062099e-05
1.1703406813627248 0.0001010885539817013
1.1783567134268536 0.0001026294534572446
1.1863727454909814 0.00010418534787098354
1.19438877755511 0.0001057563430020993
1.202404809619238 0.00010734254588874189
1.2104208416833666 0.00010894406484174931
1.2184368737474944 0.00011056100945856254
1.2264529058116231 0.00011219349063734483
1.234468937875751 0.00011384162059130286
1.2424849699398797 0.00011550551286321835
1.2505010020040075 0.00011718528234018701
1.2585170340681362 0.00011888104526857448
1.266533066132264 0.00012059291926918582
1.2745490981963927 0.00012232102335265816
1.2825651302605205 0.0001240654779350734
1.2905811623246493 0.00012582640485380074
1.298597194388777 0.00012760392738356575
1.3066132264529058 0.00012939817025275628
1.3146292585170336 0.00013120925965996158
1.3226452905811623 0.00013303732329075533
1.3306613226452901 0.0001348824903347192
1.338677354709418 0.00013674489150271727
1.3466933867735467 0.0001386246590444194
1.3547094188376745 0.00014052192676608003
1.3627254509018032 0.00014243683004857798
1.370741482965931 0.00014436950586571597
1.3787575150300597 0.00014632009280279032
1.3867735470941875 0.00014828873107542839
1.3947895791583163 0.00015027556254870438
1.402805611222444 0.000152280730756531
1.4108216432865728 0.000154304380921338
1.4188376753507006 0.00015634665997403546
1.4268537074148293 0.0001584077165742725
1.4348697394789571 0.00016048770113098949
1.4428857715430858 0.00016258676582327496
1.4509018036072137 0.00016470506462152546
1.4589178356713424 0.0001668427533089191
1.4669338677354702 0.00016899998950320157
1.474949899799599 0.00017117693267879595
1.4829659318637267 0.0001733737441892346
1.4909819639278554 0.00017559058728992502
1.4989979959919832 0.00017782762716124785
1.507014028056112 0.0001800850309319996
1.5150300601202398 0.0001823629677031775
1.5230460921843685 0.0001846616085721205
1.5310621242484963 0.00018698112665700332
1.539078156312625 0.00018932169712169682
1.5470941883767528 0.00019168349720099427
1.5551102204408815 0.00019406670622621467
1.5631262525050094 0.00019647150565118323
1.571142284569138 0.00019889807907860223
1.579158316633266 0.00020134661228680972
1.5871743486973946 0.00020381729325694208
1.5951903807615224 0.0002063103122004966
1.6032064128256511 0.00020882586158731058
1.611222444889779 0.00021136413617395378
1.6192384769539077 0.0002139253330325507
1.6272545090180355 0.0002165096515800293
1.6352705410821642 0.0002191172936078138
1.643286573146292 0.00022174846331195786
1.6513026052104207 0.00022440336732373556
1.6593186372745485 0.0002270822147406878
1.6673346693386772 0.00022978521715814117
1.675350701402805 0.00023251258870119715
1.6833667334669338 0.0002352645460572089
1.6913827655310616 0.0002380413085087441
1.6993987975951903 0.00024084309796705152
1.7074148296593181 0.00024367013900602916
1.7154308617234468 0.00024652265889671263
1.7234468937875747 0.00024940088764228226
1.7314629258517034 0.0002523050580136071
1.7394789579158312 0.0002552354055853247
1.747494989979959 0.00025819216877247535
1.7555110220440877 0.0002611755888676921
1.7635270541082155 0.0002641859100789583
1.7715430861723442 0.00026722337956794584
1.779559118236472 0.0002702882474889353
1.7875751503006008 0.00027338076702833797
1.7955911823647286 0.0002765011944448187
1.8036072144288573 0.0002796497891100407
1.8116232464929851 0.0002828268135500314
1.8196392785571138 0.000286032533487191
1.8276553106212416 0.0002892672178829431
1.8356713426853704 0.0002925311389810492
1.8436873747494982 0.00029582457235158727
1.8517034068136269 0.00029914779693561634
1.8597194388777547 0.00030250109509052725
1.8677354709418834 0.00030588475263610315
1.8757515030060112 0.0003092990589012892
1.88376753507014 0.0003127443067716957
1.8917835671342678 0.0003162207927378344
1.8997995991983965 0.0003197288169441135
1.9078156312625243 0.0003232686832385909
1.915831663326653 0.00032684069922351124
1.9238476953907808 0.0003304451763066273
1.9318637274549095 0.000334082429753332
1.9398797595190373 0.0003377527787396018
1.947895791583166 0.00034145654640577736
1.9559118236472939 0.00034519405991118436
1.9639278557114226 0.00034896565048962046
1.9719438877755504 0.00035277165350570955
1.9799599198396791 0.00035661240851215376
1.987975951903807 0.0003604882593078815
1.9959919839679356 0.0003643995539971238
2.0040080160320635 0.0003683466450494194
2.012024048096192 0.00037232988936057744
2.020040080160321 0.00037634964831460295
2.028056112224448 0.00038040628784661033
2.0360721442885765 0.00038450017850674066
2.0440881763527052 0.000388631695525089
2.052104208416832 0.00039280121887767604
2.0601202404809627 0.0003970091333534751
2.0681362725450896 0.0004012558286224966
2.0761523046092183 0.00040554169930498706
2.084168336673347 0.0004098671450417133
2.092184368737474 0.0004142325705653901
2.1002004008016026 0.0004186383857732542
2.1082164328657313 0.0004230850058007979
2.1162324649298583 0.00042757285109669895
2.1242484969939888 0.00043210234749895986
2.1322645290581157 0.00043667392631226257
2.1402805611222444 0.0004412880243865981
2.148296593186373 0.00044594508419714367
2.1563126252505 0.00045064555392544935
2.1643286573146288 0.00045538988754194136
2.1723446893787575 0.00046017854488975506
2.1803607214428844 0.00046501199176994084
2.188376753507013 0.00046989070002805705
2.196392785571142 0.0004748151476421641
2.2044088176352687 0.00047978581881226364
2.2124248496993992 0.00048480320405120054
2.220440881763526 0.000489867800277032
2.228456913827655 0.0004949801109069395
2.2364729458917836 0.0005001406459526476
2.2444889779559105 0.000505349922117429
2.2525050100200392 0.0005106084628946964
2.260521042084168 0.0005159167986682077
2.268537074148295 0.0005212754668139295
2.2765531062124253 0.0005266850118035781
2.2845691382765523 0.0005321459853098506
2.292585170340681 0.0005376589463134218
2.3006012024048097 0.0005432244612116791
2.3086172344689366 0.0005488431039292719
2.3166332665330653 0.0005545154560304905
2.324649298597194 0.0005602421068334945
2.332665330661321 0.0005660236535264465
2.3406813627254515 0.0005718607012855739
2.3486973947895784 0.0005777538633951734
2.356713426853707 0.0005837037613696409
2.364729458917836 0.000589711025077501
2.3727454909819627 0.0005957762928675197
2.3807615230460915 0.0006019002116969196
2.38877755511022 0.0006080834372617188
2.396793587174347 0.0006143266341292603
2.4048096192384776 0.000620630475872954
2.4128256513026045 0.0006269956452092535
2.420841683366733 0.0006334228341369556
2.428857715430862 0.0006399127440788011
2.436873747494989 0.0006464660860254648
2.4448897795591176 0.0006530835806819605
2.4529058116232463 0.0006597659586164883
2.460921843687373 0.0006665139604117934
2.4689378757515037 0.0006733283368190693
2.4769539078156306 0.0006802098489144228
2.4849699398797593 0.0006871592682580101
2.492985971943888 0.0006941773770558109
2.501002004008015 0.0007012649683241482
2.5090180360721437 0.0007084228460569782
2.5170340681362724 0.0007156518253959823
2.5250501002003993 0.0007229527328035428
2.53306613226453 0.0007303264062386354
2.5410821643286567 0.0007377736953356625
2.5490981963927855 0.0007452954615863491
2.557114228456914 0.0007528925785246632
2.565130260521041 0.0007605659319148835
2.57314629258517 0.0007683164199428453
2.5811623246492985 0.0007761449534103951
2.5891783567134254 0.0007840524559331495
2.597194388777554 0.0007920398641415927
2.605210420841683 0.0008001081278855585
2.61322645290581 0.00080825821044218
2.6212424849699403 0.0008164910887273572
2.629258517034067 0.0008248077535107682
2.637274549098196 0.0008332092096345607
2.6452905811623246 0.0008416964762356898
2.6533066132264516 0.0008502705869720405
2.6613226452905803 0.0008589325902523644
2.669338677354709 0.0008676835494700835
2.677354709418836 0.0008765245432410542
2.6853707414829664 0.0008854566656453471
2.6933867735470933 0.0008944810264730716
2.701402805611222 0.0009035987514743965
2.7094188376753507 0.0009128109826137295
2.7174348697394777 0.000922118878328208
2.7254509018036064 0.0009315236137905378
2.733466933867735 0.0009410263811762286
2.741482965931862 0.0009506283899353434
2.7494989979959925 0.0009603308670688077
2.7575150300601194 0.0009701350574093216
2.765531062124248 0.000980042223907033
2.773547094188377 0.0009900536479199378
2.781563126252504 0.0010001706295091654
2.7895791583166325 0.0010103944877391973
2.797595190380761 0.0010207265609830693
2.805611222444888 0.0010311682072326744
2.8136272545090186 0.0010417208044142343
2.8216432865731456 0.0010523857507089688
2.8296593186372743 0.001063164464879141
2.837675350701403 0.0010740583865994394
2.84569138276553 0.0010850689767938702
2.8537074148296586 0.001096197717978196
2.8617234468937873 0.0011074461146079939
2.8697394789579143 0.0011188156934324421
2.8777555110220447 0.0011303080038539074
2.8857715430861717 0.001141924618293372
2.8937875751503004 0.0011536671325618733
2.901803607214429 0.0011655371662379235
2.909819639278556 0.0011775363630510834
2.9178356713426847 0.0011896663912717327
2.9258517034068134 0.001201928944107097
2.9338677354709404 0.0012143257401036568
2.941883767535071 0.0012268585235560051
2.949899799599198 0.0012395290649221784
2.9579158316633265 0.0012523391612456632
2.965931863727455 0.0012652906365840024
2.973947895791582 0.001278385342444211
2.981963927855711 0.0012916251582250106
2.9899799599198396 0.0013050119916659553
2.9979959919839665 0.001318547779303566
3.006012024048095 0.0013322344869345184
3.014028056112224 0.0013460741100859365
3.022044088176351 0.0013600686744929117
3.0300601202404813 0.001374220236583294
3.0380761523046083 0.001388530883969766
3.046092184368737 0.0014030027359494034
3.0541082164328657 0.001417637944010606
3.0621242484969926 0.0014324386923475988
3.0701402805611213 0.0014474071983825118
3.07815631262525 0.00146254571329505
3.086172344689377 0.001477856522559875
3.0941883767535074 0.0014933419464917119
3.1022044088176344 0.001509004340798175
3.110220440881763 0.0015248460971404771
3.118236472945892 0.0015408696437018887
3.1262525050100187 0.0015570774457641166
3.1342685370741474 0.001573472006291565
3.142284569138276 0.0015900558665234588
3.150300601202403 0.001606831606573928
3.1583166332665336 0.0016238018460399972
3.1663326653306605 0.0016409692446174417
3.174348697394789 0.0016583365027246456
3.182364729458918 0.0016759063621342358
3.190380761523045 0.0016936816066126451
3.1983967935871735 0.0017116650625674861
3.2064128256513023 0.0017298595997026582
3.214428857715429 0.001748268131681226
3.2224448897795597 0.0017668936167959364
3.2304609218436866 0.001785739058647253
3.2384769539078153 0.0018048075068289766
3.246492985971944 0.0018241020576211311
3.254509018036071 0.00184362585469018
3.2625250501001997 0.0018633820897963498
3.2705410821643284 0.0018833740035079064
3.2785571142284553 0.0019036048859222643
3.286573146292586 0.0019240780773937414
3.2945891783567127 0.001944796969267664
3.3026052104208414 0.0019657650046207994
3.31062124248497 0.001986985679007627
3.318637274549097 0.002008462541212393
3.326653306613226 0.0020301991940065607
3.3346693386773545 0.0020521992949113395
3.3426853707414814 0.0020744665569650046
3.350701402805612 0.0020970047494946516
3.358717434869739 0.0021198176988918667
3.3667334669338675 0.0021429092893921306
3.3747494989979963 0.0021662834638572276
3.382765531062123 0.002189944224560389
3.390781563126252 0.0022138956339735534
3.3987975951903806 0.0022381418155561646
3.4068136272545075 0.0022626869545449876
3.4148296593186362 0.002287535298744261
3.422845691382765 0.0023126911593154592
3.430861723446892 0.002338158911566039
3.4388777555110224 0.0023639429957363523
3.4468937875751493 0.002390047917783801
3.454909819639278 0.0024164782501636044
3.4629258517034067 0.002443238632604953
3.4709418837675337 0.0024703337728817897
3.4789579158316624 0.0024977684475770852
3.486973947895791 0.0025255475028394506
3.494989979959918 0.0025536758551310042
3.5030060120240485 0.0025821584919652084
3.5110220440881754 0.0026110004726332633
3.519038076152304 0.0026402069289178987
3.527054108216433 0.002669783065792776
3.5350701402805598 0.002699734162106205
3.5430861723446885 0.002730065571247418
3.551102204408817 0.0027607827217936047
3.559118236472944 0.002791891118136001
3.5671342685370746 0.0028233963410830487
3.5751503006012015 0.0028553040484384684
3.5831663326653302 0.002887619975552358
3.591182364729459 0.0029203499358427566
3.599198396793586 0.0029534998212855062
3.6072144288577146 0.0029870756028698353
3.6152304609218433 0.00302108333101698
3.6232464929859702 0.0030555291359591337
3.6312625250501007 0.0030904192280758456
3.6392785571142277 0.0031257598981846205
3.6472945891783564 0.0031615575177828216
3.655310621242485 0.003197818539237156
3.663326653306612 0.003234549495917457
3.6713426853707407 0.0032717570022709756
3.6793587174348694 0.00330944775383318
3.6873747494989964 0.0033476285271711865
3.695390781563127 0.0033863061797554206
3.7034068136272538 0.0034254876497549235
3.7114228456913825 0.003465179955752002
3.719438877755511 0.003505390196370821
3.727454909819638 0.0035461255498152027
3.735470941883767 0.003587393273310113
3.7434869739478955 0.0036292007024412115
3.7515030060120225 0.0036715552503866957
3.759519038076153 0.0037144644070353505
3.76753507014028 0.0037579357379841916
3.7755511022044086 0.0038019768834095164
3.7835671342685373 0.0038465955568039076
3.7915831663326642 0.0038917995435723183
3.799599198396793 0.00393759669947967
3.8076152304609217 0.003983994948941899
3.8156312625250486 0.004031002283152618
3.8236472945891773 0.004078626758036708
3.831663326653306 0.004126876492022045
3.839679358717433 0.004175759663620266
3.8476953907815634 0.004225284508807099
3.8557114228456904 0.004275459318192147
3.863727454909819 0.004326292433968319
3.8717434869739478 0.004377792246629837
3.8797595190380747 0.004429967191448171
3.8877755511022034 0.004482825744694408
3.895791583166332 0.004536376419596242
3.903807615230459 0.0045906277620175375
3.9118236472945895 0.004645588345847913
3.9198396793587165 0.00470126676808917
3.927855711422845 0.004757671643625704
3.935871743486974 0.00481481159966451
3.943887775551101 0.00487269526983116
3.9519038076152295 0.004931331287906993
3.9599198396793582 0.0049907282811924095
3.967935871743485 0.00505089486348132
3.9759519038076157 0.005111839627630715
3.9839679358717426 0.005173571137709327
3.9919839679358713 0.0052360979207091984
4.0 0.005299428457802981
