delta_wp TPR_C_rho23_real_RWAanalytical
-4.0 0.03908715872750883
-3.9919839679358717 0.0386976000228369
-3.9839679358717435 0.038312425807717786
-3.975951903807615 0.03793159966803748
-3.967935871743487 0.03755508455474449
-3.9599198396793587 0.03718284284255883
-3.9519038076152304 0.03681483638600618
-3.943887775551102 0.036451026572864184
-3.935871743486974 0.03609137437510695
-3.9278557114228456 0.035735840397433306
-3.9198396793587174 0.03538438492346217
-3.911823647294589 0.03503696795967709
-3.903807615230461 0.034693549277201065
-3.8957915831663326 0.034354088451479664
-3.8877755511022043 0.0340185448999508
-3.879759519038076 0.03368687791777574
-3.8717434869739478 0.03335904671170534
-3.8637274549098195 0.03303501043215318
-3.8557114228456912 0.032714728203545915
-3.847695390781563 0.032398159153018316
-3.8396793587174347 0.032085262437519656
-3.8316633266533064 0.0317759972693954
-3.823647294589178 0.031470322940506945
-3.81563126252505 0.031168198844949355
-3.8076152304609217 0.030869584500426376
-3.799599198396794 0.030574439568339027
-3.791583166332665 0.030282723872642768
-3.7835671342685373 0.029994397417527074
-3.775551102204409 0.029709420403967266
-3.7675350701402808 0.02942775324520034
-3.7595190380761525 0.0291493565811705
-3.7515030060120242 0.028874191291992403
-3.743486973947896 0.028602218510475425
-3.7354709418837677 0.02833339963375285
-3.7274549098196395 0.028067696334056605
-3.719438877755511 0.02780507056867786
-3.711422845691383 0.027545484589151806
-3.7034068136272547 0.027288900949703133
-3.6953907815631264 0.027035282514988292
-3.687374749498998 0.02678459246716808
-3.67935871743487 0.0265367943123435
-3.6713426853707416 0.026291851886386542
-3.6633266533066133 0.02604972936019584
-3.655310621242485 0.02581039124440621
-3.647294589178357 0.025573802393579956
-3.6392785571142285 0.025339928009906643
-3.6312625250501003 0.025108733646436603
-3.623246492985972 0.02488018520987301
-3.6152304609218437 0.024654248962945744
-3.6072144288577155 0.024430891526389515
-3.599198396793587 0.024210079880547776
-3.591182364729459 0.02399178136662302
-3.5831663326653307 0.02377596368759295
-3.5751503006012024 0.023562594908811494
-3.567134268537074 0.023351643458312726
-3.559118236472946 0.023143078126834353
-3.5511022044088176 0.02293686806757793
-3.5430861723446894 0.022732982795720807
-3.535070140280561 0.022531392187695055
-3.527054108216433 0.022332066480247714
-3.5190380761523046 0.02213497626929562
-3.5110220440881763 0.021940092508588277
-3.503006012024048 0.021747386508190712
-3.49498997995992 0.021556829932798283
-3.4869739478957915 0.021368394799894788
-3.4789579158316633 0.02118205347776423
-3.470941883767535 0.02099777868336688
-3.4629258517034067 0.020815543480088877
-3.4549098196392785 0.0206353212753749
-3.44689378757515 0.020457085818252507
-3.438877755511022 0.020280811196756558
-3.4308617234468937 0.020106471835261576
-3.422845691382766 0.01993404249172968
-3.414829659318637 0.019763498254880982
-3.4068136272545093 0.019594814541293658
-3.3987975951903806 0.019427967092439536
-3.390781563126253 0.019262931971661963
-3.382765531062124 0.019099685561101
-3.3747494989979963 0.01893820455857224
-3.3667334669338675 0.018778465974403597
-3.3587174348697397 0.018620447128235663
-3.350701402805611 0.018464125645789795
-3.342685370741483 0.018309479455608662
-3.3346693386773545 0.018156486785773116
-3.3266533066132267 0.018005126160599568
-3.3186372745490984 0.017855376397321286
-3.31062124248497 0.017707216602757404
-3.302605210420842 0.017560626169972657
-3.2945891783567136 0.017415584774931107
-3.2865731462925853 0.017272072373146683
-3.278557114228457 0.0171300691963334
-3.270541082164329 0.01698955574905759
-3.2625250501002006 0.016850512805394905
-3.2545090180360723 0.016712921405593988
-3.246492985971944 0.016576762852749276
-3.2384769539078158 0.01644201870948462
-3.2304609218436875 0.01630867079464987
-3.2224448897795592 0.016176701180031904
-3.214428857715431 0.016046092187081903
-3.2064128256513027 0.015916826383660293
-3.1983967935871744 0.015788886580800812
-3.190380761523046 0.01566225582949486
-3.182364729458918 0.015536917417497615
-3.1743486973947896 0.015412854866156718
-3.1663326653306614 0.015290051927264806
-3.158316633266533 0.015168492579936684
-3.150300601202405 0.015048161027512084
-3.1422845691382766 0.014929041694484788
-3.1342685370741483 0.014811119223458876
-3.12625250501002 0.014694378472132672
-3.118236472945892 0.014578804510311107
-3.1102204408817635 0.01446438261694694
-3.1022044088176353 0.014351098277211398
-3.094188376753507 0.014238937179594624
-3.0861723446893787 0.014127885213036293
-3.0781563126252505 0.014017928464086836
-3.070140280561122 0.013909053214099411
-3.062124248496994 0.01380124593645299
-3.0541082164328657 0.013694493293806771
-3.0460921843687374 0.013588782135385917
-3.038076152304609 0.01348409949429906
-3.030060120240481 0.013380432584887343
-3.0220440881763526 0.013277768800105326
-3.014028056112225 0.013176095708933659
-3.006012024048096 0.013075401053823555
-2.9979959919839683 0.012975672748173166
-2.9899799599198396 0.012876898873835575
-2.9819639278557117 0.012779067678658692
-2.973947895791583 0.012682167574056583
-2.965931863727455 0.012586187132612532
-2.9579158316633265 0.012491115085713328
-2.9498997995991987 0.012396940321214987
-2.94188376753507 0.012303651881139473
-2.933867735470942 0.012211238959402494
-2.9258517034068134 0.012119690899571947
-2.9178356713426856 0.012028997192657058
-2.909819639278557 0.011939147474927784
-2.901803607214429 0.01185013152576448
-2.8937875751503004 0.011761939265537374
-2.8857715430861726 0.011674560753515856
-2.877755511022044 0.01158798618580705
-2.869739478957916 0.011502205893323753
-2.8617234468937878 0.011417210339781107
-2.8537074148296595 0.011332990119722068
-2.8456913827655312 0.011249535956571192
-2.837675350701403 0.011166838700716504
-2.8296593186372747 0.011084889327619231
-2.8216432865731464 0.011003678935950995
-2.813627254509018 0.010923198745758297
-2.80561122244489 0.010843440096653877
-2.7975951903807617 0.01076439444603476
-2.7895791583166334 0.010686053367326594
-2.781563126252505 0.010608408548254037
-2.773547094188377 0.01053145178913686
-2.7655310621242486 0.010455175001211462
-2.7575150300601203 0.010379570204977503
-2.749498997995992 0.010304629528569312
-2.741482965931864 0.010230345206151827
-2.7334669338677355 0.010156709576340671
-2.7254509018036073 0.010083715080646115
-2.717434869739479 0.010011354261940619
-2.7094188376753507 0.00993961976294961
-2.7014028056112225 0.009868504324765206
-2.693386773547094 0.009798000785382592
-2.685370741482966 0.009728102078258732
-2.6773547094188377 0.009658801230893094
-2.6693386773547094 0.009590091363430142
-2.661322645290581 0.009521965687283206
-2.6533066132264533 0.009454417503779537
-2.6452905811623246 0.009387440202826149
-2.637274549098197 0.009321027261596254
-2.629258517034068 0.009255172243235868
-2.6212424849699403 0.009189868795590467
-2.6132264529058116 0.009125110649951224
-2.6052104208416837 0.009060891619820695
-2.597194388777555 0.008997205599697565
-2.589178356713427 0.008934046563880246
-2.5811623246492985 0.008871408565288974
-2.5731462925851707 0.008809285734306253
-2.565130260521042 0.008747672277635166
-2.557114228456914 0.00868656247717559
-2.5490981963927855 0.008625950688917682
-2.5410821643286576 0.008565831341852721
-2.533066132264529 0.008506198936900777
-2.525050100200401 0.00844704804585513
-2.5170340681362724 0.008388373310343067
-2.5090180360721446 0.008330169440802886
-2.501002004008016 0.00827243121547679
-2.492985971943888 0.00821515347941951
-2.4849699398797593 0.008158331143522301
-2.4769539078156315 0.008101959183552204
-2.468937875751503 0.008046032639206196
-2.460921843687375 0.007990546613180157
-2.4529058116232467 0.007935496270252225
-2.4448897795591185 0.00788087683638053
-2.43687374749499 0.007826683597814897
-2.428857715430862 0.007772911900222424
-2.4208416833667337 0.007719557147826626
-2.4128256513026054 0.007666614802559996
-2.404809619238477 0.007614080383229758
-2.396793587174349 0.007561949464696554
-2.3887775551102206 0.007510217677065924
-2.3807615230460923 0.007458880704892346
-2.372745490981964 0.007407934286395627
-2.364729458917836 0.007357374212689463
-2.3567134268537075 0.007307196327021968
-2.3486973947895793 0.00725739652402799
-2.340681362725451 0.007207970748992999
-2.3326653306613228 0.00715891499712839
-2.3246492985971945 0.0071102253128580125
-2.3166332665330662 0.007061897789115723
-2.308617234468938 0.007013928566653811
-2.3006012024048097 0.006966313833362102
-2.2925851703406814 0.006919049823597595
-2.284569138276553 0.0068721328175244244
-2.276553106212425 0.006825559140464005
-2.2685370741482966 0.0067793251622552024
-2.2605210420841684 0.006733427296624327
-2.25250501002004 0.006687862000564862
-2.2444889779559123 0.006642625773726684
-2.2364729458917836 0.00659771515781468
-2.2284569138276558 0.006553126735996624
-2.220440881763527 0.006508857132320058
-2.2124248496993992 0.006464903011138203
-2.2044088176352705 0.0064212610765445495
-2.1963927855711427 0.0063779280718162
-2.188376753507014 0.006334900778865612
-2.180360721442886 0.006292176017700802
-2.1723446893787575 0.006249750645893691
-2.1643286573146296 0.006207621558056634
-2.156312625250501 0.006165785685326819
-2.148296593186373 0.006124239994858602
-2.1402805611222444 0.006082981489323452
-2.1322645290581166 0.006042007206417568
-2.124248496993988 0.006001314218376876
-2.11623246492986 0.005960899631499438
-2.1082164328657313 0.005920760585675004
-2.1002004008016035 0.0058808942539217484
-2.092184368737475 0.00584129784192991
-2.084168336673347 0.005801968587612383
-2.0761523046092183 0.005762903760661994
-2.0681362725450905 0.005724100662115509
-2.0601202404809618 0.00568555662392411
-2.052104208416834 0.005647269008530371
-2.0440881763527057 0.005609235208451515
-2.0360721442885774 0.00557145264586895
-2.028056112224449 0.005533918772223898
-2.020040080160321 0.005496631067819076
-2.0120240480961926 0.0054595870414263
-2.0040080160320644 0.0054227842298999246
-1.9959919839679365 0.005386220197796039
-1.9879759519038078 0.005349892536997286
-1.9799599198396791 0.005313798866343277
-1.9719438877755513 0.005277936831266445
-1.9639278557114235 0.005242304103433274
-1.9559118236472948 0.005206898380390851
-1.947895791583166 0.005171717385218613
-1.9398797595190382 0.005136758866185208
-1.9318637274549104 0.0051020205964103955
-1.9238476953907817 0.0050675003735319284
-1.915831663326653 0.005033196019377307
-1.9078156312625252 0.004999105379640325
-1.8997995991983974 0.004965226323562341
-1.8917835671342687 0.004931556743618209
-1.88376753507014 0.00489809455520679
-1.8757515030060121 0.004864837696345941
-1.8677354709418843 0.004831784127371946
-1.8597194388777556 0.004798931830643301
-1.8517034068136269 0.004766278810248804
-1.843687374749499 0.004733823091719845
-1.8356713426853712 0.004701562721746839
-1.8276553106212425 0.0046694957678997725
-1.8196392785571138 0.00463762031835276
-1.811623246492986 0.0046059344816125536
-1.8036072144288582 0.00457443638625093
-1.7955911823647295 0.004543124180640937
-1.7875751503006008 0.004511996032696908
-1.779559118236473 0.00448105012961816
-1.7715430861723451 0.004450284677636367
-1.7635270541082164 0.004419697901766513
-1.7555110220440877 0.0043892880455614035
-1.74749498997996 0.0043590533708696335
-1.739478957915832 0.004328992157596977
-1.7314629258517034 0.0042991027034711745
-1.7234468937875755 0.0042693833238100255
-1.7154308617234477 0.0042398323512927265
-1.707414829659319 0.004210448135734452
-1.6993987975951903 0.0041812290438640876
-1.6913827655310625 0.0041521734591050755
-1.6833667334669347 0.004123279781359309
-1.675350701402806 0.004094546426794068
-1.6673346693386772 0.004065971827631918
-1.6593186372745494 0.004037554431943517
-1.6513026052104216 0.004009292703443302
-1.643286573146293 0.003981185121288014
-1.6352705410821642 0.003953230179878016
-1.6272545090180364 0.0039254263886613315
-1.6192384769539085 0.0038977722719403937
-1.6112224448897798 0.0038702663686814567
-1.6032064128256511 0.00384290723232663
-1.5951903807615233 0.003815693430608465
-1.5871743486973955 0.003788623545367089
-1.5791583166332668 0.00376169617236984
-1.571142284569138 0.0037349099211333586
-1.5631262525050102 0.0037082634147480894
-1.5551102204408824 0.003681755289705158
-1.5470941883767537 0.0036553841957256126
-1.539078156312625 0.003629148795591963
-1.5310621242484972 0.0036030477649819878
-1.5230460921843694 0.0035770797923047716
-1.5150300601202407 0.0035512435785389654
-1.507014028056112 0.0035255378370732007
-1.4989979959919841 0.0034999612935486426
-1.4909819639278563 0.0034745126857036296
-1.4829659318637276 0.0034491907632204053
-1.474949899799599 0.003423994287573881
-1.466933867735471 0.0033989220318823925
-1.4589178356713433 0.0033739727807604383
-1.4509018036072145 0.0033491453301733626
-1.4428857715430858 0.003324438487293963
-1.434869739478958 0.0032998510703609687
-1.4268537074148302 0.0032753819085393713
-1.4188376753507015 0.0032510298417826014
-1.4108216432865728 0.0032267937206964968
-1.402805611222445 0.00320267240640504
-1.3947895791583171 0.003178664770417835
-1.3867735470941884 0.003154769694499316
-1.3787575150300597 0.0031309860705396484
-1.370741482965932 0.003107312800427281
-1.362725450901804 0.0030837487959231445
-1.3547094188376754 0.0030602929785364767
-1.3466933867735467 0.0030369442794022294
-1.3386773547094188 0.003013701639160045
-1.330661322645291 0.0029905640078347687
-1.3226452905811623 0.0029675303447184867
-1.3146292585170345 0.0029445996182540734
-1.3066132264529067 0.002921770805920181
-1.298597194388778 0.0028990428941177075
-1.2905811623246493 0.0028764148780576885
-1.2825651302605214 0.0028538857616505903
-1.2745490981963936 0.0028314545573969833
-1.266533066132265 0.002809120286279597
-1.2585170340681362 0.0027868819776567136
-1.2505010020040084 0.002764738669156881
-1.2424849699398806 0.002742689406574925
-1.2344689378757518 0.0027207332437692595
-1.2264529058116231 0.0026988692425604565
-1.2184368737474953 0.0026770964726310583
-1.2104208416833675 0.0026554140114266123
-1.2024048096192388 0.0026338209440579245
-1.19438877755511 0.0026123163632045007
-1.1863727454909823 0.002590899369019156
-1.1783567134268544 0.0025695690690337746
-1.1703406813627257 0.002548324578066212
-1.162324649298597 0.002527165018128326
-1.1543086172344692 0.0025060895183350944
-1.1462925851703414 0.002485097214814817
-1.1382765531062127 0.0024641872506204047
-1.130260521042084 0.0024433587756417146
-1.1222444889779561 0.002422610946518915
-1.1142284569138283 0.0024019429265568744
-1.1062124248496996 0.002381353885640566
-1.098196392785571 0.0023608430001514596
-1.090180360721443 0.0023404094528848836
-1.0821643286573153 0.00232005243296835
-1.0741482965931866 0.002299771135780832
-1.0661322645290578 0.0022795647628729744
-1.05811623246493 0.0022594325218882163
-1.0501002004008022 0.002239373626484816
-1.0420841683366735 0.0022193872962587772
-1.0340681362725448 0.0021994727566676496
-1.026052104208417 0.0021796292389551883
-1.0180360721442892 0.002159855980076863
-1.0100200400801604 0.0021401522226262124
-1.0020040080160317 0.002120517214762025
-0.9939879759519039 0.002100950210136327
-0.9859719438877761 0.0020814504678231633
-0.9779559118236474 0.002062017252248183
-0.9699398797595187 0.0020426498331189966
-0.9619238476953909 0.0020233474853562916
-0.953907815631263 0.002004109489025697
-0.9458917835671343 0.0019849351292704027
-0.9378757515030056 0.0019658236962445045
-0.9298597194388778 0.001946774485047062
-0.92184368737475 0.001927786795656862
-0.9138276553106213 0.0019088599328678892
-0.9058116232464934 0.001889993206225484
-0.8977955911823656 0.0018711859299631575
-0.8897795591182369 0.0018524374229400892
-0.8817635270541082 0.0018337470085792798
-0.8737474949899804 0.0018151140148063378
-0.8657314629258526 0.0017965377739889029
-0.8577154308617239 0.0017780176228767016
-0.8496993987975952 0.0017595529025422182
-0.8416833667334673 0.0017411429583219637
-0.8336673346693395 0.001722787139758339
-0.8256513026052108 0.0017044848005420953
-0.8176352705410821 0.0016862352984553723
-0.8096192384769543 0.0016680379953152935
-0.8016032064128265 0.0016498922569181257
-0.7935871743486977 0.0016317974529839927
-0.785571142284569 0.0016137529571021356
-0.7775551102204412 0.0015957581466766954
-0.7695390781563134 0.0015778124028730204
-0.7615230460921847 0.001559915110564501
-0.753507014028056 0.0015420656582799093
-0.7454909819639282 0.0015242634381512341
-0.7374749498998003 0.0015065078458620042
-0.7294589178356716 0.0014887982805961088
-0.7214428857715429 0.0014711341449870886
-0.7134268537074151 0.001453514845067892
-0.7054108216432873 0.0014359397902210889
-0.6973947895791586 0.0014184083931295484
-0.6893787575150299 0.0014009200697275598
-0.681362725450902 0.0013834742391523863
-0.6733466933867742 0.0013660703236962474
-0.6653306613226455 0.0013487077487587366
-0.6573146292585168 0.0013313859427996513
-0.649298597194389 0.0013141043372922297
-0.6412825651302612 0.0012968623666767868
-0.6332665330661325 0.0012796594683147553
-0.6252505010020037 0.001262495082443117
-0.6172344689378759 0.001245368652129207
-0.6092184368737481 0.0012282796232258942
-0.6012024048096194 0.0012112274443271418
-0.5931863727454907 0.0011942115667239253
-0.5851703406813629 0.0011772314443605045
-0.577154308617235 0.0011602865337910426
-0.5691382765531063 0.0011433762941365784
-0.5611222444889776 0.0011265001870423349
-0.5531062124248498 0.0011096576766353537
-0.545090180360722 0.0010928482294824532
-0.5370741482965933 0.0010760713145485155
-0.5290581162324646 0.0010593264031550865
-0.5210420841683367 0.0010426129689392744
-0.5130260521042089 0.0010259304878129545
-0.5050100200400802 0.001009278437922274
-0.4969939879759524 0.000992656299607451
-0.4889779559118246 0.0009760635553628411
-0.48096192384769587 0.0009594996897973013
-0.47294589178356716 0.0009429641895948247
-0.46492985971943934 0.0009264565434754372
-0.4569138276553115 0.0009099762421563572
-0.4488977955911828 0.0008935227783134202
-0.4408817635270541 0.0008770956465427566
-0.4328657314629263 0.0008606943433227079
-0.42484969939879846 0.0008443183669759872
-0.41683366733466976 0.0008279672176320823
-0.40881763527054105 0.0008116403971898909
-0.4008016032064132 0.0007953374092805756
-0.3927855711422854 0.0007790577592306413
-0.3847695390781567 0.0007628009540252352
-0.376753507014028 0.0007465665022716595
-0.36873747494990017 0.0007303539141630848
-0.36072144288577235 0.0007141627014424633
-0.35270541082164364 0.0006979923773666496
-0.34468937875751493 0.0006818424566707111
-0.3366733466933871 0.0006657124555324223
-0.3286573146292593 0.0006496018915369388
-0.3206412825651306 0.0006335102836416595
-0.3126252505010019 0.0006174371521412629
-0.30460921843687405 0.0006013820186329035
-0.29659318637274623 0.0005853444059815749
-0.2885771543086175 0.0005693238382856393
-0.2805611222444888 0.0005533198408425136
-0.272545090180361 0.0005373319401144992
-0.2645290581162332 0.0005213596636947587
-0.25651302605210446 0.000505402540273442
-0.24849699398797576 0.0004894600996039518
-0.24048096192384794 0.0004735318724693336
-0.23246492985972012 0.0004576173906487979
-0.2244488977955914 0.00044171618688437173
-0.2164328657314627 0.0004258277948476739
-0.20841683366733488 0.00040995174910679746
-0.20040080160320706 0.00039408758509330654
-0.19238476953907835 0.0003782348390693468
-0.18436873747494964 0.00036239304809486123
-0.17635270541082182 0.0003465617499948983
-0.168336673346694 0.00033074048332701534
-0.1603206412825653 0.00031492878734878184
-0.15230460921843658 0.00029912620198536884
-0.14428857715430876 0.0002833322677972157
-0.13627254509018094 0.00026754652594777574
-0.12825651302605223 0.00025176851817134457
-0.12024048096192352 0.00023599778674095903
-0.1122244488977957 0.00022023387443635708
-0.10420841683366788 0.0002044763245120003
-0.09619238476953917 0.00018872468066516277
-0.08817635270541135 0.0001729784870040771
-0.08016032064128353 0.00015723728801611542
-0.07214428857715482 0.00014150062853603393
-0.06412825651302612 0.00012576805371425836
-0.056112224448898296 0.0001100391089852022
-0.048096192384770475 9.431334003562012e-05
-0.04008016032064177 7.859029277299961e-05
-0.03206412825651306 6.286951329398038e-05
-0.024048096192385238 4.715054785279008e-05
-0.016032064128257417 3.1432942829699736e-05
-0.008016032064128709 1.5716244699501808e-05
0.0 -0.0
0.00801603206412782 -1.5716244699500063e-05
0.01603206412825653 -3.1432942829697995e-05
0.02404809619238435 -4.715054785278834e-05
0.03206412825651306 -6.286951329398038e-05
0.04008016032064088 -7.859029277299787e-05
0.04809619238476959 -9.431334003561837e-05
0.05611222444889741 -0.00011003910898520047
0.06412825651302612 -0.00012576805371425836
0.07214428857715394 -0.0001415006285360322
0.08016032064128265 -0.00015723728801611368
0.08817635270541047 -0.00017297848700407531
0.09619238476953917 -0.00018872468066516277
0.104208416833667 -0.00020447632451199856
0.11222444889779482 -0.00022023387443635535
0.12024048096192352 -0.00023599778674095903
0.12825651302605134 -0.0002517685181713428
0.13627254509018005 -0.000267546525947774
0.14428857715430787 -0.0002833322677972139
0.15230460921843658 -0.00029912620198536884
0.1603206412825644 -0.00031492878734878005
0.1683366733466931 -0.00033074048332701355
0.17635270541082093 -0.00034656174999489643
0.18436873747494964 -0.00036239304809486123
0.19238476953907746 -0.00037823483906934506
0.20040080160320617 -0.00039408758509330475
0.208416833667334 -0.0004099517491067958
0.2164328657314627 -0.0004258277948476739
0.22444889779559052 -0.00044171618688436994
0.23246492985971923 -0.0004576173906487961
0.24048096192384705 -0.0004735318724693319
0.24849699398797576 -0.0004894600996039518
0.2565130260521036 -0.0005054025402734403
0.2645290581162323 -0.0005213596636947569
0.2725450901803601 -0.0005373319401144975
0.2805611222444888 -0.0005533198408425136
0.28857715430861663 -0.0005693238382856375
0.29659318637274534 -0.0005853444059815731
0.30460921843687316 -0.0006013820186329018
0.3126252505010019 -0.0006174371521412629
0.3206412825651297 -0.0006335102836416577
0.3286573146292584 -0.0006496018915369369
0.3366733466933862 -0.0006657124555324205
0.34468937875751493 -0.0006818424566707111
0.35270541082164275 -0.0006979923773666476
0.36072144288577146 -0.0007141627014424616
0.3687374749498993 -0.000730353914163083
0.376753507014028 -0.0007465665022716595
0.3847695390781558 -0.0007628009540252334
0.3927855711422845 -0.0007790577592306395
0.40080160320641234 -0.0007953374092805739
0.40881763527054105 -0.0008116403971898909
0.41683366733466887 -0.0008279672176320804
0.4248496993987976 -0.0008443183669759853
0.4328657314629254 -0.000860694343322706
0.4408817635270541 -0.0008770956465427566
0.4488977955911819 -0.0008935227783134185
0.45691382765531063 -0.0009099762421563554
0.46492985971943845 -0.0009264565434754353
0.47294589178356716 -0.0009429641895948247
0.480961923847695 -0.0009594996897972995
0.4889779559118237 -0.0009760635553628392
0.4969939879759515 -0.000992656299607449
0.5050100200400802 -0.001009278437922274
0.513026052104208 -0.0010259304878129526
0.5210420841683359 -0.0010426129689392724
0.5290581162324646 -0.0010593264031550865
0.5370741482965924 -0.001076071314548514
0.5450901803607211 -0.0010928482294824513
0.5531062124248489 -0.0011096576766353517
0.5611222444889776 -0.0011265001870423349
0.5691382765531054 -0.0011433762941365764
0.5771543086172342 -0.0011602865337910406
0.585170340681362 -0.0011772314443605025
0.5931863727454907 -0.0011942115667239253
0.6012024048096185 -0.00121122744432714
0.6092184368737472 -0.0012282796232258926
0.617234468937875 -0.001245368652129205
0.6252505010020037 -0.001262495082443117
0.6332665330661316 -0.0012796594683147533
0.6412825651302603 -0.0012968623666767848
0.6492985971943881 -0.0013141043372922278
0.6573146292585168 -0.0013313859427996513
0.6653306613226446 -0.0013487077487587345
0.6733466933867733 -0.0013660703236962456
0.6813627254509012 -0.0013834742391523845
0.6893787575150299 -0.0014009200697275598
0.6973947895791577 -0.0014184083931295464
0.7054108216432864 -0.001435939790221087
0.7134268537074142 -0.00145351484506789
0.7214428857715429 -0.0014711341449870886
0.7294589178356707 -0.0014887982805961068
0.7374749498997994 -0.0015065078458620022
0.7454909819639273 -0.001524263438151232
0.753507014028056 -0.0015420656582799093
0.7615230460921838 -0.001559915110564499
0.7695390781563125 -0.0015778124028730184
0.7775551102204403 -0.0015957581466766932
0.785571142284569 -0.0016137529571021356
0.7935871743486969 -0.0016317974529839907
0.8016032064128256 -0.0016498922569181235
0.8096192384769534 -0.0016680379953152918
0.8176352705410821 -0.0016862352984553723
0.8256513026052099 -0.0017044848005420934
0.8336673346693386 -0.0017227871397583368
0.8416833667334664 -0.0017411429583219617
0.8496993987975952 -0.0017595529025422182
0.857715430861723 -0.0017780176228766997
0.8657314629258517 -0.0017965377739889007
0.8737474949899795 -0.0018151140148063357
0.8817635270541082 -0.0018337470085792798
0.889779559118236 -0.0018524374229400872
0.8977955911823647 -0.0018711859299631553
0.9058116232464926 -0.001889993206225482
0.9138276553106213 -0.0019088599328678892
0.9218436873747491 -0.0019277867956568598
0.9298597194388769 -0.0019467744850470599
0.9378757515030056 -0.0019658236962445045
0.9458917835671334 -0.0019849351292704005
0.9539078156312621 -0.002004109489025695
0.96192384769539 -0.0020233474853562894
0.9699398797595187 -0.0020426498331189966
0.9779559118236465 -0.002062017252248181
0.9859719438877752 -0.002081450467823161
0.993987975951903 -0.002100950210136325
1.0020040080160317 -0.002120517214762025
1.0100200400801596 -0.00214015222262621
1.0180360721442883 -0.002159855980076861
1.026052104208416 -0.002179629238955186
1.0340681362725448 -0.0021994727566676496
1.0420841683366726 -0.002219387296258775
1.0501002004008013 -0.002239373626484814
1.0581162324649291 -0.002259432521888214
1.0661322645290578 -0.0022795647628729744
1.0741482965931857 -0.0022997711357808297
1.0821643286573144 -0.0023200524329683478
1.0901803607214422 -0.0023404094528848814
1.098196392785571 -0.0023608430001514596
1.1062124248496987 -0.0023813538856405636
1.1142284569138274 -0.0024019429265568723
1.1222444889779553 -0.0024226109465189122
1.130260521042084 -0.0024433587756417146
1.1382765531062118 -0.0024641872506204025
1.1462925851703405 -0.0024850972148148147
1.1543086172344683 -0.002506089518335092
1.162324649298597 -0.002527165018128326
1.1703406813627248 -0.0025483245780662097
1.1783567134268536 -0.002569569069033772
1.1863727454909814 -0.002590899369019154
1.19438877755511 -0.0026123163632045007
1.202404809619238 -0.0026338209440579224
1.2104208416833666 -0.0026554140114266106
1.2184368737474944 -0.0026770964726310566
1.2264529058116231 -0.0026988692425604565
1.234468937875751 -0.002720733243769257
1.2424849699398797 -0.002742689406574923
1.2505010020040075 -0.0027647386691568784
1.2585170340681362 -0.0027868819776567136
1.266533066132264 -0.0028091202862795942
1.2745490981963927 -0.0028314545573969807
1.2825651302605205 -0.0028538857616505877
1.2905811623246493 -0.0028764148780576885
1.298597194388777 -0.002899042894117705
1.3066132264529058 -0.0029217708059201784
1.3146292585170336 -0.0029445996182540708
1.3226452905811623 -0.0029675303447184867
1.3306613226452901 -0.002990564007834766
1.338677354709418 -0.0030137016391600427
1.3466933867735467 -0.0030369442794022294
1.3547094188376745 -0.0030602929785364737
1.3627254509018032 -0.003083748795923142
1.370741482965931 -0.003107312800427278
1.3787575150300597 -0.0031309860705396484
1.3867735470941875 -0.003154769694499314
1.3947895791583163 -0.003178664770417832
1.402805611222444 -0.003202672406405037
1.4108216432865728 -0.0032267937206964968
1.4188376753507006 -0.0032510298417825984
1.4268537074148293 -0.0032753819085393687
1.4348697394789571 -0.003299851070360966
1.4428857715430858 -0.003324438487293963
1.4509018036072137 -0.0033491453301733596
1.4589178356713424 -0.0033739727807604353
1.4669338677354702 -0.00339892203188239
1.474949899799599 -0.003423994287573881
1.4829659318637267 -0.0034491907632204027
1.4909819639278554 -0.0034745126857036266
1.4989979959919832 -0.00349996129354864
1.507014028056112 -0.0035255378370732007
1.5150300601202398 -0.0035512435785389623
1.5230460921843685 -0.0035770797923047686
1.5310621242484963 -0.0036030477649819843
1.539078156312625 -0.003629148795591963
1.5470941883767528 -0.0036553841957256096
1.5551102204408815 -0.003681755289705155
1.5631262525050094 -0.003708263414748086
1.571142284569138 -0.0037349099211333586
1.579158316633266 -0.003761696172369837
1.5871743486973946 -0.0037886235453670858
1.5951903807615224 -0.003815693430608462
1.6032064128256511 -0.00384290723232663
1.611222444889779 -0.003870266368681454
1.6192384769539077 -0.0038977722719403906
1.6272545090180355 -0.003925426388661329
1.6352705410821642 -0.003953230179878016
1.643286573146292 -0.003981185121288012
1.6513026052104207 -0.0040092927034432995
1.6593186372745485 -0.004037554431943514
1.6673346693386772 -0.004065971827631918
1.675350701402805 -0.004094546426794065
1.6833667334669338 -0.004123279781359306
1.6913827655310616 -0.004152173459105073
1.6993987975951903 -0.0041812290438640876
1.7074148296593181 -0.004210448135734448
1.7154308617234468 -0.004239832351292723
1.7234468937875747 -0.004269383323810022
1.7314629258517034 -0.0042991027034711745
1.7394789579158312 -0.004328992157596974
1.747494989979959 -0.00435905337086963
1.7555110220440877 -0.0043892880455614035
1.7635270541082155 -0.00441969790176651
1.7715430861723442 -0.004450284677636363
1.779559118236472 -0.004481050129618157
1.7875751503006008 -0.004511996032696908
1.7955911823647286 -0.004543124180640934
1.8036072144288573 -0.0045744363862509265
1.8116232464929851 -0.00460593448161255
1.8196392785571138 -0.00463762031835276
1.8276553106212416 -0.004669495767899768
1.8356713426853704 -0.004701562721746835
1.8436873747494982 -0.004733823091719842
1.8517034068136269 -0.004766278810248804
1.8597194388777547 -0.0047989318306432965
1.8677354709418834 -0.004831784127371942
1.8757515030060112 -0.004864837696345937
1.88376753507014 -0.00489809455520679
1.8917835671342678 -0.0049315567436182045
1.8997995991983965 -0.004965226323562337
1.9078156312625243 -0.004999105379640321
1.915831663326653 -0.005033196019377307
1.9238476953907808 -0.005067500373531924
1.9318637274549095 -0.005102020596410391
1.9398797595190373 -0.005136758866185203
1.947895791583166 -0.005171717385218613
1.9559118236472939 -0.005206898380390848
1.9639278557114226 -0.00524230410343327
1.9719438877755504 -0.005277936831266441
1.9799599198396791 -0.005313798866343277
1.987975951903807 -0.005349892536997283
1.9959919839679356 -0.0053862201977960345
2.0040080160320635 -0.00542278422989992
2.012024048096192 -0.005459587041426298
2.020040080160321 -0.005496631067819076
2.028056112224448 -0.005533918772223892
2.0360721442885765 -0.005571452645868945
2.0440881763527052 -0.005609235208451514
2.052104208416832 -0.005647269008530362
2.0601202404809627 -0.005685556623924114
2.0681362725450896 -0.005724100662115505
2.0761523046092183 -0.005762903760661994
2.084168336673347 -0.005801968587612383
2.092184368737474 -0.005841297841929906
2.1002004008016026 -0.005880894253921744
2.1082164328657313 -0.005920760585675004
2.1162324649298583 -0.005960899631499429
2.1242484969939888 -0.0060013142183768815
2.1322645290581157 -0.006042007206417564
2.1402805611222444 -0.006082981489323452
2.148296593186373 -0.006124239994858602
2.1563126252505 -0.0061657856853268135
2.1643286573146288 -0.006207621558056629
2.1723446893787575 -0.006249750645893691
2.1803607214428844 -0.006292176017700792
2.188376753507013 -0.0063349007788656075
2.196392785571142 -0.006377928071816196
2.2044088176352687 -0.00642126107654454
2.2124248496993992 -0.006464903011138203
2.220440881763526 -0.006508857132320054
2.228456913827655 -0.006553126735996619
2.2364729458917836 -0.00659771515781468
2.2444889779559105 -0.006642625773726674
2.2525050100200392 -0.006687862000564858
2.260521042084168 -0.006733427296624326
2.268537074148295 -0.006779325162255191
2.2765531062124253 -0.006825559140464009
2.2845691382765523 -0.006872132817524419
2.292585170340681 -0.006919049823597592
2.3006012024048097 -0.006966313833362102
2.3086172344689366 -0.007013928566653802
2.3166332665330653 -0.007061897789115718
2.324649298597194 -0.007110225312858012
2.332665330661321 -0.00715891499712838
2.3406813627254515 -0.007207970748993
2.3486973947895784 -0.007257396524027985
2.356713426853707 -0.007307196327021967
2.364729458917836 -0.007357374212689463
2.3727454909819627 -0.00740793428639562
2.3807615230460915 -0.007458880704892341
2.38877755511022 -0.007510217677065919
2.396793587174347 -0.007561949464696542
2.4048096192384776 -0.007614080383229762
2.4128256513026045 -0.007666614802559992
2.420841683366733 -0.007719557147826622
2.428857715430862 -0.007772911900222424
2.436873747494989 -0.00782668359781489
2.4448897795591176 -0.007880876836380524
2.4529058116232463 -0.007935496270252224
2.460921843687373 -0.007990546613180145
2.4689378757515037 -0.008046032639206203
2.4769539078156306 -0.008101959183552198
2.4849699398797593 -0.008158331143522301
2.492985971943888 -0.00821515347941951
2.501002004008015 -0.008272431215476782
2.5090180360721437 -0.00833016944080288
2.5170340681362724 -0.008388373310343067
2.5250501002003993 -0.008447048045855119
2.53306613226453 -0.008506198936900784
2.5410821643286567 -0.008565831341852716
2.5490981963927855 -0.008625950688917682
2.557114228456914 -0.00868656247717559
2.565130260521041 -0.00874767227763516
2.57314629258517 -0.008809285734306243
2.5811623246492985 -0.008871408565288974
2.5891783567134254 -0.008934046563880233
2.597194388777554 -0.008997205599697558
2.605210420841683 -0.009060891619820688
2.61322645290581 -0.009125110649951206
2.6212424849699403 -0.009189868795590467
2.629258517034067 -0.00925517224323586
2.637274549098196 -0.009321027261596247
2.6452905811623246 -0.009387440202826149
2.6533066132264516 -0.009454417503779523
2.6613226452905803 -0.009521965687283198
2.669338677354709 -0.009590091363430139
2.677354709418836 -0.00965880123089308
2.6853707414829664 -0.009728102078258735
2.6933867735470933 -0.009798000785382585
2.701402805611222 -0.009868504324765201
2.7094188376753507 -0.00993961976294961
2.7174348697394777 -0.010011354261940606
2.7254509018036064 -0.010083715080646106
2.733466933867735 -0.010156709576340666
2.741482965931862 -0.010230345206151811
2.7494989979959925 -0.010304629528569316
2.7575150300601194 -0.010379570204977493
2.765531062124248 -0.010455175001211459
2.773547094188377 -0.01053145178913686
2.781563126252504 -0.010608408548254025
2.7895791583166325 -0.010686053367326585
2.797595190380761 -0.010764394446034754
2.805611222444888 -0.010843440096653858
2.8136272545090186 -0.0109231987457583
2.8216432865731456 -0.011003678935950988
2.8296593186372743 -0.011084889327619227
2.837675350701403 -0.011166838700716504
2.84569138276553 -0.011249535956571176
2.8537074148296586 -0.011332990119722058
2.8617234468937873 -0.0114172103397811
2.8697394789579143 -0.011502205893323734
2.8777555110220447 -0.011587986185807059
2.8857715430861717 -0.011674560753515844
2.8937875751503004 -0.011761939265537374
2.901803607214429 -0.01185013152576448
2.909819639278556 -0.011939147474927771
2.9178356713426847 -0.012028997192657046
2.9258517034068134 -0.012119690899571947
2.9338677354709404 -0.012211238959402475
2.941883767535071 -0.012303651881139483
2.949899799599198 -0.012396940321214973
2.9579158316633265 -0.012491115085713328
2.965931863727455 -0.012586187132612532
2.973947895791582 -0.012682167574056573
2.981963927855711 -0.012779067678658683
2.9899799599198396 -0.012876898873835575
2.9979959919839665 -0.01297567274817314
3.006012024048095 -0.013075401053823543
3.014028056112224 -0.013176095708933648
3.022044088176351 -0.013277768800105305
3.0300601202404813 -0.013380432584887355
3.0380761523046083 -0.013484099494299049
3.046092184368737 -0.013588782135385911
3.0541082164328657 -0.013694493293806771
3.0621242484969926 -0.013801245936452978
3.0701402805611213 -0.013909053214099396
3.07815631262525 -0.01401792846408683
3.086172344689377 -0.01412788521303627
3.0941883767535074 -0.014238937179594626
3.1022044088176344 -0.014351098277211382
3.110220440881763 -0.01446438261694693
3.118236472945892 -0.014578804510311107
3.1262525050100187 -0.01469437847213265
3.1342685370741474 -0.014811119223458864
3.142284569138276 -0.014929041694484778
3.150300601202403 -0.015048161027512054
3.1583166332665336 -0.015168492579936695
3.1663326653306605 -0.015290051927264797
3.174348697394789 -0.015412854866156716
3.182364729458918 -0.015536917417497615
3.190380761523045 -0.015662255829494837
3.1983967935871735 -0.0157888865808008
3.2064128256513023 -0.015916826383660293
3.214428857715429 -0.016046092187081865
3.2224448897795597 -0.016176701180031908
3.2304609218436866 -0.016308670794649854
3.2384769539078153 -0.016442018709484616
3.246492985971944 -0.016576762852749276
3.254509018036071 -0.016712921405593974
3.2625250501001997 -0.016850512805394884
3.2705410821643284 -0.01698955574905758
3.2785571142284553 -0.017130069196333364
3.286573146292586 -0.017272072373146697
3.2945891783567127 -0.017415584774931086
3.3026052104208414 -0.017560626169972653
3.31062124248497 -0.017707216602757404
3.318637274549097 -0.017855376397321262
3.326653306613226 -0.018005126160599547
3.3346693386773545 -0.018156486785773116
3.3426853707414814 -0.018309479455608624
3.350701402805612 -0.018464125645789812
3.358717434869739 -0.01862044712823565
3.3667334669338675 -0.018778465974403597
3.3747494989979963 -0.01893820455857224
3.382765531062123 -0.01909968556110098
3.390781563126252 -0.01926293197166194
3.3987975951903806 -0.019427967092439536
3.4068136272545075 -0.019594814541293613
3.4148296593186362 -0.019763498254880964
3.422845691382765 -0.019934042491729663
3.430861723446892 -0.020106471835261538
3.4388777555110224 -0.020280811196756558
3.4468937875751493 -0.020457085818252483
3.454909819639278 -0.020635321275374884
3.4629258517034067 -0.020815543480088877
3.4709418837675337 -0.020997778683366854
3.4789579158316624 -0.021182053477764213
3.486973947895791 -0.02136839479989477
3.494989979959918 -0.02155682993279825
3.5030060120240485 -0.021747386508190723
3.5110220440881754 -0.021940092508588256
3.519038076152304 -0.02213497626929561
3.527054108216433 -0.022332066480247714
3.5350701402805598 -0.022531392187695023
3.5430861723446885 -0.022732982795720776
3.551102204408817 -0.022936868067577915
3.559118236472944 -0.023143078126834297
3.5671342685370746 -0.023351643458312723
3.5751503006012015 -0.02356259490881148
3.5831663326653302 -0.023775963687592928
3.591182364729459 -0.02399178136662302
3.599198396793586 -0.024210079880547755
3.6072144288577146 -0.02443089152638948
3.6152304609218433 -0.02465424896294573
3.6232464929859702 -0.02488018520987296
3.6312625250501007 -0.025108733646436607
3.6392785571142277 -0.02533992800990663
3.6472945891783564 -0.025573802393579956
3.655310621242485 -0.02581039124440621
3.663326653306612 -0.026049729360195797
3.6713426853707407 -0.026291851886386525
3.6793587174348694 -0.026536794312343473
3.6873747494989964 -0.026784592467168012
3.695390781563127 -0.02703528251498833
3.7034068136272538 -0.027288900949703113
3.7114228456913825 -0.02754548458915178
3.719438877755511 -0.02780507056867786
3.727454909819638 -0.02806769633405657
3.735470941883767 -0.02833339963375283
3.7434869739478955 -0.02860221851047541
3.7515030060120225 -0.028874191291992313
3.759519038076153 -0.029149356581170512
3.76753507014028 -0.029427753245200305
3.7755511022044086 -0.029709420403967252
3.7835671342685373 -0.029994397417527074
3.7915831663326642 -0.030282723872642744
3.799599198396793 -0.030574439568338992
3.8076152304609217 -0.030869584500426376
3.8156312625250486 -0.031168198844949317
3.8236472945891773 -0.03147032294050689
3.831663326653306 -0.03177599726939538
3.839679358717433 -0.032085262437519566
3.8476953907815634 -0.03239815915301832
3.8557114228456904 -0.03271472820354589
3.863727454909819 -0.03303501043215318
3.8717434869739478 -0.03335904671170534
3.8797595190380747 -0.033686877917775714
3.8877755511022034 -0.03401854489995076
3.895791583166332 -0.03435408845147961
3.903807615230459 -0.03469354927720098
3.9118236472945895 -0.035036967959677146
3.9198396793587165 -0.035384384923462145
3.927855711422845 -0.035735840397433306
3.935871743486974 -0.03609137437510695
3.943887775551101 -0.036451026572864094
3.9519038076152295 -0.03681483638600613
3.9599198396793582 -0.037182842842558766
3.967935871743485 -0.03755508455474443
3.9759519038076157 -0.03793159966803751
3.9839679358717426 -0.03831242580771776
3.9919839679358713 -0.03869760002283689
4.0 -0.03908715872750883
