delta_wp TPR_C_rho23_real
-4.0 0.0390871587274072
-3.75 0.028822954383596867
-3.5 0.02167567741736123
-3.25 0.01663615709977179
-3.0 0.013000514883974244
-2.75 0.010309294011635932
-2.5 0.008265246420443977
-2.25 0.0066736904938004046
-2.0 0.005404472517562123
-1.75 0.004368482992670811
-1.5 0.0035031513392561843
-1.25 0.002763357844865887
-1.0 0.002115619117360183
-0.75 0.0015342714109361094
-0.5 0.0009988861291353177
-0.25 0.0004924482104575913
0.0 3.8964818405891373e-14
0.25 -0.0004924482103777956
0.5 -0.000998886129052107
0.75 -0.001534271410841012
1.0 -0.0021156191172580032
1.25 -0.0027633578447402492
1.5 -0.0035031513391116137
1.75 -0.0043684829925282765
2.0 -0.005404472517388679
2.25 -0.006673690493579895
2.5 -0.008265246420167157
2.75 -0.01030929401128066
3.0 -0.01300051488340975
3.25 -0.016636157099176638
3.5 -0.02167567741635963
3.75 -0.02882295438253084
4.0 -0.03908715872594325
