delta_wp rho11
-4.0 0.9422470302710356
-3.75 0.9501779005733778
-3.5 0.9544661116795438
-3.25 0.9553628439279728
-3.0 0.9523310425286668
-2.75 0.9432472375292104
-2.5 0.9246569478801479
-2.25 0.896652955608603
-2.0 0.936726963596868
-1.75 0.8441874521038274
-1.5 0.8644689718425149
-1.25 0.8973518999972775
-1.0 0.9205249218806285
-0.75 0.933824440965355
-0.5 0.940715649461854
-0.25 0.9431098238611657
0.0 0.9413897329163845
0.25 0.9370418832225194
0.5 0.9276205624227782
0.75 0.911562375294693
1.0 0.8850311321911633
1.25 0.8436860020473973
1.5 0.7980648956586521
1.75 0.7848128734644664
2.0 0.9381339162777176
2.25 0.7472065307415486
2.5 0.7648525017593304
2.75 0.8276657359828199
3.0 0.8799819125146506
3.25 0.9111684527090417
3.5 0.9276673732183881
3.75 0.9343861029210853
4.0 0.9337682887621749
