delta_wp rho11_RWA
-4.0 0.8628713035536353
-3.75 0.9005007000402933
-3.5 0.9261311419133209
-3.25 0.9437940380683273
-3.0 0.9562185779026838
-2.75 0.9651511081609702
-2.5 0.9717029991394898
-2.25 0.9765907246609371
-2.0 0.9802850787990004
-1.75 0.9831016461203905
-1.5 0.9852558169804778
-1.25 0.9868966925159124
-1.0 0.9881283196952229
-0.75 0.9890231824099792
-0.5 0.9896308402875573
-0.25 0.9899834255041661
0.0 0.9900990099029605
0.25 0.9899834255038085
0.5 0.9896308402855849
0.75 0.989023182409283
1.0 0.9881283196942873
1.25 0.9868966925150826
1.5 0.9852558169789659
1.75 0.983101646127064
2.0 0.9802850788052493
2.25 0.9765907246671298
2.5 0.9717029991438052
2.75 0.9651511081670802
3.0 0.9562185778994211
3.25 0.9437940380726154
3.5 0.9261311419121614
3.75 0.9005007000448495
4.0 0.8628713035601927
