delta_wp rho11_exactRWA
-4.0 0.8628713035542267
-3.9919839679358717 0.864314041616102
-3.9839679358717435 0.8657394927477762
-3.975951903807615 0.8671478196523088
-3.967935871743487 0.8685391867793587
-3.9599198396793587 0.8699137601154873
-3.9519038076152304 0.871271706984619
-3.943887775551102 0.8726131958583118
-3.935871743486974 0.8739383961754508
-3.9278557114228456 0.8752474781710854
-3.9198396793587174 0.8765406127140151
-3.911823647294589 0.8778179711528425
-3.903807615230461 0.8790797251701612
-3.8957915831663326 0.8803260466445453
-3.8877755511022043 0.8815571075200727
-3.879759519038076 0.8827730796830601
-3.8717434869739478 0.8839741348457286
-3.8637274549098195 0.8851604444365188
-3.8557114228456912 0.886332179496786
-3.847695390781563 0.8874895105836027
-3.8396793587174347 0.888632607678429
-3.8316633266533064 0.8897616401013735
-3.823647294589178 0.8908767764308343
-3.81563126252505 0.891978184428269
-3.8076152304609217 0.8930660309678662
-3.799599198396794 0.8941404819709201
-3.791583166332665 0.8952017023446653
-3.7835671342685373 0.8962498559254138
-3.775551102204409 0.897285105425741
-3.7675350701402808 0.8983076123855946
-3.7595190380761525 0.8993175371270873
-3.7515030060120242 0.9003150387128392
-3.743486973947896 0.901300274907678
-3.7354709418837677 0.9022734021435498
-3.7274549098196395 0.9032345754874671
-3.719438877755511 0.9041839486123585
-3.711422845691383 0.9051216737706815
-3.7034068136272547 0.9060479017706289
-3.6953907815631264 0.9069627819548368
-3.687374749498998 0.9078664621814384
-3.67935871743487 0.90875908880735
-3.6713426853707416 0.9096408066736765
-3.6633266533066133 0.9105117590931162
-3.655310621242485 0.9113720878392647
-3.647294589178357 0.9122219331377087
-3.6392785571142285 0.9130614336588199
-3.6312625250501003 0.9138907265121411
-3.623246492985972 0.914709947242288
-3.6152304609218437 0.9155192298262765
-3.6072144288577155 0.9163187066721902
-3.599198396793587 0.9171085086191055
-3.591182364729459 0.9178887649382197
-3.5831663326653307 0.9186596033350758
-3.5751503006012024 0.919421149952854
-3.567134268537074 0.9201735293766381
-3.559118236472946 0.9209168646385975
-3.5511022044088176 0.921651277224044
-3.5430861723446894 0.9223768870782834
-3.535070140280561 0.9230938126142204
-3.527054108216433 0.9238021707206677
-3.5190380761523046 0.924502076771301
-3.5110220440881763 0.9251936446342265
-3.503006012024048 0.9258769866820984
-3.49498997995992 0.926552213802769
-3.4869739478957915 0.927219435410406
-3.4789579158316633 0.9278787594570584
-3.470941883767535 0.9285302924446246
-3.4629258517034067 0.9291741394371943
-3.4549098196392785 0.9298104040737278
-3.44689378757515 0.9304391885810414
-3.438877755511022 0.9310605937870783
-3.4308617234468937 0.9316747191344259
-3.422845691382766 0.9322816626940595
-3.414829659318637 0.9328815211792871
-3.4068136272545093 0.9334743899598748
-3.3987975951903806 0.9340603630763246
-3.390781563126253 0.9346395332542847
-3.382765531062124 0.9352119919190812
-3.3747494989979963 0.9357778292103394
-3.3667334669338675 0.9363371339966892
-3.3587174348697397 0.9368899938905286
-3.350701402805611 0.9374364952628376
-3.342685370741483 0.9379767232580193
-3.3346693386773545 0.9385107618087657
-3.3266533066132267 0.9390386936509219
-3.3186372745490984 0.9395606003383501
-3.31062124248497 0.940076562257769
-3.302605210420842 0.940586658643569
-3.2945891783567136 0.9410909675925856
-3.2865731462925853 0.9415895660788259
-3.278557114228457 0.9420825299681386
-3.270541082164329 0.9425699340328154
-3.2625250501002006 0.9430518519661244
-3.2545090180360723 0.9435283563967594
-3.246492985971944 0.9439995189032054
-3.2384769539078158 0.9444654100280092
-3.2304609218436875 0.9449260992919543
-3.2224448897795592 0.9453816552081314
-3.214428857715431 0.9458321452958999
-3.2064128256513027 0.9462776360947364
-3.1983967935871744 0.946718193177971
-3.190380761523046 0.9471538811663952
-3.182364729458918 0.9475847637417534
-3.1743486973947896 0.9480109036601047
-3.1663326653306614 0.9484323627650547
-3.158316633266533 0.9488492020008571
-3.150300601202405 0.9492614814253774
-3.1422845691382766 0.9496692602229254
-3.1342685370741483 0.9500725967169462
-3.12625250501002 0.9504715483825721
-3.118236472945892 0.9508661718590354
-3.1102204408817635 0.9512565229619382
-3.1022044088176353 0.9516426566953795
-3.094188376753507 0.9520246272639377
-3.0861723446893787 0.9524024880845112
-3.0781563126252505 0.9527762917980143
-3.070140280561122 0.9531460902809252
-3.062124248496994 0.953511934656692
-3.0541082164328657 0.9538738753069942
-3.0460921843687374 0.9542319618828558
-3.038076152304609 0.9545862433156181
-3.030060120240481 0.9549367678277649
-3.0220440881763526 0.955283582943606
-3.014028056112225 0.9556267354998151
-3.006012024048096 0.9559662716558275
-2.9979959919839683 0.9563022369040937
-2.9899799599198396 0.956634676080192
-2.9819639278557117 0.9569636333728033
-2.973947895791583 0.9572891523335405
-2.965931863727455 0.9576112758866455
-2.9579158316633265 0.9579300463385455
-2.9498997995991987 0.9582455053872705
-2.94188376753507 0.9585576941317412
-2.933867735470942 0.9588666530809177
-2.9258517034068134 0.9591724221628161
-2.9178356713426856 0.9594750407333933
-2.909819639278557 0.9597745475853039
-2.901803607214429 0.9600709809565208
-2.8937875751503004 0.9603643785388358
-2.8857715430861726 0.960654777486229
-2.877755511022044 0.9609422144231103
-2.869739478957916 0.9612267254524448
-2.8617234468937878 0.9615083461637467
-2.8537074148296595 0.9617871116409579
-2.8456913827655312 0.9620630564702037
-2.837675350701403 0.962336214747432
-2.8296593186372747 0.962606620085934
-2.8216432865731464 0.9628743056237493
-2.813627254509018 0.9631393040309585
-2.80561122244489 0.9634016475168611
-2.7975951903807617 0.9636613678370434
-2.7895791583166334 0.9639184963003361
-2.781563126252505 0.964173063775664
-2.773547094188377 0.964425100698787
-2.7655310621242486 0.9646746370789387
-2.7575150300601203 0.9649217025053586
-2.749498997995992 0.965166326153721
-2.741482965931864 0.9654085367924665
-2.7334669338677355 0.9656483627890289
-2.7254509018036073 0.9658858321159667
-2.717434869739479 0.9661209723569972
-2.7094188376753507 0.9663538107129341
-2.7014028056112225 0.9665843740075327
-2.693386773547094 0.966812688693239
-2.685370741482966 0.9670387808568505
-2.6773547094188377 0.9672626762250864
-2.6693386773547094 0.9674844001700674
-2.661322645290581 0.9677039777147086
-2.6533066132264533 0.9679214335380268
-2.6452905811623246 0.9681367919803642
-2.637274549098197 0.9683500770485247
-2.629258517034068 0.9685613124208318
-2.6212424849699403 0.9687705214521032
-2.6132264529058116 0.9689777271785475
-2.6052104208416837 0.9691829523225789
-2.597194388777555 0.969386219297561
-2.589178356713427 0.9695875502124647
-2.5811623246492985 0.9697869668764616
-2.5731462925851707 0.9699844908034376
-2.565130260521042 0.9701801432164328
-2.557114228456914 0.9703739450520162
-2.5490981963927855 0.9705659169645829
-2.5410821643286576 0.970756079330588
-2.533066132264529 0.9709444522527084
-2.525050100200401 0.9711310555639384
-2.5170340681362724 0.9713159088316223
-2.5090180360721446 0.9714990313614176
-2.501002004008016 0.9716804422011985
-2.492985971943888 0.9718601601448934
-2.4849699398797593 0.9720382037362624
-2.4769539078156315 0.9722145912726139
-2.468937875751503 0.9723893408084615
-2.460921843687375 0.972562470159121
-2.4529058116232467 0.9727339969042504
-2.4448897795591185 0.9729039383913333
-2.43687374749499 0.9730723117391061
-2.428857715430862 0.9732391338409293
-2.4208416833667337 0.9734044213681065
-2.4128256513026054 0.9735681907731467
-2.404809619238477 0.97373045829298
-2.396793587174349 0.9738912399521152
-2.3887775551102206 0.9740505515657515
-2.3807615230460923 0.9742084087428383
-2.372745490981964 0.974364826889086
-2.364729458917836 0.9745198212099303
-2.3567134268537075 0.9746734067134455
-2.3486973947895793 0.9748255982132163
-2.340681362725451 0.9749764103311592
-2.3326653306613228 0.9751258575003
-2.3246492985971945 0.97527395396751
-2.3166332665330662 0.9754207137961943
-2.308617234468938 0.975566150868939
-2.3006012024048097 0.9757102788901173
-2.2925851703406814 0.9758531113884524
-2.284569138276553 0.9759946617195417
-2.276553106212425 0.9761349430683379
-2.2685370741482966 0.976273968451594
-2.2605210420841684 0.9764117507202662
-2.25250501002004 0.9765483025618829
-2.2444889779559123 0.9766836365028713
-2.2364729458917836 0.9768177649108511
-2.2284569138276558 0.976950699996891
-2.220440881763527 0.9770824538177261
-2.2124248496993992 0.9772130382779476
-2.2044088176352705 0.9773424651321497
-2.1963927855711427 0.9774707459870488
-2.188376753507014 0.9775978923035665
-2.180360721442886 0.9777239153988803
-2.1723446893787575 0.9778488264484426
-2.1643286573146296 0.9779726364879675
-2.156312625250501 0.9780953564153861
-2.148296593186373 0.9782169969927734
-2.1402805611222444 0.9783375688482404
-2.1322645290581166 0.9784570824778029
-2.124248496993988 0.9785755482472156
-2.11623246492986 0.9786929763937795
-2.1082164328657313 0.9788093770281229
-2.1002004008016035 0.9789247601359525
-2.092184368737475 0.9790391355797773
-2.084168336673347 0.9791525131006071
-2.0761523046092183 0.9792649023196236
-2.0681362725450905 0.9793763127398253
-2.0601202404809618 0.9794867537476487
-2.052104208416834 0.9795962346145622
-2.0440881763527057 0.9797047644986361
-2.0360721442885774 0.9798123524460898
-2.028056112224449 0.9799190073928127
-2.020040080160321 0.9800247381658638
-2.0120240480961926 0.9801295534849468
-2.0040080160320644 0.9802334619638636
-1.9959919839679365 0.9803364721119445
-1.9879759519038078 0.9804385923354568
-1.9799599198396791 0.9805398309389928
-1.9719438877755513 0.9806401961268342
-1.9639278557114235 0.9807396960042989
-1.9559118236472948 0.9808383385790644
-1.947895791583166 0.980936131762472
-1.9398797595190382 0.9810330833708119
-1.9318637274549104 0.9811292011265879
-1.9238476953907817 0.9812244926597622
-1.915831663326653 0.9813189655089839
-1.9078156312625252 0.9814126271227952
-1.8997995991983974 0.981505484860823
-1.8917835671342687 0.9815975459949491
-1.88376753507014 0.9816888177104659
-1.8757515030060121 0.9817793071072114
-1.8677354709418843 0.9818690212006913
-1.8597194388777556 0.9819579669231787
-1.8517034068136269 0.9820461511248024
-1.843687374749499 0.9821335805746163
-1.8356713426853712 0.982220261961652
-1.8276553106212425 0.9823062018959589
-1.8196392785571138 0.9823914069096242
-1.811623246492986 0.9824758834577825
-1.8036072144288582 0.982559637919605
-1.7955911823647295 0.9826426765992801
-1.7875751503006008 0.9827250057269732
-1.779559118236473 0.9828066314597769
-1.7715430861723451 0.9828875598826444
-1.7635270541082164 0.9829677970093106
-1.7555110220440877 0.9830473487831979
-1.74749498997996 0.9831262210783105
-1.739478957915832 0.9832044197001136
-1.7314629258517034 0.9832819503864013
-1.7234468937875755 0.9833588188081507
-1.7154308617234477 0.9834350305703625
-1.707414829659319 0.9835105912128916
-1.6993987975951903 0.9835855062112638
-1.6913827655310625 0.9836597809774805
-1.6833667334669347 0.9837334208608123
-1.675350701402806 0.9838064311485795
-1.6673346693386772 0.983878817066924
-1.6593186372745494 0.9839505837815673
-1.6513026052104216 0.9840217363985575
-1.643286573146293 0.9840922799650068
-1.6352705410821642 0.9841622194698181
-1.6272545090180364 0.9842315598443991
-1.6192384769539085 0.9843003059633693
-1.6112224448897798 0.9843684626452525
-1.6032064128256511 0.9844360346531631
-1.5951903807615233 0.9845030266954806
-1.5871743486973955 0.9845694434265143
-1.5791583166332668 0.9846352894471584
-1.571142284569138 0.9847005693055386
-1.5631262525050102 0.9847652874976478
-1.5551102204408824 0.9848294484679742
-1.5470941883767537 0.9848930566101186
-1.539078156312625 0.9849561162674048
-1.5310621242484972 0.9850186317334789
-1.5230460921843694 0.9850806072529033
-1.5150300601202407 0.9851420470217371
-1.507014028056112 0.9852029551881142
-1.4989979959919841 0.9852633358528079
-1.4909819639278563 0.9853231930697902
-1.4829659318637276 0.9853825308467835
-1.474949899799599 0.9854413531458011
-1.466933867735471 0.9854996638836842
-1.4589178356713433 0.9855574669326287
-1.4509018036072145 0.9856147661207042
-1.4428857715430858 0.9856715652323675
-1.434869739478958 0.9857278680089673
-1.4268537074148302 0.9857836781492418
-1.4188376753507015 0.9858389993098096
-1.4108216432865728 0.9858938351056538
-1.402805611222445 0.9859481891105983
-1.3947895791583171 0.9860020648577797
-1.3867735470941884 0.9860554658401077
-1.3787575150300597 0.9861083955107256
-1.370741482965932 0.9861608572834577
-1.362725450901804 0.9862128545332551
-1.3547094188376754 0.9862643905966331
-1.3466933867735467 0.9863154687721021
-1.3386773547094188 0.9863660923205942
-1.330661322645291 0.9864162644658823
-1.3226452905811623 0.986465988394992
-1.3146292585170345 0.9865152672586123
-1.3066132264529067 0.9865641041714944
-1.298597194388778 0.9866125022128509
-1.2905811623246493 0.9866604644267434
-1.2825651302605214 0.9867079938224704
-1.2745490981963936 0.9867550933749454
-1.266533066132265 0.986801766025072
-1.2585170340681362 0.9868480146801119
-1.2505010020040084 0.986893842214051
-1.2424849699398806 0.9869392514679552
-1.2344689378757518 0.9869842452503274
-1.2264529058116231 0.987028826337453
-1.2184368737474953 0.9870729974737463
-1.2104208416833675 0.9871167613720886
-1.2024048096192388 0.9871601207141619
-1.19438877755511 0.987203078150779
-1.1863727454909823 0.9872456363022085
-1.1783567134268544 0.9872877977584948
-1.1703406813627257 0.9873295650797741
-1.162324649298597 0.9873709407965862
-1.1543086172344692 0.9874119274101799
-1.1462925851703414 0.9874525273928184
-1.1382765531062127 0.9874927431880748
-1.130260521042084 0.9875325772111286
-1.1222444889779561 0.9875720318490546
-1.1142284569138283 0.987611109461109
-1.1062124248496996 0.9876498123790115
-1.098196392785571 0.9876881429072238
-1.090180360721443 0.987726103323223
-1.0821643286573153 0.9877636958777719
-1.0741482965931866 0.9878009227951854
-1.0661322645290578 0.9878377862735934
-1.05811623246493 0.9878742884852
-1.0501002004008022 0.9879104315765374
-1.0420841683366735 0.9879462176687192
-1.0340681362725448 0.9879816488576876
-1.026052104208417 0.9880167272144578
-1.0180360721442892 0.98805145478536
-1.0100200400801604 0.9880858335922761
-1.0020040080160317 0.988119865632874
-0.9939879759519039 0.9881535528808398
-0.9859719438877761 0.9881868972861042
-0.9779559118236474 0.9882199007750674
-0.9699398797595187 0.9882525652508198
-0.9619238476953909 0.988284892593361
-0.953907815631263 0.9883168846598147
-0.9458917835671343 0.9883485432846388
-0.9378757515030056 0.9883798702798366
-0.9298597194388778 0.9884108674351617
-0.92184368737475 0.9884415365183195
-0.9138276553106213 0.9884718792751688
-0.9058116232464934 0.988501897429919
-0.8977955911823656 0.9885315926853225
-0.8897795591182369 0.9885609667228681
-0.8817635270541082 0.9885900212029677
-0.8737474949899804 0.9886187577651433
-0.8657314629258526 0.9886471780282103
-0.8577154308617239 0.9886752835904569
-0.8496993987975952 0.988703076029822
-0.8416833667334673 0.9887305569040722
-0.8336673346693395 0.9887577277509717
-0.8256513026052108 0.9887845900884538
-0.8176352705410821 0.9888111454147884
-0.8096192384769543 0.9888373952087467
-0.8016032064128265 0.9888633409297642
-0.7935871743486977 0.9888889840180995
-0.785571142284569 0.9889143258949943
-0.7775551102204412 0.9889393679628263
-0.7695390781563134 0.9889641116052638
-0.7615230460921847 0.9889885581874158
-0.753507014028056 0.9890127090559805
-0.7454909819639282 0.9890365655393911
-0.7374749498998003 0.9890601289479605
-0.7294589178356716 0.9890834005740217
-0.7214428857715429 0.9891063816920684
-0.7134268537074151 0.9891290735588919
-0.7054108216432873 0.9891514774137158
-0.6973947895791586 0.9891735944783299
-0.6893787575150299 0.9891954259572198
-0.681362725450902 0.9892169730376981
-0.6733466933867742 0.9892382368900282
-0.6653306613226455 0.9892592186675517
-0.6573146292585168 0.9892799195068097
-0.649298597194389 0.9893003405276644
-0.6412825651302612 0.989320482833417
-0.6332665330661325 0.9893403475109256
-0.6252505010020037 0.9893599356307197
-0.6172344689378759 0.989379248247113
-0.6092184368737481 0.9893982863983153
-0.6012024048096194 0.9894170511065413
-0.5931863727454907 0.989435543378118
-0.5851703406813629 0.9894537642035909
-0.577154308617235 0.9894717145578269
-0.5691382765531063 0.9894893954001177
-0.5611222444889776 0.9895068076742789
-0.5531062124248498 0.9895239523087488
-0.545090180360722 0.9895408302166854
-0.5370741482965933 0.9895574422960615
-0.5290581162324646 0.989573789429758
-0.5210420841683367 0.9895898724856551
-0.5130260521042089 0.9896056923167231
-0.5050100200400802 0.9896212497611097
-0.4969939879759524 0.989636545642228
-0.4889779559118246 0.9896515807688402
-0.48096192384769587 0.9896663559351415
-0.47294589178356716 0.9896808719208426
-0.46492985971943934 0.9896951294912492
-0.4569138276553115 0.9897091293973407
-0.4488977955911828 0.9897228723758472
-0.4408817635270541 0.9897363591493256
-0.4328657314629263 0.989749590426233
-0.42484969939879846 0.9897625669009998
-0.41683366733466976 0.9897752892541003
-0.40881763527054105 0.9897877581521218
-0.4008016032064132 0.9897999742478331
-0.3927855711422854 0.9898119381802514
-0.3847695390781567 0.9898236505747058
-0.376753507014028 0.9898351120429026
-0.36873747494990017 0.9898463231829869
-0.36072144288577235 0.9898572845796023
-0.35270541082164364 0.9898679968039515
-0.34468937875751493 0.9898784604138539
-0.3366733466933871 0.9898886759538009
-0.3286573146292593 0.9898986439550126
-0.3206412825651306 0.9899083649354903
-0.3126252505010019 0.9899178394000689
-0.30460921843687405 0.9899270678404689
-0.29659318637274623 0.9899360507353442
-0.2885771543086175 0.989944788550332
-0.2805611222444888 0.9899532817380978
-0.272545090180361 0.9899615307383832
-0.2645290581162332 0.9899695359780478
-0.25651302605210446 0.9899772978711135
-0.24849699398797576 0.9899848168188061
-0.24048096192384794 0.989992093209594
-0.23246492985972012 0.9899991274192287
-0.2244488977955914 0.9900059198107821
-0.2164328657314627 0.9900124707346823
-0.20841683366733488 0.9900187805287489
-0.20040080160320706 0.990024849518227
-0.19238476953907835 0.9900306780158193
-0.18436873747494964 0.9900362663217178
-0.17635270541082182 0.9900416147236332
-0.168336673346694 0.9900467234968239
-0.1603206412825653 0.9900515929041234
-0.15230460921843658 0.9900562231959669
-0.14428857715430876 0.9900606146104153
-0.13627254509018094 0.9900647673731796
-0.12825651302605223 0.9900686816976434
-0.12024048096192352 0.9900723577848835
-0.1122244488977957 0.9900757958236912
-0.10420841683366788 0.9900789959905891
-0.09619238476953917 0.9900819584498507
-0.08817635270541135 0.9900846833535153
-0.08016032064128353 0.9900871708414033
-0.07214428857715482 0.9900894210411312
-0.06412825651302612 0.9900914340681224
-0.056112224448898296 0.9900932100256207
-0.048096192384770475 0.9900947490046988
-0.04008016032064177 0.9900960510842686
-0.03206412825651306 0.990097116331088
-0.024048096192385238 0.9900979447997683
-0.016032064128257417 0.9900985365327796
-0.008016032064128709 0.990098891560454
0.0 0.9900990099009902
0.00801603206412782 0.990098891560454
0.01603206412825653 0.9900985365327796
0.02404809619238435 0.9900979447997683
0.03206412825651306 0.990097116331088
0.04008016032064088 0.9900960510842686
0.04809619238476959 0.9900947490046988
0.05611222444889741 0.9900932100256207
0.06412825651302612 0.9900914340681224
0.07214428857715394 0.9900894210411312
0.08016032064128265 0.9900871708414033
0.08817635270541047 0.9900846833535152
0.09619238476953917 0.9900819584498507
0.104208416833667 0.9900789959905891
0.11222444889779482 0.9900757958236912
0.12024048096192352 0.9900723577848835
0.12825651302605134 0.9900686816976433
0.13627254509018005 0.9900647673731796
0.14428857715430787 0.9900606146104152
0.15230460921843658 0.9900562231959669
0.1603206412825644 0.9900515929041235
0.1683366733466931 0.9900467234968238
0.17635270541082093 0.9900416147236331
0.18436873747494964 0.9900362663217178
0.19238476953907746 0.9900306780158193
0.20040080160320617 0.9900248495182269
0.208416833667334 0.9900187805287489
0.2164328657314627 0.9900124707346823
0.22444889779559052 0.9900059198107821
0.23246492985971923 0.9899991274192287
0.24048096192384705 0.989992093209594
0.24849699398797576 0.9899848168188061
0.2565130260521036 0.9899772978711135
0.2645290581162323 0.9899695359780478
0.2725450901803601 0.9899615307383831
0.2805611222444888 0.9899532817380978
0.28857715430861663 0.989944788550332
0.29659318637274534 0.9899360507353443
0.30460921843687316 0.989927067840469
0.3126252505010019 0.9899178394000689
0.3206412825651297 0.9899083649354902
0.3286573146292584 0.9898986439550126
0.3366733466933862 0.989888675953801
0.34468937875751493 0.9898784604138539
0.35270541082164275 0.9898679968039517
0.36072144288577146 0.9898572845796023
0.3687374749498993 0.9898463231829868
0.376753507014028 0.9898351120429026
0.3847695390781558 0.9898236505747057
0.3927855711422845 0.9898119381802513
0.40080160320641234 0.9897999742478333
0.40881763527054105 0.9897877581521218
0.41683366733466887 0.9897752892541002
0.4248496993987976 0.9897625669009997
0.4328657314629254 0.9897495904262329
0.4408817635270541 0.9897363591493256
0.4488977955911819 0.9897228723758472
0.45691382765531063 0.9897091293973407
0.46492985971943845 0.9896951294912494
0.47294589178356716 0.9896808719208426
0.480961923847695 0.9896663559351416
0.4889779559118237 0.9896515807688401
0.4969939879759515 0.989636545642228
0.5050100200400802 0.9896212497611097
0.513026052104208 0.989605692316723
0.5210420841683359 0.989589872485655
0.5290581162324646 0.989573789429758
0.5370741482965924 0.9895574422960615
0.5450901803607211 0.9895408302166854
0.5531062124248489 0.9895239523087487
0.5611222444889776 0.9895068076742789
0.5691382765531054 0.9894893954001178
0.5771543086172342 0.989471714557827
0.585170340681362 0.9894537642035908
0.5931863727454907 0.989435543378118
0.6012024048096185 0.9894170511065414
0.6092184368737472 0.9893982863983153
0.617234468937875 0.9893792482471129
0.6252505010020037 0.9893599356307197
0.6332665330661316 0.9893403475109257
0.6412825651302603 0.989320482833417
0.6492985971943881 0.9893003405276645
0.6573146292585168 0.9892799195068097
0.6653306613226446 0.9892592186675517
0.6733466933867733 0.9892382368900281
0.6813627254509012 0.989216973037698
0.6893787575150299 0.9891954259572198
0.6973947895791577 0.9891735944783298
0.7054108216432864 0.9891514774137158
0.7134268537074142 0.9891290735588918
0.7214428857715429 0.9891063816920684
0.7294589178356707 0.9890834005740217
0.7374749498997994 0.9890601289479604
0.7454909819639273 0.989036565539391
0.753507014028056 0.9890127090559805
0.7615230460921838 0.9889885581874157
0.7695390781563125 0.9889641116052638
0.7775551102204403 0.9889393679628262
0.785571142284569 0.9889143258949943
0.7935871743486969 0.9888889840180997
0.8016032064128256 0.9888633409297641
0.8096192384769534 0.9888373952087467
0.8176352705410821 0.9888111454147884
0.8256513026052099 0.9887845900884537
0.8336673346693386 0.9887577277509716
0.8416833667334664 0.9887305569040723
0.8496993987975952 0.988703076029822
0.857715430861723 0.9886752835904568
0.8657314629258517 0.9886471780282102
0.8737474949899795 0.9886187577651434
0.8817635270541082 0.9885900212029677
0.889779559118236 0.9885609667228682
0.8977955911823647 0.9885315926853228
0.9058116232464926 0.9885018974299191
0.9138276553106213 0.9884718792751688
0.9218436873747491 0.9884415365183193
0.9298597194388769 0.9884108674351616
0.9378757515030056 0.9883798702798366
0.9458917835671334 0.9883485432846387
0.9539078156312621 0.9883168846598146
0.96192384769539 0.9882848925933612
0.9699398797595187 0.9882525652508198
0.9779559118236465 0.9882199007750673
0.9859719438877752 0.9881868972861042
0.993987975951903 0.98815355288084
1.0020040080160317 0.988119865632874
1.0100200400801596 0.988085833592276
1.0180360721442883 0.9880514547853602
1.026052104208416 0.9880167272144578
1.0340681362725448 0.9879816488576876
1.0420841683366726 0.9879462176687192
1.0501002004008013 0.9879104315765374
1.0581162324649291 0.9878742884852
1.0661322645290578 0.9878377862735934
1.0741482965931857 0.9878009227951854
1.0821643286573144 0.987763695877772
1.0901803607214422 0.987726103323223
1.098196392785571 0.9876881429072238
1.1062124248496987 0.9876498123790115
1.1142284569138274 0.9876111094611089
1.1222444889779553 0.9875720318490545
1.130260521042084 0.9875325772111286
1.1382765531062118 0.987492743188075
1.1462925851703405 0.9874525273928184
1.1543086172344683 0.98741192741018
1.162324649298597 0.9873709407965862
1.1703406813627248 0.9873295650797742
1.1783567134268536 0.9872877977584948
1.1863727454909814 0.9872456363022086
1.19438877755511 0.987203078150779
1.202404809619238 0.9871601207141619
1.2104208416833666 0.9871167613720886
1.2184368737474944 0.9870729974737464
1.2264529058116231 0.987028826337453
1.234468937875751 0.9869842452503272
1.2424849699398797 0.9869392514679554
1.2505010020040075 0.9868938422140509
1.2585170340681362 0.9868480146801119
1.266533066132264 0.986801766025072
1.2745490981963927 0.9867550933749455
1.2825651302605205 0.9867079938224704
1.2905811623246493 0.9866604644267434
1.298597194388777 0.9866125022128508
1.3066132264529058 0.9865641041714943
1.3146292585170336 0.9865152672586123
1.3226452905811623 0.986465988394992
1.3306613226452901 0.9864162644658824
1.338677354709418 0.9863660923205945
1.3466933867735467 0.9863154687721021
1.3547094188376745 0.9862643905966328
1.3627254509018032 0.986212854533255
1.370741482965931 0.9861608572834577
1.3787575150300597 0.9861083955107256
1.3867735470941875 0.9860554658401078
1.3947895791583163 0.9860020648577795
1.402805611222444 0.9859481891105986
1.4108216432865728 0.9858938351056538
1.4188376753507006 0.9858389993098096
1.4268537074148293 0.9857836781492418
1.4348697394789571 0.9857278680089674
1.4428857715430858 0.9856715652323675
1.4509018036072137 0.9856147661207041
1.4589178356713424 0.9855574669326287
1.4669338677354702 0.9854996638836842
1.474949899799599 0.9854413531458011
1.4829659318637267 0.9853825308467835
1.4909819639278554 0.9853231930697902
1.4989979959919832 0.9852633358528078
1.507014028056112 0.9852029551881142
1.5150300601202398 0.9851420470217371
1.5230460921843685 0.9850806072529031
1.5310621242484963 0.9850186317334789
1.539078156312625 0.9849561162674048
1.5470941883767528 0.9848930566101186
1.5551102204408815 0.9848294484679742
1.5631262525050094 0.9847652874976478
1.571142284569138 0.9847005693055386
1.579158316633266 0.9846352894471585
1.5871743486973946 0.9845694434265142
1.5951903807615224 0.9845030266954806
1.6032064128256511 0.9844360346531631
1.611222444889779 0.9843684626452525
1.6192384769539077 0.9843003059633695
1.6272545090180355 0.9842315598443991
1.6352705410821642 0.9841622194698181
1.643286573146292 0.9840922799650068
1.6513026052104207 0.9840217363985576
1.6593186372745485 0.9839505837815674
1.6673346693386772 0.983878817066924
1.675350701402805 0.9838064311485796
1.6833667334669338 0.9837334208608123
1.6913827655310616 0.9836597809774809
1.6993987975951903 0.9835855062112638
1.7074148296593181 0.9835105912128916
1.7154308617234468 0.9834350305703625
1.7234468937875747 0.9833588188081507
1.7314629258517034 0.9832819503864013
1.7394789579158312 0.9832044197001136
1.747494989979959 0.9831262210783104
1.7555110220440877 0.9830473487831979
1.7635270541082155 0.9829677970093106
1.7715430861723442 0.9828875598826444
1.779559118236472 0.9828066314597769
1.7875751503006008 0.9827250057269732
1.7955911823647286 0.9826426765992801
1.8036072144288573 0.982559637919605
1.8116232464929851 0.9824758834577823
1.8196392785571138 0.9823914069096242
1.8276553106212416 0.9823062018959589
1.8356713426853704 0.982220261961652
1.8436873747494982 0.9821335805746163
1.8517034068136269 0.9820461511248024
1.8597194388777547 0.9819579669231787
1.8677354709418834 0.9818690212006914
1.8757515030060112 0.9817793071072114
1.88376753507014 0.9816888177104659
1.8917835671342678 0.9815975459949491
1.8997995991983965 0.9815054848608231
1.9078156312625243 0.9814126271227953
1.915831663326653 0.9813189655089839
1.9238476953907808 0.981224492659762
1.9318637274549095 0.9811292011265875
1.9398797595190373 0.9810330833708119
1.947895791583166 0.980936131762472
1.9559118236472939 0.9808383385790643
1.9639278557114226 0.9807396960042989
1.9719438877755504 0.9806401961268342
1.9799599198396791 0.9805398309389928
1.987975951903807 0.9804385923354568
1.9959919839679356 0.9803364721119445
2.0040080160320635 0.9802334619638636
2.012024048096192 0.980129553484947
2.020040080160321 0.9800247381658638
2.028056112224448 0.9799190073928127
2.0360721442885765 0.9798123524460898
2.0440881763527052 0.9797047644986363
2.052104208416832 0.9795962346145622
2.0601202404809627 0.9794867537476487
2.0681362725450896 0.9793763127398252
2.0761523046092183 0.9792649023196236
2.084168336673347 0.9791525131006071
2.092184368737474 0.9790391355797772
2.1002004008016026 0.9789247601359523
2.1082164328657313 0.9788093770281229
2.1162324649298583 0.9786929763937795
2.1242484969939888 0.9785755482472155
2.1322645290581157 0.9784570824778029
2.1402805611222444 0.9783375688482404
2.148296593186373 0.9782169969927734
2.1563126252505 0.9780953564153861
2.1643286573146288 0.9779726364879674
2.1723446893787575 0.9778488264484426
2.1803607214428844 0.9777239153988804
2.188376753507013 0.9775978923035665
2.196392785571142 0.9774707459870488
2.2044088176352687 0.9773424651321496
2.2124248496993992 0.9772130382779476
2.220440881763526 0.9770824538177263
2.228456913827655 0.9769506999968908
2.2364729458917836 0.9768177649108511
2.2444889779559105 0.9766836365028715
2.2525050100200392 0.9765483025618831
2.260521042084168 0.9764117507202665
2.268537074148295 0.9762739684515939
2.2765531062124253 0.976134943068338
2.2845691382765523 0.9759946617195417
2.292585170340681 0.9758531113884527
2.3006012024048097 0.9757102788901173
2.3086172344689366 0.9755661508689388
2.3166332665330653 0.9754207137961943
2.324649298597194 0.9752739539675104
2.332665330661321 0.9751258575003002
2.3406813627254515 0.9749764103311589
2.3486973947895784 0.9748255982132166
2.356713426853707 0.9746734067134457
2.364729458917836 0.9745198212099303
2.3727454909819627 0.9743648268890862
2.3807615230460915 0.9742084087428383
2.38877755511022 0.9740505515657515
2.396793587174347 0.9738912399521152
2.4048096192384776 0.9737304582929801
2.4128256513026045 0.9735681907731469
2.420841683366733 0.9734044213681063
2.428857715430862 0.9732391338409293
2.436873747494989 0.9730723117391064
2.4448897795591176 0.9729039383913335
2.4529058116232463 0.9727339969042504
2.460921843687373 0.9725624701591209
2.4689378757515037 0.9723893408084613
2.4769539078156306 0.9722145912726139
2.4849699398797593 0.9720382037362624
2.492985971943888 0.9718601601448934
2.501002004008015 0.9716804422011983
2.5090180360721437 0.9714990313614178
2.5170340681362724 0.9713159088316223
2.5250501002003993 0.9711310555639386
2.53306613226453 0.9709444522527083
2.5410821643286567 0.9707560793305883
2.5490981963927855 0.9705659169645829
2.557114228456914 0.9703739450520162
2.565130260521041 0.970180143216433
2.57314629258517 0.9699844908034374
2.5811623246492985 0.9697869668764616
2.5891783567134254 0.9695875502124646
2.597194388777554 0.9693862192975609
2.605210420841683 0.969182952322579
2.61322645290581 0.9689777271785469
2.6212424849699403 0.9687705214521032
2.629258517034067 0.9685613124208317
2.637274549098196 0.9683500770485248
2.6452905811623246 0.9681367919803642
2.6533066132264516 0.9679214335380273
2.6613226452905803 0.9677039777147084
2.669338677354709 0.9674844001700676
2.677354709418836 0.9672626762250864
2.6853707414829664 0.9670387808568507
2.6933867735470933 0.9668126886932388
2.701402805611222 0.9665843740075327
2.7094188376753507 0.9663538107129341
2.7174348697394777 0.966120972356997
2.7254509018036064 0.9658858321159667
2.733466933867735 0.9656483627890291
2.741482965931862 0.9654085367924666
2.7494989979959925 0.9651663261537212
2.7575150300601194 0.9649217025053585
2.765531062124248 0.9646746370789387
2.773547094188377 0.964425100698787
2.781563126252504 0.964173063775664
2.7895791583166325 0.9639184963003363
2.797595190380761 0.9636613678370434
2.805611222444888 0.9634016475168612
2.8136272545090186 0.9631393040309583
2.8216432865731456 0.9628743056237493
2.8296593186372743 0.9626066200859341
2.837675350701403 0.962336214747432
2.84569138276553 0.9620630564702038
2.8537074148296586 0.9617871116409575
2.8617234468937873 0.9615083461637467
2.8697394789579143 0.9612267254524448
2.8777555110220447 0.9609422144231102
2.8857715430861717 0.9606547774862287
2.8937875751503004 0.9603643785388358
2.901803607214429 0.9600709809565208
2.909819639278556 0.9597745475853036
2.9178356713426847 0.9594750407333934
2.9258517034068134 0.9591724221628161
2.9338677354709404 0.9588666530809178
2.941883767535071 0.9585576941317413
2.949899799599198 0.9582455053872703
2.9579158316633265 0.9579300463385455
2.965931863727455 0.9576112758866455
2.973947895791582 0.9572891523335406
2.981963927855711 0.9569636333728032
2.9899799599198396 0.956634676080192
2.9979959919839665 0.9563022369040933
3.006012024048095 0.9559662716558275
3.014028056112224 0.9556267354998151
3.022044088176351 0.955283582943606
3.0300601202404813 0.9549367678277653
3.0380761523046083 0.9545862433156183
3.046092184368737 0.9542319618828559
3.0541082164328657 0.9538738753069942
3.0621242484969926 0.9535119346566924
3.0701402805611213 0.9531460902809253
3.07815631262525 0.9527762917980144
3.086172344689377 0.9524024880845112
3.0941883767535074 0.9520246272639374
3.1022044088176344 0.9516426566953791
3.110220440881763 0.9512565229619381
3.118236472945892 0.9508661718590354
3.1262525050100187 0.9504715483825719
3.1342685370741474 0.9500725967169461
3.142284569138276 0.9496692602229253
3.150300601202403 0.9492614814253776
3.1583166332665336 0.9488492020008572
3.1663326653306605 0.948432362765055
3.174348697394789 0.9480109036601049
3.182364729458918 0.9475847637417534
3.190380761523045 0.947153881166395
3.1983967935871735 0.9467181931779712
3.2064128256513023 0.9462776360947367
3.214428857715429 0.9458321452958999
3.2224448897795597 0.9453816552081314
3.2304609218436866 0.9449260992919543
3.2384769539078153 0.9444654100280089
3.246492985971944 0.9439995189032054
3.254509018036071 0.9435283563967595
3.2625250501001997 0.9430518519661244
3.2705410821643284 0.9425699340328152
3.2785571142284553 0.9420825299681383
3.286573146292586 0.9415895660788257
3.2945891783567127 0.9410909675925851
3.3026052104208414 0.9405866586435692
3.31062124248497 0.940076562257769
3.318637274549097 0.9395606003383505
3.326653306613226 0.9390386936509224
3.3346693386773545 0.9385107618087657
3.3426853707414814 0.937976723258019
3.350701402805612 0.9374364952628375
3.358717434869739 0.9368899938905293
3.3667334669338675 0.9363371339966892
3.3747494989979963 0.9357778292103394
3.382765531062123 0.9352119919190817
3.390781563126252 0.9346395332542847
3.3987975951903806 0.9340603630763246
3.4068136272545075 0.9334743899598749
3.4148296593186362 0.9328815211792874
3.422845691382765 0.9322816626940592
3.430861723446892 0.9316747191344265
3.4388777555110224 0.9310605937870787
3.4468937875751493 0.9304391885810412
3.454909819639278 0.9298104040737272
3.4629258517034067 0.9291741394371943
3.4709418837675337 0.928530292444625
3.4789579158316624 0.9278787594570586
3.486973947895791 0.9272194354104062
3.494989979959918 0.9265522138027691
3.5030060120240485 0.9258769866820985
3.5110220440881754 0.925193644634226
3.519038076152304 0.9245020767713013
3.527054108216433 0.9238021707206677
3.5350701402805598 0.9230938126142205
3.5430861723446885 0.9223768870782838
3.551102204408817 0.9216512772240448
3.559118236472944 0.9209168646385969
3.5671342685370746 0.9201735293766378
3.5751503006012015 0.9194211499528546
3.5831663326653302 0.9186596033350751
3.591182364729459 0.9178887649382197
3.599198396793586 0.9171085086191065
3.6072144288577146 0.9163187066721896
3.6152304609218433 0.9155192298262768
3.6232464929859702 0.9147099472422878
3.6312625250501007 0.9138907265121406
3.6392785571142277 0.9130614336588208
3.6472945891783564 0.9122219331377093
3.655310621242485 0.9113720878392647
3.663326653306612 0.9105117590931167
3.6713426853707407 0.9096408066736769
3.6793587174348694 0.90875908880735
3.6873747494989964 0.9078664621814385
3.695390781563127 0.9069627819548374
3.7034068136272538 0.9060479017706294
3.7114228456913825 0.9051216737706811
3.719438877755511 0.9041839486123585
3.727454909819638 0.9032345754874662
3.735470941883767 0.90227340214355
3.7434869739478955 0.9013002749076782
3.7515030060120225 0.9003150387128386
3.759519038076153 0.8993175371270871
3.76753507014028 0.8983076123855949
3.7755511022044086 0.8972851054257414
3.7835671342685373 0.8962498559254138
3.7915831663326642 0.8952017023446656
3.799599198396793 0.8941404819709203
3.8076152304609217 0.8930660309678662
3.8156312625250486 0.8919781844282696
3.8236472945891773 0.8908767764308346
3.831663326653306 0.8897616401013737
3.839679358717433 0.8886326076784287
3.8476953907815634 0.887489510583602
3.8557114228456904 0.8863321794967856
3.863727454909819 0.8851604444365194
3.8717434869739478 0.8839741348457286
3.8797595190380747 0.8827730796830607
3.8877755511022034 0.8815571075200727
3.895791583166332 0.8803260466445446
3.903807615230459 0.8790797251701611
3.9118236472945895 0.877817971152844
3.9198396793587165 0.8765406127140146
3.927855711422845 0.8752474781710862
3.935871743486974 0.8739383961754508
3.943887775551101 0.8726131958583115
3.9519038076152295 0.8712717069846196
3.9599198396793582 0.8699137601154859
3.967935871743485 0.8685391867793594
3.9759519038076157 0.8671478196523092
3.9839679358717426 0.8657394927477765
3.9919839679358713 0.864314041616102
4.0 0.8628713035542267
