delta_wp rho22_exactRWA
-4.0 0.058882538420033124
-3.9919839679358717 0.058178865785657764
-3.9839679358717435 0.057484123752325915
-3.975951903807615 0.05679821808478567
-3.967935871743487 0.05612105403868144
-3.9599198396793587 0.05545253645769353
-3.9519038076152304 0.054792569865633335
-3.943887775551102 0.05414105855367971
-3.935871743486974 0.05349790666293899
-3.9278557114228456 0.05286301826250783
-3.9198396793587174 0.05223629742321305
-3.911823647294589 0.051617648287198926
-3.903807615230461 0.051006975133528344
-3.8957915831663326 0.050404182439958325
-3.8877755511022043 0.04980917494104905
-3.879759519038076 0.049221857682757504
-3.8717434869739478 0.048642136073664854
-3.8637274549098195 0.048069915932981336
-3.8557114228456912 0.04750510353546832
-3.847695390781563 0.046947605653412196
-3.8396793587174347 0.04639732959578088
-3.8316633266533064 0.04585418324468942
-3.823647294589178 0.04531807508929683
-3.81563126252505 0.04478891425725138
-3.8076152304609217 0.044266610543798886
-3.799599198396794 0.04375107443866306
-3.791583166332665 0.04324221715080357
-3.7835671342685373 0.04273995063115453
-3.775551102204409 0.042244187593439106
-3.7675350701402808 0.04175484153315774
-3.7595190380761525 0.041271826744837196
-3.7515030060120242 0.0407950583376301
-3.743486973947896 0.04032445224934681
-3.7354709418837677 0.0398599252590013
-3.7274549098196395 0.03940139499794675
-3.719438877755511 0.038948779959675786
-3.711422845691383 0.03850199950835562
-3.7034068136272547 0.03806097388616585
-3.6953907815631264 0.03762562421950461
-3.687374749498998 0.03719587252412441
-3.67935871743487 0.03677164170925759
-3.6713426853707416 0.03635285558078864
-3.6633266533066133 0.03593943884352737
-3.655310621242485 0.03553131710263507
-3.647294589178357 0.03512841686425358
-3.6392785571142285 0.0347306655353847
-3.6312625250501003 0.034337991423064936
-3.623246492985972 0.033950323732879345
-3.6152304609218437 0.03356759256685535
-3.6072144288577155 0.033189728920776
-3.599198396793587 0.032816664680950104
-3.591182364729459 0.03244833262047507
-3.5831663326653307 0.03208466639502623
-3.5751503006012024 0.03172560053820523
-3.567134268537074 0.03137107045647833
-3.559118236472946 0.031021012423733427
-3.5511022044088176 0.030675363575484515
-3.5430861723446894 0.030334061902749142
-3.535070140280561 0.029997046245624548
-3.527054108216433 0.029664256286586397
-3.5190380761523046 0.02933563254353222
-3.5110220440881763 0.029011116362591842
-3.503006012024048 0.02869064991072452
-3.49498997995992 0.028374176168122326
-3.4869739478957915 0.028061638920438364
-3.4789579158316633 0.027752982750856536
-3.470941883767535 0.027448153032019924
-3.4629258517034067 0.027147095917832813
-3.4549098196392785 0.026849758335151182
-3.44689378757515 0.026556087975375606
-3.438877755511022 0.026266033285959466
-3.4308617234468937 0.025979543461844938
-3.422845691382766 0.02569656843683846
-3.414829659318637 0.025417058874936265
-3.4068136272545093 0.025140966161611038
-3.3987975951903806 0.024868242395068494
-3.390781563126253 0.024598840377483958
-3.382765531062124 0.024332713606226575
-3.3747494989979963 0.024069816265080302
-3.3667334669338675 0.023810103215468118
-3.3587174348697397 0.02355352998768742
-3.350701402805611 0.02330005277216277
-3.342685370741483 0.02304962841072233
-3.3346693386773545 0.022802214387903773
-3.3266533066132267 0.022557768822295154
-3.3186372745490984 0.02231625045791551
-3.31062124248497 0.0220776186556403
-3.302605210420842 0.021841833384675546
-3.2945891783567136 0.021608855214085183
-3.2865731462925853 0.02137864530437488
-3.278557114228457 0.021151165399136324
-3.270541082164329 0.02092637781675453
-3.2625250501002006 0.020704245442181697
-3.2545090180360723 0.020484731718779802
-3.246492985971944 0.020267800640234788
-3.2384769539078158 0.020053416742544187
-3.2304609218436875 0.019841545096080618
-3.2224448897795592 0.01963215129773262
-3.214428857715431 0.019425201463124788
-3.2064128256513027 0.019220662218918428
-3.1983967935871744 0.01901850069519431
-3.190380761523046 0.018818684517918315
-3.182364729458918 0.018621181801491506
-3.1743486973947896 0.018425961141384953
-3.1663326653306614 0.01823299160686048
-3.158316633266533 0.018042242733777726
-3.150300601202405 0.017853684517488137
-3.1422845691382766 0.017667287405816225
-3.1342685370741483 0.017483022292128517
-3.12625250501002 0.017300860508490216
-3.118236472945892 0.017120773818909876
-3.1102204408817635 0.01694273441267198
-3.1022044088176353 0.016766714897757523
-3.094188376753507 0.01659268829435235
-3.0861723446893787 0.016420628028443088
-3.0781563126252505 0.016250507925500566
-3.070140280561122 0.016082302204250155
-3.062124248496994 0.015915985470528898
-3.0541082164328657 0.015751532711228956
-3.0460921843687374 0.015588919288326715
-3.038076152304609 0.015428120932997415
-3.030060120240481 0.01526911373981436
-3.0220440881763526 0.015111874161032384
-3.014028056112225 0.014956379000954865
-3.006012024048096 0.014802605410383557
-2.9979959919839683 0.014650530881150772
-2.9899799599198396 0.014500133240732835
-2.9819639278557117 0.014351390646944576
-2.973947895791583 0.01420428158271347
-2.965931863727455 0.01405878485093336
-2.9579158316633265 0.013914879569396256
-2.9498997995991987 0.013772545165802001
-2.94188376753507 0.013631761372844485
-2.933867735470942 0.013492508223373995
-2.9258517034068134 0.013354766045634412
-2.9178356713426856 0.013218515458574826
-2.909819639278557 0.013083737367234276
-2.901803607214429 0.012950412958199148
-2.8937875751503004 0.012818523695131924
-2.8857715430861726 0.012688051314370816
-2.877755511022044 0.012558977820598958
-2.869739478957916 0.012431285482582715
-2.8617234468937878 0.012304956828977719
-2.8537074148296595 0.012179974644202195
-2.8456913827655312 0.012056321964376357
-2.837675350701403 0.011933982073327106
-2.8296593186372747 0.011812938498657128
-2.8216432865731464 0.01169317500787744
-2.813627254509018 0.011574675604602598
-2.80561122244489 0.01145742452480752
-2.7975951903807617 0.011341406233145218
-2.7895791583166334 0.011226605419324426
-2.781563126252505 0.011113006994546298
-2.773547094188377 0.011000596087999305
-2.7655310621242486 0.010889358043411483
-2.7575150300601203 0.010779278415659142
-2.749498997995992 0.010670342967431192
-2.741482965931864 0.010562537665948281
-2.7334669338677355 0.010455848679735879
-2.7254509018036073 0.010350262375450432
-2.717434869739479 0.010245765314757885
-2.7094188376753507 0.01014234425126366
-2.7014028056112225 0.0100399861274933
-2.693386773547094 0.009938678071923028
-2.685370741482966 0.009838407396059406
-2.6773547094188377 0.009739161591567288
-2.6693386773547094 0.009640928327445376
-2.661322645290581 0.009543695447248505
-2.6533066132264533 0.009447450966356024
-2.6452905811623246 0.009352183069285442
-2.637274549098197 0.009257880107050682
-2.629258517034068 0.009164530594564102
-2.6212424849699403 0.009072123208081746
-2.6132264529058116 0.008980646782690912
-2.6052104208416837 0.008890090309839546
-2.597194388777555 0.008800442934906595
-2.589178356713427 0.00871169395481279
-2.5811623246492985 0.008623832815671056
-2.5731462925851707 0.00853684911047607
-2.565130260521042 0.008450732576832048
-2.557114228456914 0.008365473094718478
-2.5490981963927855 0.008281060684292766
-2.5410821643286576 0.008197485503729592
-2.533066132264529 0.008114737847095937
-2.525050100200401 0.008032808142261602
-2.5170340681362724 0.007951686948844247
-2.5090180360721446 0.007871364956188655
-2.501002004008016 0.007791832981379434
-2.492985971943888 0.007713081967286786
-2.4849699398797593 0.0076351029806445555
-2.4769539078156315 0.00755788721016026
-2.468937875751503 0.0074814259646563165
-2.460921843687375 0.007405710671242166
-2.4529058116232467 0.007330732873516538
-2.4448897795591185 0.007256484229799568
-2.43687374749499 0.007182956511394064
-2.428857715430862 0.0071101416008755676
-2.4208416833667337 0.007038031490410622
-2.4128256513026054 0.006966618280102821
-2.404809619238477 0.006895894176366152
-2.396793587174349 0.00682585149032513
-2.3887775551102206 0.0067564826362413255
-2.3807615230460923 0.00668778012996578
-2.372745490981964 0.0066197365874168974
-2.364729458917836 0.006552344723083343
-2.3567134268537075 0.006485597348551567
-2.3486973947895793 0.006419487371057488
-2.340681362725451 0.00635400779206193
-2.3326653306613228 0.006289151705849419
-2.3246492985971945 0.006224912298149941
-2.3166332665330662 0.0061612828447832335
-2.308617234468938 0.006098256710325254
-2.3006012024048097 0.006035827346796434
-2.2925851703406814 0.005973988292371356
-2.284569138276553 0.005912733170109458
-2.276553106212425 0.005852055686706419
-2.2685370741482966 0.005791949631265897
-2.2605210420841684 0.005732408874091198
-2.25250501002004 0.00567342736549663
-2.2444889779559123 0.005614999134638112
-2.2364729458917836 0.005557118288362751
-2.2284569138276558 0.00549977901007711
-2.220440881763527 0.005442975558633695
-2.2124248496993992 0.005386702267235561
-2.2044088176352705 0.005330953542358497
-2.1963927855711427 0.005275723862690717
-2.188376753507014 0.005221007778089528
-2.180360721442886 0.00516679990855491
-2.1723446893787575 0.0051130949432195
-2.1643286573146296 0.00505988763935491
-2.156312625250501 0.005007172821393887
-2.148296593186373 0.004954945379968263
-2.1402805611222444 0.0049032002709622005
-2.1322645290581166 0.004851932514580701
-2.124248496993988 0.00480113719443288
-2.11623246492986 0.004750809456629999
-2.1082164328657313 0.004700944508897754
-2.1002004008016035 0.00465153761970283
-2.092184368737475 0.004602584117393229
-2.084168336673347 0.00455407938935237
-2.0761523046092183 0.004506018881166523
-2.0681362725450905 0.004458398095805523
-2.0601202404809618 0.004411212592816385
-2.052104208416834 0.004364457987529743
-2.0440881763527057 0.004318129950278768
-2.0360721442885774 0.004272224205630457
-2.028056112224449 0.004226736531629011
-2.020040080160321 0.004181662759051143
-2.0120240480961926 0.004136998770673085
-2.0040080160320644 0.004092740500549109
-1.9959919839679365 0.00404888393330138
-1.9879759519038078 0.00400542510342091
-1.9799599198396791 0.003962360094579486
-1.9719438877755513 0.003919685038952333
-1.9639278557114235 0.003877396116551342
-1.9559118236472948 0.00383548955456872
-1.947895791583166 0.003793961626730859
-1.9398797595190382 0.003752808652662246
-1.9318637274549104 0.00371202699725925
-1.9238476953907817 0.003671613070073641
-1.915831663326653 0.00363156332470568
-1.9078156312625252 0.0035918742582065695
-1.8997995991983974 0.0035525424104901537
-1.8917835671342687 0.0035135643637537193
-1.88376753507014 0.00347493674190773
-1.8757515030060121 0.003436656210014329
-1.8677354709418843 0.003398719473734483
-1.8597194388777556 0.0033611232787836396
-1.8517034068136269 0.0033238644103957367
-1.843687374749499 0.0032869396927954183
-1.8356713426853712 0.0032503459886783284
-1.8276553106212425 0.003214080198699371
-1.8196392785571138 0.003178139260968788
-1.811623246492986 0.0031425201505559074
-1.8036072144288582 0.003107219879000456
-1.7955911823647295 0.0030722354938313226
-1.7875751503006008 0.0030375640780926443
-1.779559118236473 0.0030032027498770627
-1.7715430861723451 0.0029691486618660685
-1.7635270541082164 0.0029353990008773186
-1.7555110220440877 0.002901950987418801
-1.74749498997996 0.0028688018752497293
-1.739478957915832 0.002835948950948055
-1.7314629258517034 0.002803389533484523
-1.7234468937875755 0.0027711209738031394
-1.7154308617234477 0.0027391406544079212
-1.707414829659319 0.0027074459889558826
-1.6993987975951903 0.0026760344218561276
-1.6913827655310625 0.002644903427874938
-1.6833667334669347 0.002614050511746769
-1.675350701402806 0.0025834732077910827
-1.6673346693386772 0.0025531690795349018
-1.6593186372745494 0.002523135719340978
-1.6513026052104216 0.002493370748041509
-1.643286573146293 0.0024638718145773126
-1.6352705410821642 0.0024346365956423753
-1.6272545090180364 0.0024056627953336616
-1.6192384769539085 0.0023769481448061213
-1.6112224448897798 0.0023484904019328225
-1.6032064128256511 0.0023202873509701174
-1.5951903807615233 0.0022923368022277433
-1.5871743486973955 0.0022646365917438037
-1.5791583166332668 0.0022371845809645557
-1.571142284569138 0.0022099786564289134
-1.5631262525050102 0.002183016729457595
-1.5551102204408824 0.0021562967358468325
-1.5470941883767537 0.002129816635566606
-1.539078156312625 0.002103574412463298
-1.5310621242484972 0.002077568073966706
-1.5230460921843694 0.0020517956508013424
-1.5150300601202407 0.0020262551967019753
-1.507014028056112 0.0020009447881333287
-1.4989979959919841 0.001975862524013868
-1.4909819639278563 0.0019510065254436139
-1.4829659318637276 0.0019263749354359423
-1.474949899799599 0.0019019659186532882
-1.466933867735471 0.0018777776611466868
-1.4589178356713433 0.001853808370099104
-1.4509018036072145 0.0018300562735725078
-1.4428857715430858 0.0018065196202586107
-1.434869739478958 0.0017831966792332184
-1.4268537074148302 0.0017600857397141413
-1.4188376753507015 0.001737185110822619
-1.4108216432865728 0.0017144931213481998
-1.402805611222445 0.0016920081195170135
-1.3947895791583171 0.0016697284727633847
-1.3867735470941884 0.0016476525675047623
-1.3787575150300597 0.0016257788089198923
-1.370741482965932 0.0016041056207301797
-1.362725450901804 0.0015826314449842022
-1.3547094188376754 0.001561354741845336
-1.3466933867735467 0.0015402739893824377
-1.3386773547094188 0.0015193876833635273
-1.330661322645291 0.001498694337052438
-1.3226452905811623 0.0014781924810083923
-1.3146292585170345 0.001457880662888464
-1.3066132264529067 0.0014377574472528496
-1.298597194388778 0.0014178214153729553
-1.2905811623246493 0.0013980711650422302
-1.2825651302605214 0.0013785053103897067
-1.2745490981963936 0.0013591224816962041
-1.266533066132265 0.0013399213252131782
-1.2585170340681362 0.0013209005029841607
-1.2505010020040084 0.0013020586926687464
-1.2424849699398806 0.0012833945873690945
-1.2344689378757518 0.0012649068954589228
-1.2264529058116231 0.0012465943404149425
-1.2184368737474953 0.0012284556606506967
-1.2104208416833675 0.0012104896093527722
-1.2024048096192388 0.001192694954319356
-1.19438877755511 0.001175070477801103
-1.1863727454909823 0.0011576149763442632
-1.1783567134268544 0.0011403272606360527
-1.1703406813627257 0.0011232061553522385
-1.162324649298597 0.0011062504990068998
-1.1543086172344692 0.0010894591438043294
-1.1462925851703414 0.0010728309554930455
-1.1382765531062127 0.0010563648132219012
-1.130260521042084 0.0010400596093982457
-1.1222444889779561 0.0010239142495481056
-1.1142284569138283 0.0010079276521783643
-1.1062124248496996 0.0009920987486409197
-1.098196392785571 0.0009764264829987822
-1.090180360721443 0.0009609098118940819
-1.0821643286573153 0.0009455477044179653
-1.0741482965931866 0.000930339141982359
-1.0661322645290578 0.0009152831181935731
-1.05811623246493 0.0009003786387277066
-1.0501002004008022 0.0008856247212078406
-1.0420841683366735 0.0008710203950829994
-1.0340681362725448 0.0008565647015088504
-1.026052104208417 0.0008422566932301104
-1.0180360721442892 0.0008280954344646436
-1.0100200400801604 0.0008140800007892339
-1.0020040080160317 0.0008002094790270027
-0.9939879759519039 0.0007864829671364433
-0.9859719438877761 0.000772899574102057
-0.9779559118236474 0.000759458419826577
-0.9699398797595187 0.0007461586350247488
-0.9619238476953909 0.0007329993611186449
-0.953907815631263 0.0007199797501344975
-0.9458917835671343 0.0007070989646010345
-0.9378757515030056 0.0006943561774492941
-0.9298597194388778 0.0006817505719138932
-0.92184368737475 0.0006692813414357349
-0.9138276553106213 0.0006569476895661448
-0.9058116232464934 0.0006447488298724094
-0.8977955911823656 0.0006326839858446889
-0.8897795591182369 0.0006207523908043083
-0.8817635270541082 0.0006089532878133981
-0.8737474949899804 0.0005972859295858598
-0.8657314629258526 0.0005857495783996509
-0.8577154308617239 0.0005743435060103694
-0.8496993987975952 0.0005630669935661256
-0.8416833667334673 0.0005519193315236729
-0.8336673346693395 0.0005408998195657886
-0.8256513026052108 0.0005300077665198992
-0.8176352705410821 0.0005192424902779214
-0.8096192384769543 0.0005086033177173056
-0.8016032064128265 0.0004980895846232711
-0.7935871743486977 0.0004877006356122181
-0.785571142284569 0.00047743582405630704
-0.7775551102204412 0.00046729451200917604
-0.7695390781563134 0.00045727607013279546
-0.7615230460921847 0.0004473798776254473
-0.753507014028056 0.0004376053221508099
-0.7454909819639282 0.0004279517997681359
-0.7374749498998003 0.00041841871486350877
-0.7294589178356716 0.0004090054800821739
-0.7214428857715429 0.00039971151626192657
-0.7134268537074151 0.00039053625236753884
-0.7054108216432873 0.0003814791254262202
-0.6973947895791586 0.0003725395804641028
-0.6893787575150299 0.000363717070443735
-0.681362725450902 0.0003550110562025704
-0.6733466933867742 0.0003464210063924421
-0.6653306613226455 0.00033794639742001795
-0.6573146292585168 0.00032958671338822044
-0.649298597194389 0.0003213414460385973
-0.6412825651302612 0.0003132100946946369
-0.6332665330661325 0.0003051921662060213
-0.6252505010020037 0.00029728717489380324
-0.6172344689378759 0.0002894946424964943
-0.6092184368737481 0.0002818140981170576
-0.6012024048096194 0.00027424507817079986
-0.5931863727454907 0.0002667871263341491
-0.5851703406813629 0.00025943979349430594
-0.577154308617235 0.0002522026376997639
-0.5691382765531063 0.00024507522411169126
-0.5611222444889776 0.00023805712495616476
-0.5531062124248498 0.00023114791947724173
-0.545090180360722 0.00022434719389086694
-0.5370741482965933 0.00021765454133960857
-0.5290581162324646 0.0002110695618482122
-0.5210420841683367 0.00020459186227996199
-0.5130260521042089 0.000198221056293845
-0.5050100200400802 0.00019195676430251376
-0.4969939879759524 0.00018579861343103707
-0.4889779559118246 0.00017974623747642519
-0.48096192384769587 0.000173799276867936
-0.47294589178356716 0.00016795737862814605
-0.46492985971943934 0.0001622201963347798
-0.4569138276553115 0.00015658739008329232
-0.4488977955911828 0.0001510586264502015
-0.4408817635270541 0.00014563357845716102
-0.4328657314629263 0.00014031192553576514
-0.42484969939879846 0.00013509335349308265
-0.41683366733466976 0.0001299775544779149
-0.40881763527054105 0.00012496422694777132
-0.4008016032064132 0.0001200530756365532
-0.3927855711422854 0.0001152438115229434
-0.3847695390781567 0.00011053615179949833
-0.376753507014028 0.00010592981984243482
-0.36873747494990017 0.00010142454518210444
-0.36072144288577235 9.702006347415267e-05
-0.35270541082164364 9.27161164713601e-05
-0.34468937875751493 8.851245199615816e-05
-0.3366733466933871 8.440882391381353e-05
-0.3286573146292593 8.04049921062782e-05
-0.3206412825651306 7.650072244670301e-05
-0.3126252505010019 7.269578677460779e-05
-0.30460921843687405 6.898996287170286e-05
-0.29659318637274623 6.538303443835909e-05
-0.2885771543086175 6.187479107072462e-05
-0.2805611222444888 5.846502823848232e-05
-0.272545090180361 5.515354726324274e-05
-0.2645290581162332 5.194015529757069e-05
-0.25651302605210446 4.882466530464347e-05
-0.24849699398797576 4.580689603853533e-05
-0.24048096192384794 4.288667202512386e-05
-0.23246492985972012 4.006382354361661e-05
-0.2244488977955914 3.733818660869584e-05
-0.2164328657314627 3.470960295327725e-05
-0.20841683366733488 3.217792001187837e-05
-0.20040080160320706 2.9742990904595506e-05
-0.19238476953907835 2.7404674421687344e-05
-0.18436873747494964 2.5162835008761487e-05
-0.17635270541082182 2.301734275256044e-05
-0.168336673346694 2.0968073367345927e-05
-0.1603206412825653 1.901490818188007e-05
-0.15230460921843658 1.7157734127000156e-05
-0.14428857715430876 1.5396443723784197e-05
-0.13627254509018094 1.3730935072306268e-05
-0.12825651302605223 1.2161111840980486e-05
-0.12024048096192352 1.0686883256490885e-05
-0.1122244488977957 9.30816409430493e-06
-0.10420841683366788 8.02487466976996e-06
-0.09619238476953917 6.83694082979154e-06
-0.08817635270541135 5.744293945091743e-06
-0.08016032064128353 4.746870903044907e-06
-0.07214428857715482 3.844614101092091e-06
-0.06412825651302612 3.037471440731578e-06
-0.056112224448898296 2.3253963220843312e-06
-0.048096192384770475 1.708347639034009e-06
-0.04008016032064177 1.1862897749409707e-06
-0.03206412825651306 7.591925989290794e-07
-0.024048096192385238 4.270314627445713e-07
-0.016032064128257417 1.8978719818684465e-07
-0.008016032064128709 4.74461151107847e-08
0.0 0.0
0.00801603206412782 4.744611511077418e-08
0.01603206412825653 1.8978719818682358e-07
0.02404809619238435 4.270314627445397e-07
0.03206412825651306 7.591925989290794e-07
0.04008016032064088 1.1862897749409182e-06
0.04809619238476959 1.7083476390339458e-06
0.05611222444889741 2.3253963220842575e-06
0.06412825651302612 3.037471440731578e-06
0.07214428857715394 3.844614101091996e-06
0.08016032064128265 4.746870903044802e-06
0.08817635270541047 5.744293945091626e-06
0.09619238476953917 6.83694082979154e-06
0.104208416833667 8.024874669769823e-06
0.11222444889779482 9.308164094304782e-06
0.12024048096192352 1.0686883256490885e-05
0.12825651302605134 1.2161111840980317e-05
0.13627254509018005 1.3730935072306088e-05
0.14428857715430787 1.5396443723784004e-05
0.15230460921843658 1.7157734127000156e-05
0.1603206412825644 1.9014908181879853e-05
0.1683366733466931 2.0968073367345703e-05
0.17635270541082093 2.3017342752560207e-05
0.18436873747494964 2.5162835008761487e-05
0.19238476953907746 2.7404674421687093e-05
0.20040080160320617 2.9742990904595242e-05
0.208416833667334 3.2177920011878096e-05
0.2164328657314627 3.470960295327725e-05
0.22444889779559052 3.733818660869555e-05
0.23246492985971923 4.0063823543616296e-05
0.24048096192384705 4.288667202512355e-05
0.24849699398797576 4.580689603853533e-05
0.2565130260521036 4.882466530464313e-05
0.2645290581162323 5.194015529757034e-05
0.2725450901803601 5.515354726324237e-05
0.2805611222444888 5.846502823848232e-05
0.28857715430861663 6.187479107072424e-05
0.29659318637274534 6.538303443835868e-05
0.30460921843687316 6.898996287170244e-05
0.3126252505010019 7.269578677460779e-05
0.3206412825651297 7.650072244670256e-05
0.3286573146292584 8.040499210627777e-05
0.3366733466933862 8.440882391381307e-05
0.34468937875751493 8.851245199615816e-05
0.35270541082164275 9.271611647135963e-05
0.36072144288577146 9.702006347415219e-05
0.3687374749498993 0.00010142454518210393
0.376753507014028 0.00010592981984243482
0.3847695390781558 0.00011053615179949783
0.3927855711422845 0.00011524381152294286
0.40080160320641234 0.00012005307563655267
0.40881763527054105 0.00012496422694777132
0.41683366733466887 0.0001299775544779143
0.4248496993987976 0.00013509335349308203
0.4328657314629254 0.00014031192553576454
0.4408817635270541 0.00014563357845716102
0.4488977955911819 0.0001510586264502009
0.45691382765531063 0.0001565873900832917
0.46492985971943845 0.00016222019633477917
0.47294589178356716 0.00016795737862814605
0.480961923847695 0.00017379927686793535
0.4889779559118237 0.00017974623747642453
0.4969939879759515 0.00018579861343103637
0.5050100200400802 0.00019195676430251376
0.513026052104208 0.00019822105629384429
0.5210420841683359 0.00020459186227996123
0.5290581162324646 0.0002110695618482122
0.5370741482965924 0.00021765454133960787
0.5450901803607211 0.00022434719389086618
0.5531062124248489 0.00023114791947724094
0.5611222444889776 0.00023805712495616476
0.5691382765531054 0.0002450752241116905
0.5771543086172342 0.0002522026376997631
0.585170340681362 0.00025943979349430513
0.5931863727454907 0.0002667871263341491
0.6012024048096185 0.00027424507817079904
0.6092184368737472 0.00028181409811705677
0.617234468937875 0.00028949464249649346
0.6252505010020037 0.00029728717489380324
0.6332665330661316 0.0003051921662060204
0.6412825651302603 0.000313210094694636
0.6492985971943881 0.00032134144603859636
0.6573146292585168 0.00032958671338822044
0.6653306613226446 0.000337946397420017
0.6733466933867733 0.0003464210063924411
0.6813627254509012 0.0003550110562025694
0.6893787575150299 0.000363717070443735
0.6973947895791577 0.00037253958046410177
0.7054108216432864 0.00038147912542621916
0.7134268537074142 0.00039053625236753776
0.7214428857715429 0.00039971151626192657
0.7294589178356707 0.00040900548008217295
0.7374749498997994 0.0004184187148635077
0.7454909819639273 0.00042795179976813484
0.753507014028056 0.0004376053221508099
0.7615230460921838 0.0004473798776254461
0.7695390781563125 0.00045727607013279443
0.7775551102204403 0.00046729451200917496
0.785571142284569 0.00047743582405630704
0.7935871743486969 0.00048770063561221703
0.8016032064128256 0.0004980895846232699
0.8096192384769534 0.0005086033177173046
0.8176352705410821 0.0005192424902779214
0.8256513026052099 0.000530007766519898
0.8336673346693386 0.0005408998195657875
0.8416833667334664 0.0005519193315236715
0.8496993987975952 0.0005630669935661256
0.857715430861723 0.0005743435060103681
0.8657314629258517 0.0005857495783996496
0.8737474949899795 0.0005972859295858586
0.8817635270541082 0.0006089532878133981
0.889779559118236 0.0006207523908043071
0.8977955911823647 0.0006326839858446876
0.9058116232464926 0.0006447488298724081
0.9138276553106213 0.0006569476895661448
0.9218436873747491 0.0006692813414357336
0.9298597194388769 0.0006817505719138917
0.9378757515030056 0.0006943561774492941
0.9458917835671334 0.000707098964601033
0.9539078156312621 0.0007199797501344961
0.96192384769539 0.0007329993611186434
0.9699398797595187 0.0007461586350247488
0.9779559118236465 0.0007594584198265756
0.9859719438877752 0.0007728995741020555
0.993987975951903 0.0007864829671364418
1.0020040080160317 0.0008002094790270027
1.0100200400801596 0.0008140800007892324
1.0180360721442883 0.0008280954344646422
1.026052104208416 0.0008422566932301087
1.0340681362725448 0.0008565647015088504
1.0420841683366726 0.0008710203950829977
1.0501002004008013 0.0008856247212078387
1.0581162324649291 0.000900378638727705
1.0661322645290578 0.0009152831181935731
1.0741482965931857 0.0009303391419823573
1.0821643286573144 0.0009455477044179636
1.0901803607214422 0.0009609098118940803
1.098196392785571 0.0009764264829987822
1.1062124248496987 0.000992098748640918
1.1142284569138274 0.0010079276521783626
1.1222444889779553 0.0010239142495481037
1.130260521042084 0.0010400596093982457
1.1382765531062118 0.0010563648132218995
1.1462925851703405 0.0010728309554930437
1.1543086172344683 0.0010894591438043273
1.162324649298597 0.0011062504990068998
1.1703406813627248 0.0011232061553522366
1.1783567134268536 0.001140327260636051
1.1863727454909814 0.0011576149763442615
1.19438877755511 0.001175070477801103
1.202404809619238 0.001192694954319354
1.2104208416833666 0.00121048960935277
1.2184368737474944 0.0012284556606506948
1.2264529058116231 0.0012465943404149425
1.234468937875751 0.0012649068954589207
1.2424849699398797 0.0012833945873690926
1.2505010020040075 0.0013020586926687444
1.2585170340681362 0.0013209005029841607
1.266533066132264 0.0013399213252131758
1.2745490981963927 0.0013591224816962015
1.2825651302605205 0.0013785053103897043
1.2905811623246493 0.0013980711650422302
1.298597194388777 0.0014178214153729527
1.3066132264529058 0.0014377574472528472
1.3146292585170336 0.001457880662888462
1.3226452905811623 0.0014781924810083923
1.3306613226452901 0.0014986943370524357
1.338677354709418 0.0015193876833635254
1.3466933867735467 0.0015402739893824377
1.3547094188376745 0.0015613547418453337
1.3627254509018032 0.0015826314449841996
1.370741482965931 0.001604105620730177
1.3787575150300597 0.0016257788089198923
1.3867735470941875 0.0016476525675047599
1.3947895791583163 0.0016697284727633821
1.402805611222444 0.001692008119517011
1.4108216432865728 0.0017144931213481998
1.4188376753507006 0.001737185110822616
1.4268537074148293 0.0017600857397141387
1.4348697394789571 0.001783196679233216
1.4428857715430858 0.0018065196202586107
1.4509018036072137 0.0018300562735725052
1.4589178356713424 0.001853808370099101
1.4669338677354702 0.0018777776611466842
1.474949899799599 0.0019019659186532882
1.4829659318637267 0.0019263749354359394
1.4909819639278554 0.001951006525443611
1.4989979959919832 0.001975862524013865
1.507014028056112 0.0020009447881333287
1.5150300601202398 0.0020262551967019722
1.5230460921843685 0.002051795650801339
1.5310621242484963 0.0020775680739667035
1.539078156312625 0.002103574412463298
1.5470941883767528 0.002129816635566603
1.5551102204408815 0.0021562967358468295
1.5631262525050094 0.0021830167294575914
1.571142284569138 0.0022099786564289134
1.579158316633266 0.002237184580964552
1.5871743486973946 0.0022646365917438007
1.5951903807615224 0.00229233680222774
1.6032064128256511 0.0023202873509701174
1.611222444889779 0.00234849040193282
1.6192384769539077 0.0023769481448061187
1.6272545090180355 0.0024056627953336586
1.6352705410821642 0.0024346365956423753
1.643286573146292 0.0024638718145773095
1.6513026052104207 0.002493370748041506
1.6593186372745485 0.0025231357193409754
1.6673346693386772 0.0025531690795349018
1.675350701402805 0.0025834732077910792
1.6833667334669338 0.0026140505117467653
1.6913827655310616 0.002644903427874935
1.6993987975951903 0.0026760344218561276
1.7074148296593181 0.002707445988955879
1.7154308617234468 0.0027391406544079178
1.7234468937875747 0.002771120973803136
1.7314629258517034 0.002803389533484523
1.7394789579158312 0.0028359489509480517
1.747494989979959 0.002868801875249726
1.7555110220440877 0.002901950987418801
1.7635270541082155 0.0029353990008773143
1.7715430861723442 0.0029691486618660646
1.779559118236472 0.003003202749877059
1.7875751503006008 0.0030375640780926443
1.7955911823647286 0.003072235493831319
1.8036072144288573 0.0031072198790004515
1.8116232464929851 0.003142520150555904
1.8196392785571138 0.003178139260968788
1.8276553106212416 0.003214080198699367
1.8356713426853704 0.003250345988678324
1.8436873747494982 0.003286939692795414
1.8517034068136269 0.0033238644103957367
1.8597194388777547 0.0033611232787836356
1.8677354709418834 0.0033987194737344793
1.8757515030060112 0.0034366562100143242
1.88376753507014 0.00347493674190773
1.8917835671342678 0.003513564363753715
1.8997995991983965 0.00355254241049015
1.9078156312625243 0.0035918742582065656
1.915831663326653 0.00363156332470568
1.9238476953907808 0.0036716130700736363
1.9318637274549095 0.0037120269972592446
1.9398797595190373 0.003752808652662242
1.947895791583166 0.003793961626730859
1.9559118236472939 0.0038354895545687153
1.9639278557114226 0.003877396116551338
1.9719438877755504 0.003919685038952328
1.9799599198396791 0.003962360094579486
1.987975951903807 0.0040054251034209055
1.9959919839679356 0.004048883933301376
2.0040080160320635 0.004092740500549104
2.012024048096192 0.004136998770673083
2.020040080160321 0.004181662759051143
2.028056112224448 0.004226736531629004
2.0360721442885765 0.004272224205630453
2.0440881763527052 0.004318129950278767
2.052104208416832 0.004364457987529734
2.0601202404809627 0.00441121259281639
2.0681362725450896 0.004458398095805518
2.0761523046092183 0.004506018881166523
2.084168336673347 0.00455407938935237
2.092184368737474 0.0046025841173932235
2.1002004008016026 0.004651537619702824
2.1082164328657313 0.004700944508897754
2.1162324649298583 0.004750809456629988
2.1242484969939888 0.004801137194432887
2.1322645290581157 0.004851932514580695
2.1402805611222444 0.0049032002709622005
2.148296593186373 0.004954945379968263
2.1563126252505 0.005007172821393882
2.1643286573146288 0.005059887639354904
2.1723446893787575 0.0051130949432195
2.1803607214428844 0.005166799908554898
2.188376753507013 0.005221007778089522
2.196392785571142 0.005275723862690711
2.2044088176352687 0.005330953542358485
2.2124248496993992 0.005386702267235561
2.220440881763526 0.005442975558633689
2.228456913827655 0.005499779010077104
2.2364729458917836 0.005557118288362751
2.2444889779559105 0.005614999134638098
2.2525050100200392 0.005673427365496625
2.260521042084168 0.005732408874091197
2.268537074148295 0.0057919496312658835
2.2765531062124253 0.005852055686706424
2.2845691382765523 0.00591273317010945
2.292585170340681 0.005973988292371353
2.3006012024048097 0.006035827346796434
2.3086172344689366 0.006098256710325242
2.3166332665330653 0.006161282844783227
2.324649298597194 0.006224912298149939
2.332665330661321 0.006289151705849406
2.3406813627254515 0.006354007792061931
2.3486973947895784 0.006419487371057481
2.356713426853707 0.006485597348551565
2.364729458917836 0.006552344723083343
2.3727454909819627 0.006619736587416885
2.3807615230460915 0.0066877801299657725
2.38877755511022 0.006756482636241319
2.396793587174347 0.006825851490325113
2.4048096192384776 0.006895894176366155
2.4128256513026045 0.006966618280102815
2.420841683366733 0.007038031490410617
2.428857715430862 0.0071101416008755676
2.436873747494989 0.007182956511394053
2.4448897795591176 0.007256484229799559
2.4529058116232463 0.0073307328735165355
2.460921843687373 0.007405710671242147
2.4689378757515037 0.007481425964656325
2.4769539078156306 0.007557887210160253
2.4849699398797593 0.0076351029806445555
2.492985971943888 0.007713081967286786
2.501002004008015 0.007791832981379423
2.5090180360721437 0.007871364956188646
2.5170340681362724 0.007951686948844247
2.5250501002003993 0.008032808142261587
2.53306613226453 0.00811473784709595
2.5410821643286567 0.008197485503729581
2.5490981963927855 0.008281060684292766
2.557114228456914 0.008365473094718478
2.565130260521041 0.008450732576832038
2.57314629258517 0.008536849110476058
2.5811623246492985 0.008623832815671056
2.5891783567134254 0.00871169395481277
2.597194388777554 0.008800442934906585
2.605210420841683 0.00889009030983954
2.61322645290581 0.008980646782690888
2.6212424849699403 0.009072123208081746
2.629258517034067 0.009164530594564091
2.637274549098196 0.009257880107050673
2.6452905811623246 0.009352183069285442
2.6533066132264516 0.009447450966356003
2.6613226452905803 0.009543695447248493
2.669338677354709 0.009640928327445371
2.677354709418836 0.009739161591567269
2.6853707414829664 0.00983840739605941
2.6933867735470933 0.009938678071923017
2.701402805611222 0.010039986127493294
2.7094188376753507 0.01014234425126366
2.7174348697394777 0.010245765314757868
2.7254509018036064 0.010350262375450418
2.733466933867735 0.010455848679735872
2.741482965931862 0.010562537665948259
2.7494989979959925 0.010670342967431195
2.7575150300601194 0.010779278415659128
2.765531062124248 0.010889358043411478
2.773547094188377 0.011000596087999305
2.781563126252504 0.011113006994546279
2.7895791583166325 0.011226605419324414
2.797595190380761 0.011341406233145213
2.805611222444888 0.011457424524807492
2.8136272545090186 0.011574675604602604
2.8216432865731456 0.01169317500787743
2.8296593186372743 0.01181293849865712
2.837675350701403 0.011933982073327106
2.84569138276553 0.012056321964376336
2.8537074148296586 0.012179974644202177
2.8617234468937873 0.012304956828977708
2.8697394789579143 0.01243128548258269
2.8777555110220447 0.012558977820598971
2.8857715430861717 0.012688051314370799
2.8937875751503004 0.012818523695131924
2.901803607214429 0.012950412958199148
2.909819639278556 0.013083737367234257
2.9178356713426847 0.013218515458574807
2.9258517034068134 0.013354766045634412
2.9338677354709404 0.013492508223373965
2.941883767535071 0.013631761372844501
2.949899799599198 0.013772545165801984
2.9579158316633265 0.013914879569396256
2.965931863727455 0.01405878485093336
2.973947895791582 0.014204281582713453
2.981963927855711 0.01435139064694456
2.9899799599198396 0.014500133240732835
2.9979959919839665 0.014650530881150732
3.006012024048095 0.014802605410383536
3.014028056112224 0.01495637900095485
3.022044088176351 0.015111874161032351
3.0300601202404813 0.015269113739814377
3.0380761523046083 0.0154281209329974
3.046092184368737 0.015588919288326704
3.0541082164328657 0.015751532711228956
3.0621242484969926 0.015915985470528877
3.0701402805611213 0.01608230220425013
3.07815631262525 0.016250507925500556
3.086172344689377 0.016420628028443053
3.0941883767535074 0.016592688294352353
3.1022044088176344 0.0167667148977575
3.110220440881763 0.016942734412671964
3.118236472945892 0.017120773818909876
3.1262525050100187 0.017300860508490182
3.1342685370741474 0.0174830222921285
3.142284569138276 0.017667287405816207
3.150300601202403 0.01785368451748809
3.1583166332665336 0.018042242733777743
3.1663326653306605 0.01823299160686046
3.174348697394789 0.01842596114138495
3.182364729458918 0.018621181801491506
3.190380761523045 0.01881868451791828
3.1983967935871735 0.019018500695194288
3.2064128256513023 0.019220662218918425
3.214428857715429 0.019425201463124733
3.2224448897795597 0.019632151297732624
3.2304609218436866 0.019841545096080587
3.2384769539078153 0.02005341674254418
3.246492985971944 0.020267800640234788
3.254509018036071 0.020484731718779774
3.2625250501001997 0.020704245442181662
3.2705410821643284 0.020926377816754514
3.2785571142284553 0.02115116539913627
3.286573146292586 0.021378645304374905
3.2945891783567127 0.021608855214085152
3.3026052104208414 0.021841833384675543
3.31062124248497 0.0220776186556403
3.318637274549097 0.022316250457915476
3.326653306613226 0.02255776882229512
3.3346693386773545 0.022802214387903773
3.3426853707414814 0.023049628410722268
3.350701402805612 0.023300052772162794
3.358717434869739 0.023553529987687404
3.3667334669338675 0.023810103215468118
3.3747494989979963 0.024069816265080302
3.382765531062123 0.024332713606226547
3.390781563126252 0.02459884037748392
3.3987975951903806 0.024868242395068494
3.4068136272545075 0.02514096616161097
3.4148296593186362 0.02541705887493623
3.422845691382765 0.025696568436838433
3.430861723446892 0.025979543461844876
3.4388777555110224 0.026266033285959466
3.4468937875751493 0.026556087975375564
3.454909819639278 0.026849758335151155
3.4629258517034067 0.027147095917832813
3.4709418837675337 0.027448153032019883
3.4789579158316624 0.0277529827508565
3.486973947895791 0.02806163892043834
3.494989979959918 0.028374176168122267
3.5030060120240485 0.028690649910724536
3.5110220440881754 0.02901111636259181
3.519038076152304 0.029335632543532202
3.527054108216433 0.029664256286586397
3.5350701402805598 0.029997046245624492
3.5430861723446885 0.03033406190274909
3.551102204408817 0.03067536357548449
3.559118236472944 0.03102101242373334
3.5671342685370746 0.03137107045647832
3.5751503006012015 0.0317256005382052
3.5831663326653302 0.032084666395026204
3.591182364729459 0.03244833262047507
3.599198396793586 0.03281666468095006
3.6072144288577146 0.03318972892077594
3.6152304609218433 0.03356759256685533
3.6232464929859702 0.033950323732879255
3.6312625250501007 0.03433799142306494
3.6392785571142277 0.03473066553538467
3.6472945891783564 0.035128416864253574
3.655310621242485 0.03553131710263507
3.663326653306612 0.035939438843527294
3.6713426853707407 0.03635285558078861
3.6793587174348694 0.036771641709257556
3.6873747494989964 0.03719587252412429
3.695390781563127 0.03762562421950467
3.7034068136272538 0.03806097388616581
3.7114228456913825 0.03850199950835557
3.719438877755511 0.038948779959675786
3.727454909819638 0.03940139499794669
3.735470941883767 0.039859925259001255
3.7434869739478955 0.04032445224934679
3.7515030060120225 0.040795058337629954
3.759519038076153 0.041271826744837224
3.76753507014028 0.041754841533157686
3.7755511022044086 0.04224418759343907
3.7835671342685373 0.04273995063115453
3.7915831663326642 0.043242217150803536
3.799599198396793 0.043751074438662996
3.8076152304609217 0.044266610543798886
3.8156312625250486 0.04478891425725131
3.8236472945891773 0.04531807508929674
3.831663326653306 0.04585418324468938
3.839679358717433 0.046397329595780724
3.8476953907815634 0.04694760565341222
3.8557114228456904 0.04750510353546829
3.863727454909819 0.04806991593298133
3.8717434869739478 0.048642136073664854
3.8797595190380747 0.04922185768275745
3.8877755511022034 0.04980917494104898
3.895791583166332 0.050404182439958235
3.903807615230459 0.05100697513352819
3.9118236472945895 0.051617648287199024
3.9198396793587165 0.05223629742321301
3.927855711422845 0.05286301826250782
3.935871743486974 0.05349790666293899
3.943887775551101 0.05414105855367955
3.9519038076152295 0.05479256986563325
3.9599198396793582 0.05545253645769342
3.967935871743485 0.056121054038681326
3.9759519038076157 0.05679821808478572
3.9839679358717426 0.05748412375232585
3.9919839679358713 0.05817886578565776
4.0 0.058882538420033124
