delta_wp rho33_RWA
-4.0 0.07824615802606306
-3.75 0.05879294713660954
-3.5 0.04529735069062129
-3.25 0.03584356944547378
-3.0 0.029093030654404488
-2.75 0.024171773656121377
-2.5 0.020515054278603853
-2.25 0.017754165949622765
-2.0 0.015644158946032494
-1.75 0.014019224846845695
-1.5 0.012765197627354943
-1.25 0.011802420489802937
-1.0 0.011074915922899815
-0.75 0.010543450538900427
-0.5 0.010181064208492954
-0.25 0.009970209204544573
0.0 0.009900990099577291
0.25 0.009970209204520753
0.5 0.010181064208427603
0.75 0.01054345053881767
1.0 0.011074915922772936
1.25 0.011802420489628597
1.5 0.012765197627127437
1.75 0.014019224846672687
2.0 0.01564415894579838
2.25 0.01775416594931665
2.5 0.020515054278219213
2.75 0.024171773655563285
3.0 0.02909303065341994
3.25 0.03584356944450267
3.5 0.04529735068890472
3.75 0.058792947134891214
4.0 0.07824615802361781
