times closedI_error
0.0 0.0
0.00614192112138767 0.0008658735980457595
0.01228384224277534 0.00172553694688465
0.01842576336416301 0.0025778618203811904
0.02456768448555068 0.003421736429444385
0.030709605606938348 0.004256066799604639
0.03685152672832602 0.005079778124532371
0.042993447849713685 0.00589181609544152
0.04913536897110136 0.006691148206107389
0.05527729009248903 0.0074767650329883376
0.061419211213876695 0.008247681489681195
0.06756113233526437 0.009002938054667613
0.07370305345665204 0.009741601971029815
0.07984497457803971 0.010462768416536539
0.08598689569942737 0.011165561642230799
0.09212881682081504 0.011849136077396884
0.09827073794220272 0.012512677398552463
0.10441265906359039 0.013155403559908583
0.11055458018497806 0.013776565782571719
0.11669650130636572 0.014375449499634168
0.12283842242775339 0.014951375254215292
0.12898034354914106 0.015503699547482203
0.13512226467052874 0.016031815633695882
0.1412641857919164 0.01653515425940148
0.14740610691330408 0.017013184344009863
0.15354802803469175 0.01746541359920324
0.15968994915607942 0.01789138908483925
0.16583187027746707 0.01829069769932581
0.17197379139885474 0.01866296660279038
0.17811571252024241 0.019007863571769316
0.1842576336416301 0.01932509728459422
0.19039955476301776 0.019614417537146288
0.19654147588440543 0.019875615389185298
0.2026833970057931 0.020108523242030652
0.20882531812718078 0.02031301484897475
0.21496723924856845 0.020489005260439307
0.22110916036995612 0.020636450706539487
0.2272510814913438 0.020755348420396134
0.23339300261273144 0.02084573640623074
0.2395349237341191 0.0209076931569916
0.24567684485550678 0.020941337326993197
0.25181876597689445 0.020946827365810022
0.2579606870982821 0.020924361120456852
0.2641026082196698 0.020874175413721986
0.27024452934105747 0.0207965456074152
0.27638645046244514 0.020691785160269982
0.2825283715838328 0.020560245191332437
0.2886702927052205 0.020402314060917515
0.29481221382660816 0.020218416982671808
0.30095413494799583 0.020009015682021652
0.3070960560693835 0.019774608118398467
0.3132379771907712 0.01951572829124041
0.31937989831215885 0.019232946153026533
0.3255218194335465 0.018926867656712264
0.33166374055493414 0.018598134970170245
0.3378056616763218 0.018247426896951836
0.3439475827977095 0.017875459551339356
0.35008950391909716 0.017482987346878746
0.35623142504048483 0.01707080437220057
0.3623733461618725 0.016639746247075742
0.3685152672832602 0.016190692576832418
0.37465718840464785 0.015724570156555408
0.3807991095260355 0.01524235712073997
0.3869410306474232 0.014745088293190883
0.39308295176881086 0.014233862071349213
0.39922487289019853 0.013709849286379527
0.4053667940115862 0.013174304625619878
0.4115087151329739 0.012628581401678054
0.41765063625436155 0.012074150722071809
0.4237925573757492 0.011512626481029709
0.4299344784971369 0.010945798094726665
0.43607639961852457 0.01037567357354314
0.44221832073991224 0.00980453641148045
0.4483602418612999 0.009235020896762296
0.4545021629826876 0.008670211763265798
0.4606440841040752 0.008113775376597299
0.4667860052254629 0.00757013019999935
0.47292792634685055 0.007044662454829071
0.4790698474682382 0.006543985084813574
0.4852117685896259 0.006076217468093415
0.49135368971101356 0.005651218920100977
0.49749561083240124 0.0052806302509460865
0.5036375319537889 0.004977473399559824
0.5097794530751766 0.004755001747523475
0.5159213741965643 0.004624653256568046
0.5220632953179519 0.004593488528391467
0.5282052164393396 0.004662172881424791
0.5343471375607273 0.00482464884273397
0.5404890586821149 0.005069722671563039
0.5466309798035026 0.005383636427415753
0.5527729009248903 0.005752412382150423
0.558914822046278 0.006163327794372373
0.5650567431676656 0.006605529930346054
0.5711986642890533 0.007070089997380021
0.577340585410441 0.007549787926193572
0.5834825065318286 0.008038814325231708
0.5896244276532163 0.008532481507723002
0.595766348774604 0.009026978041413653
0.6019082698959917 0.009519173060861419
0.6080501910173793 0.010006465219113981
0.614192112138767 0.010486667944459715
0.6203340332601547 0.010957922849120992
0.6264759543815424 0.011418634444753693
0.63261787550293 0.011867420795717629
0.6387597966243177 0.012303076039368116
0.6449017177457054 0.012724541739006718
0.651043638867093 0.013130884824856196
0.6571855599884806 0.013521280466162145
0.6633274811098683 0.013894998649958896
0.669469402231256 0.014251393558823837
0.6756113233526436 0.014589895072009952
0.6817532444740313 0.014910001884823807
0.687895165595419 0.01521127586693155
0.6940370867168066 0.015493337373670554
0.7001790078381943 0.015755861294236763
0.706320928959582 0.015998573673142707
0.7124628500809697 0.016221248781165123
0.7186047712023573 0.016423706542419533
0.724746692323745 0.016605810247603946
0.7308886134451327 0.016767464501586414
0.7370305345665203 0.016908613367650493
0.743172455687908 0.017029238681799102
0.7493143768092957 0.017129358519251337
0.7554562979306834 0.017209025802172227
0.761598219052071 0.017268327043148363
0.7677401401734587 0.017307381223266628
0.7738820612948464 0.01732633880710448
0.780023982416234 0.017325380899686504
0.7861659035376217 0.017304718552654984
0.7923078246590094 0.017264592228670786
0.7984497457803971 0.017205271434515713
0.8045916669017847 0.017127054534608287
0.8107335880231724 0.017030268757766212
0.8168755091445601 0.016915270411138644
0.8230174302659478 0.016782445316380342
0.8291593513873354 0.016632209484435116
0.8353012725087231 0.01646501004682788
0.8414431936301108 0.016281326463222945
0.8475851147514984 0.01608167202727821
0.8537270358728861 0.015866595695594444
0.8598689569942738 0.015636684267896203
0.8660108781156615 0.015392564950536035
0.8721527992370491 0.015134908339997886
0.8782947203584368 0.014864431868239776
0.8844366414798245 0.014581903757311379
0.8905785626012122 0.014288147536411371
0.8967204837225998 0.013984047179884721
0.9028624048439875 0.013670552928733528
0.9090043259653752 0.013348687859662608
0.9151462470867628 0.013019555262418844
0.9212881682081504 0.012684346875118737
0.9274300893295381 0.012344352003900884
0.9335720104509257 0.01200096751122907
0.9397139315723134 0.011655708587745572
0.9458558526937011 0.011310220114067831
0.9519977738150888 0.01096628825650849
0.9581396949364764 0.010625851706784949
0.9642816160578641 0.010291011651761267
0.9704235371792518 0.009964039129758195
0.9765654583006395 0.009647377891129509
0.9827073794220271 0.00934364025434613
0.9888493005434148 0.009055592802714726
0.9949912216648025 0.008786128240707002
1.0011331427861903 0.008538219555962954
1.0072750639075778 0.008314853140590555
1.0134169850289656 0.008118939084211978
1.0195589061503532 0.007953199744019123
1.025700827271741 0.007820041900853524
1.0318427483931285 0.007721422754665734
1.0379846695145163 0.007658724469120103
1.0441265906359039 0.007632654274369069
1.0502685117572914 0.007643185799373421
1.0564104328786792 0.007689551872275339
1.0625523540000668 0.007770290592140488
1.0686942751214545 0.007883337436570843
1.074836196242842 0.008026149214472813
1.0809781173642299 0.008195842574819303
1.0871200384856174 0.008389330749961304
1.0932619596070052 0.008603446101308025
1.0994038807283928 0.008835041123110548
1.1055458018497806 0.009081065332513492
1.1116877229711681 0.00933861904683058
1.117829644092556 0.00960498718428322
1.1239715652139435 0.009877657116179706
1.1301134863353313 0.010154324621045693
1.1362554074567188 0.010432891519526711
1.1423973285781066 0.010711457892010601
1.1485392496994942 0.010988311083878766
1.154681170820882 0.011261913084026597
1.1608230919422695 0.011530887358922479
1.1669650130636573 0.011794005840096723
1.1731069341850449 0.012050176483521318
1.1792488553064326 0.01229843162478861
1.1853907764278202 0.012537917224226055
1.191532697549208 0.012767883013669186
1.1976746186705955 0.012987673507614286
1.2038165397919833 0.013196719815307987
1.209958460913371 0.013394532179270554
1.2161003820347587 0.01358069316430612
1.2222423031561462 0.013754851425428195
1.228384224277534 0.013916715990747737
1.2345261453989216 0.014066051004531283
1.2406680665203094 0.014202670885234237
1.246809987641697 0.014326435862659777
1.2529519087630847 0.01443724786706831
1.2590938298844723 0.01453504675083184
1.26523575100586 0.014619806829973738
1.2713776721272476 0.014691533738615458
1.2775195932486354 0.014750261593971985
1.283661514370023 0.014796050473134415
1.2898034354914107 0.014828984205502863
1.2959453566127983 0.014849168486453516
1.302087277734186 0.014856729318712902
1.3082291988555736 0.01485181178804855
1.3143711199769612 0.014834579179350904
1.320513041098349 0.014805212438058905
1.3266549622197366 0.014763909980254938
1.3327968833411243 0.014710887852704071
1.338938804462512 0.01464638024171416
1.3450807255838997 0.014570640327015499
1.3512226467052872 0.014483941473957306
1.357364567826675 0.014386578754233725
1.3635064889480626 0.014278870782103235
1.3696484100694504 0.014161161849642978
1.375790331190838 0.014033824340942051
1.3819322523122257 0.013897261401200976
1.3880741734336133 0.013751909832336737
1.394216094555001 0.013598243181704823
1.4003580156763886 0.01343677498468962
1.4064999367977764 0.013268062114859137
1.412641857919164 0.013092708186734836
1.4187837790405518 0.012911366945525875
1.4249257001619393 0.01272474556489611
1.431067621283327 0.012533607757414227
1.4372095424047147 0.012338776582244143
1.4433514635261024 0.012141136810418954
1.44949338464749 0.011941636679484998
1.4556353057688778 0.011741288836573646
1.4617772268902653 0.011541170232868938
1.4679191480116531 0.01134242069474829
1.4740610691330407 0.011146239860649358
1.4802029902544285 0.01095388214272196
1.486344911375816 0.010766649355317716
1.4924868324972038 0.010585880657232335
1.4986287536185914 0.010412939492044165
1.5047706747399792 0.010249197292503804
1.5109125958613667 0.010096013851446525
1.5170545169827545 0.009954714460203445
1.523196438104142 0.009826564175785799
1.5293383592255299 0.009712739888878576
1.5354802803469174 0.009614301200381512
1.5416222014683052 0.009532161434484206
1.5477641225896928 0.009467060369026867
1.5539060437110805 0.009419540393521818
1.560047964832468 0.009389927764560695
1.5661898859538559 0.009378320392454518
1.5723318070752434 0.009384583169994607
1.578473728196631 0.009408351289126428
1.5846156493180188 0.00944904135962153
1.5907575704394064 0.009505869536210448
1.5968994915607941 0.009577875362711385
1.6030414126821817 0.009663949715269194
1.6091833338035695 0.009762865098520283
1.615325254924957 0.009873306608420342
1.6214671760463448 0.009993902084975232
1.6276090971677324 0.010123250282874759
1.6337510182891202 0.010259946231665753
1.6398929394105077 0.010402603291746361
1.6460348605318955 0.010549871704525074
1.652176781653283 0.010700453666389362
1.6583187027746709 0.010853115121756787
1.6644606238960584 0.011006694575003952
1.6706025450174462 0.011160109274532013
1.6767444661388338 0.01131235913679348
1.6828863872602216 0.011462528765691263
1.6890283083816091 0.01160978789367777
1.695170229502997 0.011753390533258126
1.7013121506243845 0.011892673087342582
1.7074540717457722 0.012027051627941416
1.7135959928671598 0.012156018517417927
1.7197379139885476 0.012279138516104788
1.7258798351099351 0.012396044494921658
1.732021756231323 0.012506432851555437
1.7381636773527105 0.012610058713312394
1.7443055984740983 0.012706730998294953
1.7504475195954858 0.012796307398410445
1.7565894407168736 0.012878689342195864
1.7627313618382612 0.012953816991896435
1.768873282959649 0.01302166432708056
1.7750152040810365 0.013082234365783065
1.7811571252024243 0.013135554573293667
1.7872990463238119 0.013181672507858875
1.7934409674451997 0.013220651751426884
1.7995828885665872 0.01325256817187896
1.805724809687975 0.013277506560767099
1.8118667308093626 0.013295557687284264
1.8180086519307503 0.013306815804959609
1.824150573052138 0.01331137664238113
1.8302924941735257 0.013309335903141914
1.8364344152949132 0.013300788293267887
1.8425763364163008 0.013285827086743782
1.8487182575376886 0.013264544231567038
1.8548601786590762 0.013237030990209116
1.861002099780464 0.013203379099641102
1.8671440209018515 0.01316368242737547
1.8732859420232393 0.013118039091466386
1.8794278631446268 0.013066554004248684
1.8855697842660146 0.013009341791900527
1.8917117053874022 0.012946530034763407
1.89785362650879 0.012878262766779077
1.9039955476301775 0.012804704166388414
1.9101374687515653 0.012726042365723007
1.9162793898729529 0.012642493299804445
1.9224213109943407 0.012554304512619081
1.9285632321157282 0.01246175883221032
1.934705153237116 0.012365177822186909
1.9408470743585036 0.012264924912166231
1.9469889954798913 0.012161408104605526
1.953130916601279 0.012055082150256614
1.9592728377226667 0.011946450079287522
1.9654147588440543 0.01183606397030323
1.971556679965442 0.01172452483565348
1.9776986010868296 0.011612481499395904
1.9838405222082174 0.011500628345248383
1.989982443329605 0.01138970181728964
1.9961243644509927 0.011280475567800992
2.0022662855723805 0.011173754166420358
2.008408206693768 0.011070365314654407
2.0145501278151556 0.010971150551467638
2.020692048936543 0.010876954490234708
2.026833970057931 0.010788612694859574
2.0329758911793188 0.010706938381876474
2.0391178123007063 0.01063270822248618
2.045259733422094 0.010566647608219033
2.051401654543482 0.010509415828635855
2.0575435756648695 0.010461591679952842
2.063685496786257 0.010423660069827005
2.0698274179076446 0.010396000196620691
2.0759693390290326 0.01037887585449523
2.08211126015042 0.010372428345805719
2.0882531812718077 0.010376672371665192
2.0943951023931953 0.010391495127768467
2.100537023514583 0.01041665866786974
2.106678944635971 0.010451805427040908
2.1128208657573584 0.010496466637164433
2.118962786878746 0.01055007323256786
2.1251047080001335 0.010611968745094565
2.1312466291215215 0.010681423630998128
2.137388550242909 0.010757650457267983
2.1435304713642966 0.010839819398040315
2.149672392485684 0.01092707354490459
2.155814313607072 0.011018543608678138
2.1619562347284598 0.011113361674860477
2.1680981558498473 0.011210673761796271
2.174240076971235 0.011309651012693355
2.180381998092623 0.011409499425332304
2.1865239192140105 0.011509468083933678
2.192665840335398 0.011608855905376178
2.1988077614567856 0.011707016947285813
2.2049496825781736 0.011803364349842195
2.211091603699561 0.011897372998345413
2.2172335248209487 0.011988581001690882
2.2233754459423363 0.012076590084863437
2.2295173670637243 0.012161064993124852
2.235659288185112 0.012241732003180782
2.2418012093064994 0.012318376633405095
2.247943130427887 0.01239084064201105
2.254085051549275 0.01245901839944791
2.2602269726706625 0.01252285271959655
2.26636889379205 0.012582330233671649
2.2725108149134376 0.01263747639107954
2.2786527360348257 0.012688350172673916
2.284794657156213 0.01273503860364221
2.2909365782776008 0.012777651155312788
2.2970784993989883 0.012816314127120778
2.3032204205203763 0.012851165101406672
2.309362341641764 0.0128823475642405
2.3155042627631515 0.012910005784687302
2.321646183884539 0.012934280042521649
2.327788105005927 0.012955302290096293
2.3339300261273146 0.012973192327702264
2.340071947248702 0.012988054563257962
2.3462138683700897 0.012999975416587
2.3523557894914777 0.01300902141606232
2.3584977106128653 0.013015238021294505
2.364639631734253 0.013018649190215273
2.3707815528556404 0.013019257692818425
2.376923473977028 0.01301704615748531
2.383065395098416 0.013011978819772885
2.3892073162198035 0.013004003928291956
2.395349237341191 0.012993056748315966
2.4014911584625787 0.012979063091422808
2.4076330795839667 0.012961943289072249
2.4137750007053542 0.01294161651973984
2.419916921826742 0.012918005393131047
2.4260588429481293 0.01289104069105072
2.4322007640695174 0.012860666162570117
2.438342685190905 0.01282684327101764
2.4444846063122925 0.012789555791768305
2.45062652743368 0.012748814162549143
2.456768448555068 0.012704659491746173
2.4629103696764556 0.012657167134753967
2.469052290797843 0.012606449753561967
2.4751942119192307 0.012552659780407071
2.4813361330406187 0.012495991212401091
2.4874780541620063 0.0124366806706305
2.493619975283394 0.01237500766447374
2.4997618964047814 0.012311294010049807
2.5059038175261694 0.01224590236113334
2.512045738647557 0.012179233821951659
2.5181876597689445 0.012111724624458722
2.524329580890332 0.012043841868385937
2.53047150201172 0.011976078340966673
2.5366134231331077 0.011908946454946542
2.5427553442544952 0.011842971368338798
2.548897265375883 0.01177868337707859
2.555039186497271 0.011716609701612932
2.5611811076186584 0.011657265819449498
2.567323028740046 0.01160114652624115
2.5734649498614335 0.011548716936155539
2.5796068709828215 0.011500403655803288
2.585748792104209 0.011456586382467862
2.5918907132255966 0.011417590184471117
2.598032634346984 0.01138367871727934
2.604174555468372 0.01135504861212309
2.6103164765897597 0.011331825244114403
2.6164583977111473 0.011314060044838058
2.622600318832535 0.011301729472052643
2.6287422399539224 0.011294735689385363
2.6348841610753104 0.011292908945446262
2.641026082196698 0.011296011578735922
2.6471680033180855 0.01130374351615506
2.653309924439473 0.011315749082452961
2.659451845560861 0.01133162489834854
2.6655937666822487 0.011350928618019628
2.6717356878036362 0.011373188242720177
2.677877608925024 0.011397911745890837
2.684019530046412 0.011424596754813101
2.6901614511677994 0.0114527400525217
2.696303372289187 0.01148184668891123
2.7024452934105745 0.011511438519274008
2.7085872145319625 0.01154106201961536
2.71472913565335 0.011570295259086047
2.7208710567747376 0.011598753939287408
2.727012977896125 0.011626096437056895
2.733154899017513 0.011652027811095879
2.7392968201389007 0.011676302753320112
2.7454387412602883 0.011698727483260753
2.751580662381676 0.011719160598610272
2.757722583503064 0.011737512907618914
2.7638645046244514 0.011753746280088283
2.770006425745839 0.011767871563760413
2.7761483468672266 0.011779945622492273
2.7822902679886146 0.011790067562162394
2.788432189110002 0.011798374220081361
2.7945741102313897 0.011805035003918602
2.8007160313527772 0.011810246176794577
2.8068579524741653 0.011814224696031588
2.812999873595553 0.011817201723743708
2.8191417947169404 0.011819415937464365
2.825283715838328 0.011821106777716302
2.831425636959716 0.011822507776097474
2.8375675580811035 0.011823840111329833
2.843709479202491 0.011825306541082364
2.8498514003238786 0.011827085853615145
2.8559933214452666 0.011829327974974418
2.862135242566654 0.011832149854406844
2.8682771636880418 0.01183563223295866
2.8744190848094293 0.011839817378297994
2.8805610059308173 0.011844707843366274
2.886702927052205 0.011850266278515587
2.8928448481735924 0.011856416297508948
2.89898676929498 0.011863044368442746
2.9051286904163676 0.011870002672595996
2.9112706115377556 0.01187711284861806
2.917412532659143 0.011884170517347971
2.9235544537805307 0.011890950464664377
2.9296963749019183 0.011897212346547004
2.9358382960233063 0.011902706772129606
2.941980217144694 0.011907181616791045
2.9481221382660814 0.011910388417873145
2.954264059387469 0.011912088709853998
2.960405980508857 0.011912060163054709
2.9665479016302445 0.011910102399485062
2.972689822751632 0.011906042370529066
2.9788317438730196 0.011899739193200299
2.9849736649944076 0.011891088354139105
2.991115586115795 0.011880025202993756
2.9972575072371828 0.011866527669095225
3.0033994283585703 0.011850618147310891
3.0095413494799583 0.011832364510700901
3.015683270601346 0.01181188021926685
3.0218251917227335 0.011789323505939489
3.027967112844121 0.011764895633314981
3.034109033965509 0.011738838227865143
3.0402509550868966 0.011711429712731081
3.046392876208284 0.011682980876025926
3.0525347973296717 0.011653829628957914
3.0586767184510597 0.011624335027023563
3.0648186395724473 0.011594870647783707
3.070960560693835 0.01156581743984765
3.0771024818152224 0.011537556178920098
3.0832444029366104 0.011510459687107297
3.089386324057998 0.011484884989908352
3.0955282451793855 0.011461165600042055
3.101670166300773 0.01143960412703188
3.107812087422161 0.01142046541491994
3.1139540085435486 0.011403970406461909
3.120095929664936 0.011390290919915454
3.1262378507863238 0.011379545503842434
3.1323797719077118 0.01137179650658669
3.1385216930290993 0.011367048461299545
3.144663614150487 0.011365247846206548
3.1508055352718745 0.011366284235367683
3.156947456393262 0.011369992809909673
3.16308937751465 0.0113761581561073
3.1692312986360376 0.011384519237105973
3.175373219757425 0.011394775391478512
3.1815151408788127 0.011406593185624697
3.1876570620002007 0.011419613929048528
3.1937989831215883 0.011433461651931966
3.199940904242976 0.011447751342716887
3.2060828253643634 0.011462097248680742
3.2122247464857514 0.011476121053483418
3.218366667607139 0.01148945976093609
3.2245085887285265 0.011501773132337467
3.230650509849914 0.011512750544284887
3.236792430971302 0.011522117153736631
3.2429343520926897 0.011529639276378118
3.249076273214077 0.011535128902405439
3.2552181943354648 0.011538447290344403
3.261360115456853 0.011539507594381404
3.2675020365782403 0.011538276494028088
3.273643957699628 0.011534774807076917
3.2797858788210155 0.011529077078162411
3.2859277999424035 0.011521310146330134
3.292069721063791 0.011511650706373182
3.2982116421851786 0.01150032189083774
3.304353563306566 0.011487588912981402
3.310495484427954 0.011473753825916708
3.3166374055493417 0.011459149469856376
3.3227793266707293 0.011444132697744745
3.328921247792117 0.011429076989308163
3.335063168913505 0.011414364584099989
3.3412050900348924 0.011400378284576657
3.34734701115628 0.011387493099471202
3.3534889322776675 0.011376067914365044
3.3596308533990555 0.011366437388899758
3.365772774520443 0.011358904287017843
3.3719146956418307 0.011353732446622352
3.3780566167632182 0.011351140587057336
3.3841985378846062 0.011351297136262942
3.390340459005994 0.0113543162343729
3.3964823801273814 0.01136025503758449
3.402624301248769 0.01136911240669059
3.4087662223701565 0.01138082902064983
3.4149081434915445 0.01139528890933558
3.421050064612932 0.011412322353707186
3.4271919857343196 0.011431710058613
3.433333906855707 0.011453188465516653
3.439475827977095 0.011476456041415244
3.4456177490984827 0.011501180357262279
3.4517596702198703 0.011527005754823221
3.457901591341258 0.01155356139493359
3.464043512462646 0.011580469481899615
3.4701854335840334 0.011607353467151938
3.476327354705421 0.011633846048851136
3.4824692758268085 0.011659596801459926
3.4886111969481965 0.011684279288899183
3.494753118069584 0.011707597535505631
3.5008950391909717 0.011729291749554786
3.5070369603123592 0.01174914321382641
3.5131788814337472 0.011766978276076402
3.519320802555135 0.011782671389113276
3.5254627236765224 0.01179614716546796
3.53160464479791 0.011807381425589696
3.537746565919298 0.011816401231440624
3.5438884870406855 0.01182328390972005
3.550030408162073 0.011828155081197271
3.5561723292834606 0.01183118572522054
3.5623142504048486 0.011832588321795472
3.568456171526236 0.011832612127981102
3.5745980926476237 0.011831537660880152
3.5807400137690113 0.011829670476161529
3.5868819348903993 0.011827334348593042
3.593023856011787 0.011824863978993266
3.5991657771331744 0.011822597369611113
3.605307698254562 0.011820868026270913
3.61144961937595 0.011819997159576807
3.6175915404973376 0.011820286067848145
3.623733461618725 0.011822008890060706
3.6298753827401127 0.011825405916817975
3.6360173038615007 0.01183067764044307
3.6421592249828882 0.011837979711198782
3.648301146104276 0.011847418945410013
3.6544430672256634 0.011859050503392502
3.6605849883470514 0.011872876321619881
3.666726909468439 0.011888844845983255
3.6728688305898265 0.011906852073162699
3.679010751711214 0.011926743867079122
3.6851526728326016 0.01194831947918235
3.6912945939539896 0.011971336166840771
3.697436515075377 0.011995514774883214
3.7035784361967647 0.01202054612251157
3.7097203573181523 0.012046098021948509
3.7158622784395403 0.012071822746390496
3.722004199560928 0.01209736476271723
3.7281461206823154 0.012122368548205928
3.734288041803703 0.012146486319189275
3.740429962925091 0.0121693855120234
3.7465718840464786 0.012190755871715309
3.752713805167866 0.01221031601999516
3.7588557262892537 0.012227819391559862
3.7649976474106417 0.012243059443907318
3.7711395685320293 0.012255874062100986
3.777281489653417 0.012266149094647273
3.7834234107748044 0.012273820970343019
3.7895653318961924 0.012278878358546269
3.79570725301758 0.012281362847082726
3.8018491741389675 0.012281368623274877
3.807991095260355 0.012279041154798697
3.814133016381743 0.012274574878686271
3.8202749375031306 0.012268209919249156
3.826416858624518 0.012260227869382507
3.8325587797459058 0.012250946684904082
3.8387007008672938 0.01224071475842524
3.8448426219886813 0.01222990425767742
3.850984543110069 0.0122189038329407
3.8571264642314564 0.012208110818685336
3.8632683853528444 0.012197923074929682
3.869410306474232 0.012188730633059343
3.8755522275956196 0.012180907327670952
3.881694148717007 0.012174802608988285
3.887836069838395 0.012170733738130695
3.8939779909597827 0.01216897856869286
3.9001199120811703 0.012169769111699515
3.906261833202558 0.012173286066423454
3.912403754323946 0.012179654476739429
3.9185456754453334 0.012188940642181907
3.924687596566721 0.012201150375855993
3.9308295176881085 0.012216228659554544
3.936971438809496 0.012234060702021014
3.943113359930884 0.012254474361667928
3.9492552810522716 0.012277243852630335
3.955397202173659 0.012302094615015781
3.9615391232950468 0.01232870919841751
3.9676810444164348 0.012356733983459198
3.9738229655378223 0.012385786549994168
3.97996488665921 0.012415463492634409
3.9861068077805974 0.012445348484027051
3.9922487289019855 0.012475020392786793
3.998390650023373 0.012504061274991277
4.004532571144761 0.01253206407426897
4.010674492266149 0.012558639884363126
4.016816413387536 0.012583424648350428
4.022958334508924 0.012606085189330329
4.029100255630311 0.012626324487513205
4.035242176751699 0.012643886137611872
4.041384097873086 0.012658557937914287
4.047526018994474 0.012670174578244929
4.053667940115862 0.012678619408245944
4.05980986123725 0.012683825280214008
4.0659517823586375 0.012685774472396683
4.072093703480025 0.012684497709522246
4.078235624601413 0.012680072307767803
4.0843775457228 0.01267261948170025
4.090519466844188 0.012662300861242632
4.096661387965575 0.012649314277635474
4.102803309086964 0.012633888888784766
4.108945230208351 0.012616279726299987
4.115087151329739 0.01259676175877187
4.1212290724511265 0.01257562357811704
4.127370993572514 0.01255316082767975
4.133512914693902 0.012529669501650189
4.139654835815289 0.012505439254548448
4.145796756936677 0.01248074686628712
4.151938678058065 0.01245585001190098
4.158080599179453 0.012430981484720586
4.16422252030084 0.012406344016990993
4.170364441422228 0.012382105832320816
4.176506362543615 0.012358397049777172
4.182648283665003 0.012335307040103738
4.1887902047863905 0.012312882810944637
4.194932125907778 0.012291128470922277
4.201074047029166 0.012270005793023989
4.207215968150554 0.012249435867267957
4.213357889271942 0.012229301802403288
4.219499810393329 0.012209452407792457
4.225641731514717 0.012189706760844861
4.231783652636104 0.012169859543418472
4.237925573757492 0.012149687013196383
4.2440674948788795 0.012128953463570694
4.250209416000267 0.012107418018090212
4.2563513371216555 0.01208484160281709
4.262493258243043 0.01206099394150428
4.268635179364431 0.012035660423687465
4.274777100485818 0.012008648703810168
4.280919021607206 0.01197979489957473
4.287060942728593 0.011948969269077951
4.293202863849981 0.011916081258290015
4.299344784971368 0.01188108382255034
4.305486706092757 0.011843976937635692
4.311628627214144 0.011804810227431246
4.317770548335532 0.011763684646319031
4.3239124694569195 0.0117207531652752
4.330054390578307 0.01167622042167416
4.336196311699695 0.011630341304397504
4.342338232821082 0.01158341845858993
4.34848015394247 0.011535798708878671
4.354622075063858 0.011487868416646613
4.360763996185246 0.011440047806497005
4.366905917306633 0.011392784319665138
4.373047838428021 0.01134654507785976
4.3791897595494085 0.01130180856953224
4.385331680670796 0.011259055701132097
4.391473601792184 0.011218760387285684
4.397615522913571 0.011181379884330088
4.40375744403496 0.011147345099107248
4.409899365156347 0.011117051126951267
4.416041286277735 0.011090848286855503
4.422183207399122 0.011069033925545195
4.42832512852051 0.011051845253735568
4.434467049641897 0.011039453456152247
4.440608970763285 0.011031959281883162
4.4467508918846725 0.011029390274455514
4.452892813006061 0.01103169974400048
4.4590347341274486 0.011038767520304499
4.465176655248836 0.011050402459474843
4.471318576370224 0.011066346612664958
4.477460497491611 0.01108628090692029
4.483602418612999 0.011109832139196205
4.489744339734386 0.011136581047477346
4.495886260855774 0.011166071199042789
4.5020281819771615 0.011197818425427667
4.50817010309855 0.01123132053561295
4.5143120242199375 0.011266067051668582
4.520453945341325 0.011301548732179083
4.526595866462713 0.01133726667576029
4.5327377875841 0.011372740827339934
4.538879708705488 0.011407517741404964
4.545021629826875 0.011441177487297286
4.551163550948263 0.01147333961053682
4.557305472069651 0.011503668090215058
4.563447393191039 0.011531875255329508
4.569589314312426 0.011557724642483606
4.575731235433814 0.011581032793910716
4.5818731565552016 0.011601670008741594
4.588015077676589 0.011619560072388312
4.594156998797977 0.011634678999470455
4.600298919919364 0.011647052835457219
4.606440841040753 0.011656754571670522
4.61258276216214 0.011663900237919503
4.618724683283528 0.011668644247113474
4.624866604404915 0.01167117407687319
4.631008525526303 0.011671704384406283
4.6371504466476905 0.011670470662527233
4.643292367769078 0.011667722556311965
4.649434288890466 0.011663716970937611
4.655576210011854 0.011658711111093602
4.661718131133242 0.011652955600183125
4.667860052254629 0.01164668783254885
4.674001973376017 0.011640125713360224
4.680143894497404 0.011633461937904424
4.686285815618792 0.01162685895431954
4.692427736740179 0.011620444741041631
4.698569657861567 0.011614309512456166
4.7047115789829554 0.01160850344383747
4.710853500104343 0.01160303548034734
4.716995421225731 0.011597873265667268
4.723137342347118 0.011592944195005039
4.729279263468506 0.011588137566126715
4.735421184589893 0.011583307772121272
4.741563105711281 0.011578278452113672
4.747705026832668 0.011572847492214608
4.753846947954056 0.011566792749461674
4.759988869075444 0.011559878356873585
4.766130790196832 0.011551861458166288
4.7722727113182195 0.011542499216006476
4.778414632439607 0.01153155593746554
4.784556553560995 0.011518810163937129
4.790698474682382 0.011504061579415636
4.79684039580377 0.011487137599871983
4.802982316925157 0.011467899516696915
4.809124238046546 0.011446248078090903
4.815266159167933 0.011422128403276563
4.821408080289321 0.0113955341350716
4.8275500014107084 0.011366510746462674
4.833691922532096 0.0113351579263294
4.839833843653484 0.011301630978545625
4.845975764774871 0.011266141177683249
4.852117685896259 0.011228955033974706
4.858259607017647 0.011190392430705009
4.864401528139035 0.011150823609545432
4.870543449260422 0.011110664994294204
4.87668537038181 0.011070373861799626
4.882827291503197 0.011030441891132607
4.888969212624585 0.01099138764872882
4.8951111337459725 0.010953748098264087
4.90125305486736 0.010918069259002327
4.9073949759887485 0.010884896174218709
4.913536897110136 0.010854762390354702
4.919678818231524 0.010828179185453136
4.925820739352911 0.010805624819235698
4.931962660474299 0.010787534103642027
4.938104581595686 0.010774288608414461
4.944246502717074 0.010766207818386402
4.9503884238384614 0.010763541545290656
4.95653034495985 0.010766463866107655
4.9626722660812375 0.010775068812671445
4.968814187202625 0.010789367975514243
4.974956108324013 0.010809290112357045
4.9810980294454 0.01083468277304199
4.987239950566788 0.010865315873533489
4.993381871688175 0.010900887077419638
4.999523792809563 0.010941028779063756
5.00566571393095 0.010985316432000151
5.011807635052339 0.01103327793166881
5.017949556173726 0.01108440374386114
5.024091477295114 0.011138157468518081
5.0302333984165015 0.01119398654077
5.036375319537889 0.011251332794491961
5.042517240659277 0.01130964264492399
5.048659161780664 0.01136837668282353
5.054801082902052 0.011427018510241478
5.06094300402344 0.011485082684925717
5.067084925144828 0.01154212167477301
5.073226846266215 0.011597731754523149
5.079368767387603 0.011651557803455883
5.0855106885089905 0.011703296985141434
5.091652609630378 0.011752701308603255
5.097794530751766 0.011799579085132066
5.103936451873153 0.011843795307138224
5.110078372994542 0.01188527098560326
5.116220294115929 0.011923981491624172
5.122362215237317 0.011959953955908577
5.128504136358704 0.011993263788425423
5.134646057480092 0.01202403038916317
5.140787978601479 0.012052412130343875
5.146929899722867 0.012078600700568988
5.1530718208442545 0.01210281491212057
5.159213741965643 0.012125294083730722
5.1653556630870305 0.012146291122101449
5.171497584208418 0.012166065435702778
5.177639505329806 0.01218487582317755
5.183781426451193 0.01220297348524647
5.189923347572581 0.012220595312538255
5.196065268693968 0.012237957601529808
5.202207189815356 0.012255250346168577
5.208349110936744 0.012272632243365326
5.214491032058132 0.012290226536264234
5.2206329531795195 0.012308117800194276
5.226774874300907 0.012326349752983558
5.232916795422295 0.01234492414468275
5.239058716543682 0.012363800752758293
5.24520063766507 0.012382898478725849
5.251342558786457 0.012402097512328668
5.257484479907845 0.01242124250103114
5.263626401029233 0.012440146636979722
5.269768322150621 0.012458596551650682
5.275910243272008 0.012476357890853936
5.282052164393396 0.01249318142997646
5.2881940855147835 0.012508809581402783
5.294336006636171 0.012522983142727982
5.300477927757559 0.012535448135233282
5.306619848878946 0.012545962586504198
5.312761770000335 0.012554303118317265
5.318903691121722 0.012560271210253464
5.32504561224311 0.012563699020198929
5.331187533364497 0.012564454654333843
5.337329454485885 0.012562446790880298
5.3434713756072725 0.012557628573413542
5.34961329672866 0.0125500007007332
5.355755217850048 0.012539613651090194
5.361897138971436 0.012526568989068097
5.368039060092824 0.012511019713852925
5.374180981214211 0.012493169618325344
5.380322902335599 0.012473271639788555
5.386464823456986 0.01245162519565107
5.392606744578374 0.01242857251147209
5.398748665699761 0.01240449396484171
5.404890586821149 0.012379802486897653
5.411032507942537 0.012354937083991479
5.417174429063925 0.01233035556499496
5.4233163501853126 0.012306526584569806
5.4294582713067 0.01228392113867285
5.435600192428088 0.012263003674538595
5.441742113549475 0.012244223001940783
5.447884034670863 0.012228003213979637
5.45402595579225 0.012214734842102965
5.460167876913639 0.012204766479670661
5.466309798035026 0.012198397109431942
5.472451719156414 0.012195869361519885
5.4785936402778015 0.01219736390930875
5.484735561399189 0.01220299518081619
5.490877482520577 0.012212808524209917
5.497019403641964 0.012226778919175283
5.503161324763352 0.012244811273913737
5.509303245884739 0.01226674229336788
5.515445167006128 0.012292343851114216
5.521587088127515 0.012321327748330117
5.527729009248903 0.012353351701019866
5.53387093037029 0.012388026363315218
5.540012851491678 0.012424923171387235
5.5461547726130656 0.012463582779701873
5.552296693734453 0.012503523858611573
5.558438614855841 0.0125442520285254
5.564580535977229 0.012585268719597724
5.570722457098617 0.012626079765213799
5.576864378220004 0.012666203560665504
5.583006299341392 0.012705178643543877
5.589148220462779 0.012742570578004557
5.595290141584167 0.01277797804997405
5.6014320627055545 0.01281103810368244
5.607573983826942 0.012841430471089696
5.6137159049483305 0.012868880964569356
5.619857826069718 0.01289316391962465
5.625999747191106 0.012914103688622142
5.632141668312493 0.012931575198850779
5.638283589433881 0.012945503599036769
5.644425510555268 0.01295586302817888
5.650567431676656 0.012962674549615015
5.656709352798043 0.012966003301938674
5.662851273919432 0.012965954927035395
5.668993195040819 0.01296267134428895
5.675135116162207 0.012956325948995834
5.681277037283595 0.012947118322187794
5.687418958404982 0.012935268548238232
5.69356087952637 0.012921011245544086
5.699702800647757 0.012904589423848416
5.705844721769145 0.01288624828892792
5.711986642890533 0.012866229120877598
5.718128564011921 0.012844763355524397
5.724270485133308 0.012822066999047511
5.730412406254696 0.012798335503199636
5.7365543273760835 0.012773739222251524
5.742696248497471 0.012748419562724218
5.748838169618859 0.01272248592313404
5.754980090740246 0.012696013503581512
5.761122011861635 0.012669042044522339
5.767263932983022 0.01264157553113412
5.77340585410441 0.012613582875176905
5.779547775225797 0.012584999561099788
5.785689696347185 0.012555730218378539
5.7918316174685724 0.012525652058665852
5.79797353858996 0.012494619095184454
5.804115459711348 0.012462467043621426
5.810257380832735 0.012429018789113363
5.816399301954124 0.012394090293036609
5.822541223075511 0.012357496806291394
5.828683144196899 0.012319059252431434
5.834825065318286 0.012278610643994568
5.840966986439674 0.012236002398252835
5.847108907561061 0.012191110423754762
5.853250828682449 0.012143840855879832
5.8593927498038365 0.0120941353275943
5.865534670925225 0.012041975670178959
5.8716765920466125 0.011987387947493981
5.877818513168 0.011930445736084698
5.883960434289388 0.011871272571997852
5.890102355410775 0.011810043493620394
5.896244276532163 0.011746985618379252
5.90238619765355 0.011682377700120868
5.908528118774938 0.011616548623936115
5.914670039896326 0.01154987480672682
5.920811961017714 0.011482776485623854
5.9269538821391015 0.01141571289316307
5.933095803260489 0.011349176338545245
5.939237724381877 0.011283685238817487
5.945379645503264 0.011219776172610368
5.951521566624652 0.011157995061931235
5.957663487746039 0.01109888762372257
5.963805408867428 0.01104298927109512
5.969947329988815 0.010990814682348493
5.976089251110203 0.010942847291481842
5.98223117223159 0.010899528983786511
5.988373093352978 0.010861250300982455
5.9945150144743655 0.010828341469003666
6.000656935595753 0.010801064555296303
6.006798856717141 0.010779607039672633
6.012940777838529 0.010764077043022884
6.019082698959917 0.010754500402768721
6.025224620081304 0.010750819715707545
6.031366541202692 0.010752895392122227
6.037508462324079 0.010760508684982817
6.043650383445467 0.010773366580404876
6.0497923045668545 0.010791108365650543
6.055934225688242 0.0108133136333762
6.06207614680963 0.010839511438703481
6.068218067931018 0.010869190300567903
6.074359989052406 0.010901808730603575
6.080501910173793 0.010936805980049757
6.086643831295181 0.01097361271524234
6.092785752416568 0.011011661361972713
6.098927673537956 0.01105039589495288
6.105069594659343 0.011089280887589406
6.111211515780731 0.011127809676464291
6.117353436902119 0.011165511532184182
6.123495358023507 0.011201957762102931
6.1296372791448945 0.011236766699996162
6.135779200266282 0.011269607562787564
6.14192112138767 0.011300203175046167
6.148063042509057 0.011328331578666452
6.154204963630445 0.011353826558577829
6.160346884751832 0.011376577126267499
6.166488805873221 0.01139652601211584
6.172630726994608 0.011413667225750898
6.178772648115996 0.011428042751442536
6.1849145692373835 0.01143973845345469
6.191056490358771 0.011448879274574112
6.197198411480159 0.011455623819880857
6.203340332601546 0.01146015842718762
6.209482253722934 0.0114626908352379
6.215624174844322 0.011463443570338953
6.22176609596571 0.011462647181084746
6.227908017087097 0.01146053345854943
6.234049938208485 0.011457328785082814
6.240191859329872 0.01145324775787163
6.24633378045126 0.011448487233046197
6.2524757015726475 0.011443220931724852
6.258617622694035 0.011437594740591958
6.2647595438154235 0.01143172282623316
6.270901464936811 0.01142568466462065
6.277043386058199 0.011419523065268751
