times C_II_open_error
0.0 0.0
0.00614192112138767 0.004329200424975115
0.01228384224277534 0.008626424013403388
0.01842576336416301 0.01288532957427689
0.02456768448555068 0.017099915644474918
0.030709605606938348 0.02126453583540038
0.03685152672832602 0.025373909860232302
0.042993447849713685 0.02942313065231677
0.04913536897110136 0.033407667936769476
0.05527729009248903 0.0373233685537944
0.061419211213876695 0.041166453762774495
0.06756113233526437 0.044933513689715716
0.07370305345665204 0.04862149902493893
0.07984497457803971 0.05222771003923817
0.08598689569942737 0.055749782969305064
0.09212881682081504 0.059185673829102774
0.09827073794220272 0.06253363973286497
0.10441265906359039 0.06579221786518868
0.11055458018497806 0.06896020230015007
0.11669650130636572 0.0720366189489365
0.12283842242775339 0.07502069899767642
0.12898034354914106 0.07791185127708504
0.13512226467052874 0.08070963407652933
0.1412641857919164 0.08341372697114643
0.14740610691330408 0.08602390326684298
0.15354802803469175 0.08854000368098457
0.15968994915607942 0.09096191186467141
0.16583187027746707 0.09328953233580868
0.17197379139885474 0.09552277133256293
0.17811571252024241 0.09766152101764757
0.1842576336416301 0.0997056473698303
0.19039955476301776 0.1016549819956024
0.19654147588440543 0.10350931798700876
0.2026833970057931 0.10526840984712077
0.20882531812718078 0.10693197740801888
0.21496723924856845 0.10849971358213747
0.22110916036995612 0.109971295720064
0.2272510814913438 0.11134640029879302
0.23339300261273144 0.11262472063514122
0.2395349237341191 0.11380598730937558
0.24567684485550678 0.1148899909927682
0.25181876597689445 0.11587660739744317
0.2579606870982821 0.11676582410438995
0.2641026082196698 0.11755776907220049
0.27024452934105747 0.11825274068087999
0.27638645046244514 0.11885123921779317
0.2825283715838328 0.11935399976221975
0.2886702927052205 0.11976202646702282
0.29481221382660816 0.12007662826664815
0.30095413494799583 0.12029945605633414
0.3070960560693835 0.12043254138441552
0.3132379771907712 0.12047833667442764
0.31937989831215885 0.12043975694282083
0.3255218194335465 0.12032022289783788
0.33166374055493414 0.1201237051917041
0.3378056616763218 0.11985476944779415
0.3439475827977095 0.11951862149293334
0.35008950391909716 0.11912115198881894
0.35623142504048483 0.11866897937291743
0.3623733461618725 0.11816948968705393
0.3685152672832602 0.11763087149327422
0.37465718840464785 0.11706214365826778
0.3807991095260355 0.11647317334370354
0.3869410306474232 0.11587468109409339
0.39308295176881086 0.11527822950287202
0.39922487289019853 0.11469619161311226
0.4053667940115862 0.11414169504016394
0.4115087151329739 0.11362853787351047
0.41765063625436155 0.1131710728188925
0.4237925573757492 0.11278405687409333
0.4299344784971369 0.11248246517101146
0.43607639961852457 0.11228126950156758
0.44221832073991224 0.1121951844482939
0.4483602418612999 0.1122383868437123
0.4545021629826876 0.11242421726114753
0.4606440841040752 0.11276487506670148
0.4667860052254629 0.11327112084027066
0.47292792634685055 0.11395200129504737
0.4790698474682382 0.1148146118540236
0.4852117685896259 0.1158639106000486
0.49135368971101356 0.11710259444572799
0.49749561083240124 0.11853104435397058
0.5036375319537889 0.12014734176417279
0.5097794530751766 0.12194735363932911
0.5159213741965643 0.12392487933526222
0.5220632953179519 0.12607184927384102
0.5282052164393396 0.12837856344863763
0.5343471375607273 0.13083395715217574
0.5404890586821149 0.1334258818407412
0.5466309798035026 0.13614139046389612
0.5527729009248903 0.13896701854132215
0.558914822046278 0.14188905443901523
0.5650567431676656 0.1448937944068439
0.5711986642890533 0.1479677797969261
0.577340585410441 0.15109801537627757
0.5834825065318286 0.15427216873704963
0.5896244276532163 0.15747875150422352
0.595766348774604 0.16070728338682297
0.6019082698959917 0.16394844017322568
0.6080501910173793 0.16719418659657886
0.614192112138767 0.17043789465197157
0.6203340332601547 0.1736744474856494
0.6264759543815424 0.1769003284439477
0.63261787550293 0.1801136943058365
0.6387597966243177 0.1833144311645367
0.6449017177457054 0.18650419090589646
0.651043638867093 0.18968640579015617
0.6571855599884806 0.19286627831740177
0.6633274811098683 0.19605074338557243
0.669469402231256 0.19924839977449307
0.6756113233526436 0.20246940824958834
0.6817532444740313 0.2057253541084942
0.687895165595419 0.20902907281528815
0.6940370867168066 0.21239443848541822
0.7001790078381943 0.21583611638038064
0.706320928959582 0.21936928219582252
0.7124628500809697 0.22300931269832772
0.7186047712023573 0.22677145407111363
0.724746692323745 0.23067047602774512
0.7308886134451327 0.2347203211919658
0.7370305345665203 0.23893376026927882
0.743172455687908 0.24332206402222925
0.7493143768092957 0.2478947029181495
0.7554562979306834 0.25265908451451347
0.761598219052071 0.2576203372181773
0.7677401401734587 0.2627811471010437
0.7738820612948464 0.2681416521305876
0.780023982416234 0.27369939566842016
0.7861659035376217 0.2794493386029643
0.7923078246590094 0.2853839271979593
0.7984497457803971 0.291493211805755
0.8045916669017847 0.2977650101125829
0.8107335880231724 0.3041851075971102
0.8168755091445601 0.3107374873871872
0.8230174302659478 0.31740458164475915
0.8291593513873354 0.32416753691883915
0.8353012725087231 0.331006486490259
0.8414431936301108 0.33790082349675293
0.8475851147514984 0.3448294694877686
0.8537270358728861 0.351771133944264
0.8598689569942738 0.3587045611556193
0.8660108781156615 0.3656087616367451
0.8721527992370491 0.3724632259719651
0.8782947203584368 0.37924811957931887
0.8844366414798245 0.3859444573999571
0.8905785626012122 0.39253425793897956
0.8967204837225998 0.39900067642672554
0.9028624048439875 0.4053281171450829
0.9090043259653752 0.4115023251838055
0.9151462470867628 0.4175104580682672
0.9212881682081504 0.4233411378422248
0.9274300893295381 0.4289844843051627
0.9335720104509257 0.4344321302001685
0.9397139315723134 0.43967721923013986
0.9458558526937011 0.44471438785128037
0.9519977738150888 0.44953973185610663
0.9581396949364764 0.4541507588155169
0.9642816160578641 0.45854632750212254
0.9704235371792518 0.4627265754657441
0.9765654583006395 0.466692835976976
0.9827073794220271 0.4704475455958926
0.9888493005434148 0.4739941436598631
0.9949912216648025 0.477336965016309
1.0011331427861903 0.480481127352119
1.0072750639075778 0.48343241449018354
1.0134169850289656 0.48619715703385613
1.0195589061503532 0.48878211174078157
1.025700827271741 0.4911943409971658
1.0318427483931285 0.49344109374102263
1.0379846695145163 0.4955296891472306
1.0441265906359039 0.4974674043376705
1.0502685117572914 0.4992613673159125
1.0564104328786792 0.500918456247946
1.0625523540000668 0.502445206118773
1.0686942751214545 0.5038477236902996
1.074836196242842 0.5051316115702911
1.0809781173642299 0.5063019020770781
1.0871200384856174 0.5073630014524863
1.0932619596070052 0.50831864483865
1.0994038807283928 0.5091718622957528
1.1055458018497806 0.5099249560001285
1.1116877229711681 0.5105794886283845
1.117829644092556 0.5111362828058992
1.1239715652139435 0.5115954313795421
1.1301134863353313 0.5119563181667371
1.1362554074567188 0.512217648737499
1.1423973285781066 0.512377490703802
1.1485392496994942 0.5124333229219502
1.154681170820882 0.5123820929583768
1.1608230919422695 0.512220282126813
1.1669650130636573 0.5119439773739035
1.1731069341850449 0.5115489492695572
1.1792488553064326 0.5110307353458201
1.1853907764278202 0.5103847280217934
1.191532697549208 0.5096062663500276
1.1976746186705955 0.5086907308197909
1.2038165397919833 0.5076336404526419
1.209958460913371 0.5064307514240437
1.2161003820347587 0.5050781564397014
1.2222423031561462 0.5035723840856449
1.228384224277534 0.5019104973557591
1.2345261453989216 0.5000901905388632
1.2406680665203094 0.4981098836191693
1.246809987641697 0.49596881330903486
1.2529519087630847 0.4936671197916347
1.2590938298844723 0.4912059282041704
1.26523575100586 0.4885874238404391
1.2713776721272476 0.4858149199963224
1.2775195932486354 0.482892917324694
1.283661514370023 0.4798271535095217
1.2898034354914107 0.4766246420152012
1.2959453566127983 0.4732936986196832
1.302087277734186 0.4698439544027875
1.3082291988555736 0.4662863538391511
1.3143711199769612 0.46263313664449895
1.320513041098349 0.4588978020514147
1.3266549622197366 0.4550950542547936
1.3327968833411243 0.4512407278770453
1.338938804462512 0.44735169246918766
1.3450807255838997 0.4434457352970567
1.3512226467052872 0.43954142197264134
1.357364567826675 0.43565793488862825
1.3635064889480626 0.4318148899068129
1.3696484100694504 0.42803213234131016
1.375790331190838 0.42432951396285085
1.3819322523122257 0.42072665352050514
1.3880741734336133 0.417242684111947
1.394216094555001 0.41389599160209917
1.4003580156763886 0.41070394915046704
1.4064999367977764 0.40768265370702295
1.412641857919164 0.404846671014217
1.4187837790405518 0.4022087961435752
1.4249257001619393 0.39977983683604557
1.431067621283327 0.3975684268509871
1.4372095424047147 0.39558087612060416
1.4433514635261024 0.3938210637384866
1.44949338464749 0.39229037869397815
1.4556353057688778 0.39098771183903674
1.4617772268902653 0.3899095009095174
1.4679191480116531 0.3890498286092026
1.4740610691330407 0.388400571907124
1.4802029902544285 0.3879515989048273
1.486344911375816 0.387691008000974
1.4924868324972038 0.3876054026999314
1.4986287536185914 0.38768019433913875
1.5047706747399792 0.3878999242806051
1.5109125958613667 0.3882485967320415
1.5170545169827545 0.3887100133171453
1.523196438104142 0.38926810076929774
1.5293383592255299 0.38990722363447494
1.5354802803469174 0.3906124745888328
1.5416222014683052 0.39136993585609464
1.5477641225896928 0.3921669062054625
1.5539060437110805 0.392992089084222
1.560047964832468 0.3938357385588964
1.5661898859538559 0.3946897608788498
1.5723318070752434 0.39554777061522484
1.578473728196631 0.3964051014474384
1.5846156493180188 0.3972587727519065
1.5907575704394064 0.39810741417614276
1.5968994915607941 0.3989511513382001
1.6030414126821817 0.3997914566581227
1.6091833338035695 0.40063097008559834
1.615325254924957 0.4014732951174538
1.6214671760463448 0.402322775982278
1.6276090971677324 0.40318426219204917
1.6337510182891202 0.40406286681071707
1.6398929394105077 0.4049637247610077
1.6460348605318955 0.40589175728323285
1.652176781653283 0.4068514482805807
1.6583187027746709 0.40784663774846247
1.6644606238960584 0.40888033681209013
1.6706025450174462 0.40995456811369324
1.6767444661388338 0.4110702344303014
1.6828863872602216 0.41222701749918367
1.6890283083816091 0.4134233081158408
1.695170229502997 0.41465616768242375
1.7013121506243845 0.4159213205527834
1.7074540717457722 0.41721317576935807
1.7135959928671598 0.4185248761361987
1.7197379139885476 0.4198483720346771
1.7258798351099351 0.42117451697056096
1.732021756231323 0.42249318154414645
1.7381636773527105 0.4237933823550011
1.7443055984740983 0.425063422281707
1.7504475195954858 0.42629103860407935
1.7565894407168736 0.42746355554817633
1.7627313618382612 0.4285680380196568
1.768873282959649 0.42959144353513695
1.7750152040810365 0.4305207696510258
1.7811571252024243 0.4313431945124404
1.7872990463238119 0.4320462084897538
1.7934409674451997 0.432617735226708
1.7995828885665872 0.4330462407824862
1.805724809687975 0.4333208299025282
1.8118667308093626 0.43343132879203805
1.8180086519307503 0.4333683540861096
1.824150573052138 0.433123368006228
1.8302924941735257 0.432688719960732
1.8364344152949132 0.4320576750838067
1.8425763364163008 0.4312244304118897
1.8487182575376886 0.43018411956711594
1.8548601786590762 0.4289328069545775
1.861002099780464 0.4274674725844886
1.8671440209018515 0.42578598870323964
1.8732859420232393 0.423887089460782
1.8794278631446268 0.42177033485819093
1.8855697842660146 0.41943607021133117
1.8917117053874022 0.4168853823371745
1.89785362650879 0.4141200536214638
1.9039955476301775 0.4111425150630363
1.9101374687515653 0.4079557993140493
1.9162793898729529 0.40456349464929353
1.9224213109943407 0.4009697007041945
1.9285632321157282 0.39717898672221824
1.934705153237116 0.3931963529501785
1.9408470743585036 0.38902719571605965
1.9469889954798913 0.3846772766198302
1.953130916601279 0.3801526961644582
1.9592728377226667 0.3754598720528268
1.9654147588440543 0.3706055222771133
1.971556679965442 0.3655966530308358
1.9776986010868296 0.36044055138039793
1.9838405222082174 0.35514478254252607
1.989982443329605 0.34971719152634206
1.9961243644509927 0.34416590881353853
2.0022662855723805 0.338499359666703
2.008408206693768 0.3327262765735539
2.0145501278151556 0.3268557142528522
2.020692048936543 0.3208970665650402
2.026833970057931 0.3148600845860994
2.0329758911793188 0.3087548950155383
2.0391178123007063 0.3025920179975614
2.045259733422094 0.2963823833372199
2.051401654543482 0.29013734398974333
2.0575435756648695 0.28386868559082223
2.063685496786257 0.27758863067856493
2.0698274179076446 0.27130983613553644
2.0759693390290326 0.265045382254673
2.08211126015042 0.2588087517112336
2.0882531812718077 0.25261379661258404
2.0943951023931953 0.2464746917107842
2.100537023514583 0.2404058718166347
2.106678944635971 0.23442195147064537
2.1128208657573584 0.22853762503477723
2.118962786878746 0.2227675456029903
2.1251047080001335 0.21712618152712615
2.1312466291215215 0.21162764995745117
2.137388550242909 0.20628552764083574
2.1435304713642966 0.2011126403298858
2.149672392485684 0.19612083353909635
2.155814313607072 0.19132072901378092
2.1619562347284598 0.1867214730865792
2.1680981558498473 0.18233048496685253
2.174240076971235 0.17815321476996612
2.180381998092623 0.1741929225314938
2.1865239192140105 0.17045049032687798
2.192665840335398 0.16692427970055598
2.1988077614567856 0.1636100457231688
2.2049496825781736 0.16050091706207376
2.211091603699561 0.1575874485236495
2.2172335248209487 0.15485774880955352
2.2233754459423363 0.15229768206194352
2.2295173670637243 0.14989113758390113
2.235659288185112 0.14762035836256535
2.2418012093064994 0.14546631609191507
2.247943130427887 0.1434091185683863
2.254085051549275 0.14142843473459707
2.2602269726706625 0.1395039232274448
2.26636889379205 0.13761565185955557
2.2725108149134376 0.13574449774808328
2.2786527360348257 0.13387252048672463
2.284794657156213 0.1319833035350776
2.2909365782776008 0.13006226162519538
2.2970784993989883 0.12809691427914188
2.3032204205203763 0.12607712738496873
2.309362341641764 0.123995326141791
2.3155042627631515 0.12184668354601796
2.321646183884539 0.11962928895405851
2.327788105005927 0.11734430111767993
2.3339300261273146 0.11499608941310228
2.340071947248702 0.11259236569294963
2.3462138683700897 0.11014430714003583
2.3523557894914777 0.10766666748750932
2.3584977106128653 0.1051778697323824
2.364639631734253 0.10270006774049018
2.3707815528556404 0.10025915673818697
2.376923473977028 0.09788470369083535
2.383065395098416 0.09560975860936236
2.3892073162198035 0.09347049846784646
2.395349237341191 0.09150564956398621
2.4014911584625787 0.08975563625859291
2.4076330795839667 0.08826141964854409
2.4137750007053542 0.08706302393930346
2.419916921826742 0.08619780265989893
2.4260588429481293 0.08569856562826925
2.4322007640695174 0.0855917550585547
2.438342685190905 0.08589590175951596
2.4444846063122925 0.08662058675275972
2.45062652743368 0.08776606948672679
2.456768448555068 0.0893236329771211
2.4629103696764556 0.09127657090980391
2.469052290797843 0.0936016406489567
2.4751942119192307 0.09627075630387547
2.4813361330406187 0.09925270258650676
2.4874780541620063 0.10251469840963273
2.493619975283394 0.10602370545726587
2.4997618964047814 0.10974744026129583
2.5059038175261694 0.11365509625455938
2.512045738647557 0.11771781138410803
2.5181876597689445 0.12190892962962492
2.524329580890332 0.1262041060924498
2.53047150201172 0.1305813001084824
2.5366134231331077 0.1350206928509043
2.5427553442544952 0.1395045575146881
2.548897265375883 0.1440171026729364
2.555039186497271 0.14854430325821044
2.5611811076186584 0.1530737289001325
2.567323028740046 0.15759437587943878
2.5734649498614335 0.16209650649962973
2.5796068709828215 0.16657149799144344
2.585748792104209 0.17101170194607654
2.5918907132255966 0.1754103145559009
2.598032634346984 0.17976125750204508
2.604174555468372 0.18405906907606467
2.6103164765897597 0.1882988049938988
2.6164583977111473 0.19247594831000941
2.622600318832535 0.19658632783790714
2.6287422399539224 0.20062604451010432
2.6348841610753104 0.20459140515277913
2.641026082196698 0.20847886319967876
2.6471680033180855 0.2122849659207942
2.653309924439473 0.2160063077909783
2.659451845560861 0.21963948967016333
2.6655937666822487 0.22318108350930024
2.6717356878036362 0.22662760233423315
2.677877608925024 0.22997547529346546
2.684019530046412 0.23322102758535657
2.6901614511677994 0.23636046510601497
2.696303372289187 0.2393898636813601
2.7024452934105745 0.24230516276583308
2.7085872145319625 0.24510216350634956
2.71472913565335 0.24777653108353184
2.7208710567747376 0.2503238012532229
2.727012977896125 0.25273939101987547
2.733154899017513 0.25501861337967596
2.7392968201389007 0.25715669607518327
2.7454387412602883 0.25914880430476683
2.751580662381676 0.26099006732908264
2.757722583503064 0.2626756089130758
2.7638645046244514 0.2642005815353163
2.770006425745839 0.2655602042866581
2.7761483468672266 0.2667498043669737
2.7822902679886146 0.2677648620718099
2.788432189110002 0.26860105913992294
2.7945741102313897 0.26925433030749774
2.8007160313527772 0.2697209178850836
2.8068579524741653 0.26999742913856456
2.812999873595553 0.2700808962154194
2.8191417947169404 0.26996883831170476
2.825283715838328 0.26965932572312173
2.831425636959716 0.26915104536466683
2.8375675580811035 0.2684433672770855
2.843709479202491 0.26753641156393215
2.8498514003238786 0.2664311151196878
2.8559933214452666 0.2651292974161933
2.862135242566654 0.2636337245106808
2.8682771636880418 0.261948170322932
2.8744190848094293 0.2600774741006699
2.8805610059308173 0.2580275928504769
2.886702927052205 0.25580564735602657
2.8928448481735924 0.25341996023660823
2.89898676929498 0.2508800843183057
2.9051286904163676 0.2481968194009346
2.9112706115377556 0.24538221531145582
2.917412532659143 0.2424495589478635
2.9235544537805307 0.23941334284953722
2.9296963749019183 0.23628921269922257
2.9358382960233063 0.23309389109309814
2.941980217144694 0.22984507494107936
2.9481221382660814 0.22656130401944344
2.954264059387469 0.22326179853869862
2.960405980508857 0.21996626416244322
2.9665479016302445 0.21669466376868995
2.972689822751632 0.21346695642721988
2.9788317438730196 0.21030280560064768
2.9849736649944076 0.20722126045817718
2.991115586115795 0.20424041637005388
2.9972575072371828 0.2013770630208811
3.0033994283585703 0.19864633096994136
3.0095413494799583 0.1960613496625105
3.015683270601346 0.19363293157704028
3.0218251917227335 0.19136929808295644
3.027967112844121 0.1892758624173741
3.034109033965509 0.18735508378567117
3.0402509550868966 0.18560640390536945
3.046392876208284 0.18402627346905556
3.0525347973296717 0.18260827129749527
3.0586767184510597 0.18134331382820038
3.0648186395724473 0.18021994755517787
3.070960560693835 0.1792247126144568
3.0771024818152224 0.17834256231927006
3.0832444029366104 0.1775573213555905
3.089386324057998 0.17685216463393047
3.0955282451793855 0.17621009935802687
3.101670166300773 0.1756144344751159
3.107812087422161 0.1750492239919879
3.1139540085435486 0.17449967332922411
3.120095929664936 0.17395250062548498
3.1262378507863238 0.17339624744137194
3.1323797719077118 0.1728215354760945
3.1385216930290993 0.17222126760934503
3.144663614150487 0.17159077279609644
3.1508055352718745 0.17092789510983847
3.156947456393262 0.1702330276256821
3.16308937751465 0.16950909195953492
3.1692312986360376 0.16876146424817537
3.175373219757425 0.16799784828927314
3.1815151408788127 0.16722809658313645
3.1876570620002007 0.16646398024820905
3.1937989831215883 0.1657189093284918
3.199940904242976 0.16500760596127895
3.2060828253643634 0.16434573428224744
3.2122247464857514 0.16374949281582588
3.218366667607139 0.16323517736732562
3.2245085887285265 0.16281872495208236
3.230650509849914 0.16251525183036403
3.236792430971302 0.1623386009520986
3.2429343520926897 0.1623009156932614
3.249076273214077 0.1624122573324626
3.2552181943354648 0.16268028299091475
3.261360115456853 0.16310999860175637
3.2675020365782403 0.1637035979392509
3.273643957699628 0.16446039409000068
3.2797858788210155 0.16537684443780049
3.2859277999424035 0.16644666482800202
3.292069721063791 0.16766102366151378
3.2982116421851786 0.16900880274429672
3.304353563306566 0.17047690912212546
3.310495484427954 0.17205062099270974
3.3166374055493417 0.1737139510354475
3.3227793266707293 0.17545001189948856
3.328921247792117 0.1772413708128082
3.335063168913505 0.17907038295911065
3.3412050900348924 0.1809194960842925
3.34734701115628 0.18277152147456976
3.3534889322776675 0.18460986881148742
3.3596308533990555 0.18641874435387812
3.365772774520443 0.18818331339145308
3.3719146956418307 0.18988982897800888
3.3780566167632182 0.19152572963524034
3.3841985378846062 0.19307970908770114
3.390340459005994 0.19454176121595612
3.3964823801273814 0.1959032033642657
3.402624301248769 0.1971566809680258
3.4087662223701565 0.198296156220635
3.4149081434915445 0.19931688321469848
3.421050064612932 0.20021537169416667
3.4271919857343196 0.20098934125979806
3.433333906855707 0.20163766759170604
3.439475827977095 0.20216032199654937
3.4456177490984827 0.20255830535679925
3.4517596702198703 0.20283357735701135
3.457901591341258 0.20298898168743945
3.464043512462646 0.20302816777829816
3.4701854335840334 0.20295550949794272
3.476327354705421 0.2027760211546208
3.4824692758268085 0.202495271073856
3.4886111969481965 0.20211929298168124
3.494753118069584 0.20165449540769634
3.5008950391909717 0.20110756933107896
3.5070369603123592 0.20048539432681411
3.5131788814337472 0.19979494352771043
3.519320802555135 0.1990431877987395
3.5254627236765224 0.19823699962153604
3.53160464479791 0.19738305730510572
3.537746565919298 0.19648775026930138
3.5438884870406855 0.19555708628458932
3.550030408162073 0.19459660168799942
3.5561723292834606 0.19361127572292813
3.5623142504048486 0.19260545026100637
3.568456171526236 0.19158275624879115
3.5745980926476237 0.19054604827233088
3.5807400137690113 0.1894973486416071
3.5868819348903993 0.18843780235929472
3.593023856011787 0.18736764425157035
3.5991657771331744 0.18628617940321973
3.605307698254562 0.18519177785873553
3.61144961937595 0.18408188433239292
3.6175915404973376 0.18295304342332383
3.623733461618725 0.1818009405685758
3.6298753827401127 0.18062045870168417
3.6360173038615007 0.17940575033052683
3.6421592249828882 0.1781503245197262
3.648301146104276 0.1768471480716772
3.6544430672256634 0.17548876005625283
3.6605849883470514 0.17406739874950541
3.666726909468439 0.17257514001048274
3.6728688305898265 0.1710040461541086
3.679010751711214 0.16934632446595202
3.6851526728326016 0.16759449464871579
3.6912945939539896 0.16574156468598295
3.697436515075377 0.16378121485064392
3.7035784361967647 0.16170798986691118
3.7097203573181523 0.15951749954792524
3.7158622784395403 0.15720662856516404
3.722004199560928 0.15477375634612087
3.7281461206823154 0.15221898841989887
3.734288041803703 0.149544400799956
3.740429962925091 0.14675429915121796
3.7465718840464786 0.1438554944442286
3.752713805167866 0.14085759641213005
3.7588557262892537 0.1377733251877958
3.7649976474106417 0.1346188397047359
3.7711395685320293 0.13141407837326546
3.777281489653417 0.12818310263423013
3.7834234107748044 0.1249544265666187
3.7895653318961924 0.12176130506557943
3.79570725301758 0.11864193867549751
3.8018491741389675 0.11563953503461787
3.807991095260355 0.11280214648837711
3.814133016381743 0.11018218456376862
3.8202749375031306 0.10783550192150308
3.826416858624518 0.10581994218676409
3.8325587797459058 0.10419330091354466
3.8387007008672938 0.10301072697828825
3.8448426219886813 0.10232172092307498
3.850984543110069 0.10216703158472756
3.8571264642314564 0.10257586757064874
3.8632683853528444 0.10356386899874602
3.869410306474232 0.10513219065098754
3.8755522275956196 0.10726784246285555
3.881694148717007 0.10994518221385259
3.887836069838395 0.11312824612518584
3.8939779909597827 0.11677350025663577
3.9001199120811703 0.12083261156007545
3.906261833202558 0.12525493778098734
3.912403754323946 0.12998956691970953
3.9185456754453334 0.13498685540812053
3.924687596566721 0.14019949690194536
3.9308295176881085 0.14558319774064735
3.936971438809496 0.15109704899045526
3.943113359930884 0.15670367998408716
3.9492552810522716 0.16236926421988518
3.955397202173659 0.16806343200107263
3.9615391232950468 0.17375912891927148
3.9676810444164348 0.17943244673957504
3.9738229655378223 0.18506244371088446
3.97996488665921 0.19063096448638708
3.9861068077805974 0.19612246516422358
3.9922487289019855 0.20152384590761468
3.998390650023373 0.2068242917145055
4.004532571144761 0.21201512081740478
4.010674492266149 0.21708963963747616
4.016816413387536 0.22204300300366225
4.022958334508924 0.2268720783474793
4.029100255630311 0.23157531270983944
4.035242176751699 0.23615260159068682
4.041384097873086 0.24060515889876044
4.047526018994474 0.24493538749445215
4.053667940115862 0.24914675004944883
4.05980986123725 0.2532436401641513
4.0659517823586375 0.2572312538826948
4.072093703480025 0.2611154619227197
4.078235624601413 0.2649026830908915
4.0843775457228 0.26859975948417203
4.090519466844188 0.2722138341799133
4.096661387965575 0.27575223219405276
4.102803309086964 0.2792223455353425
4.108945230208351 0.2826315232041886
4.115087151329739 0.28598696697730763
4.1212290724511265 0.2892956337845528
4.127370993572514 0.29256414542313924
4.133512914693902 0.29579870626911825
4.139654835815289 0.29900502953913866
4.145796756936677 0.30218827253092734
4.151938678058065 0.30535298113289217
4.158080599179453 0.3085030437467398
4.16422252030084 0.3116416546173076
4.170364441422228 0.3147712864163755
4.176506362543615 0.31789367178732664
4.182648283665003 0.32100979343002817
4.1887902047863905 0.3241198821944263
4.194932125907778 0.3272234225604456
4.201074047029166 0.3303191648132046
4.207215968150554 0.3334051431776158
4.213357889271942 0.3364786991553315
4.219499810393329 0.339536509308946
4.225641731514717 0.3425746167616888
4.231783652636104 0.3455884657231085
4.237925573757492 0.3485729384094988
4.2440674948788795 0.35152239379871547
4.250209416000267 0.3544307077390819
4.2563513371216555 0.35729131401780023
4.262493258243043 0.3600972460823252
4.268635179364431 0.3628411791954564
4.274777100485818 0.3655154728887559
4.280919021607206 0.3681122136569839
4.287060942728593 0.3706232579066965
4.293202863849981 0.37304027523350475
4.299344784971368 0.37535479215372053
4.305486706092757 0.37755823645650227
4.311628627214144 0.3796419823718394
4.317770548335532 0.381597396767649
4.3239124694569195 0.3834158865960583
4.330054390578307 0.38508894780489383
4.336196311699695 0.38660821591592104
4.342338232821082 0.3879655184469664
4.34848015394247 0.389152929321278
4.354622075063858 0.3901628253648856
4.360763996185246 0.39098794494189576
4.366905917306633 0.39162144871913634
4.373047838428021 0.39205698248587
4.3791897595494085 0.3922887418819008
4.385331680670796 0.39231153880875647
4.391473601792184 0.3921208692141118
4.397615522913571 0.3917129818496236
4.40375744403496 0.39108494750719724
4.409899365156347 0.3902347281387328
4.416041286277735 0.38916124515997835
4.422183207399122 0.3878644461306141
4.42832512852051 0.3863453688906332
4.434467049641897 0.38460620211808794
4.440608970763285 0.3826503411562373
4.4467508918846725 0.38048243784026464
4.452892813006061 0.37810844293674556
4.4590347341274486 0.3755356396952616
4.465176655248836 0.372772666904171
4.471318576370224 0.36982952974585476
4.477460497491611 0.366717596666403
4.483602418612999 0.36344958041801834
4.489744339734386 0.3600395014086456
4.495886260855774 0.3565026315139588
4.5020281819771615 0.3528554165855632
4.50817010309855 0.3491153760421201
4.5143120242199375 0.3453009781748756
4.520453945341325 0.3414314901546649
4.526595866462713 0.3375268022124014
4.5327377875841 0.33360722609551047
4.538879708705488 0.3296932686897373
4.545021629826875 0.3258053826415968
4.551163550948263 0.32196369691122545
4.557305472069651 0.3181877314016669
4.563447393191039 0.3144961011017812
4.569589314312426 0.3109062164770428
4.575731235433814 0.3074339880550277
4.5818731565552016 0.30409354417228485
4.588015077676589 0.30089697155881134
4.594156998797977 0.29785408872009783
4.600298919919364 0.29497226183673875
4.606440841040753 0.2922562720737321
4.61258276216214 0.28970824176019044
4.618724683283528 0.2873276249082096
4.624866604404915 0.28511126509113033
4.631008525526303 0.2830535209547541
4.6371504466476905 0.28114645678700345
4.643292367769078 0.2793800928342518
4.649434288890466 0.27774270762753395
4.655576210011854 0.27622118263504125
4.661718131133242 0.27480137820034534
4.667860052254629 0.273468529006124
4.674001973376017 0.2722076472042502
4.680143894497404 0.27100392180361216
4.686285815618792 0.2698431037965447
4.692427736740179 0.2687118677022196
4.698569657861567 0.2675981415773307
4.7047115789829554 0.26649139897007307
4.710853500104343 0.26538290767506145
4.716995421225731 0.2642659314155121
4.723137342347118 0.2631358816957458
4.729279263468506 0.26199041802081535
4.735421184589893 0.2608294954834442
4.741563105711281 0.25965535940266393
4.747705026832668 0.2584724873076041
4.753846947954056 0.2572874791454373
4.759988869075444 0.25610889720827335
4.766130790196832 0.25494705797051026
4.7722727113182195 0.2538137788478192
4.778414632439607 0.25272208385905726
4.784556553560995 0.251685873299831
4.790698474682382 0.2507195638015409
4.79684039580377 0.24983770650177411
4.802982316925157 0.24905459240701144
4.809124238046546 0.24838385527180742
4.815266159167933 0.2478380833113427
4.821408080289321 0.24742845165800903
4.8275500014107084 0.2471643875279967
4.833691922532096 0.2470532794728354
4.839833843653484 0.24710024079936155
4.845975764774871 0.24730793526667202
4.852117685896259 0.24767647060638087
4.858259607017647 0.24820336243353838
4.864401528139035 0.2488835679472375
4.870543449260422 0.24970958571777563
4.87668537038181 0.25067161507080415
4.882827291503197 0.25175776631863234
4.888969212624585 0.25295431150018155
4.8951111337459725 0.25424596444052755
4.90125305486736 0.25561617881548115
4.9073949759887485 0.25704745342511853
4.913536897110136 0.25852163491295177
4.919678818231524 0.26002020955963273
4.925820739352911 0.26152457737357815
4.931962660474299 0.26301630335225573
4.938104581595686 0.26447734237994935
4.944246502717074 0.26589023567540065
4.9503884238384614 0.26723827795261546
4.95653034495985 0.26850565548555105
4.9626722660812375 0.2696775560702992
4.968814187202625 0.2707402524709149
4.974956108324013 0.2716811613414983
4.9810980294454 0.27248887986681286
4.987239950566788 0.2731532024869648
4.993381871688175 0.27366512009725635
4.999523792809563 0.27401680406780066
5.00566571393095 0.27420157733047096
5.011807635052339 0.27421387465074204
5.017949556173726 0.27404919405260525
5.024091477295114 0.27370404120623887
5.0302333984165015 0.2731758684278688
5.036375319537889 0.2724630097843591
5.042517240659277 0.271564613644836
5.048659161780664 0.27048057388006164
5.054801082902052 0.2692114607783463
5.06094300402344 0.2677584526248765
5.067084925144828 0.2661232687793181
5.073226846266215 0.26430810498406154
5.079368767387603 0.2623155715419325
5.0855106885089905 0.260148634916974
5.091652609630378 0.25781056323435264
5.097794530751766 0.2553048760849172
5.103936451873153 0.25263529897583203
5.110078372994542 0.2498057227105149
5.116220294115929 0.24682016792835007
5.122362215237317 0.2436827549869844
5.128504136358704 0.24039767932717748
5.134646057480092 0.2369691924220418
5.140787978601479 0.2334015883790658
5.146929899722867 0.22969919623472682
5.1530718208442545 0.22586637795809383
5.159213741965643 0.22190753216213963
5.1653556630870305 0.21782710351029774
5.171497584208418 0.21362959780216376
5.177639505329806 0.20931960272751934
5.183781426451193 0.20490181429380142
5.189923347572581 0.20038106896089386
5.196065268693968 0.19576238156136877
5.202207189815356 0.19105098914723168
5.208349110936744 0.18625240098966953
5.214491032058132 0.18137245507071062
5.2206329531795195 0.17641738155018055
5.226774874300907 0.17139387387346786
5.232916795422295 0.16630916841120083
5.239058716543682 0.16117113379635373
5.24520063766507 0.15598837145128042
5.251342558786457 0.15077032917666713
5.257484479907845 0.1455274300988369
5.263626401029233 0.14027121971988643
5.269768322150621 0.13501453424135268
5.275910243272008 0.12977169365048766
5.282052164393396 0.12455872311635321
5.2881940855147835 0.11939360578323266
5.294336006636171 0.11429656865271133
5.300477927757559 0.10929040025993243
5.306619848878946 0.1044007933017423
5.312761770000335 0.09965669590886173
5.318903691121722 0.09509064016355044
5.32504561224311 0.09073899398173886
5.331187533364497 0.08664205161812949
5.337329454485885 0.08284384039415943
5.3434713756072725 0.07939148396147126
5.34961329672866 0.07633394205335839
5.355755217850048 0.07371997130520154
5.361897138971436 0.0715952558237893
5.368039060092824 0.06999886143332777
5.374180981214211 0.06895944943799034
5.380322902335599 0.06849194636947507
5.386464823456986 0.06859545353115071
5.392606744578374 0.06925297786029334
5.398748665699761 0.07043310339322173
5.404890586821149 0.07209319677329853
5.411032507942537 0.0741833935464837
5.417174429063925 0.07665056926720876
5.4233163501853126 0.07944170775179947
5.4294582713067 0.08250638421840165
5.435600192428088 0.08579834491979758
5.441742113549475 0.08927632411494237
5.447884034670863 0.09290429786975503
5.45402595579225 0.09665136678553068
5.460167876913639 0.10049142187210242
5.466309798035026 0.1044027034964949
5.472451719156414 0.10836732469116747
5.4785936402778015 0.11237080097945326
5.484735561399189 0.116401608945725
5.490877482520577 0.12045078315155981
5.497019403641964 0.12451155357956012
5.503161324763352 0.1285790218159869
5.509303245884739 0.1326498723668057
5.515445167006128 0.13672211495508163
5.521587088127515 0.1407948537984699
5.527729009248903 0.14486808035814439
5.53387093037029 0.14894248667193263
5.540012851491678 0.15301929701222552
5.5461547726130656 0.15710011617684677
5.552296693734453 0.16118679319582663
5.558438614855841 0.16528129960660132
5.564580535977229 0.16938562171443505
5.570722457098617 0.17350166642108703
5.576864378220004 0.1776311802846162
5.583006299341392 0.18177568148102727
5.589148220462779 0.18593640428983144
5.595290141584167 0.1901142556364756
5.6014320627055545 0.19430978311045366
5.607573983826942 0.19852315375302054
5.6137159049483305 0.2027541427853178
5.619857826069718 0.20700213133669865
5.625999747191106 0.21126611214202806
5.632141668312493 0.2155447021110614
5.638283589433881 0.21983616063563177
5.644425510555268 0.22413841249199665
5.650567431676656 0.22844907421517593
5.656709352798043 0.2327654828668415
5.662851273919432 0.23708472618466234
5.668993195040819 0.2414036731847243
5.675135116162207 0.24571900438526922
5.681277037283595 0.25002724092513606
5.687418958404982 0.25432477195988873
5.69356087952637 0.25860787982910943
5.699702800647757 0.26287276259672343
5.705844721769145 0.26711555367015
5.711986642890533 0.27133233830175557
5.718128564011921 0.275519166866314
5.724270485133308 0.27967206489021185
5.730412406254696 0.2837870398816453
5.7365543273760835 0.2878600850760077
5.742696248497471 0.2918871802672947
5.748838169618859 0.29586428994502306
5.754980090740246 0.2997873589973771
5.761122011861635 0.3036523062755932
5.767263932983022 0.30745501634254635
5.77340585410441 0.31119132975067165
5.779547775225797 0.31485703221127515
5.785689696347185 0.3184478430294563
5.7918316174685724 0.32195940318674887
5.79797353858996 0.3253872634575857
5.804115459711348 0.3287268729461841
5.810257380832735 0.33197356842774756
5.816399301954124 0.3351225648722792
5.822541223075511 0.33816894752103455
5.828683144196899 0.3411076658749277
5.834825065318286 0.34393352994121057
5.840966986439674 0.34664120906962226
5.847108907561061 0.3492252336920526
5.853250828682449 0.35168000026068214
5.8593927498038365 0.35399977965857826
5.865534670925225 0.3561787293338826
5.8716765920466125 0.3582109093840031
5.877818513168 0.36009030278957704
5.883960434289388 0.36181083996934776
5.890102355410775 0.36336642779637396
5.896244276532163 0.36475098318305704
5.90238619765355 0.36595847130715037
5.908528118774938 0.3669829485130218
5.914670039896326 0.36781860988174614
5.920811961017714 0.3684598414198511
5.9269538821391015 0.3689012767694366
5.933095803260489 0.36913785829158435
5.939237724381877 0.3691649023201096
5.945379645503264 0.3689781683233352
5.951521566624652 0.36857393164719127
5.957663487746039 0.36794905944301975
5.963805408867428 0.3671010893073207
5.969947329988815 0.36602831007760517
5.976089251110203 0.36472984413767384
5.98223117223159 0.36320573048609833
5.988373093352978 0.361457007712404
5.9945150144743655 0.3594857959053607
6.000656935595753 0.35729537638572956
6.006798856717141 0.3548902680107342
6.012940777838529 0.35227629863849935
6.019082698959917 0.3494606701672025
6.025224620081304 0.34645201537580655
6.031366541202692 0.3432604445921027
6.037508462324079 0.33989758000206416
6.043650383445467 0.3363765751970408
6.0497923045668545 0.33271211734003303
6.055934225688242 0.32892040913108606
6.06207614680963 0.3250191275817906
6.068218067931018 0.3210273564932405
6.074359989052406 0.3169654895010456
6.080501910173793 0.31285510064330985
6.086643831295181 0.3087187796685336
6.092785752416568 0.3045799297817269
6.098927673537956 0.30046252628273934
6.105069594659343 0.29639083563176716
6.111211515780731 0.2923890959222137
6.117353436902119 0.2884811615666167
6.123495358023507 0.2846901171869535
6.1296372791448945 0.28103786817632354
6.135779200266282 0.277544718034097
6.14192112138767 0.274228945174971
6.148063042509057 0.2711063942182051
6.154204963630445 0.2681900984805759
6.160346884751832 0.2654899512234809
6.166488805873221 0.26301244288040404
6.172630726994608 0.2607604798483219
6.178772648115996 0.25873329743874973
6.1849145692373835 0.256926475393716
6.191056490358771 0.255332059291895
6.197198411480159 0.25393878565065453
6.203340332601546 0.2527324030959439
6.209482253722934 0.2516960771433775
6.215624174844322 0.25081086234441413
6.22176609596571 0.2500562230865482
6.227908017087097 0.2494105833007699
6.234049938208485 0.24885188565039573
6.240191859329872 0.24835814223541053
6.24633378045126 0.24790796113630634
6.2524757015726475 0.24748103589746534
6.258617622694035 0.2470585879861563
6.2647595438154235 0.24662375508739343
6.270901464936811 0.24616192061004236
6.277043386058199 0.2456609818674413
