delta_wp TPR_A_rho13_imag
-4.0 -0.006378096853973692
-3.75 -0.007626475026695764
-3.5 -0.009213297724491839
-3.25 -0.011257228902670028
-3.0 -0.013928167063495188
-2.75 -0.01747329334859163
-2.5 -0.022257841166052738
-2.25 -0.028828802292392257
-2.0 -0.03801235136587844
-1.75 -0.05105275017869687
-1.5 -0.06976987725288894
-1.25 -0.09657322857443017
-1.0 -0.13364512987308821
-0.75 -0.1788835089586849
-0.5 -0.21224029690803686
-0.25 -0.1713597222127114
0.0 -2.0256125816182992e-13
0.25 0.17135972221253729
0.5 0.21224029690808943
0.75 0.1788835089589585
1.0 0.1336451298729976
1.25 0.09657322857419133
1.5 0.06976987725251546
1.75 0.051052750178865396
2.0 0.03801235136589481
2.25 0.028828802292373435
2.5 0.02225784116601014
2.75 0.017473293348513524
3.0 0.013928167063263537
3.25 0.011257228902578268
3.5 0.009213297724290668
3.75 0.0076264750265964245
4.0 0.006378096853872526
