delta_wp TPR_A_rho13_imag_RWAanalytical
-4.0 0.006378096848349744
-3.9919839679358717 0.006413801267382046
-3.9839679358717435 0.006449767433980451
-3.975951903807615 0.0064859977008563646
-3.967935871743487 0.006522494445563504
-3.9599198396793587 0.006559260070796605
-3.9519038076152304 0.006596297004694136
-3.943887775551102 0.0066336077011450315
-3.935871743486974 0.006671194640099559
-3.9278557114228456 0.0067090603278843345
-3.9198396793587174 0.006747207297521565
-3.911823647294589 0.0067856381090525926
-3.903807615230461 0.00682435534986577
-3.8957915831663326 0.006863361635028763
-3.8877755511022043 0.006902659607625324
-3.879759519038076 0.00694225193909662
-3.8717434869739478 0.00698214132958715
-3.8637274549098195 0.007022330508295353
-3.8557114228456912 0.0070628222338289725
-3.847695390781563 0.007103619294565212
-3.8396793587174347 0.007144724509015786
-3.8316633266533064 0.007186140726196942
-3.823647294589178 0.0072278708260044965
-3.81563126252505 0.00726991771959397
-3.8076152304609217 0.007312284349765932
-3.799599198396794 0.007354973691356555
-3.791583166332665 0.007397988751633557
-3.7835671342685373 0.0074413325706974955
-3.775551102204409 0.0074850082218886
-3.7675350701402808 0.007529018812199161
-3.7595190380761525 0.007573367482691566
-3.7515030060120242 0.0076180574089220795
-3.743486973947896 0.007663091801370448
-3.7354709418837677 0.00770847390587542
-3.7274549098196395 0.007754207004076244
-3.719438877755511 0.007800294413860274
-3.711422845691383 0.007846739489816736
-3.7034068136272547 0.007893545623696766
-3.6953907815631264 0.007940716244879818
-3.687374749498998 0.00798825482084651
-3.67935871743487 0.008036164857658032
-3.6713426853707416 0.008084449900442206
-3.6633266533066133 0.008133113533886283
-3.655310621242485 0.008182159382736606
-3.647294589178357 0.008231591112305186
-3.6392785571142285 0.00828141242898339
-3.6312625250501003 0.008331627080762733
-3.623246492985972 0.008382238857762951
-3.6152304609218437 0.00843325159276749
-3.6072144288577155 0.008484669161766411
-3.599198396793587 0.008536495484506943
-3.591182364729459 0.008588734525051725
-3.5831663326653307 0.00864139029234488
-3.5751503006012024 0.008694466840786029
-3.567134268537074 0.008747968270812378
-3.559118236472946 0.008801898729488953
-3.5511022044088176 0.008856262411107188
-3.5430861723446894 0.00891106355779192
-3.535070140280561 0.008966306460116922
-3.527054108216433 0.009021995457729155
-3.5190380761523046 0.009078134939981814
-3.5110220440881763 0.009134729346576331
-3.503006012024048 0.00919178316821345
-3.49498997995992 0.009249300947253535
-3.4869739478957915 0.009307287278386218
-3.4789579158316633 0.009365746809309558
-3.470941883767535 0.009424684241418846
-3.4629258517034067 0.009484104330505169
-3.4549098196392785 0.009544011887463935
-3.44689378757515 0.009604411779013477
-3.438877755511022 0.009665308928423868
-3.4308617234468937 0.009726708316256162
-3.422845691382766 0.00978861498111213
-3.414829659318637 0.009851034020394778
-3.4068136272545093 0.009913970591079617
-3.3987975951903806 0.009977429910497085
-3.390781563126253 0.010041417257126064
-3.382765531062124 0.010105937971398832
-3.3747494989979963 0.010170997456517488
-3.3667334669338675 0.010236601179282155
-3.3587174348697397 0.01030275467093098
-3.350701402805611 0.010369463527992307
-3.342685370741483 0.010436733413148973
-3.3346693386773545 0.01050457005611516
-3.3266533066132267 0.010572979254525737
-3.3186372745490984 0.01064196687483854
-3.31062124248497 0.010711538853249528
-3.302605210420842 0.010781701196621233
-3.2945891783567136 0.01085245998342454
-3.2865731462925853 0.010923821364694091
-3.278557114228457 0.0109957915649975
-3.270541082164329 0.01106837688341854
-3.2625250501002006 0.011141583694554568
-3.2545090180360723 0.01121541844952841
-3.246492985971944 0.011289887677014832
-3.2384769539078158 0.011364997984281927
-3.2304609218436875 0.011440756058247589
-3.2224448897795592 0.011517168666551277
-3.214428857715431 0.011594242658641353
-3.2064128256513027 0.011671984966878197
-3.1983967935871744 0.011750402607653313
-3.190380761523046 0.01182950268252473
-3.182364729458918 0.011909292379368858
-3.1743486973947896 0.011989778973549123
-3.1663326653306614 0.012070969829101578
-3.158316633266533 0.012152872399937774
-3.150300601202405 0.012235494231065106
-3.1422845691382766 0.01231884295982497
-3.1342685370741483 0.012402926317148908
-3.12625250501002 0.012487752128833069
-3.118236472945892 0.012573328316831231
-3.1102204408817635 0.012659662900566667
-3.1022044088176353 0.012746763998263137
-3.094188376753507 0.012834639828295273
-3.0861723446893787 0.012923298710558659
-3.0781563126252505 0.013012749067859897
-3.070140280561122 0.013102999427326942
-3.062124248496994 0.013194058421839995
-3.0541082164328657 0.013285934791483298
-3.0460921843687374 0.013378637385018079
-3.038076152304609 0.013472175161377008
-3.030060120240481 0.01356655719118044
-3.0220440881763526 0.01366179265827478
-3.014028056112225 0.013757890861293287
-3.006012024048096 0.013854861215239675
-2.9979959919839683 0.013952713253094728
-2.9899799599198396 0.01405145662744647
-2.9819639278557117 0.014151101112143946
-2.973947895791583 0.014251656603975291
-2.965931863727455 0.014353133124370055
-2.9579158316633265 0.014455540821126532
-2.9498997995991987 0.014558889970164057
-2.94188376753507 0.014663190977300995
-2.933867735470942 0.014768454380058436
-2.9258517034068134 0.014874690849490316
-2.9178356713426856 0.014981911192039931
-2.909819639278557 0.015090126351423693
-2.901803607214429 0.015199347410542
-2.8937875751503004 0.015309585593418062
-2.8857715430861726 0.015420852267164694
-2.877755511022044 0.015533158943979773
-2.869739478957916 0.015646517283170475
-2.8617234468937878 0.015760939093206965
-2.8537074148296595 0.015876436333805668
-2.8456913827655312 0.015993021118042752
-2.837675350701403 0.016110705714498113
-2.8296593186372747 0.016229502549430272
-2.8216432865731464 0.016349424208982694
-2.813627254509018 0.016470483441421793
-2.80561122244489 0.01659269315940722
-2.7975951903807617 0.016716066442294713
-2.7895791583166334 0.01684061653847206
-2.781563126252505 0.016966356867728474
-2.773547094188377 0.017093301023657956
-2.7655310621242486 0.017221462776096975
-2.7575150300601203 0.017350856073596967
-2.749498997995992 0.017481495045932063
-2.741482965931864 0.017613394006642538
-2.7334669338677355 0.017746567455614336
-2.7254509018036073 0.017881030081695237
-2.717434869739479 0.018016796765348057
-2.7094188376753507 0.018153882581341298
-2.7014028056112225 0.018292302801477783
-2.693386773547094 0.018432072897361707
-2.685370741482966 0.0185732085432045
-2.6773547094188377 0.018715725618670062
-2.6693386773547094 0.018859640211759728
-2.661322645290581 0.019004968621737523
-2.6533066132264533 0.019151727362096065
-2.6452905811623246 0.019299933163563685
-2.637274549098197 0.019449602977153035
-2.629258517034068 0.019600753977251993
-2.6212424849699403 0.01975340356475677
-2.6132264529058116 0.019907569370248367
-2.6052104208416837 0.02006326925721212
-2.597194388777555 0.02022052132530142
-2.589178356713427 0.020379343913645452
-2.5811623246492985 0.02053975560420206
-2.5731462925851707 0.020701775225155407
-2.565130260521042 0.020865421854359724
-2.557114228456914 0.02103071482282866
-2.5490981963927855 0.021197673718271533
-2.5410821643286576 0.021366318388676142
-2.533066132264529 0.0215366689459392
-2.525050100200401 0.02170874576954416
-2.5170340681362724 0.021882569510287483
-2.5090180360721446 0.02205816109405304
-2.501002004008016 0.022235541725635712
-2.492985971943888 0.022414732892613875
-2.4849699398797593 0.022595756369271813
-2.4769539078156315 0.02277863422057165
-2.468937875751503 0.0229633888061759
-2.460921843687375 0.023150042784520167
-2.4529058116232467 0.02333861911693704
-2.4448897795591185 0.023529141071830798
-2.43687374749499 0.023721632228903642
-2.428857715430862 0.023916116483433454
-2.4208416833667337 0.02411261805060343
-2.4128256513026054 0.024311161469883633
-2.404809619238477 0.02451177160946481
-2.396793587174349 0.024714473670744495
-2.3887775551102206 0.024919293192865566
-2.3807615230460923 0.025126256057307318
-2.372745490981964 0.02533538849252918
-2.364729458917836 0.025546717078667014
-2.3567134268537075 0.025760268752282062
-2.3486973947895793 0.025976070811162474
-2.340681362725451 0.02619415091917736
-2.3326653306613228 0.02641453711118319
-2.3246492985971945 0.02663725779798248
-2.3166332665330662 0.02686234177133448
-2.308617234468938 0.027089818209017655
-2.3006012024048097 0.027319716679943627
-2.2925851703406814 0.02755206714932229
-2.284569138276553 0.027786899983877657
-2.276553106212425 0.028024245957113874
-2.2685370741482966 0.028264136254631134
-2.2605210420841684 0.028506602479490658
-2.25250501002004 0.028751676657628133
-2.2444889779559123 0.028999391243315045
-2.2364729458917836 0.02924977912466696
-2.2284569138276558 0.029502873629197762
-2.220440881763527 0.02975870852941934
-2.2124248496993992 0.030017318048485
-2.2044088176352705 0.030278736865876243
-2.1963927855711427 0.030543000123130895
-2.188376753507014 0.030810143429612035
-2.180360721442886 0.031080202868315473
-2.1723446893787575 0.031353215001715166
-2.1643286573146296 0.031629216877643855
-2.156312625250501 0.03190824603520828
-2.148296593186373 0.03219034051073596
-2.1402805611222444 0.032475538843752504
-2.1322645290581166 0.032763880082986425
-2.124248496993988 0.033055403792399934
-2.11623246492986 0.03335015005724234
-2.1082164328657313 0.033648159490124514
-2.1002004008016035 0.03394947323711047
-2.092184368737475 0.03425413298382418
-2.084168336673347 0.03456218096156748
-2.0761523046092183 0.034873659953446726
-2.0681362725450905 0.035188613300503505
-2.0601202404809618 0.03550708490784703
-2.052104208416834 0.0358291192507828
-2.0440881763527057 0.03615476138093459
-2.0360721442885774 0.03648405693235452
-2.028056112224449 0.036817052127616816
-2.020040080160321 0.03715379378389044
-2.0120240480961926 0.03749432931898513
-2.0040080160320644 0.03783870675736547
-1.9959919839679365 0.038186974736127255
-1.9879759519038078 0.03853918251093009
-1.9799599198396791 0.038895379961879334
-1.9719438877755513 0.039255617599351394
-1.9639278557114235 0.03961994656975477
-1.9559118236472948 0.03998841866121921
-1.947895791583166 0.04036108630920556
-1.9398797595190382 0.04073800260202772
-1.9318637274549104 0.04111922128627825
-1.9238476953907817 0.04150479677214826
-1.915831663326653 0.04189478413863194
-1.9078156312625252 0.042289239138606056
-1.8997995991983974 0.04268821820377372
-1.8917835671342687 0.043091778449460987
-1.88376753507014 0.04349997767925493
-1.8757515030060121 0.043912874389471286
-1.8677354709418843 0.044330527773438544
-1.8597194388777556 0.04475299772558502
-1.8517034068136269 0.04518034484531515
-1.843687374749499 0.04561263044066024
-1.8356713426853712 0.04604991653168836
-1.8276553106212425 0.04649226585365707
-1.8196392785571138 0.04693974185989193
-1.811623246492986 0.04739240872437404
-1.8036072144288582 0.04785033134401706
-1.7955911823647295 0.04831357534061504
-1.7875751503006008 0.04878220706244038
-1.779559118236473 0.04925629358547128
-1.7715430861723451 0.04973590271422649
-1.7635270541082164 0.05022110298218349
-1.7555110220440877 0.050711963651756876
-1.74749498997996 0.05120855471381131
-1.739478957915832 0.05171094688668257
-1.7314629258517034 0.05221921161467905
-1.7234468937875755 0.052733421066035006
-1.7154308617234477 0.0532536481302857
-1.707414829659319 0.05377996641503248
-1.6993987975951903 0.05431245024206505
-1.6913827655310625 0.05485117464280714
-1.6833667334669347 0.0553962153530495
-1.675350701402806 0.055947648806932385
-1.6673346693386772 0.05650555213013918
-1.6593186372745494 0.057070003132260246
-1.6513026052104216 0.05764108029828482
-1.643286573146293 0.05821886277917583
-1.6352705410821642 0.0588034303814823
-1.6272545090180364 0.05939486355594089
-1.6192384769539085 0.05999324338501629
-1.6112224448897798 0.060598651569327894
-1.6032064128256511 0.06121117041290822
-1.5951903807615233 0.06183088280723644
-1.5871743486973955 0.06245787221398745
-1.5791583166332668 0.06309222264643431
-1.571142284569138 0.0637340186494398
-1.5631262525050102 0.06438334527797035
-1.5551102204408824 0.065040288074062
-1.5470941883767537 0.06570493304216518
-1.539078156312625 0.06637736662279281
-1.5310621242484972 0.06705767566439291
-1.5230460921843694 0.06774594739336295
-1.5150300601202407 0.06844226938212045
-1.507014028056112 0.06914672951514017
-1.4989979959919841 0.06985941595286613
-1.4909819639278563 0.0705804170934011
-1.4829659318637276 0.07130982153187271
-1.474949899799599 0.07204771801737221
-1.466933867735471 0.07279419540735715
-1.4589178356713433 0.07354934261940457
-1.4509018036072145 0.07431324858019688
-1.4428857715430858 0.07508600217161816
-1.434869739478958 0.0758676921738345
-1.4268537074148302 0.07665840720522503
-1.4188376753507015 0.07745823565902728
-1.4108216432865728 0.07826726563655294
-1.402805611222445 0.07908558487682742
-1.3947895791583171 0.07991328068249812
-1.3867735470941884 0.08075043984185153
-1.3787575150300597 0.08159714854677311
-1.370741482965932 0.08245349230647846
-1.362725450901804 0.08331955585683613
-1.3547094188376754 0.08419542306509638
-1.3466933867735467 0.08508117682983364
-1.3386773547094188 0.08597689897590338
-1.330661322645291 0.08688267014420605
-1.3226452905811623 0.08779856967604292
-1.3146292585170345 0.088724675491842
-1.3066132264529067 0.0896610639640242
-1.298597194388778 0.09060780978376957
-1.2905811623246493 0.09156498582143731
-1.2825651302605214 0.09253266298038394
-1.2745490981963936 0.09351091004391475
-1.266533066132265 0.09449979351509381
-1.2585170340681362 0.09549937744912994
-1.2505010020040084 0.09650972327804622
-1.2424849699398806 0.09753088962732999
-1.2344689378757518 0.09856293212425037
-1.2264529058116231 0.09960590319752086
-1.2184368737474953 0.10065985186797471
-1.2104208416833675 0.10172482352990854
-1.2024048096192388 0.10280085972273982
-1.19438877755511 0.1038879978926135
-1.1863727454909823 0.10498627114358212
-1.1783567134268544 0.10609570797797155
-1.1703406813627257 0.1072163320255342
-1.162324649298597 0.10834816176098029
-1.1543086172344692 0.10949121020946675
-1.1462925851703414 0.11064548463961213
-1.1382765531062127 0.11181098624359304
-1.130260521042084 0.11298770980386905
-1.1222444889779561 0.11417564334607098
-1.1142284569138283 0.11537476777757676
-1.1062124248496996 0.11658505651128694
-1.098196392785571 0.11780647507410469
-1.090180360721443 0.11903898069961331
-1.0821643286573153 0.12028252190443563
-1.0741482965931866 0.12153703804774903
-1.0661322645290578 0.12280245887342417
-1.05811623246493 0.12407870403424702
-1.0501002004008022 0.1253656825976763
-1.0420841683366735 0.12666329253258257
-1.0340681362725448 0.12797142017641244
-1.026052104208417 0.12928993968221622
-1.0180360721442892 0.1306187124449768
-1.0100200400801604 0.13195758650667416
-1.0020040080160317 0.13330639593952523
-0.9939879759519039 0.13466496020683946
-0.9859719438877761 0.13603308350093754
-0.9779559118236474 0.13741055405758557
-0.9699398797595187 0.1387971434464116
-0.9619238476953909 0.1401926058367828
-0.953907815631263 0.14159667723863836
-0.9458917835671343 0.14300907471779298
-0.9378757515030056 0.14442949558525162
-0.9298597194388778 0.14585761656010465
-0.92184368737475 0.14729309290560422
-0.9138276553106213 0.1487355575380618
-0.9058116232464934 0.15018462010825148
-0.8977955911823656 0.15163986605505494
-0.8897795591182369 0.15310085563113593
-0.8817635270541082 0.15456712290050117
-0.8737474949899804 0.15603817470787465
-0.8657314629258526 0.1575134896198911
-0.8577154308617239 0.15899251683820373
-0.8496993987975952 0.1604746750847022
-0.8416833667334673 0.1619593514591443
-0.8336673346693395 0.16344590026962738
-0.8256513026052108 0.16493364183645504
-0.8176352705410821 0.16642186127010455
-0.8096192384769543 0.1679098072241591
-0.8016032064128265 0.16939669062424254
-0.7935871743486977 0.17088168337418505
-0.785571142284569 0.17236391704085702
-0.7775551102204412 0.17384248151933335
-0.7695390781563134 0.17531642368029413
-0.7615230460921847 0.1767847460018314
-0.753507014028056 0.17824640518811902
-0.7454909819639282 0.1797003107777102
-0.7374749498998003 0.18114532374455766
-0.7294589178356716 0.18258025509520615
-0.7214428857715429 0.184003864465991
-0.7134268537074151 0.18541485872448268
-0.7054108216432873 0.18681189057985229
-0.6973947895791586 0.18819355720729583
-0.6893787575150299 0.1895583988921507
-0.681362725450902 0.1909048976998582
-0.6733466933867742 0.19223147617847935
-0.6653306613226455 0.1935364961010549
-0.6573146292585168 0.19481825725571422
-0.649298597194389 0.19607499629208566
-0.6412825651302612 0.1973048856332312
-0.6332665330661325 0.19850603246303553
-0.6252505010020037 0.1996764777997116
-0.6172344689378759 0.20081419566684358
-0.6092184368737481 0.2019170923741703
-0.6012024048096194 0.2029830059211155
-0.5931863727454907 0.2040097055368969
-0.5851703406813629 0.20499489137187896
-0.577154308617235 0.20593619435568122
-0.5691382765531063 0.2068311762384008
-0.5611222444889776 0.20767732983215403
-0.5531062124248498 0.208472079470975
-0.545090180360722 0.20921278170792199
-0.5370741482965933 0.20989672626902497
-0.5290581162324646 0.21052113728445113
-0.5210420841683367 0.21108317481795175
-0.5130260521042089 0.2115799367162729
-0.5050100200400802 0.21200846080075036
-0.4969939879759524 0.21236572742374443
-0.4889779559118246 0.21264866241288907
-0.48096192384769587 0.21285414042630874
-0.47294589178356716 0.21297898874197896
-0.46492985971943934 0.21301999150424428
-0.4569138276553115 0.21297389445014317
-0.4488977955911828 0.21283741013759272
-0.4408817635270541 0.21260722369663634
-0.4328657314629263 0.21227999912382375
-0.42484969939879846 0.21185238613835314
-0.41683366733466976 0.21132102761682917
-0.40881763527054105 0.2106825676213543
-0.4008016032064132 0.20993366003314887
-0.3927855711422854 0.20907097780096356
-0.3847695390781567 0.20809122281018597
-0.376753507014028 0.20699113637473035
-0.36873747494990017 0.20576751034952362
-0.36072144288577235 0.20441719885665036
-0.35270541082164364 0.20293713061299024
-0.34468937875751493 0.20132432184147184
-0.3366733466933871 0.19957588974189017
-0.3286573146292593 0.19768906649060547
-0.3206412825651306 0.19566121373138784
-0.3126252505010019 0.1934898375122244
-0.30460921843687405 0.1911726036151191
-0.29659318637274623 0.1887073532178483
-0.2885771543086175 0.18609211881835314
-0.2805611222444888 0.1833251403440402
-0.272545090180361 0.18040488135982363
-0.2645290581162332 0.17733004528038337
-0.25651302605210446 0.17409959148395854
-0.24849699398797576 0.17071275121716872
-0.24048096192384794 0.16716904317301187
-0.23246492985972012 0.16346828861747684
-0.2244488977955914 0.15961062593428887
-0.2164328657314627 0.15559652445233307
-0.20841683366733488 0.15142679741645285
-0.20040080160320706 0.14710261395975627
-0.19238476953907835 0.14262550993443435
-0.18436873747494964 0.13799739745854991
-0.17635270541082182 0.13322057303843168
-0.168336673346694 0.12829772413032295
-0.1603206412825653 0.12323193401087235
-0.15230460921843658 0.11802668483397812
-0.14428857715430876 0.11268585876145029
-0.13627254509018094 0.10721373706693613
-0.12825651302605223 0.10161499712651585
-0.12024048096192352 0.09589470722523613
-0.1122244488977957 0.09005831912649756
-0.10420841683366788 0.08411165837048352
-0.09619238476953917 0.07806091228849925
-0.08817635270541135 0.07191261574193224
-0.08016032064128353 0.0656736346172699
-0.07214428857715482 0.059351147131928204
-0.06412825651302612 0.052952623029147466
-0.056112224448898296 0.0464858007635969
-0.048096192384770475 0.039958662802196655
-0.04008016032064177 0.03337940918662506
-0.03206412825651306 0.02675642952465037
-0.024048096192385238 0.02009827359645178
-0.016032064128257417 0.013413620779130418
-0.008016032064128709 0.006711248507328926
0.0 -0.0
0.00801603206412782 -0.006711248507328183
0.01603206412825653 -0.013413620779129675
0.02404809619238435 -0.020098273596451034
0.03206412825651306 -0.02675642952465037
0.04008016032064088 -0.033379409186624326
0.04809619238476959 -0.03995866280219593
0.05611222444889741 -0.04648580076359619
0.06412825651302612 -0.052952623029147466
0.07214428857715394 -0.05935114713192751
0.08016032064128265 -0.0656736346172692
0.08817635270541047 -0.07191261574193156
0.09619238476953917 -0.07806091228849925
0.104208416833667 -0.08411165837048284
0.11222444889779482 -0.09005831912649691
0.12024048096192352 -0.09589470722523613
0.12825651302605134 -0.10161499712651523
0.13627254509018005 -0.10721373706693554
0.14428857715430787 -0.11268585876144971
0.15230460921843658 -0.11802668483397812
0.1603206412825644 -0.12323193401087179
0.1683366733466931 -0.1282977241303224
0.17635270541082093 -0.13322057303843116
0.18436873747494964 -0.13799739745854991
0.19238476953907746 -0.14262550993443385
0.20040080160320617 -0.1471026139597558
0.208416833667334 -0.15142679741645237
0.2164328657314627 -0.15559652445233307
0.22444889779559052 -0.15961062593428846
0.23246492985971923 -0.16346828861747642
0.24048096192384705 -0.16716904317301146
0.24849699398797576 -0.17071275121716872
0.2565130260521036 -0.17409959148395818
0.2645290581162323 -0.177330045280383
0.2725450901803601 -0.18040488135982333
0.2805611222444888 -0.1833251403440402
0.28857715430861663 -0.18609211881835283
0.29659318637274534 -0.18870735321784798
0.30460921843687316 -0.19117260361511879
0.3126252505010019 -0.1934898375122244
0.3206412825651297 -0.19566121373138765
0.3286573146292584 -0.19768906649060525
0.3366733466933862 -0.19957588974188994
0.34468937875751493 -0.20132432184147184
0.35270541082164275 -0.20293713061299007
0.36072144288577146 -0.2044171988566502
0.3687374749498993 -0.20576751034952348
0.376753507014028 -0.20699113637473035
0.3847695390781558 -0.20809122281018586
0.3927855711422845 -0.20907097780096348
0.40080160320641234 -0.20993366003314876
0.40881763527054105 -0.2106825676213543
0.41683366733466887 -0.2113210276168291
0.4248496993987976 -0.2118523861383531
0.4328657314629254 -0.21227999912382373
0.4408817635270541 -0.21260722369663634
0.4488977955911819 -0.2128374101375927
0.45691382765531063 -0.21297389445014314
0.46492985971943845 -0.2130199915042443
0.47294589178356716 -0.21297898874197896
0.480961923847695 -0.21285414042630876
0.4889779559118237 -0.21264866241288907
0.4969939879759515 -0.2123657274237445
0.5050100200400802 -0.21200846080075036
0.513026052104208 -0.21157993671627293
0.5210420841683359 -0.21108317481795177
0.5290581162324646 -0.21052113728445113
0.5370741482965924 -0.209896726269025
0.5450901803607211 -0.20921278170792207
0.5531062124248489 -0.2084720794709751
0.5611222444889776 -0.20767732983215403
0.5691382765531054 -0.2068311762384009
0.5771543086172342 -0.2059361943556813
0.585170340681362 -0.20499489137187907
0.5931863727454907 -0.2040097055368969
0.6012024048096185 -0.20298300592111562
0.6092184368737472 -0.2019170923741704
0.617234468937875 -0.20081419566684372
0.6252505010020037 -0.1996764777997116
0.6332665330661316 -0.19850603246303564
0.6412825651302603 -0.19730488563323134
0.6492985971943881 -0.19607499629208583
0.6573146292585168 -0.19481825725571422
0.6653306613226446 -0.19353649610105503
0.6733466933867733 -0.19223147617847955
0.6813627254509012 -0.19090489769985836
0.6893787575150299 -0.1895583988921507
0.6973947895791577 -0.18819355720729597
0.7054108216432864 -0.18681189057985245
0.7134268537074142 -0.18541485872448288
0.7214428857715429 -0.184003864465991
0.7294589178356707 -0.18258025509520628
0.7374749498997994 -0.18114532374455775
0.7454909819639273 -0.17970031077771034
0.753507014028056 -0.17824640518811902
0.7615230460921838 -0.17678474600183156
0.7695390781563125 -0.17531642368029426
0.7775551102204403 -0.1738424815193335
0.785571142284569 -0.17236391704085702
0.7935871743486969 -0.1708816833741852
0.8016032064128256 -0.16939669062424267
0.8096192384769534 -0.16790980722415927
0.8176352705410821 -0.16642186127010455
0.8256513026052099 -0.16493364183645523
0.8336673346693386 -0.16344590026962758
0.8416833667334664 -0.16195935145914447
0.8496993987975952 -0.1604746750847022
0.857715430861723 -0.15899251683820392
0.8657314629258517 -0.15751348961989126
0.8737474949899795 -0.15603817470787484
0.8817635270541082 -0.15456712290050117
0.889779559118236 -0.15310085563113607
0.8977955911823647 -0.1516398660550551
0.9058116232464926 -0.15018462010825168
0.9138276553106213 -0.1487355575380618
0.9218436873747491 -0.14729309290560438
0.9298597194388769 -0.14585761656010485
0.9378757515030056 -0.14442949558525162
0.9458917835671334 -0.14300907471779312
0.9539078156312621 -0.14159667723863853
0.96192384769539 -0.14019260583678297
0.9699398797595187 -0.1387971434464116
0.9779559118236465 -0.1374105540575857
0.9859719438877752 -0.13603308350093768
0.993987975951903 -0.13466496020683963
1.0020040080160317 -0.13330639593952523
1.0100200400801596 -0.13195758650667433
1.0180360721442883 -0.13061871244497691
1.026052104208416 -0.12928993968221636
1.0340681362725448 -0.12797142017641244
1.0420841683366726 -0.12666329253258274
1.0501002004008013 -0.12536568259767644
1.0581162324649291 -0.12407870403424716
1.0661322645290578 -0.12280245887342417
1.0741482965931857 -0.12153703804774915
1.0821643286573144 -0.12028252190443578
1.0901803607214422 -0.11903898069961347
1.098196392785571 -0.11780647507410469
1.1062124248496987 -0.11658505651128706
1.1142284569138274 -0.11537476777757688
1.1222444889779553 -0.11417564334607112
1.130260521042084 -0.11298770980386905
1.1382765531062118 -0.11181098624359317
1.1462925851703405 -0.11064548463961225
1.1543086172344683 -0.10949121020946687
1.162324649298597 -0.10834816176098029
1.1703406813627248 -0.10721633202553432
1.1783567134268536 -0.10609570797797165
1.1863727454909814 -0.10498627114358222
1.19438877755511 -0.1038879978926135
1.202404809619238 -0.10280085972273992
1.2104208416833666 -0.10172482352990866
1.2184368737474944 -0.10065985186797484
1.2264529058116231 -0.09960590319752086
1.234468937875751 -0.09856293212425048
1.2424849699398797 -0.0975308896273301
1.2505010020040075 -0.09650972327804634
1.2585170340681362 -0.09549937744912994
1.266533066132264 -0.09449979351509392
1.2745490981963927 -0.09351091004391486
1.2825651302605205 -0.09253266298038404
1.2905811623246493 -0.09156498582143731
1.298597194388777 -0.09060780978376969
1.3066132264529058 -0.08966106396402432
1.3146292585170336 -0.08872467549184211
1.3226452905811623 -0.08779856967604292
1.3306613226452901 -0.08688267014420614
1.338677354709418 -0.08597689897590347
1.3466933867735467 -0.08508117682983364
1.3547094188376745 -0.08419542306509646
1.3627254509018032 -0.08331955585683622
1.370741482965931 -0.08245349230647855
1.3787575150300597 -0.08159714854677311
1.3867735470941875 -0.08075043984185162
1.3947895791583163 -0.07991328068249821
1.402805611222444 -0.0790855848768275
1.4108216432865728 -0.07826726563655294
1.4188376753507006 -0.07745823565902739
1.4268537074148293 -0.07665840720522513
1.4348697394789571 -0.07586769217383457
1.4428857715430858 -0.07508600217161816
1.4509018036072137 -0.07431324858019694
1.4589178356713424 -0.07354934261940466
1.4669338677354702 -0.07279419540735724
1.474949899799599 -0.07204771801737221
1.4829659318637267 -0.07130982153187278
1.4909819639278554 -0.07058041709340117
1.4989979959919832 -0.06985941595286621
1.507014028056112 -0.06914672951514017
1.5150300601202398 -0.06844226938212053
1.5230460921843685 -0.06774594739336304
1.5310621242484963 -0.06705767566439297
1.539078156312625 -0.06637736662279281
1.5470941883767528 -0.06570493304216525
1.5551102204408815 -0.06504028807406208
1.5631262525050094 -0.06438334527797043
1.571142284569138 -0.0637340186494398
1.579158316633266 -0.0630922226464344
1.5871743486973946 -0.06245787221398753
1.5951903807615224 -0.06183088280723651
1.6032064128256511 -0.06121117041290822
1.611222444889779 -0.06059865156932795
1.6192384769539077 -0.059993243385016354
1.6272545090180355 -0.05939486355594096
1.6352705410821642 -0.0588034303814823
1.643286573146292 -0.05821886277917588
1.6513026052104207 -0.05764108029828486
1.6593186372745485 -0.05707000313226031
1.6673346693386772 -0.05650555213013918
1.675350701402805 -0.055947648806932454
1.6833667334669338 -0.055396215353049554
1.6913827655310616 -0.054851174642807206
1.6993987975951903 -0.05431245024206505
1.7074148296593181 -0.053779966415032535
1.7154308617234468 -0.05325364813028578
1.7234468937875747 -0.05273342106603506
1.7314629258517034 -0.05221921161467905
1.7394789579158312 -0.05171094688668262
1.747494989979959 -0.05120855471381138
1.7555110220440877 -0.050711963651756876
1.7635270541082155 -0.05022110298218354
1.7715430861723442 -0.04973590271422653
1.779559118236472 -0.04925629358547134
1.7875751503006008 -0.04878220706244038
1.7955911823647286 -0.0483135753406151
1.8036072144288573 -0.04785033134401711
1.8116232464929851 -0.04739240872437409
1.8196392785571138 -0.04693974185989193
1.8276553106212416 -0.04649226585365711
1.8356713426853704 -0.04604991653168842
1.8436873747494982 -0.045612630440660294
1.8517034068136269 -0.04518034484531515
1.8597194388777547 -0.044752997725585074
1.8677354709418834 -0.044330527773438586
1.8757515030060112 -0.04391287438947133
1.88376753507014 -0.04349997767925493
1.8917835671342678 -0.04309177844946102
1.8997995991983965 -0.04268821820377377
1.9078156312625243 -0.0422892391386061
1.915831663326653 -0.04189478413863194
1.9238476953907808 -0.04150479677214831
1.9318637274549095 -0.0411192212862783
1.9398797595190373 -0.04073800260202775
1.947895791583166 -0.04036108630920556
1.9559118236472939 -0.03998841866121925
1.9639278557114226 -0.0396199465697548
1.9719438877755504 -0.039255617599351436
1.9799599198396791 -0.038895379961879334
1.987975951903807 -0.03853918251093013
1.9959919839679356 -0.0381869747361273
2.0040080160320635 -0.0378387067573655
2.012024048096192 -0.037494329318985144
2.020040080160321 -0.03715379378389044
2.028056112224448 -0.03681705212761687
2.0360721442885765 -0.03648405693235455
2.0440881763527052 -0.03615476138093461
2.052104208416832 -0.035829119250782866
2.0601202404809627 -0.03550708490784701
2.0681362725450896 -0.035188613300503546
2.0761523046092183 -0.034873659953446726
2.084168336673347 -0.03456218096156748
2.092184368737474 -0.034254132983824216
2.1002004008016026 -0.0339494732371105
2.1082164328657313 -0.033648159490124514
2.1162324649298583 -0.0333501500572424
2.1242484969939888 -0.03305540379239991
2.1322645290581157 -0.03276388008298646
2.1402805611222444 -0.032475538843752504
2.148296593186373 -0.03219034051073596
2.1563126252505 -0.03190824603520831
2.1643286573146288 -0.0316292168776439
2.1723446893787575 -0.031353215001715166
2.1803607214428844 -0.031080202868315546
2.188376753507013 -0.030810143429612066
2.196392785571142 -0.030543000123130926
2.2044088176352687 -0.030278736865876302
2.2124248496993992 -0.030017318048485
2.220440881763526 -0.029758708529419368
2.228456913827655 -0.029502873629197793
2.2364729458917836 -0.02924977912466696
2.2444889779559105 -0.028999391243315104
2.2525050100200392 -0.02875167665762816
2.260521042084168 -0.02850660247949067
2.268537074148295 -0.02826413625463119
2.2765531062124253 -0.028024245957113857
2.2845691382765523 -0.027786899983877678
2.292585170340681 -0.027552067149322308
2.3006012024048097 -0.027319716679943627
2.3086172344689366 -0.02708981820901769
2.3166332665330653 -0.026862341771334508
2.324649298597194 -0.02663725779798249
2.332665330661321 -0.026414537111183235
2.3406813627254515 -0.02619415091917734
2.3486973947895784 -0.025976070811162502
2.356713426853707 -0.02576026875228207
2.364729458917836 -0.025546717078667014
2.3727454909819627 -0.025335388492529216
2.3807615230460915 -0.025126256057307346
2.38877755511022 -0.02491929319286558
2.396793587174347 -0.024714473670744544
2.4048096192384776 -0.0245117716094648
2.4128256513026045 -0.024311161469883654
2.420841683366733 -0.024112618050603444
2.428857715430862 -0.023916116483433454
2.436873747494989 -0.023721632228903673
2.4448897795591176 -0.023529141071830822
2.4529058116232463 -0.023338619116937052
2.460921843687373 -0.02315004278452021
2.4689378757515037 -0.022963388806175884
2.4769539078156306 -0.022778634220571675
2.4849699398797593 -0.022595756369271813
2.492985971943888 -0.022414732892613875
2.501002004008015 -0.02223554172563573
2.5090180360721437 -0.022058161094053064
2.5170340681362724 -0.021882569510287483
2.5250501002003993 -0.021708745769544197
2.53306613226453 -0.02153666894593918
2.5410821643286567 -0.02136631838867616
2.5490981963927855 -0.021197673718271533
2.557114228456914 -0.02103071482282866
2.565130260521041 -0.020865421854359748
2.57314629258517 -0.02070177522515543
2.5811623246492985 -0.02053975560420206
2.5891783567134254 -0.020379343913645494
2.597194388777554 -0.02022052132530144
2.605210420841683 -0.020063269257212142
2.61322645290581 -0.0199075693702484
2.6212424849699403 -0.01975340356475677
2.629258517034067 -0.019600753977252004
2.637274549098196 -0.019449602977153056
2.6452905811623246 -0.019299933163563685
2.6533066132264516 -0.019151727362096096
2.6613226452905803 -0.019004968621737537
2.669338677354709 -0.018859640211759735
2.677354709418836 -0.01871572561867009
2.6853707414829664 -0.018573208543204493
2.6933867735470933 -0.018432072897361727
2.701402805611222 -0.01829230280147779
2.7094188376753507 -0.018153882581341298
2.7174348697394777 -0.018016796765348078
2.7254509018036064 -0.017881030081695254
2.733466933867735 -0.017746567455614343
2.741482965931862 -0.01761339400664257
2.7494989979959925 -0.01748149504593206
2.7575150300601194 -0.017350856073596977
2.765531062124248 -0.01722146277609698
2.773547094188377 -0.017093301023657956
2.781563126252504 -0.0169663568677285
2.7895791583166325 -0.016840616538472075
2.797595190380761 -0.01671606644229472
2.805611222444888 -0.016592693159407243
2.8136272545090186 -0.016470483441421786
2.8216432865731456 -0.016349424208982707
2.8296593186372743 -0.01622950254943028
2.837675350701403 -0.016110705714498113
2.84569138276553 -0.015993021118042773
2.8537074148296586 -0.015876436333805678
2.8617234468937873 -0.01576093909320697
2.8697394789579143 -0.015646517283170503
2.8777555110220447 -0.015533158943979759
2.8857715430861717 -0.015420852267164706
2.8937875751503004 -0.015309585593418062
2.901803607214429 -0.015199347410542
2.909819639278556 -0.015090126351423707
2.9178356713426847 -0.014981911192039944
2.9258517034068134 -0.014874690849490316
2.9338677354709404 -0.014768454380058462
2.941883767535071 -0.014663190977300984
2.949899799599198 -0.014558889970164067
2.9579158316633265 -0.014455540821126532
2.965931863727455 -0.014353133124370055
2.973947895791582 -0.014251656603975303
2.981963927855711 -0.014151101112143958
2.9899799599198396 -0.01405145662744647
2.9979959919839665 -0.013952713253094749
3.006012024048095 -0.013854861215239685
3.014028056112224 -0.013757890861293299
3.022044088176351 -0.0136617926582748
3.0300601202404813 -0.013566557191180436
3.0380761523046083 -0.013472175161377019
3.046092184368737 -0.013378637385018084
3.0541082164328657 -0.013285934791483298
3.0621242484969926 -0.013194058421840009
3.0701402805611213 -0.013102999427326954
3.07815631262525 -0.013012749067859904
3.086172344689377 -0.01292329871055868
3.0941883767535074 -0.01283463982829527
3.1022044088176344 -0.012746763998263147
3.110220440881763 -0.012659662900566672
3.118236472945892 -0.012573328316831231
3.1262525050100187 -0.012487752128833084
3.1342685370741474 -0.012402926317148918
3.142284569138276 -0.012318842959824975
3.150300601202403 -0.012235494231065123
3.1583166332665336 -0.012152872399937769
3.1663326653306605 -0.012070969829101587
3.174348697394789 -0.011989778973549128
3.182364729458918 -0.011909292379368858
3.190380761523045 -0.011829502682524742
3.1983967935871735 -0.011750402607653324
3.2064128256513023 -0.011671984966878199
3.214428857715429 -0.01159424265864137
3.2224448897795597 -0.01151716866655127
3.2304609218436866 -0.0114407560582476
3.2384769539078153 -0.011364997984281932
3.246492985971944 -0.011289887677014832
3.254509018036071 -0.011215418449528424
3.2625250501001997 -0.011141583694554577
3.2705410821643284 -0.011068376883418541
3.2785571142284553 -0.010995791564997515
3.286573146292586 -0.010923821364694088
3.2945891783567127 -0.010852459983424547
3.3026052104208414 -0.010781701196621236
3.31062124248497 -0.010711538853249528
3.318637274549097 -0.01064196687483855
3.326653306613226 -0.010572979254525746
3.3346693386773545 -0.01050457005611516
3.3426853707414814 -0.010436733413148989
3.350701402805612 -0.0103694635279923
3.358717434869739 -0.010302754670930987
3.3667334669338675 -0.010236601179282155
3.3747494989979963 -0.010170997456517488
3.382765531062123 -0.01010593797139884
3.390781563126252 -0.010041417257126069
3.3987975951903806 -0.009977429910497085
3.4068136272545075 -0.009913970591079629
3.4148296593186362 -0.009851034020394786
3.422845691382765 -0.009788614981112139
3.430861723446892 -0.009726708316256175
3.4388777555110224 -0.009665308928423868
3.4468937875751493 -0.009604411779013484
3.454909819639278 -0.009544011887463939
3.4629258517034067 -0.009484104330505169
3.4709418837675337 -0.009424684241418856
3.4789579158316624 -0.009365746809309563
3.486973947895791 -0.00930728727838622
3.494989979959918 -0.009249300947253547
3.5030060120240485 -0.009191783168213447
3.5110220440881754 -0.009134729346576335
3.519038076152304 -0.009078134939981816
3.527054108216433 -0.009021995457729155
3.5350701402805598 -0.008966306460116931
3.5430861723446885 -0.008911063557791928
3.551102204408817 -0.008856262411107194
3.559118236472944 -0.008801898729488963
3.5671342685370746 -0.008747968270812373
3.5751503006012015 -0.008694466840786038
3.5831663326653302 -0.008641390292344881
3.591182364729459 -0.008588734525051725
3.599198396793586 -0.008536495484506952
3.6072144288577146 -0.008484669161766416
3.6152304609218433 -0.008433251592767492
3.6232464929859702 -0.008382238857762963
3.6312625250501007 -0.00833162708076273
3.6392785571142277 -0.008281412428983396
3.6472945891783564 -0.00823159111230519
3.655310621242485 -0.008182159382736606
3.663326653306612 -0.00813311353388629
3.6713426853707407 -0.008084449900442211
3.6793587174348694 -0.008036164857658035
3.6873747494989964 -0.007988254820846521
3.695390781563127 -0.007940716244879817
3.7034068136272538 -0.007893545623696771
3.7114228456913825 -0.007846739489816738
3.719438877755511 -0.007800294413860274
3.727454909819638 -0.007754207004076253
3.735470941883767 -0.0077084739058754246
3.7434869739478955 -0.007663091801370451
3.7515030060120225 -0.007618057408922088
3.759519038076153 -0.007573367482691562
3.76753507014028 -0.0075290188121991675
3.7755511022044086 -0.007485008221888604
3.7835671342685373 -0.0074413325706974955
3.7915831663326642 -0.007397988751633563
3.799599198396793 -0.0073549736913565604
3.8076152304609217 -0.007312284349765932
3.8156312625250486 -0.007269917719593978
3.8236472945891773 -0.007227870826004501
3.831663326653306 -0.007186140726196945
3.839679358717433 -0.007144724509015794
3.8476953907815634 -0.007103619294565208
3.8557114228456904 -0.007062822233828978
3.863727454909819 -0.007022330508295356
3.8717434869739478 -0.00698214132958715
3.8797595190380747 -0.006942251939096627
3.8877755511022034 -0.00690265960762533
3.895791583166332 -0.006863361635028764
3.903807615230459 -0.0068243553498657785
3.9118236472945895 -0.00678563810905259
3.9198396793587165 -0.006747207297521571
3.927855711422845 -0.006709060327884336
3.935871743486974 -0.006671194640099559
3.943887775551101 -0.0066336077011450376
3.9519038076152295 -0.006596297004694138
3.9599198396793582 -0.006559260070796607
3.967935871743485 -0.00652249444556351
3.9759519038076157 -0.006485997700856363
3.9839679358717426 -0.006449767433980454
3.9919839679358713 -0.006413801267382048
4.0 -0.006378096848349744
