delta_wp TPR_A_rho13_real
-4.0 0.012730533773941363
-3.75 0.014156705370246374
-3.5 0.01632266619663997
-3.25 0.01859577720834304
-3.0 0.021032766078973683
-2.75 0.023735949518278662
-2.5 0.0267192966464816
-2.25 0.029876414930930385
-2.0 0.04014357723571249
-1.75 0.03509197287116296
-1.5 0.03453521694452275
-1.25 0.026990017549754792
-1.0 0.0029191085589845363
-0.75 -0.05773779350304323
-0.5 -0.18711427855558277
-0.25 -0.38337053688000383
0.0 -0.4846939919319725
0.25 -0.358874131390605
0.5 -0.17576016188254187
0.75 -0.055789629716594485
1.0 0.0039021605519336255
1.25 0.02908853440006918
1.5 0.03746104424295174
1.75 0.03830739938225955
2.0 0.036021961526248765
2.25 0.032779594760954996
2.5 0.029327514467331357
2.75 0.026080216067532743
3.0 0.023165590505872864
3.25 0.020606250912412468
3.5 0.01838108417858592
3.75 0.016453444900141216
4.0 0.014783749324577935
