delta_wp TPR_A_rho13_real_RWAanalytical
-4.0 0.014690442967441293
-3.9919839679358717 0.014739258588340846
-3.9839679358717435 0.014788294527485236
-3.975951903807615 0.014837551897982084
-3.967935871743487 0.014887031817244985
-3.9599198396793587 0.014936735406963542
-3.9519038076152304 0.01498666379307193
-3.943887775551102 0.015036818105715857
-3.935871743486974 0.015087199479218029
-3.9278557114228456 0.015137809052041904
-3.9198396793587174 0.015188647966753819
-3.911823647294589 0.015239717369983445
-3.903807615230461 0.015291018412382397
-3.8957915831663326 0.01534255224858113
-3.8877755511022043 0.015394320037143928
-3.879759519038076 0.015446322940522046
-3.8717434869739478 0.015498562125004863
-3.8637274549098195 0.01555103876066906
-3.8557114228456912 0.01560375402132577
-3.847695390781563 0.01565670908446561
-3.8396793587174347 0.015709905131201532
-3.8316633266533064 0.015763343346209536
-3.823647294589178 0.01581702491766708
-3.81563126252505 0.015870951037189118
-3.8076152304609217 0.015925122899761886
-3.799599198396794 0.015979541703674077
-3.791583166332665 0.0160342086504457
-3.7835671342685373 0.016089124944754177
-3.775551102204409 0.016144291794357973
-3.7675350701402808 0.016199710410017436
-3.7595190380761525 0.016255382005412867
-3.7515030060120242 0.016311307797059815
-3.743486973947896 0.016367489004221383
-3.7354709418837677 0.016423926848817622
-3.7274549098196395 0.016480622555331816
-3.719438877755511 0.016537577350713675
-3.711422845691383 0.01659479246427925
-3.7034068136272547 0.016652269127607637
-3.6953907815631264 0.01671000857443423
-3.687374749498998 0.01676801204054058
-3.67935871743487 0.016826280763640615
-3.6713426853707416 0.016884815983263336
-3.6633266533066133 0.016943618940631688
-3.655310621242485 0.017002690878537664
-3.647294589178357 0.01706203304121348
-3.6392785571142285 0.017121646674198725
-3.6312625250501003 0.01718153302420342
-3.623246492985972 0.017241693338966812
-3.6152304609218437 0.01730212886711194
-3.6072144288577155 0.017362840857995675
-3.599198396793587 0.01742383056155427
-3.591182364729459 0.017485099228144247
-3.5831663326653307 0.017546648108378544
-3.5751503006012024 0.017608478452957734
-3.567134268537074 0.01767059151249628
-3.559118236472946 0.01773298853734363
-3.5511022044088176 0.01779567077740006
-3.5430861723446894 0.017858639481927185
-3.535070140280561 0.017921895899352842
-3.527054108216433 0.017985441277070455
-3.5190380761523046 0.018049276861232456
-3.5110220440881763 0.01811340389653792
-3.503006012024048 0.01817782362601399
-3.49498997995992 0.018242537290791148
-3.4869739478957915 0.018307546129872055
-3.4789579158316633 0.018372851379893862
-3.470941883767535 0.018438454274883824
-3.4629258517034067 0.018504356046008034
-3.4549098196392785 0.01857055792131309
-3.44689378757515 0.0186370611254606
-3.438877755511022 0.018703866879454252
-3.4308617234468937 0.01877097640035935
-3.422845691382766 0.018838390901014527
-3.414829659318637 0.018906111589735604
-3.4068136272545093 0.018974139670011183
-3.3987975951903806 0.019042476340190025
-3.390781563126253 0.019111122793159754
-3.382765531062124 0.01918008021601692
-3.3747494989979963 0.01924934978972795
-3.3667334669338675 0.019318932688781047
-3.3587174348697397 0.019388830080828524
-3.350701402805611 0.019459043126319645
-3.342685370741483 0.019529572978123376
-3.3346693386773545 0.01960042078114122
-3.3266533066132267 0.019671587671909452
-3.3186372745490984 0.01974307477819093
-3.31062124248497 0.019814883218555818
-3.302605210420842 0.01988701410195126
-3.2945891783567136 0.019959468527259584
-3.2865731462925853 0.020032247582844748
-3.278557114228457 0.020105352346086826
-3.270541082164329 0.02017878388290417
-3.2625250501002006 0.020252543247262937
-3.2545090180360723 0.02032663148067376
-3.246492985971944 0.020401049611675118
-3.2384769539078158 0.02047579865530319
-3.2304609218436875 0.02055087961254779
-3.2224448897795592 0.0206262934697941
-3.214428857715431 0.020702041198249758
-3.2064128256513027 0.020778123753357094
-3.1983967935871744 0.020854542074189963
-3.190380761523046 0.020931297082834942
-3.182364729458918 0.02100838968375644
-3.1743486973947896 0.021085820763145354
-3.1663326653306614 0.02116359118825082
-3.158316633266533 0.02124170180669469
-3.150300601202405 0.021320153445768306
-3.1422845691382766 0.021398946911711104
-3.1342685370741483 0.021478082988970627
-3.12625250501002 0.021557562439443487
-3.118236472945892 0.02163738600169677
-3.1102204408817635 0.021717554390169452
-3.1022044088176353 0.021798068294353344
-3.094188376753507 0.02187892837795298
-3.0861723446893787 0.02196013527802396
-3.0781563126252505 0.022041689604089327
-3.070140280561122 0.02212359193723326
-3.062124248496994 0.0222058428291716
-3.0541082164328657 0.02228844280129871
-3.0460921843687374 0.02237139234370995
-3.038076152304609 0.022454691914199264
-3.030060120240481 0.0225383419372312
-3.0220440881763526 0.022622342802886778
-3.014028056112225 0.022706694865782556
-3.006012024048096 0.02279139844396218
-2.9979959919839683 0.022876453817759733
-2.9899799599198396 0.022961861228634358
-2.9819639278557117 0.02304762087797512
-2.973947895791583 0.023133732925875717
-2.965931863727455 0.023220197489877994
-2.9579158316633265 0.023307014643683756
-2.9498997995991987 0.02339418441583376
-2.94188376753507 0.02348170678835355
-2.933867735470942 0.023569581695364692
-2.9258517034068134 0.02365780902166119
-2.9178356713426856 0.023746388601249637
-2.909819639278557 0.023835320215852766
-2.901803607214429 0.023924603593374873
-2.8937875751503004 0.024014238406328724
-2.8857715430861726 0.024104224270222643
-2.877755511022044 0.024194560741906932
-2.869739478957916 0.02428524731787846
-2.8617234468937878 0.024376283432542657
-2.8537074148296595 0.02446766845643151
-2.8456913827655312 0.0245594016943767
-2.837675350701403 0.02465148238363671
-2.8296593186372747 0.024743909691976654
-2.8216432865731464 0.02483668271569976
-2.813627254509018 0.024929800477629244
-2.80561122244489 0.025023261925039345
-2.7975951903807617 0.02511706592753423
-2.7895791583166334 0.025211211274873493
-2.781563126252505 0.025305696674742854
-2.773547094188377 0.025400520750468756
-2.7655310621242486 0.025495682038675378
-2.7575150300601203 0.02559117898688271
-2.749498997995992 0.025687009951044035
-2.741482965931864 0.02578317319302156
-2.7334669338677355 0.025879666877998364
-2.7254509018036073 0.025976489071825214
-2.717434869739479 0.026073637738300647
-2.7094188376753507 0.02617111073638247
-2.7014028056112225 0.02626890581732909
-2.693386773547094 0.026367020621768874
-2.685370741482966 0.026465452676695707
-2.6773547094188377 0.02656419939238881
-2.6693386773547094 0.026663258059255113
-2.661322645290581 0.026762625844591947
-2.6533066132264533 0.026862299789268303
-2.6452905811623246 0.026962276804322453
-2.637274549098197 0.027062553667473743
-2.629258517034068 0.027163127019546644
-2.6212424849699403 0.0272639933608045
-2.6132264529058116 0.02736514904719109
-2.6052104208416837 0.02746659028647713
-2.597194388777555 0.027568313134309953
-2.589178356713427 0.02767031349016325
-2.5811623246492985 0.027772587093184874
-2.5731462925851707 0.027875129517939762
-2.565130260521042 0.02797793617004553
-2.557114228456914 0.02808100228169783
-2.5490981963927855 0.028184322907082816
-2.5410821643286576 0.02828789291767373
-2.533066132264529 0.02839170699740883
-2.525050100200401 0.02849575963774729
-2.5170340681362724 0.0286000451326005
-2.5090180360721446 0.02870455757313492
-2.501002004008016 0.02880929084244392
-2.492985971943888 0.028914238610084606
-2.4849699398797593 0.02901939432647675
-2.4769539078156315 0.02912475121715981
-2.468937875751503 0.029230302276904874
-2.460921843687375 0.029336040263677362
-2.4529058116232467 0.02944195769244714
-2.4448897795591185 0.029548046828841688
-2.43687374749499 0.029654299682638694
-2.428857715430862 0.029760708001093684
-2.4208416833667337 0.029867263262098674
-2.4128256513026054 0.0299739566671673
-2.404809619238477 0.030080779134242234
-2.396793587174349 0.030187721290320088
-2.3887775551102206 0.030294773463889365
-2.3807615230460923 0.03040192567717637
-2.372745490981964 0.03050916763819453
-2.364729458917836 0.030616488732591717
-2.3567134268537075 0.03072387801529065
-2.3486973947895793 0.03083132420191696
-2.340681362725451 0.030938815660009427
-2.3326653306613228 0.031046340400006943
-2.3246492985971945 0.031153886066006373
-2.3166332665330662 0.03126143992628533
-2.308617234468938 0.031368988863584135
-2.3006012024048097 0.0314765193651404
-2.2925851703406814 0.03158401751247021
-2.284569138276553 0.03169146897088924
-2.276553106212425 0.03179885897876699
-2.2685370741482966 0.03190617233650776
-2.2605210420841684 0.032013393395250694
-2.25250501002004 0.03212050604528226
-2.2444889779559123 0.03222749370415342
-2.2364729458917836 0.032334339304494135
-2.2284569138276558 0.03244102528151719
-2.220440881763527 0.03254753356020371
-2.2124248496993992 0.03265384554216177
-2.2044088176352705 0.0327599420921502
-2.1963927855711427 0.03286580352425851
-2.188376753507014 0.03297140958773455
-2.180360721442886 0.03307673945245046
-2.1723446893787575 0.03318177169399817
-2.1643286573146296 0.033286484278404284
-2.156312625250501 0.03339085454645528
-2.148296593186373 0.033494859197622566
-2.1402805611222444 0.0335984742735774
-2.1322645290581166 0.0337016751412851
-2.124248496993988 0.03380443647566785
-2.11623246492986 0.03390673224182496
-2.1082164328657313 0.03400853567679947
-2.1002004008016035 0.0341098192708794
-2.092184368737475 0.03421055474842178
-2.084168336673347 0.034310713048187336
-2.0761523046092183 0.034410264303173475
-2.0681362725450905 0.0345091778199326
-2.0601202404809618 0.03460742205736286
-2.052104208416834 0.0347049646049579
-2.0440881763527057 0.0348017721605018
-2.0360721442885774 0.03489781050719538
-2.028056112224449 0.034993044490199125
-2.020040080160321 0.03508743799257842
-2.0120240480961926 0.035180953910635644
-2.0040080160320644 0.03527355412861381
-1.9959919839679365 0.03536519949275611
-1.9879759519038078 0.03545584978470474
-1.9799599198396791 0.03554546369422298
-1.9719438877755513 0.035633998791222976
-1.9639278557114235 0.0357214114970825
-1.9559118236472948 0.03580765705523234
-1.947895791583166 0.03589268950099651
-1.9398797595190382 0.03597646163066652
-1.9318637274549104 0.036058924969790955
-1.9238476953907817 0.03614002974066047
-1.915831663326653 0.03621972482896873
-1.9078156312625252 0.036297957749628774
-1.8997995991983974 0.0363746746117241
-1.8917835671342687 0.03644982008257321
-1.88376753507014 0.03652333735088583
-1.8757515030060121 0.036595168088988855
-1.8677354709418843 0.03666525241409918
-1.8597194388777556 0.03673352884862039
-1.8517034068136269 0.036799934279439644
-1.843687374749499 0.03686440391620072
-1.8356713426853712 0.03692687124852863
-1.8276553106212425 0.03698726800218057
-1.8196392785571138 0.037045524094097886
-1.811623246492986 0.03710156758633257
-1.8036072144288582 0.03715532463882205
-1.7955911823647295 0.037206719460984965
-1.7875751503006008 0.037255674262110204
-1.779559118236473 0.037302109200511184
-1.7715430861723451 0.0373459423314169
-1.7635270541082164 0.03738708955356993
-1.7555110220440877 0.03742546455450242
-1.74749498997996 0.03746097875445952
-1.739478957915832 0.0374935412489394
-1.7314629258517034 0.037523058749819004
-1.7234468937875755 0.03754943552503361
-1.7154308617234477 0.037572573336777916
-1.707414829659319 0.03759237137819635
-1.6993987975951903 0.03760872620852899
-1.6913827655310625 0.03762153168667991
-1.6833667334669347 0.037630678903173544
-1.675350701402806 0.037636056110464985
-1.6673346693386772 0.03763754865156898
-1.6593186372745494 0.03763503888697247
-1.6513026052104216 0.03762840611979525
-1.643286573146293 0.0376175265191623
-1.6352705410821642 0.03760227304175187
-1.6272545090180364 0.037582515351482666
-1.6192384769539085 0.03755811973730296
-1.6112224448897798 0.037528949029045015
-1.6032064128256511 0.037494862511307236
-1.5951903807615233 0.03745571583532674
-1.5871743486973955 0.03741136092880488
-1.5791583166332668 0.03736164590364833
-1.571142284569138 0.037306414961587896
-1.5631262525050102 0.03724550829763802
-1.5551102204408824 0.03717876200135937
-1.5470941883767537 0.03710600795588771
-1.539078156312625 0.03702707373469214
-1.5310621242484972 0.0369417824960263
-1.5230460921843694 0.036849952875036784
-1.5150300601202407 0.03675139887349314
-1.507014028056112 0.03664592974710512
-1.4989979959919841 0.03653334989039303
-1.4909819639278563 0.03641345871907807
-1.4829659318637276 0.03628605054996112
-1.474949899799599 0.03615091447825895
-1.466933867735471 0.03600783425236819
-1.4589178356713433 0.03585658814602952
-1.4509018036072145 0.03569694882786532
-1.4428857715430858 0.035528683228266855
-1.434869739478958 0.035351552403608
-1.4268537074148302 0.03516531139776554
-1.4188376753507015 0.03496970910092862
-1.4108216432865728 0.034764488105681994
-1.402805611222445 0.034549384560351254
-1.3947895791583171 0.034324128019601205
-1.3867735470941884 0.034088441292282286
-1.3787575150300597 0.03384204028652379
-1.370741482965932 0.0335846338520764
-1.362725450901804 0.03331592361991171
-1.3547094188376754 0.033035603839091
-1.3466933867735467 0.03274336121092115
-1.3386773547094188 0.032438874720420556
-1.330661322645291 0.032121815465125235
-1.3226452905811623 0.031791846481271126
-1.3146292585170345 0.031448622567396556
-1.3066132264529067 0.031091790105415466
-1.298597194388778 0.030720986879221823
-1.2905811623246493 0.030335841890893514
-1.2825651302605214 0.02993597517457388
-1.2745490981963936 0.02952099760811952
-1.266533066132265 0.02909051072261417
-1.2585170340681362 0.028644106509860087
-1.2505010020040084 0.02818136722797079
-1.2424849699398806 0.027701865205202902
-1.2344689378757518 0.02720516264217961
-1.2264529058116231 0.026690811412673154
-1.2184368737474953 0.026158352863130174
-1.2104208416833675 0.02560731761114174
-1.2024048096192388 0.02503722534307907
-1.19438877755511 0.024447584611134988
-1.1863727454909823 0.023837892630032692
-1.1783567134268544 0.02320763507368665
-1.1703406813627257 0.0225562858721244
-1.162324649298597 0.02188330700900335
-1.1543086172344692 0.02118814832008383
-1.1462925851703414 0.020470247293049044
-1.1382765531062127 0.019729028869093827
-1.130260521042084 0.018963905246735496
-1.1222444889779561 0.018174275688335417
-1.1142284569138283 0.0173595263298566
-1.1062124248496996 0.016519029994422042
-1.098196392785571 0.015652146010279106
-1.090180360721443 0.01475822003381823
-1.0821643286573153 0.013836583878342195
-1.0741482965931866 0.012886555349329748
-1.0661322645290578 0.01190743808698962
-1.05811623246493 0.010898521416954365
-1.0501002004008022 0.00985908021002219
-1.0420841683366735 0.008788374751916135
-1.0340681362725448 0.007685650624092335
-1.026052104208417 0.006550138596697373
-1.0180360721442892 0.005381054534846177
-1.0100200400801604 0.00417759931946687
-1.0020040080160317 0.0029389587840371804
-0.9939879759519039 0.0016643036686188831
-0.9859719438877761 0.00035278959268510407
-0.9779559118236474 -0.0009964429516732918
-0.9699398797595187 -0.0023842685844821777
-0.9619238476953909 -0.003811576998778975
-0.953907815631263 -0.0052792728957813655
-0.9458917835671343 -0.006788275892334333
-0.9378757515030056 -0.008339520398526081
-0.9298597194388778 -0.009933955463244886
-0.92184368737475 -0.011572544585322938
-0.9138276553106213 -0.013256265487783627
-0.9058116232464934 -0.014986109852575757
-0.8977955911823656 -0.01676308301303971
-0.8897795591182369 -0.018588203601201093
-0.8817635270541082 -0.020462503146842396
-0.8737474949899804 -0.02238702562514799
-0.8657314629258526 -0.024362826949557125
-0.8577154308617239 -0.026390974406295273
-0.8496993987975952 -0.02847254602688826
-0.8416833667334673 -0.030608629894791493
-0.8336673346693395 -0.03280032338208953
-0.8256513026052108 -0.03504873231204214
-0.8176352705410821 -0.03735497004307413
-0.8096192384769543 -0.039720156469623236
-0.8016032064128265 -0.042145416935074426
-0.7935871743486977 -0.04463188105182497
-0.785571142284569 -0.047180681423342856
-0.7775551102204412 -0.049792952262901126
-0.7695390781563134 -0.05246982790348995
-0.7615230460921847 -0.05521244119323595
-0.753507014028056 -0.058021921770494346
-0.7454909819639282 -0.060899394212622
-0.7374749498998003 -0.06384597605229142
-0.7294589178356716 -0.06686277565507048
-0.7214428857715429 -0.06995088995187908
-0.7134268537074151 -0.07311140201983433
-0.7054108216432873 -0.07634537850491682
-0.6973947895791586 -0.07965386687983801
-0.6893787575150299 -0.08303789253047165
-0.681362725450902 -0.08649845566422112
-0.6733466933867742 -0.09003652803374441
-0.6653306613226455 -0.09365304946954975
-0.6573146292585168 -0.09734892421511963
-0.649298597194389 -0.10112501705841849
-0.6412825651302612 -0.1049821492538909
-0.6332665330661325 -0.10892109422938198
-0.6252505010020037 -0.11294257307281211
-0.6172344689378759 -0.1170472497939166
-0.6092184368737481 -0.1212357263569277
-0.6012024048096194 -0.12550853748073873
-0.5931863727454907 -0.12986614520386827
-0.5851703406813629 -0.1343089332124243
-0.577154308617235 -0.13883720093027668
-0.5691382765531063 -0.1434511573717849
-0.5611222444889776 -0.14815091475871484
-0.5531062124248498 -0.15293648190441134
-0.545090180360722 -0.15780775736988123
-0.5370741482965933 -0.1627645223982005
-0.5290581162324646 -0.16780643363559855
-0.5210420841683367 -0.17293301564969146
-0.5130260521042089 -0.1781436532576382
-0.5050100200400802 -0.18343758367949667
-0.4969939879759524 -0.18881388853475953
-0.4889779559118246 -0.19427148570295544
-0.48096192384769587 -0.19980912107228557
-0.47294589178356716 -0.20542536020358096
-0.46492985971943934 -0.21111857994035224
-0.4569138276553115 -0.21688695999937785
-0.4488977955911828 -0.22272847458012146
-0.4408817635270541 -0.2286408840352809
-0.4328657314629263 -0.23462172664891037
-0.42484969939879846 -0.24066831057280233
-0.41683366733466976 -0.2467777059761461
-0.40881763527054105 -0.2529467374678569
-0.4008016032064132 -0.25917197685534554
-0.3927855711422854 -0.26544973630781554
-0.3847695390781567 -0.2717760619963998
-0.376753507014028 -0.27814672828750764
-0.36873747494990017 -0.2845572325695777
-0.36072144288577235 -0.2910027907969376
-0.35270541082164364 -0.29747833383759004
-0.34468937875751493 -0.30397850471439336
-0.3366733466933871 -0.31049765683117375
-0.3286573146292593 -0.31702985327669486
-0.3206412825651306 -0.323568867300044
-0.3126252505010019 -0.33010818405075193
-0.30460921843687405 -0.33664100367574035
-0.29659318637274623 -0.34316024586289195
-0.2885771543086175 -0.34965855591756045
-0.2805611222444888 -0.3561283124536037
-0.272545090180361 -0.36256163677444025
-0.2645290581162332 -0.36895040401210677
-0.25651302605210446 -0.37528625608331917
-0.24849699398797576 -0.3815606165110423
-0.24048096192384794 -0.38776470714804506
-0.23246492985972012 -0.39388956682536064
-0.2244488977955914 -0.3999260719335231
-0.2164328657314627 -0.40586495892798785
-0.20841683366733488 -0.4116968487323375
-0.20040080160320706 -0.4174122729938597
-0.19238476953907835 -0.4230017021260377
-0.18436873747494964 -0.4284555750516091
-0.17635270541082182 -0.43376433053835334
-0.168336673346694 -0.4389184399979301
-0.1603206412825653 -0.4439084415962138
-0.15230460921843658 -0.44872497550198714
-0.14428857715430876 -0.4533588200799006
-0.13627254509018094 -0.45780092881364837
-0.12825651302605223 -0.46204246772673974
-0.12024048096192352 -0.46607485305143176
-0.1122244488977957 -0.46988978888171756
-0.10420841683366788 -0.47347930453407133
-0.09619238476953917 -0.4768357913303093
-0.08817635270541135 -0.47995203851071844
-0.08016032064128353 -0.48282126798279695
-0.07214428857715482 -0.48543716761174277
-0.06412825651302612 -0.48779392276341
-0.056112224448898296 -0.4898862458188585
-0.048096192384770475 -0.49170940339191394
-0.04008016032064177 -0.49325924099723895
-0.03206412825651306 -0.4945322049361843
-0.024048096192385238 -0.4955253611909079
-0.016032064128257417 -0.4962364111436361
-0.008016032064128709 -0.4966637039671561
0.0 -0.49680624556423
0.00801603206412782 -0.49666370396715614
0.01603206412825653 -0.49623641114363626
0.02404809619238435 -0.4955253611909079
0.03206412825651306 -0.4945322049361843
0.04008016032064088 -0.493259240997239
0.04809619238476959 -0.49170940339191416
0.05611222444889741 -0.48988624581885865
0.06412825651302612 -0.48779392276341
0.07214428857715394 -0.485437167611743
0.08016032064128265 -0.48282126798279723
0.08817635270541047 -0.4799520385107188
0.09619238476953917 -0.4768357913303093
0.104208416833667 -0.47347930453407167
0.11222444889779482 -0.46988978888171795
0.12024048096192352 -0.46607485305143176
0.12825651302605134 -0.46204246772674024
0.13627254509018005 -0.45780092881364887
0.14428857715430787 -0.45335882007990114
0.15230460921843658 -0.44872497550198714
0.1603206412825644 -0.4439084415962145
0.1683366733466931 -0.4389184399979307
0.17635270541082093 -0.43376433053835395
0.18436873747494964 -0.4284555750516091
0.19238476953907746 -0.4230017021260383
0.20040080160320617 -0.4174122729938603
0.208416833667334 -0.4116968487323381
0.2164328657314627 -0.40586495892798785
0.22444889779559052 -0.39992607193352375
0.23246492985971923 -0.39388956682536136
0.24048096192384705 -0.3877647071480457
0.24849699398797576 -0.3815606165110423
0.2565130260521036 -0.37528625608331995
0.2645290581162323 -0.36895040401210744
0.2725450901803601 -0.36256163677444103
0.2805611222444888 -0.3561283124536037
0.28857715430861663 -0.3496585559175611
0.29659318637274534 -0.3431602458628927
0.30460921843687316 -0.33664100367574107
0.3126252505010019 -0.33010818405075193
0.3206412825651297 -0.32356886730004475
0.3286573146292584 -0.31702985327669553
0.3366733466933862 -0.31049765683117453
0.34468937875751493 -0.30397850471439336
0.35270541082164275 -0.2974783338375907
0.36072144288577146 -0.29100279079693836
0.3687374749498993 -0.28455723256957843
0.376753507014028 -0.27814672828750764
0.3847695390781558 -0.27177606199640053
0.3927855711422845 -0.2654497363078163
0.40080160320641234 -0.2591719768553462
0.40881763527054105 -0.2529467374678569
0.41683366733466887 -0.24677770597614673
0.4248496993987976 -0.24066831057280305
0.4328657314629254 -0.23462172664891104
0.4408817635270541 -0.2286408840352809
0.4488977955911819 -0.2227284745801221
0.45691382765531063 -0.2168869599993785
0.46492985971943845 -0.21111857994035288
0.47294589178356716 -0.20542536020358096
0.480961923847695 -0.19980912107228616
0.4889779559118237 -0.19427148570295602
0.4969939879759515 -0.1888138885347601
0.5050100200400802 -0.18343758367949667
0.513026052104208 -0.17814365325763876
0.5210420841683359 -0.172933015649692
0.5290581162324646 -0.16780643363559855
0.5370741482965924 -0.16276452239820102
0.5450901803607211 -0.15780775736988178
0.5531062124248489 -0.15293648190441186
0.5611222444889776 -0.14815091475871484
0.5691382765531054 -0.14345115737178538
0.5771543086172342 -0.13883720093027718
0.585170340681362 -0.13430893321242476
0.5931863727454907 -0.12986614520386827
0.6012024048096185 -0.12550853748073923
0.6092184368737472 -0.12123572635692814
0.617234468937875 -0.11704724979391708
0.6252505010020037 -0.11294257307281211
0.6332665330661316 -0.10892109422938244
0.6412825651302603 -0.10498214925389132
0.6492985971943881 -0.10112501705841893
0.6573146292585168 -0.09734892421511963
0.6653306613226446 -0.09365304946955015
0.6733466933867733 -0.09003652803374483
0.6813627254509012 -0.08649845566422151
0.6893787575150299 -0.08303789253047165
0.6973947895791577 -0.0796538668798384
0.7054108216432864 -0.07634537850491717
0.7134268537074142 -0.07311140201983471
0.7214428857715429 -0.06995088995187908
0.7294589178356707 -0.06686277565507082
0.7374749498997994 -0.06384597605229174
0.7454909819639273 -0.06089939421262231
0.753507014028056 -0.058021921770494346
0.7615230460921838 -0.05521244119323628
0.7695390781563125 -0.052469827903490245
0.7775551102204403 -0.04979295226290142
0.785571142284569 -0.047180681423342856
0.7935871743486969 -0.044631881051825244
0.8016032064128256 -0.042145416935074696
0.8096192384769534 -0.0397201564696235
0.8176352705410821 -0.03735497004307413
0.8256513026052099 -0.035048732312042384
0.8336673346693386 -0.03280032338208977
0.8416833667334664 -0.03060862989479174
0.8496993987975952 -0.02847254602688826
0.857715430861723 -0.02639097440629551
0.8657314629258517 -0.024362826949557354
0.8737474949899795 -0.02238702562514821
0.8817635270541082 -0.020462503146842396
0.889779559118236 -0.018588203601201298
0.8977955911823647 -0.016763083013039907
0.9058116232464926 -0.014986109852575933
0.9138276553106213 -0.013256265487783627
0.9218436873747491 -0.011572544585323117
0.9298597194388769 -0.009933955463245062
0.9378757515030056 -0.008339520398526081
0.9458917835671334 -0.006788275892334512
0.9539078156312621 -0.005279272895781537
0.96192384769539 -0.0038115769987791407
0.9699398797595187 -0.0023842685844821777
0.9779559118236465 -0.0009964429516734308
0.9859719438877752 0.00035278959268495504
0.993987975951903 0.0016643036686187396
1.0020040080160317 0.0029389587840371804
1.0100200400801596 0.004177599319466737
1.0180360721442883 0.005381054534846047
1.026052104208416 0.006550138596697251
1.0340681362725448 0.007685650624092335
1.0420841683366726 0.00878837475191601
1.0501002004008013 0.009859080210022067
1.0581162324649291 0.010898521416954235
1.0661322645290578 0.01190743808698962
1.0741482965931857 0.012886555349329636
1.0821643286573144 0.013836583878342091
1.0901803607214422 0.014758220033818131
1.098196392785571 0.015652146010279106
1.1062124248496987 0.016519029994421945
1.1142284569138274 0.017359526329856496
1.1222444889779553 0.018174275688335333
1.130260521042084 0.018963905246735496
1.1382765531062118 0.019729028869093748
1.1462925851703405 0.020470247293048967
1.1543086172344683 0.021188148320083755
1.162324649298597 0.02188330700900335
1.1703406813627248 0.02255628587212433
1.1783567134268536 0.02320763507368659
1.1863727454909814 0.02383789263003262
1.19438877755511 0.024447584611134988
1.202404809619238 0.025037225343079013
1.2104208416833666 0.025607317611141676
1.2184368737474944 0.02615835286313011
1.2264529058116231 0.026690811412673154
1.234468937875751 0.02720516264217955
1.2424849699398797 0.02770186520520284
1.2505010020040075 0.028181367227970742
1.2585170340681362 0.028644106509860087
1.266533066132264 0.029090510722614114
1.2745490981963927 0.029520997608119468
1.2825651302605205 0.02993597517457384
1.2905811623246493 0.030335841890893514
1.298597194388777 0.03072098687922178
1.3066132264529058 0.031091790105415438
1.3146292585170336 0.03144862256739652
1.3226452905811623 0.031791846481271126
1.3306613226452901 0.03212181546512521
1.338677354709418 0.03243887472042053
1.3466933867735467 0.03274336121092115
1.3547094188376745 0.03303560383909096
1.3627254509018032 0.03331592361991167
1.370741482965931 0.033584633852076384
1.3787575150300597 0.03384204028652379
1.3867735470941875 0.03408844129228226
1.3947895791583163 0.03432412801960117
1.402805611222444 0.03454938456035123
1.4108216432865728 0.034764488105681994
1.4188376753507006 0.03496970910092861
1.4268537074148293 0.03516531139776553
1.4348697394789571 0.03535155240360798
1.4428857715430858 0.035528683228266855
1.4509018036072137 0.03569694882786529
1.4589178356713424 0.03585658814602948
1.4669338677354702 0.036007834252368184
1.474949899799599 0.03615091447825895
1.4829659318637267 0.036286050549961105
1.4909819639278554 0.03641345871907805
1.4989979959919832 0.03653334989039302
1.507014028056112 0.03664592974710512
1.5150300601202398 0.03675139887349312
1.5230460921843685 0.036849952875036764
1.5310621242484963 0.0369417824960263
1.539078156312625 0.03702707373469214
1.5470941883767528 0.037106007955887706
1.5551102204408815 0.03717876200135936
1.5631262525050094 0.03724550829763801
1.571142284569138 0.037306414961587896
1.579158316633266 0.03736164590364832
1.5871743486973946 0.03741136092880488
1.5951903807615224 0.037455715835326725
1.6032064128256511 0.037494862511307236
1.611222444889779 0.03752894902904502
1.6192384769539077 0.03755811973730296
1.6272545090180355 0.03758251535148267
1.6352705410821642 0.03760227304175187
1.643286573146292 0.03761752651916229
1.6513026052104207 0.03762840611979524
1.6593186372745485 0.03763503888697247
1.6673346693386772 0.03763754865156898
1.675350701402805 0.03763605611046499
1.6833667334669338 0.03763067890317355
1.6913827655310616 0.0376215316866799
1.6993987975951903 0.03760872620852899
1.7074148296593181 0.03759237137819634
1.7154308617234468 0.03757257333677792
1.7234468937875747 0.0375494355250336
1.7314629258517034 0.037523058749819004
1.7394789579158312 0.0374935412489394
1.747494989979959 0.03746097875445953
1.7555110220440877 0.03742546455450242
1.7635270541082155 0.03738708955356993
1.7715430861723442 0.03734594233141691
1.779559118236472 0.0373021092005112
1.7875751503006008 0.037255674262110204
1.7955911823647286 0.03720671946098498
1.8036072144288573 0.03715532463882205
1.8116232464929851 0.03710156758633258
1.8196392785571138 0.037045524094097886
1.8276553106212416 0.036987268002180586
1.8356713426853704 0.03692687124852863
1.8436873747494982 0.03686440391620073
1.8517034068136269 0.036799934279439644
1.8597194388777547 0.03673352884862041
1.8677354709418834 0.036665252414099195
1.8757515030060112 0.03659516808898886
1.88376753507014 0.03652333735088583
1.8917835671342678 0.03644982008257321
1.8997995991983965 0.036374674611724105
1.9078156312625243 0.036297957749628774
1.915831663326653 0.03621972482896873
1.9238476953907808 0.03614002974066048
1.9318637274549095 0.03605892496979097
1.9398797595190373 0.035976461630666534
1.947895791583166 0.03589268950099651
1.9559118236472939 0.03580765705523235
1.9639278557114226 0.035721411497082516
1.9719438877755504 0.03563399879122298
1.9799599198396791 0.03554546369422298
1.987975951903807 0.035455849784704764
1.9959919839679356 0.03536519949275612
2.0040080160320635 0.03527355412861383
2.012024048096192 0.035180953910635644
2.020040080160321 0.03508743799257842
2.028056112224448 0.03499304449019914
2.0360721442885765 0.03489781050719539
2.0440881763527052 0.0348017721605018
2.052104208416832 0.034704964604957915
2.0601202404809627 0.03460742205736286
2.0681362725450896 0.03450917781993262
2.0761523046092183 0.034410264303173475
2.084168336673347 0.034310713048187336
2.092184368737474 0.034210554748421794
2.1002004008016026 0.0341098192708794
2.1082164328657313 0.03400853567679947
2.1162324649298583 0.033906732241824965
2.1242484969939888 0.033804436475667846
2.1322645290581157 0.033701675141285116
2.1402805611222444 0.0335984742735774
2.148296593186373 0.033494859197622566
2.1563126252505 0.033390854546455295
2.1643286573146288 0.0332864842784043
2.1723446893787575 0.03318177169399817
2.1803607214428844 0.033076739452450495
2.188376753507013 0.032971409587734556
2.196392785571142 0.03286580352425853
2.2044088176352687 0.032759942092150225
2.2124248496993992 0.03265384554216177
2.220440881763526 0.03254753356020372
2.228456913827655 0.032441025281517204
2.2364729458917836 0.032334339304494135
2.2444889779559105 0.032227493704153454
2.2525050100200392 0.03212050604528227
2.260521042084168 0.032013393395250694
2.268537074148295 0.03190617233650778
2.2765531062124253 0.03179885897876699
2.2845691382765523 0.031691468970889244
2.292585170340681 0.03158401751247022
2.3006012024048097 0.0314765193651404
2.3086172344689366 0.03136898886358415
2.3166332665330653 0.03126143992628534
2.324649298597194 0.031153886066006373
2.332665330661321 0.031046340400006967
2.3406813627254515 0.03093881566000941
2.3486973947895784 0.03083132420191697
2.356713426853707 0.030723878015290664
2.364729458917836 0.030616488732591717
2.3727454909819627 0.030509167638194546
2.3807615230460915 0.030401925677176384
2.38877755511022 0.030294773463889365
2.396793587174347 0.03018772129032012
2.4048096192384776 0.030080779134242223
2.4128256513026045 0.029973956667167314
2.420841683366733 0.02986726326209868
2.428857715430862 0.029760708001093684
2.436873747494989 0.029654299682638708
2.4448897795591176 0.0295480468288417
2.4529058116232463 0.029441957692447143
2.460921843687373 0.029336040263677386
2.4689378757515037 0.02923030227690487
2.4769539078156306 0.029124751217159826
2.4849699398797593 0.02901939432647675
2.492985971943888 0.028914238610084606
2.501002004008015 0.028809290842443932
2.5090180360721437 0.02870455757313493
2.5170340681362724 0.0286000451326005
2.5250501002003993 0.028495759637747316
2.53306613226453 0.02839170699740882
2.5410821643286567 0.028287892917673748
2.5490981963927855 0.028184322907082816
2.557114228456914 0.02808100228169783
2.565130260521041 0.027977936170045552
2.57314629258517 0.027875129517939773
2.5811623246492985 0.027772587093184874
2.5891783567134254 0.027670313490163273
2.597194388777554 0.027568313134309973
2.605210420841683 0.02746659028647714
2.61322645290581 0.027365149047191107
2.6212424849699403 0.0272639933608045
2.629258517034067 0.02716312701954665
2.637274549098196 0.027062553667473763
2.6452905811623246 0.026962276804322453
2.6533066132264516 0.026862299789268324
2.6613226452905803 0.02676262584459195
2.669338677354709 0.026663258059255113
2.677354709418836 0.026564199392388837
2.6853707414829664 0.026465452676695703
2.6933867735470933 0.026367020621768895
2.701402805611222 0.026268905817329092
2.7094188376753507 0.02617111073638247
2.7174348697394777 0.02607363773830066
2.7254509018036064 0.02597648907182522
2.733466933867735 0.025879666877998368
2.741482965931862 0.025783173193021588
2.7494989979959925 0.025687009951044032
2.7575150300601194 0.025591178986882714
2.765531062124248 0.025495682038675388
2.773547094188377 0.025400520750468756
2.781563126252504 0.02530569667474287
2.7895791583166325 0.025211211274873507
2.797595190380761 0.025117065927534238
2.805611222444888 0.025023261925039366
2.8136272545090186 0.024929800477629244
2.8216432865731456 0.02483668271569977
2.8296593186372743 0.02474390969197666
2.837675350701403 0.02465148238363671
2.84569138276553 0.02455940169437672
2.8537074148296586 0.02446766845643151
2.8617234468937873 0.024376283432542657
2.8697394789579143 0.024285247317878476
2.8777555110220447 0.024194560741906915
2.8857715430861717 0.024104224270222657
2.8937875751503004 0.024014238406328724
2.901803607214429 0.023924603593374873
2.909819639278556 0.02383532021585278
2.9178356713426847 0.02374638860124965
2.9258517034068134 0.02365780902166119
2.9338677354709404 0.023569581695364713
2.941883767535071 0.023481706788353547
2.949899799599198 0.023394184415833772
2.9579158316633265 0.023307014643683756
2.965931863727455 0.023220197489877994
2.973947895791582 0.02313373292587573
2.981963927855711 0.02304762087797513
2.9899799599198396 0.022961861228634358
2.9979959919839665 0.022876453817759754
3.006012024048095 0.022791398443962187
3.014028056112224 0.02270669486578257
3.022044088176351 0.022622342802886802
3.0300601202404813 0.022538341937231195
3.0380761523046083 0.02245469191419927
3.046092184368737 0.022371392343709953
3.0541082164328657 0.02228844280129871
3.0621242484969926 0.022205842829171613
3.0701402805611213 0.022123591937233268
3.07815631262525 0.022041689604089334
3.086172344689377 0.02196013527802398
3.0941883767535074 0.021878928377952973
3.1022044088176344 0.021798068294353358
3.110220440881763 0.021717554390169456
3.118236472945892 0.02163738600169677
3.1262525050100187 0.021557562439443505
3.1342685370741474 0.021478082988970644
3.142284569138276 0.021398946911711108
3.150300601202403 0.021320153445768323
3.1583166332665336 0.02124170180669469
3.1663326653306605 0.021163591188250827
3.174348697394789 0.021085820763145365
3.182364729458918 0.02100838968375644
3.190380761523045 0.020931297082834945
3.1983967935871735 0.02085454207418997
3.2064128256513023 0.020778123753357098
3.214428857715429 0.02070204119824977
3.2224448897795597 0.020626293469794086
3.2304609218436866 0.020550879612547802
3.2384769539078153 0.020475798655303194
3.246492985971944 0.020401049611675118
3.254509018036071 0.020326631480673776
3.2625250501001997 0.02025254324726294
3.2705410821643284 0.02017878388290417
3.2785571142284553 0.020105352346086836
3.286573146292586 0.02003224758284474
3.2945891783567127 0.019959468527259595
3.3026052104208414 0.019887014101951265
3.31062124248497 0.019814883218555818
3.318637274549097 0.019743074778190938
3.326653306613226 0.01967158767190946
3.3346693386773545 0.01960042078114122
3.3426853707414814 0.01952957297812339
3.350701402805612 0.019459043126319638
3.358717434869739 0.01938883008082853
3.3667334669338675 0.019318932688781047
3.3747494989979963 0.01924934978972795
3.382765531062123 0.01918008021601693
3.390781563126252 0.019111122793159758
3.3987975951903806 0.019042476340190025
3.4068136272545075 0.018974139670011193
3.4148296593186362 0.01890611158973561
3.422845691382765 0.018838390901014534
3.430861723446892 0.018770976400359362
3.4388777555110224 0.018703866879454252
3.4468937875751493 0.018637061125460604
3.454909819639278 0.01857055792131309
3.4629258517034067 0.018504356046008034
3.4709418837675337 0.018438454274883838
3.4789579158316624 0.018372851379893865
3.486973947895791 0.01830754612987205
3.494989979959918 0.01824253729079116
3.5030060120240485 0.01817782362601399
3.5110220440881754 0.018113403896537927
3.519038076152304 0.018049276861232463
3.527054108216433 0.017985441277070455
3.5350701402805598 0.017921895899352856
3.5430861723446885 0.01785863948192719
3.551102204408817 0.017795670777400064
3.559118236472944 0.01773298853734364
3.5671342685370746 0.017670591512496277
3.5751503006012015 0.01760847845295774
3.5831663326653302 0.017546648108378547
3.591182364729459 0.017485099228144247
3.599198396793586 0.017423830561554277
3.6072144288577146 0.01736284085799568
3.6152304609218433 0.017302128867111945
3.6232464929859702 0.017241693338966826
3.6312625250501007 0.017181533024203412
3.6392785571142277 0.017121646674198732
3.6472945891783564 0.017062033041213485
3.655310621242485 0.017002690878537664
3.663326653306612 0.016943618940631695
3.6713426853707407 0.01688481598326334
3.6793587174348694 0.016826280763640622
3.6873747494989964 0.01676801204054059
3.695390781563127 0.01671000857443423
3.7034068136272538 0.01665226912760764
3.7114228456913825 0.01659479246427925
3.719438877755511 0.016537577350713675
3.727454909819638 0.01648062255533183
3.735470941883767 0.016423926848817626
3.7434869739478955 0.016367489004221383
3.7515030060120225 0.01631130779705982
3.759519038076153 0.016255382005412863
3.76753507014028 0.016199710410017443
3.7755511022044086 0.01614429179435798
3.7835671342685373 0.016089124944754177
3.7915831663326642 0.01603420865044571
3.799599198396793 0.015979541703674084
3.8076152304609217 0.015925122899761886
3.8156312625250486 0.015870951037189128
3.8236472945891773 0.015817024917667084
3.831663326653306 0.015763343346209543
3.839679358717433 0.015709905131201535
3.8476953907815634 0.015656709084465602
3.8557114228456904 0.015603754021325779
3.863727454909819 0.015551038760669062
3.8717434869739478 0.015498562125004863
3.8797595190380747 0.015446322940522058
3.8877755511022034 0.015394320037143937
3.895791583166332 0.015342552248581129
3.903807615230459 0.015291018412382408
3.9118236472945895 0.01523971736998344
3.9198396793587165 0.015188647966753826
3.927855711422845 0.015137809052041906
3.935871743486974 0.015087199479218029
3.943887775551101 0.015036818105715867
3.9519038076152295 0.014986663793071932
3.9599198396793582 0.014936735406963546
3.967935871743485 0.014887031817244992
3.9759519038076157 0.01483755189798208
3.9839679358717426 0.01478829452748524
3.9919839679358713 0.014739258588340852
4.0 0.014690442967441293
