delta_wp TPR_A_rho13_real
-4.0 0.014690442964683519
-3.75 0.0163218222783397
-3.5 0.018202056735581097
-3.25 0.020368451018584102
-3.0 0.0228551569773505
-2.75 0.02568101076043875
-2.5 0.028822397713507055
-2.25 0.03215395390660687
-2.0 0.035319498654968744
-1.75 0.03745019332524499
-1.5 0.03654781804789928
-1.25 0.028151893938767523
-1.0 0.0026237040973231336
-0.75 -0.05927238370767485
-0.5 -0.18678818598163477
-0.25 -0.38038925922090927
0.0 -0.49680624556210345
0.25 -0.38038925922102146
0.5 -0.186788185981642
0.75 -0.05927238370756036
1.0 0.002623704097476191
1.25 0.028151893938809444
1.5 0.03654781804783208
1.75 0.037450193325426304
2.0 0.03531949865505419
2.25 0.03215395390665004
2.5 0.028822397713498715
2.75 0.025681010760394633
3.0 0.022855156977024792
3.25 0.020368451018478076
3.5 0.01820205673525095
3.75 0.016321822278192247
4.0 0.01469044296452315
