delta_wp TPR_C_rho12_imag
-4.0 -0.011059758174352643
-3.75 -0.00877407098252017
-3.5 -0.00715648257184275
-3.25 -0.006357079399542514
-3.0 -0.006284134888071305
-2.75 -0.007440662941381859
-2.5 -0.010466206640534458
-2.25 -0.013293745244527496
-2.0 0.011232087339096655
-1.75 -0.008818813143475289
-1.5 -0.00840502511431023
-1.25 -0.008204470902462775
-1.0 -0.008269582859202264
-0.75 -0.008657934445695462
-0.5 -0.009437794545539984
-0.25 -0.010586238385115479
0.0 -0.012215782540513023
0.25 -0.01449379033276413
0.5 -0.0176329267136664
0.75 -0.021960291979771694
1.0 -0.028075912428208758
1.25 -0.036600492355797376
1.5 -0.04794644915310136
1.75 -0.06324912404168566
2.0 -0.05716994818644834
2.25 -0.10047250262534392
2.5 -0.09056398588348036
2.75 -0.06116278416428169
3.0 -0.03793333743910679
3.25 -0.024864773522791195
3.5 -0.018294121810820137
3.75 -0.016039654920141543
4.0 -0.016965775658625695
