delta_wp TPR_C_rho12_real_RWAanalytical
-4.0 -0.14294510971705413
-3.9919839679358717 -0.1425032639241178
-3.9839679358717435 -0.14205593612880976
-3.975951903807615 -0.1416033826518657
-3.967935871743487 -0.14114585241045674
-3.9599198396793587 -0.14068358707888984
-3.9519038076152304 -0.14021682124846194
-3.943887775551102 -0.1397457825862694
-3.935871743486974 -0.13927069199279044
-3.9278557114228456 -0.13879176375807883
-3.9198396793587174 -0.1383092057164175
-3.911823647294589 -0.13782321939929743
-3.903807615230461 -0.13733400018660155
-3.8957915831663326 -0.136841737455881
-3.8877755511022043 -0.13634661472963108
-3.879759519038076 -0.1358488098204776
-3.8717434869739478 -0.13534849497419826
-3.8637274549098195 -0.13484583701051397
-3.8557114228456912 -0.13434099746159336
-3.847695390781563 -0.13383413270822045
-3.8396793587174347 -0.1333253941135867
-3.8316633266533064 -0.132814928154673
-3.823647294589178 -0.13230287655119674
-3.81563126252505 -0.13178937639210167
-3.8076152304609217 -0.13127456025957887
-3.799599198396794 -0.1307585563506086
-3.791583166332665 -0.13024148859601875
-3.7835671342685373 -0.12972347677706433
-3.775551102204409 -0.12920463663952655
-3.7675350701402808 -0.12868508000534892
-3.7595190380761525 -0.1281649148818145
-3.7515030060120242 -0.12764424556828696
-3.743486973947896 -0.12712317276052928
-3.7354709418837677 -0.1266017936526252
-3.7274549098196395 -0.12608020203652437
-3.719438877755511 -0.12555848839923875
-3.711422845691383 -0.1250367400177187
-3.7034068136272547 -0.12451504105143596
-3.6953907815631264 -0.12399347263270857
-3.687374749498998 -0.12347211295479671
-3.67935871743487 -0.12295103735780494
-3.6713426853707416 -0.12243031841242612
-3.6633266533066133 -0.12191002600156177
-3.655310621242485 -0.12139022739985504
-3.647294589178357 -0.12087098735117453
-3.6392785571142285 -0.12035236814408573
-3.6312625250501003 -0.11983442968534767
-3.623246492985972 -0.11931722957147381
-3.6152304609218437 -0.11880082315839521
-3.6072144288577155 -0.11828526362926423
-3.599198396793587 -0.11777060206043742
-3.591182364729459 -0.11725688748567686
-3.5831663326653307 -0.11674416695860663
-3.5751503006012024 -0.11623248561346433
-3.567134268537074 -0.11572188672418533
-3.559118236472946 -0.11521241176185566
-3.5511022044088176 -0.114704100450574
-3.5430861723446894 -0.11419699082175722
-3.535070140280561 -0.11369111926692696
-3.527054108216433 -0.11318652058901431
-3.5190380761523046 -0.11268322805221667
-3.5110220440881763 -0.11218127343044366
-3.503006012024048 -0.11168068705438587
-3.49498997995992 -0.11118149785724067
-3.4869739478957915 -0.11068373341912983
-3.4789579158316633 -0.11018742001024026
-3.470941883767535 -0.10969258263272266
-3.4629258517034067 -0.10919924506137799
-3.4549098196392785 -0.10870742988316438
-3.44689378757515 -0.10821715853555526
-3.438877755511022 -0.10772845134377812
-3.4308617234468937 -0.1072413275569644
-3.422845691382766 -0.10675580538323903
-3.414829659318637 -0.1062719020237779
-3.4068136272545093 -0.10578963370586188
-3.3987975951903806 -0.10530901571495299
-3.390781563126253 -0.10483006242582148
-3.382765531062124 -0.10435278733274726
-3.3747494989979963 -0.10387720307882391
-3.3667334669338675 -0.10340332148438737
-3.3587174348697397 -0.10293115357459558
-3.350701402805611 -0.10246070960618159
-3.342685370741483 -0.10199199909340372
-3.3346693386773545 -0.10152503083321505
-3.3266533066132267 -0.10105981292967472
-3.3186372745490984 -0.10059635281762148
-3.31062124248497 -0.1001346572856317
-3.302605210420842 -0.09967473249828095
-3.2945891783567136 -0.09921658401772997
-3.2865731462925853 -0.09876021682465363
-3.278557114228457 -0.09830563533853275
-3.270541082164329 -0.09785284343732542
-3.2625250501002006 -0.09740184447653781
-3.2545090180360723 -0.09695264130770996
-3.246492985971944 -0.09650523629633495
-3.2384769539078158 -0.09605963133922672
-3.2304609218436875 -0.0956158278813538
-3.2224448897795592 -0.09517382693215312
-3.214428857715431 -0.09473362908134081
-3.2064128256513027 -0.09429523451423297
-3.1983967935871744 -0.09385864302659243
-3.190380761523046 -0.09342385403901367
-3.182364729458918 -0.09299086661086159
-3.1743486973947896 -0.09255967945377525
-3.1663326653306614 -0.09213029094475109
-3.158316633266533 -0.09170269913881691
-3.150300601202405 -0.09127690178130932
-3.1422845691382766 -0.09085289631976648
-3.1342685370741483 -0.09043067991544734
-3.12625250501002 -0.09001024945448834
-3.118236472945892 -0.08959160155870909
-3.1102204408817635 -0.08917473259607649
-3.1022044088176353 -0.0887596386908385
-3.094188376753507 -0.08834631573333677
-3.0861723446893787 -0.08793475938950786
-3.0781563126252505 -0.08752496511008287
-3.070140280561122 -0.08711692813949377
-3.062124248496994 -0.08671064352449585
-3.0541082164328657 -0.08630610612251467
-3.0460921843687374 -0.08590331060972543
-3.038076152304609 -0.08550225148887378
-3.030060120240481 -0.0851029230968445
-3.0220440881763526 -0.08470531961198706
-3.014028056112225 -0.08430943506120428
-3.006012024048096 -0.08391526332681203
-2.9979959919839683 -0.08352279815317656
-2.9899799599198396 -0.08313203315313607
-2.9819639278557117 -0.08274296181421369
-2.973947895791583 -0.08235557750462702
-2.965931863727455 -0.08196987347910206
-2.9579158316633265 -0.08158584288449564
-2.9498997995991987 -0.08120347876523384
-2.94188376753507 -0.08082277406857075
-2.933867735470942 -0.08044372164967409
-2.9258517034068134 -0.08006631427654168
-2.9178356713426856 -0.07969054463475547
-2.909819639278557 -0.07931640533207676
-2.901803607214429 -0.07894388890288821
-2.8937875751503004 -0.07857298781248692
-2.8857715430861726 -0.07820369446123392
-2.877755511022044 -0.07783600118856285
-2.869739478957916 -0.07746990027685435
-2.8617234468937878 -0.07710538395517805
-2.8537074148296595 -0.07674244440290802
-2.8456913827655312 -0.07638107375321444
-2.837675350701403 -0.07602126409643585
-2.8296593186372747 -0.0756630074833353
-2.8216432865731464 -0.0753062959282444
-2.813627254509018 -0.07495112141209821
-2.80561122244489 -0.07459747588536479
-2.7975951903807617 -0.07424535127087238
-2.7895791583166334 -0.07389473946653752
-2.781563126252505 -0.07354563234799706
-2.773547094188377 -0.07319802177114705
-2.7655310621242486 -0.07285189957459148
-2.7575150300601203 -0.07250725758200374
-2.749498997995992 -0.07216408760440299
-2.741482965931864 -0.0718223814423489
-2.7334669338677355 -0.07148213088805658
-2.7254509018036073 -0.07114332772743451
-2.717434869739479 -0.07080596374204792
-2.7094188376753507 -0.07047003071100973
-2.7014028056112225 -0.07013552041280137
-2.693386773547094 -0.0698024246270259
-2.685370741482966 -0.06947073513609517
-2.6773547094188377 -0.06914044372685332
-2.6693386773547094 -0.0688115421921387
-2.661322645290581 -0.06848402233228568
-2.6533066132264533 -0.06815787595656897
-2.6452905811623246 -0.06783309488459144
-2.637274549098197 -0.06750967094761806
-2.629258517034068 -0.06718759598985663
-2.6212424849699403 -0.0668668618696882
-2.6132264529058116 -0.06654746046084765
-2.6052104208416837 -0.06622938365355678
-2.597194388777555 -0.06591262335561093
-2.589178356713427 -0.06559717149342091
-2.5811623246492985 -0.06528302001301142
-2.5731462925851707 -0.06497016088097778
-2.565130260521042 -0.0646585860854013
-2.557114228456914 -0.06434828763672631
-2.5490981963927855 -0.06403925756859798
-2.5410821643286576 -0.06373148793866408
-2.533066132264529 -0.0634249708293405
-2.525050100200401 -0.06311969834854263
-2.5170340681362724 -0.06281566263038274
-2.5090180360721446 -0.06251285583583564
-2.501002004008016 -0.062211270153372425
-2.492985971943888 -0.061910897799564234
-2.4849699398797593 -0.06161173101965663
-2.4769539078156315 -0.06131376208811548
-2.468937875751503 -0.06101698330914545
-2.460921843687375 -0.06072138701718208
-2.4529058116232467 -0.060426965577357744
-2.4448897795591185 -0.060133711385943305
-2.43687374749499 -0.05984161687076542
-2.428857715430862 -0.05955067449160051
-2.4208416833667337 -0.059260876740546545
-2.4128256513026054 -0.0589722161423729
-2.404809619238477 -0.058684685254849246
-2.396793587174349 -0.05839827666905423
-2.3887775551102206 -0.05811298300966428
-2.3807615230460923 -0.05782879693522376
-2.372745490981964 -0.05754571113839651
-2.364729458917836 -0.05726371834619989
-2.3567134268537075 -0.05698281132022148
-2.3486973947895793 -0.05670298285681956
-2.340681362725451 -0.05642422578730719
-2.3326653306613228 -0.05614653297812131
-2.3246492985971945 -0.055869897330976644
-2.3166332665330662 -0.055594311783005314
-2.308617234468938 -0.05531976930688261
-2.3006012024048097 -0.05504626291093922
-2.2925851703406814 -0.054773785639260775
-2.284569138276553 -0.0545023305717746
-2.276553106212425 -0.054231890824324704
-2.2685370741482966 -0.05396245954873493
-2.2605210420841684 -0.053694029932860994
-2.25250501002004 -0.05342659520063183
-2.2444889779559123 -0.053160148612080294
-2.2364729458917836 -0.052894683463363915
-2.2284569138276558 -0.05263019308677619
-2.220440881763527 -0.05236667085074804
-2.2124248496993992 -0.052104110159840934
-2.2044088176352705 -0.05184250445473072
-2.1963927855711427 -0.05158184721218368
-2.188376753507014 -0.0513221319450241
-2.180360721442886 -0.051063352202094535
-2.1723446893787575 -0.05080550156820823
-2.1643286573146296 -0.05054857366409486
-2.156312625250501 -0.05029256214633891
-2.148296593186373 -0.05003746070731195
-2.1402805611222444 -0.04978326307509797
-2.1322645290581166 -0.04952996301341339
-2.124248496993988 -0.04927755432152037
-2.11623246492986 -0.049026030834135224
-2.1082164328657313 -0.048775386421330905
-2.1002004008016035 -0.048525614988434725
-2.092184368737475 -0.0482767104759207
-2.084168336673347 -0.04802866685929761
-2.0761523046092183 -0.047781478148992015
-2.0681362725450905 -0.04753513839022734
-2.0601202404809618 -0.04728964166289844
-2.052104208416834 -0.0470449820814424
-2.0440881763527057 -0.046801153794705334
-2.0360721442885774 -0.04655815098580574
-2.028056112224449 -0.04631596787199416
-2.020040080160321 -0.046074598704509605
-2.0120240480961926 -0.04583403776843287
-2.0040080160320644 -0.04559427938253662
-1.9959919839679365 -0.045355317899132885
-1.9879759519038078 -0.04511714770391751
-1.9799599198396791 -0.04487976321581221
-1.9719438877755513 -0.044643158886804105
-1.9639278557114235 -0.044407329201782766
-1.9559118236472948 -0.0441722686783752
-1.947895791583166 -0.0439379718667787
-1.9398797595190382 -0.04370443334959165
-1.9318637274549104 -0.043471647741642375
-1.9238476953907817 -0.043239609689816286
-1.915831663326653 -0.04300831387288154
-1.9078156312625252 -0.04277775500131274
-1.8997995991983974 -0.0425479278171134
-1.8917835671342687 -0.04231882709363697
-1.88376753507014 -0.04209044763540665
-1.8757515030060121 -0.041862784277933815
-1.8677354709418843 -0.04163583188753543
-1.8597194388777556 -0.0414095853611504
-1.8517034068136269 -0.04118403962615505
-1.843687374749499 -0.040959189640177494
-1.8356713426853712 -0.040735030390911385
-1.8276553106212425 -0.0405115568959288
-1.8196392785571138 -0.040288764202492576
-1.811623246492986 -0.04006664738736795
-1.8036072144288582 -0.03984520155663353
-1.7955911823647295 -0.039624421845492044
-1.7875751503006008 -0.03940430341808048
-1.779559118236473 -0.03918484146727995
-1.7715430861723451 -0.038966031214525035
-1.7635270541082164 -0.038747867909613154
-1.7555110220440877 -0.03853034683051359
-1.74749498997996 -0.03831346328317632
-1.739478957915832 -0.038097212601340705
-1.7314629258517034 -0.037881590146344214
-1.7234468937875755 -0.037666591306931174
-1.7154308617234477 -0.03745221149906125
-1.707414829659319 -0.03723844616571829
-1.6993987975951903 -0.03702529077671915
-1.6913827655310625 -0.036812740828522664
-1.6833667334669347 -0.036600791844038645
-1.675350701402806 -0.03638943937243737
-1.6673346693386772 -0.036178678988959115
-1.6593186372745494 -0.035968506294724006
-1.6513026052104216 -0.03575891691654208
-1.643286573146293 -0.03554990650672384
-1.6352705410821642 -0.035341470742891165
-1.6272545090180364 -0.035133605327788434
-1.6192384769539085 -0.034926305989094165
-1.6112224448897798 -0.03471956847923311
-1.6032064128256511 -0.034513388575188896
-1.5951903807615233 -0.03430776207831694
-1.5871743486973955 -0.034102684814157985
-1.5791583166332668 -0.0338981526322522
-1.571142284569138 -0.03369416140595384
-1.5631262525050102 -0.03349070703224638
-1.5551102204408824 -0.03328778543155819
-1.5470941883767537 -0.03308539254757905
-1.539078156312625 -0.03288352434707709
-1.5310621242484972 -0.03268217681971638
-1.5230460921843694 -0.03248134597787523
-1.5150300601202407 -0.03228102785646508
-1.507014028056112 -0.03208121851275023
-1.4989979959919841 -0.03188191402616806
-1.4909819639278563 -0.031683110498149994
-1.4829659318637276 -0.03148480405194333
-1.474949899799599 -0.03128699083243363
-1.466933867735471 -0.031089667005967953
-1.4589178356713433 -0.03089282876017869
-1.4509018036072145 -0.030696472303808307
-1.4428857715430858 -0.030500593866534826
-1.434869739478958 -0.03030518969879799
-1.4268537074148302 -0.030110256071626245
-1.4188376753507015 -0.029915789276464527
-1.4108216432865728 -0.029721785625002876
-1.402805611222445 -0.029528241449005767
-1.3947895791583171 -0.02933515310014224
-1.3867735470941884 -0.02914251694981693
-1.3787575150300597 -0.028950329389001835
-1.370741482965932 -0.02875858682806895
-1.362725450901804 -0.02856728569662359
-1.3547094188376754 -0.02837642244333872
-1.3466933867735467 -0.028185993535790047
-1.3386773547094188 -0.02799599546029186
-1.330661322645291 -0.02780642472173379
-1.3226452905811623 -0.027617277843418307
-1.3146292585170345 -0.02742855136689928
-1.3066132264529067 -0.02724024185182103
-1.298597194388778 -0.027052345875758502
-1.2905811623246493 -0.026864860034058174
-1.2825651302605214 -0.026677780939679808
-1.2745490981963936 -0.026491105223038946
-1.266533066132265 -0.026304829531850437
-1.2585170340681362 -0.02611895053097268
-1.2505010020040084 -0.02593346490225271
-1.2424849699398806 -0.025748369344372104
-1.2344689378757518 -0.02556366057269377
-1.2264529058116231 -0.02537933531910959
-1.2184368737474953 -0.025195390331888855
-1.2104208416833675 -0.025011822375527442
-1.2024048096192388 -0.024828628230597987
-1.19438877755511 -0.02464580469360084
-1.1863727454909823 -0.02446334857681575
-1.1783567134268544 -0.024281256708154432
-1.1703406813627257 -0.02409952593101397
-1.162324649298597 -0.02391815310413106
-1.1543086172344692 -0.023737135101437025
-1.1462925851703414 -0.023556468811913547
-1.1382765531062127 -0.0233761511394494
-1.130260521042084 -0.023196179002697898
-1.1222444889779561 -0.02301654933493509
-1.1142284569138283 -0.02283725908391877
-1.1062124248496996 -0.022658305211748376
-1.098196392785571 -0.022479684694725586
-1.090180360721443 -0.022301394523215716
-1.0821643286573153 -0.02212343170150989
-1.0741482965931866 -0.021945793247687986
-1.0661322645290578 -0.021768476193482447
-1.05811623246493 -0.02159147758414273
-1.0501002004008022 -0.021414794478300518
-1.0420841683366735 -0.021238423947835827
-1.0340681362725448 -0.021062363077743753
-1.026052104208417 -0.020886608966002015
-1.0180360721442892 -0.020711158723439153
-1.0100200400801604 -0.020536009473603598
-1.0020040080160317 -0.020361158352633434
-0.9939879759519039 -0.02018660250912685
-0.9859719438877761 -0.020012339104013278
-0.9779559118236474 -0.019838365310425363
-0.9699398797595187 -0.01966467831357162
-0.9619238476953909 -0.019491275310609752
-0.953907815631263 -0.019318153510520616
-0.9458917835671343 -0.019145310133983028
-0.9378757515030056 -0.018972742413249248
-0.9298597194388778 -0.018800447592020993
-0.92184368737475 -0.018628422925326266
-0.9138276553106213 -0.01845666567939683
-0.9058116232464934 -0.018285173131546414
-0.8977955911823656 -0.018113942570049422
-0.8897795591182369 -0.01794297129402042
-0.8817635270541082 -0.017772256613294336
-0.8737474949899804 -0.017601795848307164
-0.8657314629258526 -0.017431586329977312
-0.8577154308617239 -0.017261625399587734
-0.8496993987975952 -0.017091910408668597
-0.8416833667334673 -0.016922438718880554
-0.8336673346693395 -0.01675320770189861
-0.8256513026052108 -0.016584214739296707
-0.8176352705410821 -0.01641545722243287
-0.8096192384769543 -0.0162469325523349
-0.8016032064128265 -0.016078638139586682
-0.7935871743486977 -0.01591057140421512
-0.785571142284569 -0.015742729775577686
-0.7775551102204412 -0.015575110692250423
-0.7695390781563134 -0.01540771160191659
-0.7615230460921847 -0.015240529961255874
-0.753507014028056 -0.01507356323583421
-0.7454909819639282 -0.014906808899994047
-0.7374749498998003 -0.014740264436745193
-0.7294589178356716 -0.014573927337656242
-0.7214428857715429 -0.014407795102746547
-0.7134268537074151 -0.014241865240378649
-0.7054108216432873 -0.014076135267151235
-0.6973947895791586 -0.013910602707792676
-0.6893787575150299 -0.013745265095055064
-0.681362725450902 -0.013580119969608721
-0.6733466933867742 -0.01341516487993714
-0.6653306613226455 -0.013250397382232559
-0.6573146292585168 -0.013085815040291974
-0.649298597194389 -0.012921415425413583
-0.6412825651302612 -0.01275719611629369
-0.6332665330661325 -0.012593154698924153
-0.6252505010020037 -0.012429288766490309
-0.6172344689378759 -0.012265595919269246
-0.6092184368737481 -0.012102073764528565
-0.6012024048096194 -0.011938719916425642
-0.5931863727454907 -0.011775531995907309
-0.5851703406813629 -0.011612507630609923
-0.577154308617235 -0.011449644454759848
-0.5691382765531063 -0.011286940109074422
-0.5611222444889776 -0.011124392240663352
-0.5531062124248498 -0.010961998502930443
-0.545090180360722 -0.010799756555475697
-0.5370741482965933 -0.01063766406399794
-0.5290581162324646 -0.010475718700197784
-0.5210420841683367 -0.010313918141680922
-0.5130260521042089 -0.0101522600718618
-0.5050100200400802 -0.00999074217986775
-0.4969939879759524 -0.009829362160443465
-0.4889779559118246 -0.009668117713855713
-0.48096192384769587 -0.009507006545798549
-0.47294589178356716 -0.009346026367298858
-0.46492985971943934 -0.009185174894622172
-0.4569138276553115 -0.009024449849178823
-0.4488977955911828 -0.00886384895743049
-0.4408817635270541 -0.008703369950797093
-0.4328657314629263 -0.00854301056556391
-0.42484969939879846 -0.008382768542789017
-0.41683366733466976 -0.008222641628211116
-0.40881763527054105 -0.008062627572157649
-0.4008016032064132 -0.007902724129453134
-0.3927855711422854 -0.007742929059327832
-0.3847695390781567 -0.0075832401253267045
-0.376753507014028 -0.0074236550952187
-0.36873747494990017 -0.007264171740906226
-0.36072144288577235 -0.007104787838334881
-0.35270541082164364 -0.006945501167403528
-0.34468937875751493 -0.006786309511874628
-0.3366733466933871 -0.006627210659284734
-0.3286573146292593 -0.006468202400855243
-0.3206412825651306 -0.00630928253140347
-0.3126252505010019 -0.006150448849253915
-0.30460921843687405 -0.005991699156149732
-0.29659318637274623 -0.0058330312571643885
-0.2885771543086175 -0.005674442960613624
-0.2805611222444888 -0.005515932077967616
-0.272545090180361 -0.00535749642376328
-0.2645290581162332 -0.0051991338155167694
-0.25651302605210446 -0.005040842073636237
-0.24849699398797576 -0.004882619021334786
-0.24048096192384794 -0.004724462484543531
-0.23246492985972012 -0.004566370291824843
-0.2244488977955914 -0.004408340274285815
-0.2164328657314627 -0.00425037026549192
-0.20841683366733488 -0.0040924581013807365
-0.20040080160320706 -0.003934601620175847
-0.19238476953907835 -0.003776798662300931
-0.18436873747494964 -0.0036190470702940273
-0.17635270541082182 -0.0034613446887218433
-0.168336673346694 -0.0033036893640942078
-0.1603206412825653 -0.003146078944778715
-0.15230460921843658 -0.002988511280915492
-0.14428857715430876 -0.002830984224332008
-0.13627254509018094 -0.0026734956284579984
-0.12825651302605223 -0.002516043348240558
-0.12024048096192352 -0.002358625240059333
-0.1122244488977957 -0.0022012391616417462
-0.10420841683366788 -0.002043882971978292
-0.09619238476953917 -0.0018865545312380006
-0.08817635270541135 -0.0017292517006839859
-0.08016032064128353 -0.001571972342588911
-0.07214428857715482 -0.0014147143201506795
-0.06412825651302612 -0.00125747549740816
-0.056112224448898296 -0.0011002537391569091
-0.048096192384770475 -0.0009430469108649307
-0.04008016032064177 -0.000785852878588558
-0.03206412825651306 -0.0006286695088883687
-0.024048096192385238 -0.0004714946687450658
-0.016032064128257417 -0.0003143262254753847
-0.008016032064128709 -0.00015716204664809172
0.0 0.0
0.00801603206412782 0.00015716204664807432
0.01603206412825653 0.00031432622547536724
0.02404809619238435 0.0004714946687450484
0.03206412825651306 0.0006286695088883687
0.04008016032064088 0.0007858528785885405
0.04809619238476959 0.0009430469108649133
0.05611222444889741 0.0011002537391568915
0.06412825651302612 0.00125747549740816
0.07214428857715394 0.001414714320150662
0.08016032064128265 0.001571972342588894
0.08817635270541047 0.0017292517006839683
0.09619238476953917 0.0018865545312380006
0.104208416833667 0.0020438829719782747
0.11222444889779482 0.002201239161641729
0.12024048096192352 0.002358625240059333
0.12825651302605134 0.0025160433482405396
0.13627254509018005 0.0026734956284579807
0.14428857715430787 0.0028309842243319904
0.15230460921843658 0.002988511280915492
0.1603206412825644 0.0031460789447786976
0.1683366733466931 0.0033036893640941904
0.17635270541082093 0.003461344688721826
0.18436873747494964 0.0036190470702940273
0.19238476953907746 0.0037767986623009142
0.20040080160320617 0.003934601620175829
0.208416833667334 0.004092458101380719
0.2164328657314627 0.00425037026549192
0.22444889779559052 0.004408340274285797
0.23246492985971923 0.004566370291824827
0.24048096192384705 0.004724462484543514
0.24849699398797576 0.004882619021334786
0.2565130260521036 0.005040842073636219
0.2645290581162323 0.005199133815516751
0.2725450901803601 0.005357496423763262
0.2805611222444888 0.005515932077967616
0.28857715430861663 0.005674442960613607
0.29659318637274534 0.005833031257164371
0.30460921843687316 0.005991699156149715
0.3126252505010019 0.006150448849253915
0.3206412825651297 0.006309282531403451
0.3286573146292584 0.006468202400855226
0.3366733466933862 0.006627210659284715
0.34468937875751493 0.006786309511874628
0.35270541082164275 0.006945501167403512
0.36072144288577146 0.007104787838334864
0.3687374749498993 0.007264171740906209
0.376753507014028 0.0074236550952187
0.3847695390781558 0.007583240125326686
0.3927855711422845 0.0077429290593278135
0.40080160320641234 0.007902724129453116
0.40881763527054105 0.008062627572157649
0.41683366733466887 0.008222641628211097
0.4248496993987976 0.008382768542788998
0.4328657314629254 0.008543010565563891
0.4408817635270541 0.008703369950797093
0.4488977955911819 0.008863848957430472
0.45691382765531063 0.009024449849178806
0.46492985971943845 0.009185174894622155
0.47294589178356716 0.009346026367298858
0.480961923847695 0.009507006545798532
0.4889779559118237 0.009668117713855694
0.4969939879759515 0.009829362160443448
0.5050100200400802 0.00999074217986775
0.513026052104208 0.010152260071861782
0.5210420841683359 0.010313918141680901
0.5290581162324646 0.010475718700197784
0.5370741482965924 0.010637664063997923
0.5450901803607211 0.010799756555475678
0.5531062124248489 0.010961998502930424
0.5611222444889776 0.011124392240663352
0.5691382765531054 0.011286940109074403
0.5771543086172342 0.011449644454759827
0.585170340681362 0.011612507630609906
0.5931863727454907 0.011775531995907309
0.6012024048096185 0.011938719916425625
0.6092184368737472 0.012102073764528546
0.617234468937875 0.012265595919269226
0.6252505010020037 0.012429288766490309
0.6332665330661316 0.012593154698924136
0.6412825651302603 0.012757196116293673
0.6492985971943881 0.012921415425413568
0.6573146292585168 0.013085815040291974
0.6653306613226446 0.013250397382232541
0.6733466933867733 0.01341516487993712
0.6813627254509012 0.0135801199696087
0.6893787575150299 0.013745265095055064
0.6973947895791577 0.013910602707792655
0.7054108216432864 0.014076135267151218
0.7134268537074142 0.01424186524037863
0.7214428857715429 0.014407795102746547
0.7294589178356707 0.014573927337656226
0.7374749498997994 0.014740264436745176
0.7454909819639273 0.014906808899994028
0.753507014028056 0.01507356323583421
0.7615230460921838 0.015240529961255857
0.7695390781563125 0.015407711601916573
0.7775551102204403 0.015575110692250408
0.785571142284569 0.015742729775577686
0.7935871743486969 0.015910571404215104
0.8016032064128256 0.01607863813958666
0.8096192384769534 0.016246932552334878
0.8176352705410821 0.01641545722243287
0.8256513026052099 0.01658421473929669
0.8336673346693386 0.016753207701898594
0.8416833667334664 0.016922438718880536
0.8496993987975952 0.017091910408668597
0.857715430861723 0.01726162539958772
0.8657314629258517 0.01743158632997729
0.8737474949899795 0.017601795848307143
0.8817635270541082 0.017772256613294336
0.889779559118236 0.017942971294020404
0.8977955911823647 0.0181139425700494
0.9058116232464926 0.018285173131546394
0.9138276553106213 0.01845666567939683
0.9218436873747491 0.018628422925326245
0.9298597194388769 0.018800447592020975
0.9378757515030056 0.018972742413249248
0.9458917835671334 0.019145310133983014
0.9539078156312621 0.019318153510520596
0.96192384769539 0.019491275310609735
0.9699398797595187 0.01966467831357162
0.9779559118236465 0.019838365310425345
0.9859719438877752 0.020012339104013253
0.993987975951903 0.020186602509126832
1.0020040080160317 0.020361158352633434
1.0100200400801596 0.02053600947360358
1.0180360721442883 0.020711158723439132
1.026052104208416 0.02088660896600199
1.0340681362725448 0.021062363077743753
1.0420841683366726 0.021238423947835806
1.0501002004008013 0.0214147944783005
1.0581162324649291 0.02159147758414271
1.0661322645290578 0.021768476193482447
1.0741482965931857 0.021945793247687962
1.0821643286573144 0.02212343170150987
1.0901803607214422 0.022301394523215695
1.098196392785571 0.022479684694725586
1.1062124248496987 0.022658305211748355
1.1142284569138274 0.022837259083918753
1.1222444889779553 0.023016549334935067
1.130260521042084 0.023196179002697898
1.1382765531062118 0.02337615113944938
1.1462925851703405 0.02355646881191353
1.1543086172344683 0.023737135101437004
1.162324649298597 0.02391815310413106
1.1703406813627248 0.024099525931013947
1.1783567134268536 0.024281256708154408
1.1863727454909814 0.02446334857681573
1.19438877755511 0.02464580469360084
1.202404809619238 0.024828628230597966
1.2104208416833666 0.025011822375527425
1.2184368737474944 0.02519539033188883
1.2264529058116231 0.02537933531910959
1.234468937875751 0.02556366057269374
1.2424849699398797 0.025748369344372083
1.2505010020040075 0.02593346490225269
1.2585170340681362 0.02611895053097268
1.266533066132264 0.02630482953185042
1.2745490981963927 0.02649110522303893
1.2825651302605205 0.026677780939679784
1.2905811623246493 0.026864860034058174
1.298597194388777 0.027052345875758475
1.3066132264529058 0.02724024185182101
1.3146292585170336 0.027428551366899256
1.3226452905811623 0.027617277843418307
1.3306613226452901 0.027806424721733766
1.338677354709418 0.027995995460291846
1.3466933867735467 0.028185993535790047
1.3547094188376745 0.028376422443338697
1.3627254509018032 0.02856728569662357
1.370741482965931 0.02875858682806892
1.3787575150300597 0.028950329389001835
1.3867735470941875 0.02914251694981691
1.3947895791583163 0.02933515310014222
1.402805611222444 0.02952824144900574
1.4108216432865728 0.029721785625002876
1.4188376753507006 0.0299157892764645
1.4268537074148293 0.030110256071626224
1.4348697394789571 0.03030518969879797
1.4428857715430858 0.030500593866534826
1.4509018036072137 0.030696472303808287
1.4589178356713424 0.030892828760178667
1.4669338677354702 0.03108966700596793
1.474949899799599 0.03128699083243363
1.4829659318637267 0.03148480405194331
1.4909819639278554 0.03168311049814997
1.4989979959919832 0.03188191402616804
1.507014028056112 0.03208121851275023
1.5150300601202398 0.03228102785646506
1.5230460921843685 0.0324813459778752
1.5310621242484963 0.03268217681971635
1.539078156312625 0.03288352434707709
1.5470941883767528 0.03308539254757903
1.5551102204408815 0.033287785431558164
1.5631262525050094 0.03349070703224635
1.571142284569138 0.03369416140595384
1.579158316633266 0.03389815263225218
1.5871743486973946 0.03410268481415796
1.5951903807615224 0.034307762078316914
1.6032064128256511 0.034513388575188896
1.611222444889779 0.0347195684792331
1.6192384769539077 0.03492630598909415
1.6272545090180355 0.03513360532778842
1.6352705410821642 0.035341470742891165
1.643286573146292 0.03554990650672382
1.6513026052104207 0.03575891691654206
1.6593186372745485 0.035968506294723986
1.6673346693386772 0.036178678988959115
1.675350701402805 0.036389439372437354
1.6833667334669338 0.036600791844038624
1.6913827655310616 0.036812740828522636
1.6993987975951903 0.03702529077671915
1.7074148296593181 0.03723844616571827
1.7154308617234468 0.03745221149906123
1.7234468937875747 0.03766659130693115
1.7314629258517034 0.037881590146344214
1.7394789579158312 0.03809721260134067
1.747494989979959 0.03831346328317629
1.7555110220440877 0.03853034683051359
1.7635270541082155 0.038747867909613126
1.7715430861723442 0.038966031214525
1.779559118236472 0.03918484146727993
1.7875751503006008 0.03940430341808048
1.7955911823647286 0.03962442184549201
1.8036072144288573 0.03984520155663351
1.8116232464929851 0.04006664738736792
1.8196392785571138 0.040288764202492576
1.8276553106212416 0.04051155689592877
1.8356713426853704 0.04073503039091136
1.8436873747494982 0.040959189640177474
1.8517034068136269 0.04118403962615505
1.8597194388777547 0.04140958536115038
1.8677354709418834 0.041635831887535404
1.8757515030060112 0.04186278427793379
1.88376753507014 0.04209044763540665
1.8917835671342678 0.04231882709363695
1.8997995991983965 0.04254792781711338
1.9078156312625243 0.042777755001312714
1.915831663326653 0.04300831387288154
1.9238476953907808 0.04323960968981626
1.9318637274549095 0.04347164774164233
1.9398797595190373 0.04370443334959163
1.947895791583166 0.0439379718667787
1.9559118236472939 0.044172268678375176
1.9639278557114226 0.044407329201782746
1.9719438877755504 0.044643158886804084
1.9799599198396791 0.04487976321581221
1.987975951903807 0.04511714770391748
1.9959919839679356 0.04535531789913287
2.0040080160320635 0.04559427938253659
2.012024048096192 0.04583403776843285
2.020040080160321 0.046074598704509605
2.028056112224448 0.046315967871994115
2.0360721442885765 0.04655815098580571
2.0440881763527052 0.04680115379470532
2.052104208416832 0.04704498208144233
2.0601202404809627 0.047289641662898466
2.0681362725450896 0.04753513839022732
2.0761523046092183 0.047781478148992015
2.084168336673347 0.04802866685929761
2.092184368737474 0.04827671047592067
2.1002004008016026 0.0485256149884347
2.1082164328657313 0.048775386421330905
2.1162324649298583 0.04902603083413517
2.1242484969939888 0.049277554321520395
2.1322645290581157 0.049529963013413364
2.1402805611222444 0.04978326307509797
2.148296593186373 0.05003746070731195
2.1563126252505 0.050292562146338884
2.1643286573146288 0.05054857366409484
2.1723446893787575 0.05080550156820823
2.1803607214428844 0.05106335220209448
2.188376753507013 0.051322131945024066
2.196392785571142 0.05158184721218365
2.2044088176352687 0.051842504454730653
2.2124248496993992 0.052104110159840934
2.220440881763526 0.05236667085074801
2.228456913827655 0.052630193086776154
2.2364729458917836 0.052894683463363915
2.2444889779559105 0.053160148612080245
2.2525050100200392 0.0534265952006318
2.260521042084168 0.053694029932860994
2.268537074148295 0.053962459548734854
2.2765531062124253 0.05423189082432473
2.2845691382765523 0.05450233057177458
2.292585170340681 0.054773785639260754
2.3006012024048097 0.05504626291093922
2.3086172344689366 0.055319769306882545
2.3166332665330653 0.055594311783005286
2.324649298597194 0.05586989733097663
2.332665330661321 0.056146532978121264
2.3406813627254515 0.05642422578730721
2.3486973947895784 0.056702982856819524
2.356713426853707 0.05698281132022148
2.364729458917836 0.05726371834619989
2.3727454909819627 0.05754571113839646
2.3807615230460915 0.05782879693522372
2.38877755511022 0.05811298300966426
2.396793587174347 0.05839827666905416
2.4048096192384776 0.058684685254849274
2.4128256513026045 0.058972216142372864
2.420841683366733 0.05926087674054651
2.428857715430862 0.05955067449160051
2.436873747494989 0.05984161687076538
2.4448897795591176 0.060133711385943284
2.4529058116232463 0.060426965577357716
2.460921843687373 0.060721387017182
2.4689378757515037 0.06101698330914547
2.4769539078156306 0.061313762088115446
2.4849699398797593 0.06161173101965663
2.492985971943888 0.061910897799564234
2.501002004008015 0.06221127015337236
2.5090180360721437 0.06251285583583562
2.5170340681362724 0.06281566263038274
2.5250501002003993 0.06311969834854256
2.53306613226453 0.06342497082934055
2.5410821643286567 0.06373148793866405
2.5490981963927855 0.06403925756859798
2.557114228456914 0.06434828763672631
2.565130260521041 0.06465858608540126
2.57314629258517 0.06497016088097772
2.5811623246492985 0.06528302001301142
2.5891783567134254 0.06559717149342084
2.597194388777554 0.0659126233556109
2.605210420841683 0.06622938365355674
2.61322645290581 0.06654746046084756
2.6212424849699403 0.0668668618696882
2.629258517034067 0.06718759598985659
2.637274549098196 0.06750967094761803
2.6452905811623246 0.06783309488459144
2.6533066132264516 0.0681578759565689
2.6613226452905803 0.06848402233228562
2.669338677354709 0.06881154219213867
2.677354709418836 0.06914044372685324
2.6853707414829664 0.0694707351360952
2.6933867735470933 0.06980242462702586
2.701402805611222 0.07013552041280136
2.7094188376753507 0.07047003071100973
2.7174348697394777 0.07080596374204787
2.7254509018036064 0.07114332772743445
2.733466933867735 0.07148213088805655
2.741482965931862 0.07182238144234883
2.7494989979959925 0.072164087604403
2.7575150300601194 0.0725072575820037
2.765531062124248 0.07285189957459146
2.773547094188377 0.07319802177114705
2.781563126252504 0.07354563234799702
2.7895791583166325 0.07389473946653749
2.797595190380761 0.07424535127087237
2.805611222444888 0.07459747588536468
2.8136272545090186 0.07495112141209824
2.8216432865731456 0.07530629592824438
2.8296593186372743 0.0756630074833353
2.837675350701403 0.07602126409643585
2.84569138276553 0.07638107375321439
2.8537074148296586 0.07674244440290796
2.8617234468937873 0.07710538395517802
2.8697394789579143 0.07746990027685427
2.8777555110220447 0.0778360011885629
2.8857715430861717 0.07820369446123386
2.8937875751503004 0.07857298781248692
2.901803607214429 0.07894388890288821
2.909819639278556 0.0793164053320767
2.9178356713426847 0.07969054463475543
2.9258517034068134 0.08006631427654168
2.9338677354709404 0.08044372164967399
2.941883767535071 0.08082277406857077
2.949899799599198 0.08120347876523376
2.9579158316633265 0.08158584288449564
2.965931863727455 0.08196987347910206
2.973947895791582 0.082355577504627
2.981963927855711 0.08274296181421364
2.9899799599198396 0.08313203315313607
2.9979959919839665 0.08352279815317643
3.006012024048095 0.08391526332681196
3.014028056112224 0.08430943506120425
3.022044088176351 0.08470531961198699
3.0300601202404813 0.08510292309684458
3.0380761523046083 0.08550225148887373
3.046092184368737 0.0859033106097254
3.0541082164328657 0.08630610612251467
3.0621242484969926 0.08671064352449581
3.0701402805611213 0.08711692813949372
3.07815631262525 0.08752496511008286
3.086172344689377 0.08793475938950776
3.0941883767535074 0.08834631573333677
3.1022044088176344 0.08875963869083843
3.110220440881763 0.08917473259607646
3.118236472945892 0.08959160155870909
3.1262525050100187 0.09001024945448825
3.1342685370741474 0.09043067991544729
3.142284569138276 0.09085289631976644
3.150300601202403 0.09127690178130922
3.1583166332665336 0.09170269913881694
3.1663326653306605 0.09213029094475107
3.174348697394789 0.09255967945377525
3.182364729458918 0.09299086661086159
3.190380761523045 0.09342385403901358
3.1983967935871735 0.09385864302659237
3.2064128256513023 0.09429523451423297
3.214428857715429 0.09473362908134066
3.2224448897795597 0.09517382693215312
3.2304609218436866 0.09561582788135373
3.2384769539078153 0.09605963133922675
3.246492985971944 0.09650523629633495
3.254509018036071 0.0969526413077099
3.2625250501001997 0.09740184447653774
3.2705410821643284 0.09785284343732538
3.2785571142284553 0.09830563533853261
3.286573146292586 0.09876021682465368
3.2945891783567127 0.09921658401772987
3.3026052104208414 0.09967473249828093
3.31062124248497 0.1001346572856317
3.318637274549097 0.10059635281762143
3.326653306613226 0.10105981292967466
3.3346693386773545 0.10152503083321505
3.3426853707414814 0.10199199909340359
3.350701402805612 0.10246070960618164
3.358717434869739 0.10293115357459556
3.3667334669338675 0.10340332148438737
3.3747494989979963 0.10387720307882391
3.382765531062123 0.10435278733274722
3.390781563126252 0.10483006242582141
3.3987975951903806 0.10530901571495299
3.4068136272545075 0.10578963370586174
3.4148296593186362 0.10627190202377786
3.422845691382765 0.10675580538323898
3.430861723446892 0.10724132755696429
3.4388777555110224 0.10772845134377815
3.4468937875751493 0.10821715853555519
3.454909819639278 0.10870742988316433
3.4629258517034067 0.10919924506137799
3.4709418837675337 0.10969258263272261
3.4789579158316624 0.1101874200102402
3.486973947895791 0.11068373341912977
3.494989979959918 0.11118149785724059
3.5030060120240485 0.11168068705438589
3.5110220440881754 0.11218127343044361
3.519038076152304 0.11268322805221664
3.527054108216433 0.11318652058901431
3.5350701402805598 0.11369111926692685
3.5430861723446885 0.11419699082175713
3.551102204408817 0.11470410045057398
3.559118236472944 0.1152124117618555
3.5671342685370746 0.11572188672418532
3.5751503006012015 0.11623248561346432
3.5831663326653302 0.11674416695860657
3.591182364729459 0.11725688748567686
3.599198396793586 0.11777060206043742
3.6072144288577146 0.11828526362926411
3.6152304609218433 0.11880082315839519
3.6232464929859702 0.1193172295714737
3.6312625250501007 0.11983442968534765
3.6392785571142277 0.1203523681440857
3.6472945891783564 0.12087098735117455
3.655310621242485 0.12139022739985504
3.663326653306612 0.12191002600156167
3.6713426853707407 0.12243031841242612
3.6793587174348694 0.12295103735780484
3.6873747494989964 0.12347211295479653
3.695390781563127 0.12399347263270871
3.7034068136272538 0.12451504105143596
3.7114228456913825 0.12503674001771858
3.719438877755511 0.12555848839923875
3.727454909819638 0.1260802020365243
3.735470941883767 0.1266017936526252
3.7434869739478955 0.12712317276052926
3.7515030060120225 0.12764424556828674
3.759519038076153 0.12816491488181453
3.76753507014028 0.12868508000534884
3.7755511022044086 0.12920463663952653
3.7835671342685373 0.12972347677706433
3.7915831663326642 0.13024148859601875
3.799599198396793 0.1307585563506085
3.8076152304609217 0.13127456025957887
3.8156312625250486 0.13178937639210161
3.8236472945891773 0.13230287655119657
3.831663326653306 0.13281492815467294
3.839679358717433 0.1333253941135865
3.8476953907815634 0.13383413270822045
3.8557114228456904 0.13434099746159334
3.863727454909819 0.13484583701051403
3.8717434869739478 0.13534849497419826
3.8797595190380747 0.1358488098204776
3.8877755511022034 0.136346614729631
3.895791583166332 0.13684173745588082
3.903807615230459 0.13733400018660138
3.9118236472945895 0.1378232193992976
3.9198396793587165 0.13830920571641747
3.927855711422845 0.13879176375807886
3.935871743486974 0.13927069199279044
3.943887775551101 0.1397457825862692
3.9519038076152295 0.14021682124846185
3.9599198396793582 0.14068358707888964
3.967935871743485 0.14114585241045674
3.9759519038076157 0.14160338265186576
3.9839679358717426 0.14205593612880973
3.9919839679358713 0.14250326392411783
4.0 0.14294510971705413
