delta_wp TPR_C_rho12_real
-4.0 -0.028627879800044314
-3.75 -0.020141792725355125
-3.5 -0.013192853250864332
-3.25 -0.006771021982269543
-3.0 -0.0006976316295168957
-2.75 0.005021180223642884
-2.5 0.009094270851537302
-2.25 0.008557991389268094
-2.0 -0.016505951314493752
-1.75 0.009958480485408164
-1.5 0.013102753990584573
-1.25 0.01716750840679832
-1.0 0.021707333449772267
-0.75 0.02644795690927249
-0.5 0.0313069540367798
-0.25 0.0363730129715308
0.0 0.04245363287076564
0.25 0.047336597191958284
0.5 0.05322989633815038
0.75 0.05915039376058589
1.0 0.06438628777378792
1.25 0.06694999568823164
1.5 0.06487314625373684
1.75 0.06246265151435185
2.0 0.05794997792502431
2.25 0.021191673708000947
2.5 -0.023388980876240716
2.75 -0.039943323616209676
3.0 -0.030862512063040252
3.25 -0.013916712274171787
3.5 0.004067157177346198
3.75 0.021995603824592654
4.0 0.04014282947917763
