delta_wp TPR_C_rho12_real
-4.0 -0.14294510971610838
-3.75 -0.12754657217283163
-3.5 -0.11149332586281033
-3.25 -0.09670075459841744
-3.0 -0.08362075480343109
-2.75 -0.07218549275703212
-2.5 -0.06217365741412067
-2.25 -0.05334322480900991
-2.0 -0.04547469937951462
-1.75 -0.03838117118919039
-1.5 -0.03190679961121111
-1.25 -0.025921885036246956
-1.0 -0.02031749182081097
-0.75 -0.015000582228798885
-0.5 -0.009889863657156587
-0.25 -0.004912280711851165
0.0 -3.896474969760756e-13
0.25 0.004912280711059774
0.5 0.009889863656346524
0.75 0.015000582227957887
1.0 0.02031749181995248
1.25 0.02592188503531482
1.5 0.03190679961019233
1.75 0.03838117118841078
2.0 0.045474699378629774
2.25 0.05334322480809176
2.5 0.06217365741315118
2.75 0.07218549275592927
3.0 0.08362075480140903
3.25 0.0967007545970374
3.5 0.11149332586030075
3.75 0.12754657217113807
4.0 0.14294510971461563
