time TPR_both_B_closed_1_rho12_real
0.0 0.0
0.00614192112138767 -2.262363421978275e-05
0.01228384224277534 -9.037123292141823e-05
0.01842576336416301 -0.00020287356398773705
0.02456768448555068 -0.00035951750246995286
0.030709605606938348 -0.0005594494096948239
0.03685152672832602 -0.0008015798365887598
0.042993447849713685 -0.0010845895240234112
0.04913536897110136 -0.001406936665543496
0.05527729009248903 -0.001766865390633654
0.061419211213876695 -0.0021624154197648422
0.06756113233526437 -0.0025914328358770723
0.07370305345665204 -0.00305158191074529
0.07984497457803971 -0.0035403579188765795
0.08598689569942737 -0.004055100866232585
0.09212881682081504 -0.004593010056190228
0.09827073794220272 -0.005151159410770498
0.10441265906359039 -0.005726513461299151
0.11055458018497806 -0.006315943919329497
0.11669650130636572 -0.006916246735866566
0.12283842242775339 -0.007524159554689804
0.12898034354914106 -0.00813637946387991
0.13512226467052874 -0.008749580948512149
0.1412641857919164 -0.009360433946877515
0.14740610691330408 -0.009965621912525589
0.15354802803469175 -0.010561859784875654
0.15968994915607942 -0.011145911772101773
0.16583187027746707 -0.011714608851445343
0.17197379139885474 -0.01226486589402612
0.17811571252024241 -0.012793698323589751
0.1842576336416301 -0.013298238221425212
0.19039955476301776 -0.013775749792886186
0.19654147588440543 -0.01422364411453476
0.2026833970057931 -0.014639493084870139
0.20882531812718078 -0.01502104250588745
0.21496723924856845 -0.015366224227308867
0.22110916036995612 -0.01567316729021939
0.2272510814913438 -0.01594020801200102
0.23339300261273144 -0.016165898959869834
0.2395349237341191 -0.016349016765959956
0.24567684485550678 -0.016488568742745863
0.25181876597689445 -0.016583798263628918
0.2579606870982821 -0.016634188879715295
0.2641026082196698 -0.016639467150159418
0.27024452934105747 -0.016599604169918798
0.27638645046244514 -0.016514815785340597
0.2825283715838328 -0.016385561494655303
0.2886702927052205 -0.01621254203716432
0.29481221382660816 -0.015996695681651792
0.30095413494799583 -0.015739193231300134
0.3070960560693835 -0.015441431769115927
0.3132379771907712 -0.015105027174548678
0.31937989831215885 -0.014731805448578737
0.3255218194335465 -0.01432379289102974
0.33166374055493414 -0.013883205180191246
0.3378056616763218 -0.013412435410983517
0.3439475827977095 -0.012914041153821653
0.35008950391909716 -0.012390730602003231
0.35623142504048483 -0.011845347880813983
0.3623733461618725 -0.011280857596580554
0.3685152672832602 -0.010700328708561335
0.37465718840464785 -0.010106917810815515
0.3807991095260355 -0.00950385191499303
0.3869410306474232 -0.008894410828305709
0.39308295176881086 -0.008281909223743196
0.39922487289019853 -0.007669678501852101
0.4053667940115862 -0.007061048545080213
0.4115087151329739 -0.006459329466772127
0.41765063625436155 -0.005867793457373298
0.4237925573757492 -0.005289656830237488
0.4299344784971369 -0.004728062368632892
0.43607639961852457 -0.004186062074096233
0.44221832073991224 -0.0036666004141978213
0.4483602418612999 -0.003172498165056571
0.4545021629826876 -0.0027064369406002236
0.4606440841040752 -0.002270944496616604
0.4667860052254629 -0.0018683808931162188
0.47292792634685055 -0.001500925593450641
0.4790698474682382 -0.001170565573044668
0.4852117685896259 -0.0008790845045407084
0.49135368971101356 -0.0006280530796685253
0.49749561083240124 -0.00041882052129007223
0.5036375319537889 -0.0002525073318812902
0.5097794530751766 -0.00012999931725554844
0.5159213741965643 -5.1942916664342304e-05
0.5220632953179519 -1.8741862588754625e-05
0.5282052164393396 -3.055518562005639e-05
0.5343471375607273 -8.72965718793636e-05
0.5404890586821149 -0.00018863507250293748
0.5466309798035026 -0.0003339971568788829
0.5527729009248903 -0.00052257009361831
0.558914822046278 -0.000753306635731895
0.5650567431676656 -0.0010249309792101004
0.5711986642890533 -0.0013359459572174267
0.577340585410441 -0.0016846414254492658
0.5834825065318286 -0.0020691037879011775
0.5896244276532163 -0.0024872266063959195
0.595766348774604 -0.002936722231729853
0.6019082698959917 -0.0034151343892604223
0.6080501910173793 -0.003919851647176343
0.614192112138767 -0.004448121691584257
0.6203340332601547 -0.004997066328916798
0.6264759543815424 -0.005563697133021381
0.63261787550293 -0.00614493165162494
0.6387597966243177 -0.0067376100846834085
0.6449017177457054 -0.007338512345407365
0.651043638867093 -0.007944375413497812
0.6571855599884806 -0.008551910889316198
0.6633274811098683 -0.009157822657336232
0.669469402231256 -0.00975882456726494
0.6756113233526436 -0.010351658041666914
0.6817532444740313 -0.010933109519755329
0.687895165595419 -0.011500027648215245
0.6940370867168066 -0.012049340131486843
0.7001790078381943 -0.012578070155835676
0.706320928959582 -0.01308335230376998
0.7124628500809697 -0.013562447877917569
0.7186047712023573 -0.014012759556332573
0.724746692323745 -0.014431845304363262
0.7308886134451327 -0.01481743147166538
0.7370305345665203 -0.01516742500668334
0.743172455687908 -0.015479924724945417
0.7493143768092957 -0.015753231571815282
0.7554562979306834 -0.015985857824913536
0.761598219052071 -0.01617653518626397
0.7677401401734587 -0.0163242217193201
0.7738820612948464 -0.01642810759138907
0.780023982416234 -0.01648761958758023
0.7861659035376217 -0.0165024243682554
0.7923078246590094 -0.016472430448039473
0.7984497457803971 -0.016397788880742215
0.8045916669017847 -0.016278892641032223
0.8107335880231724 -0.016116374700371472
0.8168755091445601 -0.01591110480153247
0.8230174302659478 -0.015664184942958785
0.8291593513873354 -0.015376943591256046
0.8353012725087231 -0.015050928647177778
0.8414431936301108 -0.014687899197563298
0.8475851147514984 -0.01428981609274132
0.8537270358728861 -0.013858831395892552
0.8598689569942738 -0.013397276757716322
0.8660108781156615 -0.012907650776412765
0.8721527992370491 -0.012392605409426792
0.8782947203584368 -0.011854931509542522
0.8844366414798245 -0.011297543563712565
0.8905785626012122 -0.010723463718404538
0.8967204837225998 -0.010135805180187262
0.9028624048439875 -0.009537755084714397
0.9090043259653752 -0.008932556931146744
0.9151462470867628 -0.00832349268233371
0.9212881682081504 -0.007713864633718981
0.9274300893295381 -0.0071069771559031155
0.9335720104509257 -0.00650611841706072
0.9397139315723134 -0.005914542191950374
0.9458558526937011 -0.005335449864054773
0.9519977738150888 -0.004771972726439606
0.9581396949364764 -0.0042271546852219455
0.9642816160578641 -0.003703935467104441
0.9704235371792518 -0.0032051344292682465
0.9765654583006395 -0.002733435066058684
0.9827073794220271 -0.0022913703023680655
0.9888493005434148 -0.0018813086584600586
0.9949912216648025 -0.0015054413652396278
1.0011331427861903 -0.00116577050269533
1.0072750639075778 -0.0008640982274898002
1.0134169850289656 -0.000602017148515572
1.0195589061503532 -0.0003809019017140524
1.025700827271741 -0.00020190196767535544
1.0318427483931285 -6.593576752764818e-05
1.0379846695145163 2.631393550310361e-05
1.0441265906359039 7.440330969262629e-05
1.0502685117572914 7.812939260088743e-05
1.0564104328786792 3.75306901957881e-05
1.0625523540000668 -4.7113557532402333e-05
1.0686942751214545 -0.00017528543152065432
1.074836196242842 -0.0003462316886489903
1.0809781173642299 -0.000558968389093066
1.0871200384856174 -0.0008122867613787374
1.0932619596070052 -0.001104760264007461
1.0994038807283928 -0.0014347527964256312
1.1055458018497806 -0.001800428006476187
1.1116877229711681 -0.0021997596362859357
1.117829644092556 -0.0026305428438502592
1.1239715652139435 -0.0030904064333483186
1.1301134863353313 -0.003576825923500474
1.1362554074567188 -0.004087137380011752
1.1423973285781066 -0.004618551935369528
1.1485392496994942 -0.0051681709169217865
1.154681170820882 -0.00573300150227458
1.1608230919422695 -0.0063099728195601425
1.1669650130636573 -0.006895952409051115
1.1731069341850449 -0.007487762961869827
1.1792488553064326 -0.008082199251187328
1.1853907764278202 -0.008676045171248073
1.191532697549208 -0.00926609079982507
1.1976746186705955 -0.009849149400236967
1.2038165397919833 -0.01042207427986574
1.209958460913371 -0.010981775423151204
1.2161003820347587 -0.011525235818328627
1.2222423031561462 -0.012049527398669062
1.228384224277534 -0.012551826520721732
1.2345261453989216 -0.013029428903987504
1.2406680665203094 -0.013479763958628705
1.246809987641697 -0.0139004084301977
1.2529519087630847 -0.014289099292994838
1.2590938298844723 -0.014643745826518135
1.26523575100586 -0.014962440812590702
1.2713776721272476 -0.01524347079411795
1.2775195932486354 -0.015485325340097646
1.283661514370023 -0.01568670526543941
1.2898034354914107 -0.015846529758412716
1.2959453566127983 -0.01596394237309411
1.302087277734186 -0.016038315849073587
1.3082291988555736 -0.016069255725873918
1.3143711199769612 -0.01605660272507043
1.320513041098349 -0.016000433878927904
1.3266549622197366 -0.015901062390522615
1.3327968833411243 -0.015759036216750153
1.338938804462512 -0.015575135372310048
1.3450807255838997 -0.015350367959702292
1.3512226467052872 -0.015085964937399186
1.357364567826675 -0.01478337364565324
1.3635064889480626 -0.014444250116808473
1.3696484100694504 -0.014070450204451971
1.375790331190838 -0.01366401957320086
1.3819322523122257 -0.013227182598338603
1.3880741734336133 -0.012762330231777459
1.394216094555001 -0.012272006897922343
1.4003580156763886 -0.011758896489806067
1.4064999367977764 -0.011225807542366045
1.412641857919164 -0.010675657665777218
1.4187837790405518 -0.010111457327367014
1.4249257001619393 -0.00953629307566766
1.431067621283327 -0.008953310304617764
1.4372095424047147 -0.008365695659689953
1.4433514635261024 -0.007776659190793631
1.44949338464749 -0.007189416359109157
1.4556353057688778 -0.006607170006516512
1.4617772268902653 -0.006033092396981812
1.4679191480116531 -0.0054703074391213155
1.4740610691330407 -0.004921873198164078
1.4802029902544285 -0.004390764803716072
1.486344911375816 -0.0038798578570492775
1.4924868324972038 -0.0033919124381857433
1.4986287536185914 -0.0029295578087795973
1.5047706747399792 -0.002495277901844664
1.5109125958613667 -0.0020913976836885464
1.5170545169827545 -0.0017200704671503219
1.523196438104142 -0.0013832662483773779
1.5293383592255299 -0.0010827611320653515
1.5354802803469174 -0.0008201279023348169
1.5416222014683052 -0.0005967277883639246
1.5477641225896928 -0.0004137034655893342
1.5539060437110805 -0.0002719733248153584
1.560047964832468 -0.00017222703303787466
1.5661898859538559 -0.00011492240125830793
1.5723318070752434 -0.00010028356611014172
1.578473728196631 -0.00012830048385656744
1.5846156493180188 -0.00019872972725958873
1.5907575704394064 -0.00031109656808991166
1.5968994915607941 -0.00046469832065506103
1.6030414126821817 -0.0006586089147557198
1.6091833338035695 -0.0008916846599463366
1.615325254924957 -0.001162571156944548
1.6214671760463448 -0.001469711306504436
1.6276090971677324 -0.0018113543610544394
1.6337510182891202 -0.0021855659599467696
1.6398929394105077 -0.0025902390852080934
1.6460348605318955 -0.003023105871290145
1.652176781653283 -0.003481750199390098
1.6583187027746709 -0.00396362100452498
1.6644606238960584 -0.004466046221562516
1.6706025450174462 -0.004986247294913322
1.6767444661388338 -0.005521354175443815
1.6828863872602216 -0.006068420727423632
1.6890283083816091 -0.0066244404678653624
1.695170229502997 -0.007186362560471424
1.7013121506243845 -0.007751107986501878
1.7074540717457722 -0.00831558581518685
1.7135959928671598 -0.008876709496819879
1.7197379139885476 -0.009431413102338965
1.7258798351099351 -0.009976667433998632
1.732021756231323 -0.010509495932688758
1.7381636773527105 -0.01102699030848313
1.7443055984740983 -0.011526325822180498
1.7504475195954858 -0.012004776146840488
1.7565894407168736 -0.012459727739733084
1.7627313618382612 -0.012888693656600133
1.768873282959649 -0.013289326741813703
1.7750152040810365 -0.013659432129817416
1.7811571252024243 -0.01399697899527423
1.7872990463238119 -0.014300111491560172
1.7934409674451997 -0.014567158819737728
1.7995828885665872 -0.014796644372901504
1.805724809687975 -0.014987293903845606
1.8118667308093626 -0.015138042667410211
1.8180086519307503 -0.015248041492622499
1.824150573052138 -0.015316661743872499
1.8302924941735257 -0.015343499134914066
1.8364344152949132 -0.015328376364397678
1.8425763364163008 -0.015271344547010002
1.8487182575376886 -0.015172683420019168
1.8548601786590762 -0.015032900311198943
1.861002099780464 -0.014852727860593462
1.8671440209018515 -0.014633120495462419
1.8732859420232393 -0.014375249664912671
1.8794278631446268 -0.01408049784814051
1.8855697842660146 -0.013750451357863545
1.8917117053874022 -0.01338689196828391
1.89785362650879 -0.012991787404808018
1.9039955476301775 -0.012567280740587326
1.9101374687515653 -0.012115678752765546
1.9162793898729529 -0.011639439298921753
1.9224213109943407 -0.011141157781616631
1.9285632321157282 -0.010623552775991052
1.934705153237116 -0.010089450902039302
1.9408470743585036 -0.009541771029314762
1.9469889954798913 -0.008983507907419287
1.953130916601279 -0.008417715320553557
1.9592728377226667 -0.007847488868609287
1.9654147588440543 -0.007275948480720673
1.971556679965442 -0.0067062207697921455
1.9776986010868296 -0.006141421338231134
1.9838405222082174 -0.005584637145951592
1.989982443329605 -0.005038909051586763
1.9961243644509927 -0.004507214636832867
2.0022662855723805 -0.003992451421849951
2.008408206693768 -0.00349742057679635
2.0145501278151556 -0.003024811230786817
2.020692048936543 -0.0025771854749691465
2.026833970057931 -0.0021569641510207683
2.0329758911793188 -0.0017664135102345541
2.0391178123007063 -0.0014076328216011654
2.045259733422094 -0.0010825429999038762
2.051401654543482 -0.000792876317038908
2.0575435756648695 -0.0005401672514763485
2.063685496786257 -0.0003257445222750576
2.0698274179076446 -0.00015072434526079747
2.0759693390290326 -1.6004940144321095e-05
2.08211126015042 7.773769154055142e-05
2.0882531812718077 0.00013005270658426033
2.0943951023931953 0.00014071607586467743
2.100537023514583 0.00010973096163244709
2.106678944635971 3.7326830228191806e-05
2.1128208657573584 -7.604267818733512e-05
2.118962786878746 -0.00022970309419291247
2.1251047080001335 -0.0004227636425570703
2.1312466291215215 -0.0006541229031141491
2.137388550242909 -0.0009224755620597662
2.1435304713642966 -0.0012263202017467041
2.149672392485684 -0.0015639680727417267
2.155814313607072 -0.001933552788177425
2.1619562347284598 -0.00233304087733
2.1680981558498473 -0.002760243132768921
2.174240076971235 -0.0032128266834098055
2.180381998092623 -0.003688327724277799
2.1865239192140105 -0.004184164832707627
2.192665840335398 -0.0046976528000644705
2.1988077614567856 -0.0052260169077253645
2.2049496825781736 -0.005766407576113403
2.211091603699561 -0.006315915315772198
2.2172335248209487 -0.006871585909982378
2.2233754459423363 -0.007430435758978433
2.2295173670637243 -0.007989467316586068
2.235659288185112 -0.008545684550870692
2.2418012093064994 -0.009096108361232246
2.247943130427887 -0.009637791885224007
2.254085051549275 -0.01016783562920497
2.2602269726706625 -0.01068340235778729
2.26636889379205 -0.011181731677825527
2.2725108149134376 -0.011660154253507122
2.2786527360348257 -0.012116105589909604
2.284794657156213 -0.012547139323210258
2.2909365782776008 -0.012950939956640825
2.2970784993989883 -0.01332533498221289
2.3032204205203763 -0.013668306329395323
2.309362341641764 -0.013978001083139941
2.3155042627631515 -0.014252741415199808
2.321646183884539 -0.014491033674385525
2.327788105005927 -0.014691576583508613
2.3339300261273146 -0.01485326849315814
2.340071947248702 -0.014975213645282915
2.3462138683700897 -0.01505672740279588
2.3523557894914777 -0.015097340405116611
2.3584977106128653 -0.015096801613789403
2.364639631734253 -0.01505508021698551
2.3707815528556404 -0.01497236636691138
2.376923473977028 -0.014849070729850533
2.383065395098416 -0.014685822834750851
2.3892073162198035 -0.014483468212917716
2.395349237341191 -0.014243064328448782
2.4014911584625787 -0.013965875306489017
2.4076330795839667 -0.013653365474134687
2.4137750007053542 -0.013307191736849574
2.419916921826742 -0.012929194821411817
2.4260588429481293 -0.012521389424688386
2.4322007640695174 -0.01208595331580102
2.438342685190905 -0.01162521544740075
2.4444846063122925 -0.011141643139757325
2.45062652743368 -0.010637828408996613
2.456768448555068 -0.01011647351814266
2.4629103696764556 -0.009580375836332781
2.469052290797843 -0.009032412097813693
2.4751942119192307 -0.008475522157772029
2.4813361330406187 -0.007912692346830648
2.4874780541620063 -0.007346938529924671
2.493619975283394 -0.006781288978289746
2.4997618964047814 -0.006218767165354826
2.5059038175261694 -0.005662374598398095
2.512045738647557 -0.005115073797920809
2.5181876597689445 -0.004579771535720184
2.524329580890332 -0.004059302440692006
2.53047150201172 -0.003556413078441455
2.5366134231331077 -0.0030737466068510503
2.5427553442544952 -0.0026138281049481273
2.548897265375883 -0.002179050666685393
2.555039186497271 -0.0017716623448368798
2.5611811076186584 -0.001393754022982492
2.567323028740046 -0.001047248285839769
2.5734649498614335 -0.000733889349860733
2.5796068709828215 -0.0004552341073664501
2.585748792104209 -0.00021264432848764085
2.5918907132255966 -7.280056028344681e-06
2.598032634346984 0.0001599057808673513
2.604174555468372 0.00028817151757199654
2.6103164765897597 0.00037698966170431563
2.6164583977111473 0.00042604855891313745
2.622600318832535 0.00043525282635274975
2.6287422399539224 0.0004047225715288629
2.6348841610753104 0.0003347914217481936
2.641026082196698 0.00022600339639401476
2.6471680033180855 7.910866062405873e-05
2.653309924439473 -0.00010494179517925835
2.659451845560861 -0.0003250025008066962
2.6655937666822487 -0.0005797408227251498
2.6717356878036362 -0.0008676451942285819
2.677877608925024 -0.0011870341987784859
2.684019530046412 -0.0015360664437106515
2.6901614511677994 -0.001912751159733878
2.696303372289187 -0.0023149594604647706
2.7024452934105745 -0.002740436195565705
2.7085872145319625 -0.003186812330884645
2.71472913565335 -0.0036516177891377246
2.7208710567747376 -0.004132294685250316
2.727012977896125 -0.004626210891219912
2.733154899017513 -0.005130673866374791
2.7392968201389007 -0.0056429446899933355
2.7454387412602883 -0.0061602522344704706
2.751580662381676 -0.006679807418396509
2.757722583503064 -0.007198817480090547
2.7638645046244514 -0.007714500213257982
2.770006425745839 -0.008224098107412979
2.7761483468672266 -0.008724892336605769
2.7822902679886146 -0.009214216540720384
2.788432189110002 -0.009689470344216147
2.7945741102313897 -0.010148132557692447
2.8007160313527772 -0.010587774007955474
2.8068579524741653 -0.011006069942642955
2.812999873595553 -0.011400811955621875
2.8191417947169404 -0.011769919379710649
2.825283715838328 -0.012111450093491667
2.831425636959716 -0.012423610689461283
2.8375675580811035 -0.01270476595131982
2.843709479202491 -0.012953447589011336
2.8498514003238786 -0.013168362181247355
2.8559933214452666 -0.013348398276681637
2.862135242566654 -0.01349263260680104
2.8682771636880418 -0.013600335365895277
2.8744190848094293 -0.013670974516294765
2.8805610059308173 -0.013704219080456569
2.886702927052205 -0.0136999413853731
2.8928448481735924 -0.013658218229311975
2.89898676929498 -0.01357933094595596
2.9051286904163676 -0.013463764346715637
2.9112706115377556 -0.013312204528146711
2.917412532659143 -0.013125535538187294
2.9235544537805307 -0.012904834902089105
2.9296963749019183 -0.012651368016551801
2.9358382960233063 -0.012366581428499062
2.941980217144694 -0.01205209502314623
2.9481221382660814 -0.011709693154407626
2.954264059387469 -0.011341314759063859
2.960405980508857 -0.010949042504597745
2.9665479016302445 -0.010535091028779512
2.972689822751632 -0.010101794337165087
2.9788317438730196 -0.009651592432216109
2.9849736649944076 -0.009187017254967894
2.991115586115795 -0.008710678026713376
2.9972575072371828 -0.008225246084045793
3.0033994283585703 -0.007733439305729477
3.0095413494799583 -0.007238006234089762
3.015683270601346 -0.006741709996965027
3.0218251917227335 -0.006247312138569902
3.027967112844121 -0.005757556468917394
3.034109033965509 -0.005275153041719012
3.0402509550868966 -0.004802762369815567
3.046392876208284 -0.004342979985320819
3.0525347973296717 -0.003898321448682743
3.0586767184510597 -0.0034712079069487297
3.0648186395724473 -0.003063952296540141
3.070960560693835 -0.002678746280077453
3.0771024818152224 -0.002317648000113832
3.0832444029366104 -0.0019825707252973555
3.089386324057998 -0.0016752724564619971
3.0955282451793855 -0.0013973465516710208
3.101670166300773 -0.001150213420299639
3.107812087422161 -0.0009351133270520631
3.1139540085435486 -0.0007531003374868007
3.120095929664936 -0.0006050374272043399
3.1262378507863238 -0.0004915927675764139
3.1323797719077118 -0.0004132371917729014
3.1385216930290993 -0.0003702428360536545
3.144663614150487 -0.00036268294293215333
3.1508055352718745 -0.0003904328048530017
3.156947456393262 -0.000453171819800686
3.16308937751465 -0.0005503866234933386
3.1692312986360376 -0.0006813752568923283
3.175373219757425 -0.0008452523224602398
3.1815151408788127 -0.0010409550780888196
3.1876570620002007 -0.0012672504138904505
3.1937989831215883 -0.001522742654001473
3.199940904242976 -0.0018058821232925584
3.2060828253643634 -0.0021149744172589205
3.2122247464857514 -0.002448190312463828
3.218366667607139 -0.0028035762544925576
3.2245085887285265 -0.003179065360599589
3.230650509849914 -0.0035724888748046987
3.236792430971302 -0.00398158801421634
3.2429343520926897 -0.004404026146618509
3.249076273214077 -0.00483740124089245
3.2552181943354648 -0.005279258533451957
3.261360115456853 -0.005727103355560144
3.2675020365782403 -0.00617841406810478
3.273643957699628 -0.006630655051972927
3.2797858788210155 -0.007081289703660022
3.2859277999424035 -0.007527793387015627
3.292069721063791 -0.007967666293105847
3.2982116421851786 -0.008398446161038247
3.304353563306566 -0.008817720813101301
3.310495484427954 -0.009223140458005676
3.3166374055493417 -0.009612429716016502
3.3227793266707293 -0.00998339931975727
3.328921247792117 -0.010333957444081441
3.335063168913505 -0.010662120618081873
3.3412050900348924 -0.010966024171798327
3.34734701115628 -0.011243932169694555
3.3534889322776675 -0.011494246782580226
3.3596308533990555 -0.011715517049340447
3.365772774520443 -0.011906446979808218
3.3719146956418307 -0.01206590295030339
3.3780566167632182 -0.012192920343946295
3.3841985378846062 -0.012286709388900762
3.390340459005994 -0.01234666014917527
3.3964823801273814 -0.012372346624706482
3.402624301248769 -0.012363529920080977
3.4087662223701565 -0.012320160444595095
3.4149081434915445 -0.012242379110245255
3.421050064612932 -0.012130517498921868
3.4271919857343196 -0.011985096975313244
3.433333906855707 -0.01180682672797906
3.439475827977095 -0.011596600727559156
3.4456177490984827 -0.011355493598179615
3.4517596702198703 -0.011084755405729623
3.457901591341258 -0.01078580537460753
3.464043512462646 -0.010460224552966432
3.4701854335840334 -0.010109747454953834
3.476327354705421 -0.0097362527172269
3.4824692758268085 -0.00934175281561937
3.4886111969481965 -0.008928382896498811
3.494753118069584 -0.008498388785671745
3.5008950391909717 -0.008054114245678184
3.5070369603123592 -0.007597987559852221
3.5131788814337472 -0.007132507528411715
3.519320802555135 -0.006660228968086547
3.5254627236765224 -0.006183747812166032
3.53160464479791 -0.005705685912343151
3.537746565919298 -0.005228675647287579
3.5438884870406855 -0.0047553444453181165
3.550030408162073 -0.004288299329965218
3.5561723292834606 -0.0038301115974468964
3.5623142504048486 -0.003383301734260382
3.568456171526236 -0.0029503246810261624
3.5745980926476237 -0.0025335555456724415
3.5807400137690113 -0.0021352758648175516
3.5868819348903993 -0.0017576605070449979
3.593023856011787 -0.0014027653055986775
3.5991657771331744 -0.001072515501076559
3.605307698254562 -0.0007686950669291599
3.61144961937595 -0.0004929369821887162
3.6175915404973376 -0.00024671450698730276
3.623733461618725 -3.133350709221575e-05
3.6298753827401127 0.0001520741358299975
3.6360173038615007 0.0003025560012041884
3.6421592249828882 0.00041934347642928516
3.648301146104276 0.0005018549657774859
3.6544430672256634 0.000549697962769957
3.6605849883470514 0.0005626699962521577
3.666726909468439 0.0005407584688738683
3.6728688305898265 0.0004841394143625013
3.679010751711214 0.00039317520720355965
3.6851526728326016 0.00026841126464016783
3.6912945939539896 0.00011057178652678555
3.697436515075377 -7.944541665371951e-05
3.7035784361967647 -0.00030057495340113935
3.7097203573181523 -0.0005515906811175872
3.7158622784395403 -0.0008311132768178402
3.722004199560928 -0.0011376184875960362
3.7281461206823154 -0.0014694459991833365
3.734288041803703 -0.0018248088608767274
3.740429962925091 -0.0022018034057738126
3.7465718840464786 -0.002598419606378869
3.752713805167866 -0.0030125518073061447
3.7588557262892537 -0.003442009778754684
3.7649976474106417 -0.0038845300366747598
3.7711395685320293 -0.004337787377996869
3.777281489653417 -0.004799406581739853
3.7834234107748044 -0.005266974229318067
3.7895653318961924 -0.005738050599710448
3.79570725301758 -0.006210181597349097
3.8018491741389675 -0.006680910672556857
3.807991095260355 -0.0071477906959129716
3.814133016381743 -0.007608395749326193
3.8202749375031306 -0.008060332797398399
3.826416858624518 -0.008501253203298474
3.8325587797459058 -0.0089288640533904
3.8387007008672938 -0.009340939254710133
3.8448426219886813 -0.009735330368770823
3.850984543110069 -0.010109977144288088
3.8571264642314564 -0.010462917710314934
3.8632683853528444 -0.010792298389938646
3.869410306474232 -0.011096383093330248
3.8755522275956196 -0.011373562247475433
3.881694148717007 -0.011622361218562648
3.887836069838395 -0.011841448181845583
3.8939779909597827 -0.01202964139281621
3.9001199120811703 -0.012185915812969064
3.906261833202558 -0.012309409043244394
3.912403754323946 -0.012399426518649923
3.9185456754453334 -0.012455445918438314
3.924687596566721 -0.01247712074788381
3.9308295176881085 -0.012464283049946538
3.936971438809496 -0.012416945208181476
3.943113359930884 -0.012335300806017673
3.9492552810522716 -0.012219724512096877
3.955397202173659 -0.012070770966702447
3.9615391232950468 -0.01188917265025194
3.9676810444164348 -0.011675836721647376
3.9738229655378223 -0.011431840821488485
3.97996488665921 -0.011158427843128765
3.9861068077805974 -0.010856999682750735
3.9922487289019855 -0.010529109988376887
3.998390650023373 -0.010176455936580973
4.004532571144761 -0.009800869074642312
4.010674492266149 -0.009404305274862905
4.016816413387536 -0.008988833856558829
4.022958334508924 -0.008556625939750574
4.029100255630311 -0.008109942102632342
4.035242176751699 -0.007651119422431222
4.041384097873086 -0.00718255798608909
4.047526018994474 -0.006706706963216623
4.053667940115862 -0.006226050338886591
4.05980986123725 -0.005743092407948155
4.0659517823586375 -0.005260343135650367
4.072093703480025 -0.004780303491162934
4.078235624601413 -0.00430545086144781
4.0843775457228 -0.0038382246524293895
4.090519466844188 -0.0033810121827805247
4.096661387965575 -0.002936134972824538
4.102803309086964 -0.0025058355271090882
4.108945230208351 -0.0020922647041677956
4.115087151329739 -0.0016974697609596877
4.1212290724511265 -0.0013233831524688906
4.127370993572514 -0.0009718121592577017
4.133512914693902 -0.0006444294072484132
4.139654835815289 -0.0003427643350045966
4.145796756936677 -6.819565434491283e-05
4.151938678058065 0.00017805515960735087
4.158080599179453 0.0003949293227203425
4.16422252030084 0.0005815351241227961
4.170364441422228 0.000737151229797179
4.176506362543615 0.000861228910269036
4.182648283665003 0.0009533932042027429
4.1887902047863905 0.001013443038186024
4.194932125907778 0.0010413503308433986
4.201074047029166 0.0010372581165615257
4.207215968150554 0.00100147773044177
4.213357889271942 0.0009344851015844279
4.219499810393329 0.0008369162063322876
4.225641731514717 0.000709561736899978
4.231783652636104 0.0005533610434468288
4.237925573757492 0.0003693954095716681
4.2440674948788795 0.00015888072219112957
4.250209416000267 -7.684040305687683e-05
4.2563513371216555 -0.0003363069803293164
4.262493258243043 -0.0006179484366961985
4.268635179364431 -0.0009200937623923623
4.274777100485818 -0.0012409809729993712
4.280919021607206 -0.0015787668311356526
4.287060942728593 -0.001931536778148835
4.293202863849981 -0.00229731502946354
4.299344784971368 -0.002674074790453185
4.305486706092757 -0.0030597485528626443
4.311628627214144 -0.003452238434814515
4.317770548335532 -0.003849426530237139
4.3239124694569195 -0.004249185236033089
4.330054390578307 -0.004649387527426192
4.336196311699695 -0.005047917153600963
4.342338232821082 -0.00544267872699552
4.34848015394247 -0.005831607680363615
4.354622075063858 -0.006212680065978586
4.360763996185246 -0.006583922171131273
4.366905917306633 -0.006943419923489453
4.373047838428021 -0.007289328058753292
4.3791897595494085 -0.007619879021700001
4.385331680670796 -0.007933391570021191
4.391473601792184 -0.00822827904849917
4.397615522913571 -0.00850305729907977
4.40375744403496 -0.008756352170418782
4.409899365156347 -0.008986906588569843
4.416041286277735 -0.009193587148840842
4.422183207399122 -0.009375390187298948
4.42832512852051 -0.009531447289506351
4.434467049641897 -0.00966103019345573
4.440608970763285 -0.009763555043700372
4.4467508918846725 -0.009838585954323475
4.452892813006061 -0.009885837839754353
4.4590347341274486 -0.00990517847452509
4.465176655248836 -0.009896629745950779
4.471318576370224 -0.009860368067320989
4.477460497491611 -0.009796723923722751
4.483602418612999 -0.009706180527763399
4.489744339734386 -0.009589371568422801
4.495886260855774 -0.009447078042885656
4.5020281819771615 -0.009280224168417932
4.50817010309855 -0.00908987237906775
4.5143120242199375 -0.008877217420086222
4.520453945341325 -0.008643579561459842
4.526595866462713 -0.008390396960463644
4.5327377875841 -0.008119217211843778
4.538879708705488 -0.007831688132768199
4.545021629826875 -0.007529547838007235
4.551163550948263 -0.007214614168735977
4.557305472069651 -0.006888773545790654
4.563447393191039 -0.006553969324998165
4.569589314312426 -0.006212189738312124
4.575731235433814 -0.005865455509532691
4.5818731565552016 -0.005515807237738829
4.588015077676589 -0.00516529264467339
4.594156998797977 -0.004815953784402076
4.600298919919364 -0.004469814314490712
4.606440841040753 -0.004128866927707026
4.61258276216214 -0.003795061041816933
4.618724683283528 -0.0034702908424728385
4.624866604404915 -0.003156383770418885
4.631008525526303 -0.002855089539534118
4.6371504466476905 -0.0025680697663843033
4.643292367769078 -0.0022968882852772133
4.649434288890466 -0.002043002215336976
4.655576210011854 -0.0018077538379401548
4.661718131133242 -0.001592363334118123
4.667860052254629 -0.0013979224224193079
4.674001973376017 -0.0012253889283186169
4.680143894497404 -0.0010755823067571514
4.686285815618792 -0.0009491801298922497
4.692427736740179 -0.0008467155428444338
4.698569657861567 -0.000768575681227456
4.7047115789829554 -0.0007150010356799678
4.710853500104343 -0.000686085740599447
4.716995421225731 -0.0006817787570123322
4.723137342347118 -0.0007018859128483821
4.729279263468506 -0.0007460727581945197
4.735421184589893 -0.0008138681882163227
4.741563105711281 -0.0009046687824962637
4.747705026832668 -0.0010177438065130647
4.753846947954056 -0.0011522408189066197
4.759988869075444 -0.0013071918270173286
4.766130790196832 -0.0014815199328826814
4.7722727113182195 -0.0016740464124112215
4.778414632439607 -0.0018834981716569126
4.784556553560995 -0.002108515526122333
4.790698474682382 -0.002347660251429042
4.79684039580377 -0.002599423856646074
4.802982316925157 -0.0028622360348509817
4.809124238046546 -0.0031344732490022767
4.815266159167933 -0.003414467414795529
4.821408080289321 -0.0037005146458056236
4.8275500014107084 -0.003990884029705166
4.833691922532096 -0.004283826407641589
4.839833843653484 -0.0045775831318092255
4.845975764774871 -0.004870394778860008
4.852117685896259 -0.005160509798924408
4.858259607017647 -0.005446193081628148
4.864401528139035 -0.005725734421550426
4.870543449260422 -0.005997456866155034
4.87668537038181 -0.006259724929092086
4.882827291503197 -0.006510952651233493
4.888969212624585 -0.0067496114906826065
4.8951111337459725 -0.006974238021438286
4.90125305486736 -0.007183441418414202
4.9073949759887485 -0.007375910704230071
4.913536897110136 -0.007550421730661503
4.919678818231524 -0.007705843865055
4.925820739352911 -0.007841146349197357
4.931962660474299 -0.007955404295674172
4.938104581595686 -0.008047804284285255
4.944246502717074 -0.008117649519000698
4.9503884238384614 -0.008164364504261943
4.95653034495985 -0.008187499198276793
4.9626722660812375 -0.008186732600388979
4.968814187202625 -0.008161875729745064
4.974956108324013 -0.008112873953297314
4.9810980294454 -0.008039808622948189
4.987239950566788 -0.007942897984085538
4.993381871688175 -0.00782249732114332
4.999523792809563 -0.007679098310046655
5.00566571393095 -0.0075133275524428755
5.011807635052339 -0.007325944272441485
5.017949556173726 -0.0071178371631222224
5.024091477295114 -0.006890020377346737
5.0302333984165015 -0.006643628665080924
5.036375319537889 -0.006379911667703797
5.042517240659277 -0.006100227388293573
5.048659161780664 -0.005806034865619218
5.054801082902052 -0.005498886088335477
5.06094300402344 -0.005180417194574159
5.067084925144828 -0.004852339010565334
5.073226846266215 -0.0045164269900628455
5.079368767387603 -0.004174510623746528
5.0855106885089905 -0.0038284623947919877
5.091652609630378 -0.0034801863628123493
5.097794530751766 -0.0031316064635672253
5.103936451873153 -0.002784654616004875
5.110078372994542 -0.0024412587313019283
5.116220294115929 -0.0021033307204826055
5.122362215237317 -0.001772754597954478
5.128504136358704 -0.0014513747777401928
5.134646057480092 -0.0011409846575607212
5.140787978601479 -0.0008433155829280874
5.146929899722867 -0.0005600262793383683
5.1530718208442545 -0.000292692835468718
5.159213741965643 -4.279931407288667e-05
5.1653556630870305 0.0001882709398885425
5.171497584208418 0.0003992432322669007
5.177639505329806 0.0005889586409019554
5.183781426451193 0.0007563802811048637
5.189923347572581 0.0009005986811489857
5.196065268693968 0.0010208362432076415
5.202207189815356 0.0011164507750082062
5.208349110936744 0.0011869380872177994
5.214491032058132 0.001231933661090776
5.2206329531795195 0.001251213399938992
5.226774874300907 0.0012446934866501983
5.232916795422295 0.0012124293773374747
5.239058716543682 0.0011546139683732454
5.24520063766507 0.0010715749803439278
5.251342558786457 0.0009637716078298421
5.257484479907845 0.0008317904882809018
5.263626401029233 0.0006763410465848794
5.269768322150621 0.0004982502742368032
5.275910243272008 0.0002984570032679105
5.282052164393396 7.800573542440994e-05
5.2881940855147835 -0.0001619599136906492
5.294336006636171 -0.0004202040972939108
5.300477927757559 -0.0006954058910876175
5.306619848878946 -0.0009861666651627594
5.312761770000335 -0.0012910176250472034
5.318903691121722 -0.0016084274769089678
5.32504561224311 -0.0019368101764099023
5.331187533364497 -0.0022745327253592094
5.337329454485885 -0.0026199229850713537
5.3434713756072725 -0.0029712774799863077
5.34961329672866 -0.0033268691696289763
5.355755217850048 -0.003684955171171702
5.361897138971436 -0.004043784418619305
5.368039060092824 -0.004401605247929558
5.374180981214211 -0.004756672900053171
5.380322902335599 -0.005107256935913312
5.386464823456986 -0.005451648558708431
5.392606744578374 -0.00578816783948078
5.398748665699761 -0.006115170841901557
5.404890586821149 -0.0064310566413322045
5.411032507942537 -0.00673427423174606
5.417174429063925 -0.007023329312058335
5.4233163501853126 -0.0072967909407474895
5.4294582713067 -0.007553298044432419
5.435600192428088 -0.007791565762791485
5.441742113549475 -0.008010391608314108
5.447884034670863 -0.008208661415603655
5.45402595579225 -0.008385355051084757
5.460167876913639 -0.008539551850172944
5.466309798035026 -0.00867043574556276
5.472451719156414 -0.008777300047162834
5.4785936402778015 -0.008859551831495793
5.484735561399189 -0.008916715896573193
5.490877482520577 -0.008948438236826032
5.497019403641964 -0.008954488992203056
5.503161324763352 -0.008934764826007462
5.509303245884739 -0.008889290687231865
5.515445167006128 -0.008818220915455309
5.521587088127515 -0.008721839649544408
5.527729009248903 -0.008600560505552845
5.53387093037029 -0.008454925494276976
5.540012851491678 -0.008285603154880805
5.5461547726130656 -0.00809338588766662
5.552296693734453 -0.007879186476602726
5.558438614855841 -0.007644033800160846
5.564580535977229 -0.007389067737518301
5.570722457098617 -0.007115533286075211
5.576864378220004 -0.006824773915245036
5.583006299341392 -0.006518224190432891
5.589148220462779 -0.006197401710249438
5.595290141584167 -0.005863898408504425
5.6014320627055545 -0.005519371280835193
5.607573983826942 -0.005165532603465709
5.6137159049483305 -0.0048041397184488445
5.619857826069718 -0.004436984465887931
5.625999747191106 -0.004065882348692797
5.632141668312493 -0.0036926615193343558
5.638283589433881 -0.0033191516811050706
5.644425510555268 -0.002947172997892085
5.650567431676656 -0.0025785251068823037
5.656709352798043 -0.002214976327825212
5.662851273919432 -0.0018582531602429455
5.668993195040819 -0.0015100301566757228
5.675135116162207 -0.0011719202554934059
5.681277037283595 -0.0008454656511673222
5.687418958404982 -0.0005321292732519364
5.69356087952637 -0.00023328693780939124
5.699702800647757 4.977977334974568e-05
5.705844721769145 0.0003158898590547455
5.711986642890533 0.0005639684337045585
5.718128564011921 0.0007930514233704028
5.724270485133308 0.0010022894053945174
5.730412406254696 0.0011909505838155383
5.7365543273760835 0.0013584229024785133
5.742696248497471 0.0015042153069589033
5.748838169618859 0.001627958175316436
5.754980090740246 0.001729402945814826
5.761122011861635 0.0018084209771705737
5.767263932983022 0.001865001683554605
5.77340585410441 0.001899249992039056
5.779547775225797 0.0019113831750059102
5.785689696347185 0.0019017271135069564
5.7918316174685724 0.0018707120500507056
5.79797353858996 0.0018188678907838723
5.804115459711348 0.0017468191174129255
5.810257380832735 0.0016552793684890968
5.816399301954124 0.0015450457481986878
5.822541223075511 0.0014169929182799477
5.828683144196899 0.001272067025482186
5.834825065318286 0.0011112795130908562
5.840966986439674 0.0009357008606172499
5.847108907561061 0.0007464542908941649
5.853250828682449 0.0005447094787765406
5.8593927498038365 0.00033167629029897945
5.865534670925225 0.00010859857598984822
5.8716765920466125 -0.0001232519630334484
5.877818513168 -0.0003625818225456163
5.883960434289388 -0.0006080816468839329
5.890102355410775 -0.0008584320794903551
5.896244276532163 -0.001112309510411814
5.90238619765355 -0.0013683917214902487
5.908528118774938 -0.001625363432052721
5.914670039896326 -0.001881921749193906
5.920811961017714 -0.0021367815271673887
5.9269538821391015 -0.002388680640333873
5.933095803260489 -0.002636385172935537
5.939237724381877 -0.002878694527401711
5.945379645503264 -0.0031144464506096896
5.951521566624652 -0.003342521974601301
5.957663487746039 -0.0035618502649382945
5.963805408867428 -0.0037714133662915036
5.969947329988815 -0.00397025083083941
5.976089251110203 -0.0041574642110874405
5.98223117223159 -0.004332221394674378
5.988373093352978 -0.00449376075485459
5.9945150144743655 -0.004641395086724467
6.000656935595753 -0.0047745152960568
6.006798856717141 -0.004892593804816792
6.012940777838529 -0.004995187635430921
6.019082698959917 -0.005081941134357693
6.025224620081304 -0.005152588294943667
6.031366541202692 -0.005206954639730932
6.037508462324079 -0.005244958623497977
6.043650383445467 -0.0052666125202449465
6.0497923045668545 -0.005272022760346421
6.055934225688242 -0.0052613896877752924
6.06207614680963 -0.005235006712004063
6.068218067931018 -0.005193258834623252
6.074359989052406 -0.005136620536775498
6.080501910173793 -0.005065653020437124
6.086643831295181 -0.0049810008036507486
6.092785752416568 -0.004883387677573976
6.098927673537956 -0.004773612041130851
6.105069594659343 -0.004652541636998778
6.111211515780731 -0.004521107720628952
6.117353436902119 -0.0043802987018669
6.123495358023507 -0.004231153306073073
6.1296372791448945 -0.004074753308672058
6.135779200266282 -0.003912215903378485
6.14192112138767 -0.0037446857699509205
6.148063042509057 -0.0035733269120662237
6.154204963630445 -0.0033993143397154767
6.160346884751832 -0.0032238256732146087
6.166488805873221 -0.003048032747692507
6.172630726994608 -0.002873093297335671
6.178772648115996 -0.0027001427981108266
6.1849145692373835 -0.0025302865458868623
6.191056490358771 -0.0023645920440062205
6.197198411480159 -0.0022040817703212036
6.203340332601546 -0.0020497263888421087
6.209482253722934 -0.0019024384651402785
6.215624174844322 -0.0017630667380063984
6.22176609596571 -0.0016323909924424829
6.227908017087097 -0.0015111175711092324
6.234049938208485 -0.001399875552971455
6.240191859329872 -0.0012992136192692758
6.24633378045126 -0.0012095976181254455
6.2524757015726475 -0.0011314088305040884
6.258617622694035 -0.0010649429316440312
6.2647595438154235 -0.0010104096339349077
6.270901464936811 -0.0009679329895957001
6.277043386058199 -0.0009375523244372643
