time TPR_both_A_closed_1_rho22
0.0 0.0
0.00614192112138767 -2.656405812669331e-10
0.01228384224277534 -4.252163473861978e-09
0.01842576336416301 -2.1540258516787364e-08
0.02456768448555068 -6.813695505983607e-08
0.030709605606938348 -1.665330179933649e-07
0.03685152672832602 -3.4578047639654816e-07
0.042993447849713685 -6.415875077594102e-07
0.04913536897110136 -1.09642717628172e-06
0.05527729009248903 -1.759655849907689e-06
0.061419211213876695 -2.6876365075198752e-06
0.06756113233526437 -3.943861604361619e-06
0.07370305345665204 -5.59906969871506e-06
0.07984497457803971 -7.731349663613462e-06
0.08598689569942737 -1.0426226020350005e-05
0.09212881682081504 -1.3776718741068572e-05
0.09827073794220272 -1.7883370779891543e-05
0.10441265906359039 -2.2854236608698436e-05
0.11055458018497806 -2.8804825156352457e-05
0.11669650130636572 -3.5857990779074e-05
0.12283842242775339 -4.4143766223618015e-05
0.12898034354914106 -5.3799131981405925e-05
0.13512226467052874 -6.496771696692667e-05
0.1412641857919164 -7.779942608237888e-05
0.14740610691330408 -9.244999094623041e-05
0.15354802803469175 -0.00010908044085847115
0.15968994915607942 -0.0001278564919410495
0.16583187027746707 -0.00014894785331848604
0.17197379139885474 -0.000172527450180198
0.17811571252024241 -0.00019877056458105966
0.1842576336416301 -0.0002278538958779006
0.19039955476301776 -0.000259954543754174
0.19654147588440543 -0.00029524891783967754
0.2026833970057931 -0.00033391157897347647
0.20882531812718078 -0.0003761140181724773
0.21496723924856845 -0.00042202338034188493
0.22110916036995612 -0.0004718011406837487
0.2272510814913438 -0.0005256017426130394
0.23339300261273144 -0.0005835712067648344
0.2395349237341191 -0.0006458457213595675
0.24567684485550678 -0.0007125502247751366
0.25181876597689445 -0.000783796991645172
0.2579606870982821 -0.0008596842341533381
0.2641026082196698 -0.0009402947304168093
0.27024452934105747 -0.001025694491942102
0.27638645046244514 -0.001115931482088785
0.2825283715838328 -0.0012110343972883924
0.2886702927052205 -0.0013110115224359124
0.29481221382660816 -0.0014158496714000634
0.30095413494799583 -0.0015255132229884199
0.3070960560693835 -0.0016399432619584142
0.3132379771907712 -0.001759056833791061
0.31937989831215885 -0.0018827463209485013
0.3255218194335465 -0.0020108789472283737
0.33166374055493414 -0.0021432964156184254
0.3378056616763218 -0.0022798146837560897
0.3439475827977095 -0.0024202238797237543
0.35008950391909716 -0.002564288359476246
0.35623142504048483 -0.0027117469057188572
0.3623733461618725 -0.0028623130665492444
0.3685152672832602 -0.003015675630662648
0.37465718840464785 -0.003171499234415679
0.3807991095260355 -0.0033294250945681667
0.3869410306474232 -0.0034890718590943155
0.39308295176881086 -0.003650036567092415
0.39922487289019853 -0.0038118957075451
0.4053667940115862 -0.003974206365507508
0.4115087151329739 -0.004136507443245542
0.41765063625436155 -0.004298320942926755
0.4237925573757492 -0.004459153296696608
0.4299344784971369 -0.00461849672936596
0.43607639961852457 -0.004775830638502926
0.44221832073991224 -0.004930622976472812
0.4483602418612999 -0.005082331618910925
0.4545021629826876 -0.0052304057042495316
0.4606440841040752 -0.00537428692925467
0.4667860052254629 -0.005513410786060836
0.47292792634685055 -0.005647207726919598
0.4790698474682382 -0.00577510424379683
0.4852117685896259 -0.005896523851055181
0.49135368971101356 -0.006010887960733801
0.49749561083240124 -0.006117616641373897
0.5036375319537889 -0.006216129252922234
0.5097794530751766 -0.006305844951958396
0.5159213741965643 -0.0063861830633173714
0.5220632953179519 -0.006456563316096529
0.5282052164393396 -0.006516405944023809
0.5343471375607273 -0.006565131652199232
0.5404890586821149 -0.006602161454280806
0.5466309798035026 -0.006626916386244276
0.5527729009248903 -0.006638817104879138
0.558914822046278 -0.006637283381166049
0.5650567431676656 -0.006621733500588754
0.5711986642890533 -0.006591583584242593
0.577340585410441 -0.0065462468462885335
0.5834825065318286 -0.006485132804844173
0.5896244276532163 -0.006407646464780461
0.595766348774604 -0.006313187492085812
0.6019082698959917 -0.006201149400450457
0.6080501910173793 -0.006070918771497852
0.614192112138767 -0.005921874530633747
0.6203340332601547 -0.005753387300786154
0.6264759543815424 -0.005564818856362895
0.63261787550293 -0.0053555216995517145
0.6387597966243177 -0.00512483878062837
0.6449017177457054 -0.0048721033832200816
0.651043638867093 -0.004596639194497862
0.6571855599884806 -0.004297760579046489
0.6633274811098683 -0.003974773073693083
0.669469402231256 -0.0036269741188747055
0.6756113233526436 -0.003253654040205011
0.6817532444740313 -0.002854097291774911
0.687895165595419 -0.00242758397041
0.6940370867168066 -0.001973391607627706
0.7001790078381943 -0.0014907972434112858
0.706320928959582 -0.0009790797831690777
0.7124628500809697 -0.00043752263640077873
0.7186047712023573 0.00013458336732612028
0.724746692323745 0.0007379367924498291
0.7308886134451327 0.0013732221518775757
0.7370305345665203 0.002041106215146217
0.743172455687908 0.0027422340865138326
0.7493143768092957 0.0034772250720715315
0.7554562979306834 0.004246668357720372
0.761598219052071 0.005051118522485256
0.7677401401734587 0.005891090914107706
0.7738820612948464 0.006767056916145146
0.780023982416234 0.007679439137879554
0.7861659035376217 0.008628606560178262
0.7923078246590094 0.009614869672031004
0.7984497457803971 0.010638475633788815
0.8045916669017847 0.011699603504132778
0.8107335880231724 0.012798359568487145
0.8168755091445601 0.013934772806947594
0.8230174302659478 0.015108790539810011
0.8291593513873354 0.016320274288449444
0.8353012725087231 0.01756899588860752
0.8414431936301108 0.018854633892097444
0.8475851147514984 0.02017677029152996
0.8537270358728861 0.021534887600906338
0.8598689569942738 0.022928366322823517
0.8660108781156615 0.024356482830604608
0.8721527992370491 0.025818407690919993
0.8782947203584368 0.027313204449420026
0.8844366414798245 0.02883982889858201
0.8905785626012122 0.030397128843408453
0.8967204837225998 0.03198384437682913
0.9028624048439875 0.03359860867268934
0.9090043259653752 0.03523994930008552
0.9151462470867628 0.036906290058574945
0.9212881682081504 0.03859595332947837
0.9274300893295381 0.04030716293415462
0.9335720104509257 0.04203804748579736
0.9397139315723134 0.043786644217030685
0.9458558526937011 0.04555090326140529
0.9519977738150888 0.04732869236286669
0.9581396949364764 0.04911780198342314
0.9642816160578641 0.05091595077562841
0.9704235371792518 0.05272079138315253
0.9765654583006395 0.054529916529683156
0.9827073794220271 0.05634086535371636
0.9888493005434148 0.05815112994449238
0.9949912216648025 0.05995816203243954
1.0011331427861903 0.06175937978603305
1.0072750639075778 0.06355217466597762
1.0134169850289656 0.06533391828709884
1.0195589061503532 0.06710196923829206
1.025700827271741 0.06885367981133356
1.0318427483931285 0.07058640259030986
1.0379846695145163 0.07229749685486207
1.0441265906359039 0.07398433475236364
1.0502685117572914 0.07564430719653598
1.0564104328786792 0.07727482945283792
1.0625523540000668 0.07887334637421399
1.0686942751214545 0.08043733725442415
1.074836196242842 0.08196432027016667
1.0809781173642299 0.08345185648751043
1.0871200384856174 0.08489755341272255
1.0932619596070052 0.08629906807237539
1.0994038807283928 0.08765410961258308
1.1055458018497806 0.08896044141231005
1.1116877229711681 0.0902158827108521
1.117829644092556 0.09141830975476417
1.1239715652139435 0.09256565647464157
1.1301134863353313 0.09365591470719947
1.1362554074567188 0.09468713398298527
1.1423973285781066 0.09565742090474608
1.1485392496994942 0.09656493814591226
1.154681170820882 0.09740790310279683
1.1608230919422695 0.09818458623790585
1.1669650130636573 0.0988933091551673
1.1731069341850449 0.09953244245087518
1.1792488553064326 0.10010040338668182
1.1853907764278202 0.10059565343302365
1.191532697549208 0.10101669573291323
1.1976746186705955 0.10136207253705189
1.2038165397919833 0.10163036266170271
1.209958460913371 0.10182017902070274
1.2161003820347587 0.10193016628238491
1.2222423031561462 0.10195899870102679
1.228384224277534 0.10190537817075318
1.2345261453989216 0.10176803254760625
1.2406680665203094 0.10154571428277774
1.246809987641697 0.10123719940679869
1.2529519087630847 0.10084128690082665
1.2590938298844723 0.10035679848709549
1.26523575100586 0.09978257886613214
1.2713776721272476 0.09911749642353729
1.2775195932486354 0.09836044442402077
1.283661514370023 0.09751034270501886
1.2898034354914107 0.09656613987665313
1.2959453566127983 0.09552681602906878
1.302087277734186 0.0943913859423682
1.3082291988555736 0.09315890278848941
1.3143711199769612 0.09182846230852294
1.320513041098349 0.09039920744317395
1.3266549622197366 0.08887033338841417
1.3327968833411243 0.08724109304288799
1.338938804462512 0.08551080280839429
1.3450807255838997 0.08367884869981593
1.3512226467052872 0.08174469271626321
1.357364567826675 0.07970787942098832
1.3635064889480626 0.07756804267386241
1.3696484100694504 0.07532491245692798
1.375790331190838 0.07297832173079095
1.3819322523122257 0.07052821325743232
1.3880741734336133 0.06797464632343227
1.394216094555001 0.06531780329663678
1.4003580156763886 0.06255799594897865
1.4064999367977764 0.05969567147850709
1.412641857919164 0.05673141816469185
1.4187837790405518 0.053665970592752736
1.4249257001619393 0.05050021438511631
1.431067621283327 0.04723519038111265
1.4372095424047147 0.043872098209673464
1.4433514635261024 0.040412299204057235
1.44949338464749 0.03685731861247435
1.4556353057688778 0.033208847063877577
1.4617772268902653 0.029468741254075555
1.4679191480116531 0.02563902382366883
1.4740610691330407 0.021721882406041976
1.4802029902544285 0.017719667830710155
1.486344911375816 0.013634891474647182
1.4924868324972038 0.00947022176174376
1.4986287536185914 0.005228479818185832
1.5047706747399792 0.000912634299226397
1.5109125958613667 -0.0034742045895276665
1.5170545169827545 -0.00792879184565899
1.523196438104142 -0.0124477551603189
1.5293383592255299 -0.01702760310038011
1.5354802803469174 -0.021664733930580396
1.5416222014683052 -0.026355445017575498
1.5477641225896928 -0.031095942752010514
1.5539060437110805 -0.03588235291946503
1.560047964832468 -0.04071073144648761
1.5661898859538559 -0.04557707544396281
1.5723318070752434 -0.050477334466794935
1.578473728196631 -0.05540742190638562
1.5846156493180188 -0.06036322643065784
1.5907575704394064 -0.06534062338545915
1.5968994915607941 -0.07033548607107445
1.6030414126821817 -0.07534369680829972
1.6091833338035695 -0.08036115771006602
1.615325254924957 -0.08538380107694589
1.6214671760463448 -0.0904075993379994
1.6276090971677324 -0.09542857446229423
1.6337510182891202 -0.10044280677102269
1.6398929394105077 -0.1054464430853961
1.6460348605318955 -0.1104357041513662
1.652176781653283 -0.11540689128864635
1.6583187027746709 -0.12035639221841889
1.6644606238960584 -0.1252806860314457
1.6706025450174462 -0.13017634726597668
1.6767444661388338 -0.13504004907279582
1.6828863872602216 -0.13986856545288182
1.6890283083816091 -0.1446587725614049
1.695170229502997 -0.14940764908005946
1.7013121506243845 -0.15411227566795765
1.7074540717457722 -0.1587698335094118
1.7135959928671598 -0.163377601984828
1.7197379139885476 -0.1679329554985586
1.7258798351099351 -0.17243335950483787
1.732021756231323 -0.1768763657797975
1.7381636773527105 -0.181259606993961
1.7443055984740983 -0.18558079064549815
1.7504475195954858 -0.18983769241983522
1.7565894407168736 -0.19402814904591667
1.7627313618382612 -0.19815005072347153
1.768873282959649 -0.20220133319901704
1.7750152040810365 -0.206179969571015
1.7811571252024243 -0.21008396190656556
1.7872990463238119 -0.21391133275327007
1.7934409674451997 -0.21766011663041668
1.7995828885665872 -0.2213283515834413
1.805724809687975 -0.22491407088470716
1.8118667308093626 -0.2284152949620355
1.8180086519307503 -0.23183002363413885
1.824150573052138 -0.23515622872917394
1.8302924941735257 -0.23839184715908054
1.8364344152949132 -0.24153477451823935
1.8425763364163008 -0.2445828592703034
1.8487182575376886 -0.24753389758188168
1.8548601786590762 -0.2503856288561221
1.861002099780464 -0.2531357320132079
1.8671440209018515 -0.2557818225583953
1.8732859420232393 -0.2583214504715397
1.8794278631446268 -0.2607520989451333
1.8855697842660146 -0.26307118399077384
1.8917117053874022 -0.26527605492675493
1.89785362650879 -0.26736399575217407
1.9039955476301775 -0.26933222740565954
1.9101374687515653 -0.2711779108995752
1.9162793898729529 -0.27289815131343403
1.9224213109943407 -0.27449000262330003
1.9285632321157282 -0.2759504733372349
1.934705153237116 -0.27727653290040954
1.9408470743585036 -0.27846511882740216
1.9469889954798913 -0.27951314451350145
1.953130916601279 -0.28041750767156043
1.9592728377226667 -0.28117509933616675
1.9654147588440543 -0.2817828133726295
1.971556679965442 -0.2822375564245821
1.9776986010868296 -0.2825362582308945
1.9838405222082174 -0.2826758822400954
1.989982443329605 -0.2826534364486587
1.9961243644509927 -0.2824659843883178
2.0022662855723805 -0.28211065618704834
2.008408206693768 -0.28158465962850915
2.0145501278151556 -0.28088529113555316
2.020692048936543 -0.28000994660489925
2.026833970057931 -0.2789561320221869
2.0329758911793188 -0.27772147378939127
2.0391178123007063 -0.2763037286999311
2.045259733422094 -0.2747007935007197
2.051401654543482 -0.2729107139848587
2.0575435756648695 -0.27093169356359864
2.063685496786257 -0.2687621012715497
2.0698274179076446 -0.2664004791648598
2.0759693390290326 -0.2638455490781289
2.08211126015042 -0.26109621871213173
2.0882531812718077 -0.2581515870309172
2.0943951023931953 -0.25501094895346643
2.100537023514583 -0.2516737993317562
2.106678944635971 -0.24813983621372235
2.1128208657573584 -0.24440896339617396
2.118962786878746 -0.24048129227910892
2.1251047080001335 -0.23635714303905245
2.1312466291215215 -0.23203704514492107
2.137388550242909 -0.22752173724544153
2.1435304713642966 -0.22281216646226712
2.149672392485684 -0.2179094871275834
2.155814313607072 -0.21281505900912764
2.1619562347284598 -0.20753044506912396
2.1680981558498473 -0.20205740880661818
2.174240076971235 -0.19639791123505704
2.180381998092623 -0.1905541075486683
2.1865239192140105 -0.1845283435322523
2.192665840335398 -0.17832315176937644
2.1988077614567856 -0.17194124770367838
2.2049496825781736 -0.1653855256070333
2.211091603699561 -0.15865905450674248
2.2172335248209487 -0.15176507412167722
2.2233754459423363 -0.14470699085448835
2.2295173670637243 -0.13748837388360863
2.235659288185112 -0.1301129513948683
2.2418012093064994 -0.12258460698816571
2.247943130427887 -0.11490737628983226
2.254085051549275 -0.1070854437961661
2.2602269726706625 -0.09912313996813751
2.26636889379205 -0.09102493859155932
2.2725108149134376 -0.08279545441113016
2.2786527360348257 -0.07443944104077085
2.284794657156213 -0.06596178914664591
2.2909365782776008 -0.057367524893272875
2.2970784993989883 -0.048661808637232684
2.3032204205203763 -0.039849933847278154
2.309362341641764 -0.030937326224159865
2.3155042627631515 -0.02192954298831399
2.321646183884539 -0.0128322722987454
2.327788105005927 -0.003651332762050775
2.3339300261273146 0.005607327013387454
2.340071947248702 0.014937628866395714
2.3462138683700897 0.024333365586374507
2.3523557894914777 0.03378820152443427
2.3584977106128653 0.04329567336728342
2.364639631734253 0.05284919112976989
2.3707815528556404 0.06244203942221723
2.376923473977028 0.07206737904824408
2.383065395098416 0.08171824898760809
2.3892073162198035 0.09138756881677407
2.395349237341191 0.1010681416173814
2.4014911584625787 0.1107526574195968
2.4076330795839667 0.12043369722350673
2.4137750007053542 0.1301037376372641
2.419916921826742 0.13975515616569337
2.4260588429481293 0.14938023717752114
2.4322007640695174 0.15897117857339021
2.438342685190905 0.16852009917038596
2.4444846063122925 0.1780190468120243
2.45062652743368 0.18746000720557995
2.456768448555068 0.1968349134813513
2.4629103696764556 0.20613565646103144
2.469052290797843 0.2153540956148694
2.4751942119192307 0.22448207067983372
2.4813361330406187 0.23351141390361793
2.4874780541620063 0.24243396287213492
2.493619975283394 0.2512415738712113
2.4997618964047814 0.2599261357265997
2.5059038175261694 0.2684795840602451
2.512045738647557 0.27689391589505086
2.5181876597689445 0.2851612045352574
2.524329580890332 0.29327361464503415
2.53047150201172 0.3012234174440526
2.5366134231331077 0.3090030059357107
2.5427553442544952 0.31660491008135
2.548897265375883 0.32402181183229634
2.555039186497271 0.3312465599308749
2.5611811076186584 0.3382721843917349
2.567323028740046 0.34509191057586197
2.5734649498614335 0.3516991727715694
2.5796068709828215 0.35808762719952264
2.585748792104209 0.36425116436244964
2.5918907132255966 0.3701839206645939
2.598032634346984 0.37588028923113254
2.604174555468372 0.3813349298636687
2.6103164765897597 0.3865427780744491
2.6164583977111473 0.39149905314910427
2.622600318832535 0.3961992651953695
2.6287422399539224 0.40063922114336475
2.6348841610753104 0.4048150296714876
2.641026082196698 0.4087231050407324
2.6471680033180855 0.41236016982919427
2.653309924439473 0.41572325656755665
2.659451845560861 0.4188097082854033
2.6655937666822487 0.42161717798714554
2.6717356878036362 0.42414362708512243
2.677877608925024 0.4263873228259189
2.684019530046412 0.42834683475407836
2.6901614511677994 0.430021030265068
2.696303372289187 0.4314090693065154
2.7024452934105745 0.4325103982933005
2.7085872145319625 0.43332474330799414
2.71472913565335 0.43385210266332025
2.7208710567747376 0.43409273890774036
2.727012977896125 0.4340471703588715
2.733154899017513 0.4337161622522144
2.7392968201389007 0.4331007175945759
2.7454387412602883 0.43220206781259113
2.751580662381676 0.4310216632868852
2.757722583503064 0.42956116386166937
2.7638645046244514 0.4278224294179449
2.770006425745839 0.42580751059601807
2.7761483468672266 0.42351863974973675
2.7822902679886146 0.4209582222107757
2.788432189110002 0.41812882793647504
2.7945741102313897 0.4150331836092171
2.8007160313527772 0.411674165249171
2.8068579524741653 0.40805479139549916
2.812999873595553 0.4041782169038804
2.8191417947169404 0.40004772740051775
2.825283715838328 0.3956667344247509
2.831425636959716 0.3910387712840531
2.8375675580811035 0.3861674896366432
2.843709479202491 0.38105665680826095
2.8498514003238786 0.37571015384092066
2.8559933214452666 0.3701319742627595
2.862135242566654 0.36432622355950567
2.8682771636880418 0.3582971193196926
2.8744190848094293 0.35204899201761436
2.8805610059308173 0.34558628639023153
2.886702927052205 0.3389135633568665
2.8928448481735924 0.3320355024236428
2.89898676929498 0.32495690450829123
2.9051286904163676 0.3176826951152259
2.9112706115377556 0.31021792778574325
2.917412532659143 0.3025677877438661
2.9235544537805307 0.2947375956547914
2.9296963749019183 0.28673281141013823
2.9358382960233063 0.2785590378522714
2.941980217144694 0.2702220243489134
2.9481221382660814 0.26172767012907905
2.954264059387469 0.2530820272920769
2.960405980508857 0.2442913034029279
2.9665479016302445 0.2353618635900439
2.972689822751632 0.2263002320643797
2.9788317438730196 0.2171130929834899
2.9849736649944076 0.20780729058896916
2.991115586115795 0.19838982855157844
2.9972575072371828 0.18886786846492581
3.0033994283585703 0.17924872743581383
3.0095413494799583 0.1695398747272317
3.015683270601346 0.15974892741838226
3.0218251917227335 0.1498836450550211
3.027967112844121 0.13995192327266198
3.034109033965509 0.12996178638477965
3.0402509550868966 0.11992137893792962
3.046392876208284 0.10983895624560618
3.0525347973296717 0.0997228739225736
3.0586767184510597 0.08958157645123473
3.0648186395724473 0.07942358482124139
3.070960560693835 0.0692574832929038
3.0771024818152224 0.0590919053439204
3.0832444029366104 0.04893551886743147
3.089386324057998 0.038797010697306726
3.0955282451793855 0.028685070543821998
3.101670166300773 0.01860837442938408
3.107812087422161 0.008575567719652875
3.1139540085435486 -0.0014047521497782683
3.120095929664936 -0.011324053147103498
3.1262378507863238 -0.021173886211483695
3.1323797719077118 -0.030945902804849233
3.1385216930290993 -0.040631872338632836
3.144663614150487 -0.050223699365924065
3.1508055352718745 -0.059713440430765014
3.156947456393262 -0.06909332046856423
3.16308937751465 -0.07835574865486886
3.1692312986360376 -0.0874933336039662
3.175373219757425 -0.09649889782394065
3.1815151408788127 -0.10536549134082904
3.1876570620002007 -0.11408640441133476
3.1937989831215883 -0.12265517925109846
3.199940904242976 -0.13106562071370081
3.2060828253643634 -0.13931180586429934
3.2122247464857514 -0.14738809240098177
3.218366667607139 -0.1552891258864547
3.2245085887285265 -0.16300984576247507
3.230650509849914 -0.17054549012937154
3.236792430971302 -0.17789159928298787
3.2429343520926897 -0.185044018011311
3.249076273214077 -0.19199889666281975
3.2552181943354648 -0.19875269100811305
3.261360115456853 -0.20530216092555503
3.2675020365782403 -0.21164436795042202
3.273643957699628 -0.21777667173527818
3.2797858788210155 -0.2236967254769639
3.2859277999424035 -0.22940247037259573
3.292069721063791 -0.2348921291732894
3.2982116421851786 -0.2401641989098839
3.304353563306566 -0.2452174428697265
3.310495484427954 -0.25005088190754693
3.3166374055493417 -0.25466378517658794
3.3227793266707293 -0.2590556603684541
3.328921247792117 -0.26322624355159696
3.335063168913505 -0.2671754886989749
3.3412050900348924 -0.2709035569952282
3.34734701115628 -0.27441080601271783
3.3534889322776675 -0.277697778844021
3.3596308533990555 -0.28076519327599486
3.365772774520443 -0.28361393108735106
3.3719146956418307 -0.2862450275478847
3.3780566167632182 -0.2886596611931126
3.3841985378846062 -0.2908591439431636
3.390340459005994 -0.2928449116293824
3.3964823801273814 -0.2946185149863143
3.402624301248769 -0.2961816111606081
3.4087662223701565 -0.29753595578195374
3.4149081434915445 -0.29868339563453944
3.421050064612932 -0.29962586196072344
3.4271919857343196 -0.30036536442173634
3.433333906855707 -0.3009039857333228
3.439475827977095 -0.30124387698734945
3.4456177490984827 -0.3013872536636211
3.4517596702198703 -0.301336392329493
3.457901591341258 -0.30109362801842177
3.464043512462646 -0.3006613522723893
3.4701854335840334 -0.3000420118272176
3.476327354705421 -0.29923810791421424
3.4824692758268085 -0.29825219614637705
3.4886111969481965 -0.29708688695258756
3.494753118069584 -0.2957448465188575
3.5008950391909717 -0.2942287981917972
3.5070369603123592 -0.2925415242960626
3.5131788814337472 -0.29068586831463483
3.519320802555135 -0.2886647373783996
3.5254627236765224 -0.28648110500964125
3.53160464479791 -0.28413801406274114
3.537746565919298 -0.2816385798045889
3.5438884870406855 -0.2789859930769574
3.550030408162073 -0.2761835234833635
3.5561723292834606 -0.2732345225437177
3.5623142504048486 -0.2701424267613422
3.568456171526236 -0.26691076054868845
3.5745980926476237 -0.26354313896028964
3.5807400137690113 -0.26004327018410883
3.5868819348903993 -0.256414957745463
3.593023856011787 -0.25266210238108067
3.5991657771331744 -0.24878870354454774
3.605307698254562 -0.2447988605083793
3.61144961937595 -0.24069677303216766
3.6175915404973376 -0.2364867415706791
3.623733461618725 -0.2321731670003311
3.6298753827401127 -0.22776054984715494
3.6360173038615007 -0.22325348900407424
3.6421592249828882 -0.21865667993006982
3.648301146104276 -0.21397491232850402
3.6544430672256634 -0.20921306730650002
3.6605849883470514 -0.2043761140217707
3.666726909468439 -0.1994691058276213
3.6728688305898265 -0.19449717593097612
3.679010751711214 -0.18946553258215765
3.6851526728326016 -0.18437945381875098
3.6912945939539896 -0.17924428178917762
3.697436515075377 -0.174065416684563
3.7035784361967647 -0.1688483103100805
3.7097203573181523 -0.16359845932918032
3.7158622784395403 -0.1583213982159443
3.722004199560928 -0.15302269195224377
3.7281461206823154 -0.147707928507409
3.734288041803703 -0.14238271113874765
3.740429962925091 -0.1370526505514802
3.7465718840464786 -0.13172335695650356
3.752713805167866 -0.12640043206386167
3.7588557262892537 -0.12108946104891354
3.7649976474106417 -0.11579600452696714
3.7711395685320293 -0.1105255905706152
3.777281489653417 -0.105283706802197
3.7834234107748044 -0.1000757925917482
3.7895653318961924 -0.0949072313885246
3.79570725301758 -0.089783343211726
3.8018491741389675 -0.08470937732344624
3.807991095260355 -0.07969050510416673
3.814133016381743 -0.07473181314833334
3.8202749375031306 -0.06983829659474972
3.826416858624518 -0.06501485270371657
3.8325587797459058 -0.06026627469008668
3.8387007008672938 -0.05559724581872059
3.8448426219886813 -0.05101233376625064
3.850984543110069 -0.04651598525062301
3.8571264642314564 -0.042112520927613806
3.8632683853528444 -0.03780613055143124
3.869410306474232 -0.033600868394643116
3.8755522275956196 -0.02950064892102338
3.881694148717007 -0.02550924270350877
3.887836069838395 -0.02163027257830627
3.8939779909597827 -0.01786721002530054
3.9001199120811703 -0.014223371764281054
3.906261833202558 -0.0107019165561399
3.912403754323946 -0.0073058421980789915
3.9185456754453334 -0.004037982702001003
3.924687596566721 -0.0009010056456310888
3.9308295176881085 0.0021025903134889628
3.936971438809496 0.004970477770193019
3.943113359930884 0.007700502758144202
3.9492552810522716 0.010290686797478448
3.955397202173659 0.012739228809282539
3.9615391232950468 0.015044506901155245
3.9676810444164348 0.017205080026619746
3.9738229655378223 0.019219689519618534
3.97996488665921 0.021087260503757466
3.9861068077805974 0.022806903174401996
3.9922487289019855 0.024377913950194653
3.998390650023373 0.025799776489086036
4.004532571144761 0.027072162562579306
4.010674492266149 0.028194932780605246
4.016816413387536 0.02916813715829536
4.022958334508924 0.02999201551492605
4.029100255630311 0.03066699769448645
4.035242176751699 0.03119370359669302
4.041384097873086 0.03157294300684939
4.047526018994474 0.031805715212740476
4.053667940115862 0.03189320839676415
4.05980986123725 0.031836798791744496
4.0659517823586375 0.03163804958934048
4.072093703480025 0.03129870959065896
4.078235624601413 0.0308207115895957
4.0843775457228 0.03020617048055349
4.090519466844188 0.029457381083509804
4.096661387965575 0.028576815680911888
4.102803309086964 0.027567121262546682
4.108945230208351 0.0264311164763451
4.115087151329739 0.025171788285011515
4.1212290724511265 0.02379228833039427
4.127370993572514 0.022295929009604393
4.133512914693902 0.020686179269018754
4.139654835815289 0.018966660124441172
4.145796756936677 0.017141139917810307
4.151938678058065 0.015213529322906318
4.158080599179453 0.013187876114489253
4.16422252030084 0.011068359717171915
4.170364441422228 0.00885928555206025
4.176506362543615 0.006565079200758609
4.182648283665003 0.0041902804077113415
4.1887902047863905 0.001739536943013033
4.194932125907778 -0.0007824016512515514
4.201074047029166 -0.0033706904073975705
4.207215968150554 -0.006020395347103575
4.213357889271942 -0.008726499940648454
4.219499810393329 -0.011483911586258595
4.225641731514717 -0.014287468085821469
4.231783652636104 -0.017131944093923657
4.237925573757492 -0.020012057518150685
4.2440674948788795 -0.02292247584983535
4.250209416000267 -0.025857822405947976
4.2563513371216555 -0.028812682464571672
4.262493258243043 -0.03178160927837915
4.268635179364431 -0.03475912995270308
4.274777100485818 -0.037739751177145384
4.280919021607206 -0.040717964802174114
4.287060942728593 -0.04368825325478139
4.293202863849981 -0.04664509478998931
4.299344784971368 -0.04958296857776194
4.305486706092757 -0.05249635962767394
4.311628627214144 -0.05537976355646754
4.317770548335532 -0.05822769120636238
4.3239124694569195 -0.06103467312463291
4.330054390578307 -0.06379526391750087
4.336196311699695 -0.06650404649377077
4.342338232821082 -0.06915563621583316
4.34848015394247 -0.07174468497764118
4.354622075063858 -0.07426588523100178
4.360763996185246 -0.07671397398298686
4.366905917306633 -0.07908373678843798
4.373047838428021 -0.08137001176238694
4.3791897595494085 -0.08356769363772908
4.385331680670796 -0.08567173789364772
4.391473601792184 -0.08767716498008755
4.397615522913571 -0.08957906466300306
4.40375744403496 -0.09137260051416282
4.409899365156347 -0.09305301456796998
4.416041286277735 -0.09461563216606927
4.422183207399122 -0.09605586700845949
4.42832512852051 -0.0973692264274293
4.434467049641897 -0.09855131689790222
4.440608970763285 -0.09959784979473112
4.4467508918846725 -0.1005046474041526
4.452892813006061 -0.10126764919302213
4.4590347341274486 -0.10188291833563501
4.465176655248836 -0.10234664849393457
4.471318576370224 -0.1026551708427512
4.477460497491611 -0.10280496132745075
4.483602418612999 -0.1027926481370396
4.489744339734386 -0.10261501937142427
4.495886260855774 -0.10226903087720317
4.5020281819771615 -0.10175181422212795
4.50817010309855 -0.10106068477426024
4.5143120242199375 -0.10019314984791895
4.520453945341325 -0.09914691687481293
4.526595866462713 -0.09791990155533345
4.5327377875841 -0.09651023594188873
4.538879708705488 -0.09491627640344504
4.545021629826875 -0.0931366114181378
4.551163550948263 -0.09117006913897382
4.557305472069651 -0.08901572467629577
4.563447393191039 -0.08667290703985614
4.569589314312426 -0.08414120568307666
4.575731235433814 -0.0814204765923698
4.5818731565552016 -0.07851084786528939
4.588015077676589 -0.07541272472276452
4.594156998797977 -0.07212679390275803
4.600298919919364 -0.06865402738537199
4.606440841040753 -0.06499568540268699
4.61258276216214 -0.06115331869044962
4.618724683283528 -0.0571287699430879
4.624866604404915 -0.0529241744384019
4.631008525526303 -0.04854195980360986
4.6371504466476905 -0.043984844900177504
4.643292367769078 -0.03925583781097045
4.649434288890466 -0.03435823291968621
4.655576210011854 -0.029295607079180302
4.661718131133242 -0.024071814872132856
4.667860052254629 -0.0186909829744359
4.674001973376017 -0.013157503638644555
4.680143894497404 -0.007476027321750864
4.686285815618792 -0.001651454488331764
4.692427736740179 0.004311073373283578
4.698569657861567 0.010406183477861966
4.7047115789829554 0.016628282163190875
4.710853500104343 0.022971565947581728
4.716995421225731 0.029430033164375244
4.723137342347118 0.0359974961083334
4.729279263468506 0.04266759362485753
4.735421184589893 0.04943380406966781
4.741563105711281 0.056289458563956236
4.747705026832668 0.06322775446811478
4.753846947954056 0.07024176899596637
4.759988869075444 0.07732447289100454
4.766130790196832 0.0844687440864829
4.7722727113182195 0.091667381272287
4.778414632439607 0.0989131172933559
4.784556553560995 0.10619863230697897
4.790698474682382 0.1135165666295478
4.79684039580377 0.12085953320725586
4.802982316925157 0.12822012964976548
4.809124238046546 0.13559094977095584
4.815266159167933 0.1429645945864634
4.821408080289321 0.15033368272377498
4.8275500014107084 0.15769086020705686
4.833691922532096 0.16502880958563873
4.839833843653484 0.17234025838204187
4.845975764774871 0.1796179868425729
4.852117685896259 0.18685483498072222
4.858259607017647 0.19404370891083284
4.864401528139035 0.2011775864766696
4.870543449260422 0.20824952218654053
4.87668537038181 0.215252651473437
4.882827291503197 0.2221801943051971
4.888969212624585 0.22902545817588973
4.8951111337459725 0.23578184051541418
4.90125305486736 0.2424428305596451
4.9073949759887485 0.24900201072828876
4.913536897110136 0.25545305756189834
4.919678818231524 0.2617897422731953
4.925820739352911 0.26800593097092174
4.931962660474299 0.27409558461688843
4.938104581595686 0.280052758778655
4.944246502717074 0.2858716032413839
4.9503884238384614 0.2915463615428335
4.95653034495985 0.29707137049520066
4.9626722660812375 0.3024410597566014
4.968814187202625 0.3076499515133968
4.974956108324013 0.3126926603323542
4.9810980294454 0.3175638932388055
4.987239950566788 0.32225845007355125
4.993381871688175 0.32677122417730226
4.999523792809563 0.33109720344698745
5.00566571393095 0.3352314718033306
5.011807635052339 0.33916921110375975
5.017949556173726 0.34290570352901256
5.024091477295114 0.34643633446579875
5.0302333984165015 0.349756595901622
5.036375319537889 0.3528620903414266
5.042517240659277 0.35574853524916367
5.048659161780664 0.3584117680107437
5.054801082902052 0.36084775140821285
5.06094300402344 0.36305257958842624
5.067084925144828 0.3650224845030613
5.073226846266215 0.3667538427905686
5.079368767387603 0.36824318306467807
5.0855106885089905 0.36948719356840104
5.091652609630378 0.37048273014717514
5.097794530751766 0.37122682448992067
5.103936451873153 0.371716692582386
5.110078372994542 0.37194974331328434
5.116220294115929 0.37192358717041957
5.122362215237317 0.37163604496129216
5.128504136358704 0.37108515649060786
5.134646057480092 0.37026918912569834
5.140787978601479 0.36918664618012625
5.146929899722867 0.36783627504570376
5.1530718208442545 0.3662170750037971
5.159213741965643 0.36432830464813226
5.1653556630870305 0.36216948885333666
5.171497584208418 0.35974042522613686
5.177639505329806 0.35704118997946116
5.183781426451193 0.3540721431736331
5.189923347572581 0.3508339332733505
5.196065268693968 0.3473275009741814
5.202207189815356 0.3435540822578214
5.208349110936744 0.3395152106412912
5.214491032058132 0.33521271859154517
5.2206329531795195 0.3306487380835472
5.226774874300907 0.32582570028668284
5.232916795422295 0.32074633437133604
5.239058716543682 0.3154136654345028
5.24520063766507 0.3098310115503522
5.251342558786457 0.30400197995862044
5.257484479907845 0.2979304624105407
5.263626401029233 0.2916206296986169
5.269768322150621 0.28507692540285445
5.275910243272008 0.27830405889201293
5.282052164393396 0.271306997623972
5.2881940855147835 0.26409095879434363
5.294336006636171 0.2566614003869784
5.300477927757559 0.24902401168394095
5.306619848878946 0.24118470329584024
5.312761770000335 0.23314959677605532
5.318903691121722 0.22492501388437874
5.32504561224311 0.21651746556688237
5.331187533364497 0.2079336407193925
5.337329454485885 0.19918039480184055
5.3434713756072725 0.19026473836993585
5.34961329672866 0.18119382558911165
5.355755217850048 0.17197494279353795
5.361897138971436 0.16261549715021595
5.368039060092824 0.1531230054847978
5.374180981214211 0.14350508332186188
5.380322902335599 0.13376943418796514
5.386464823456986 0.12392383922094694
5.392606744578374 0.11397614712373087
5.398748665699761 0.10393426449532943
5.404890586821149 0.09380614656596412
5.411032507942537 0.0835997883572415
5.417174429063925 0.07332321628224424
5.4233163501853126 0.0629844801942762
5.4294582713067 0.052591645886910995
5.435600192428088 0.04215278804200949
5.441742113549475 0.031675983616553646
5.447884034670863 0.021169305653566867
5.45402595579225 0.01064081749711003
5.460167876913639 9.856738642079546e-05
5.466309798035026 -0.010449416600244477
5.472451719156414 -0.020995131285552568
5.4785936402778015 -0.03153060285384313
5.484735561399189 -0.04204789107270194
5.490877482520577 -0.05253909331778585
5.497019403641964 -0.06299634844513505
5.503161324763352 -0.07341184055639076
5.509303245884739 -0.08377780270288268
5.515445167006128 -0.09408652057445305
5.521587088127515 -0.10433033621814679
5.527729009248903 -0.11450165183052621
5.53387093037029 -0.12459293366538172
5.540012851491678 -0.13459671609602758
5.5461547726130656 -0.144505605868225
5.552296693734453 -0.15431228657609605
5.558438614855841 -0.16400952338922628
5.564580535977229 -0.17359016805454502
5.570722457098617 -0.18304716419157405
5.576864378220004 -0.19237355289430502
5.583006299341392 -0.2015624786473629
5.589148220462779 -0.21060719555830223
5.595290141584167 -0.21950107390193402
5.6014320627055545 -0.22823760696655945
5.607573983826942 -0.2368104181859672
5.6137159049483305 -0.24521326853510353
5.619857826069718 -0.25344006416151976
5.625999747191106 -0.2614848642191134
5.632141668312493 -0.26934188886537275
5.638283589433881 -0.27700552737838047
5.644425510555268 -0.2844703463452887
5.650567431676656 -0.2917310978699112
5.656709352798043 -0.29878272774353776
5.662851273919432 -0.3056203835201104
5.668993195040819 -0.3122394224345614
5.675135116162207 -0.31863541910142423
5.681277037283595 -0.3248041729298319
5.687418958404982 -0.33074171519072365
5.69356087952637 -0.33644431567251687
5.699702800647757 -0.3419084888626577
5.705844721769145 -0.3471309995943549
5.711986642890533 -0.35210886810040254
5.718128564011921 -0.3568393744192968
5.724270485133308 -0.3613200621028236
5.730412406254696 -0.3655487411788974
5.7365543273760835 -0.36952349032863013
5.742696248497471 -0.3732426582423477
5.748838169618859 -0.3767048641255021
5.754980090740246 -0.37990899733207906
5.761122011861635 -0.38285421611011317
5.767263932983022 -0.3855399454512235
5.77340585410441 -0.3879658740435924
5.779547775225797 -0.39013195033545894
5.785689696347185 -0.3920383777239029
5.7918316174685724 -0.39368560889136933
5.79797353858996 -0.3950743393199656
5.804115459711348 -0.3962055000209474
5.810257380832735 -0.39708024952394766
5.816399301954124 -0.39769996517729495
5.822541223075511 -0.3980662338171628
5.828683144196899 -0.39818084186920827
5.834825065318286 -0.3980457649517471
5.840966986439674 -0.397663157054306
5.847108907561061 -0.3970353393695551
5.853250828682449 -0.39616478886009443
5.8593927498038365 -0.3950541266443277
5.865534670925225 -0.3937061062876642
5.8716765920466125 -0.39212360208652985
5.877818513168 -0.39030959743312577
5.883960434289388 -0.3882671733485363
5.890102355410775 -0.3859994972706672
5.896244276532163 -0.3835098121815915
5.90238619765355 -0.38080142615620827
5.908528118774938 -0.377877702410708
5.914670039896326 -0.37474204992521043
5.920811961017714 -0.37139791471013084
5.9269538821391015 -0.3678487717803825
5.933095803260489 -0.3640981178954844
5.939237724381877 -0.36014946511705376
5.945379645503264 -0.356006335228093
5.951521566624652 -0.3516722550509783
5.957663487746039 -0.34715075269318585
5.963805408867428 -0.3424453547416227
5.969947329988815 -0.3375595844180223
5.976089251110203 -0.3324969606992951
5.98223117223159 -0.32726099839805833
5.988373093352978 -0.3218552091898833
5.9945150144743655 -0.31628310356515743
6.000656935595753 -0.3105481936749436
6.006798856717141 -0.30465399703189366
6.012940777838529 -0.2986040410192124
6.019082698959917 -0.29240186815293934
6.025224620081304 -0.28605104203548815
6.031366541202692 -0.2795551539315189
6.037508462324079 -0.2729178298908812
6.043650383445467 -0.2661427383376164
6.0497923045668545 -0.25923359803889606
6.055934225688242 -0.25219418636335744
6.06207614680963 -0.2450283477346169
6.068218067931018 -0.2377400021828445
6.074359989052406 -0.23033315389519857
6.080501910173793 -0.22281189966468343
6.086643831295181 -0.21518043713662321
6.092785752416568 -0.20744307275246351
6.098927673537956 -0.19960422929202243
6.105069594659343 -0.1916684529176214
6.111211515780731 -0.18364041962672456
6.117353436902119 -0.1755249410237874
6.123495358023507 -0.1673269693269446
6.1296372791448945 -0.1590516015309144
6.135779200266282 -0.15070408265402965
6.14192112138767 -0.1422898080045721
6.148063042509057 -0.13381432440953514
6.154204963630445 -0.12528333035749983
6.160346884751832 -0.11670267501641939
6.166488805873221 -0.10807835609667904
6.172630726994608 -0.09941651653975664
6.178772648115996 -0.0907234400230569
6.1849145692373835 -0.08200554528193979
6.191056490358771 -0.07326937926050839
6.197198411480159 -0.06452160911326454
6.203340332601546 -0.05576901309017719
6.209482253722934 -0.04701847034793443
6.215624174844322 -0.03827694974006279
6.22176609596571 -0.02955149764809381
6.227908017087097 -0.020849224924939548
6.234049938208485 -0.012177293030011421
6.240191859329872 -0.0035428994432900127
6.24633378045126 0.005046737547554352
6.2524757015726475 0.013584394586855187
6.258617622694035 0.02206285941221025
6.2647595438154235 0.030474947327929276
6.270901464936811 0.0388135178781836
6.277043386058199 0.047071491605328336
