time TPR_both_A_open_1_rho13_real
0.0 0.0
0.00614192112138767 -2.1077054575972276e-05
0.01228384224277534 -8.406201338941966e-05
0.01842576336416301 -0.00018846424502222387
0.02456768448555068 -0.0003336340396333042
0.030709605606938348 -0.0005187667014994756
0.03685152672832602 -0.0007429074924987921
0.042993447849713685 -0.0010049573807907265
0.04913536897110136 -0.001303679542236284
0.05527729009248903 -0.0016377065562286888
0.061419211213876695 -0.002005548232651278
0.06756113233526437 -0.002405600002702998
0.07370305345665204 -0.002836151803371558
0.07984497457803971 -0.0032953973834061938
0.08598689569942737 -0.0037814439577409887
0.09212881682081504 -0.004292322137419534
0.09827073794220272 -0.00482599606312643
0.10441265906359039 -0.005380373672376347
0.11055458018497806 -0.005953317033166706
0.11669650130636572 -0.006542652680370764
0.12283842242775339 -0.007146181895228498
0.12898034354914106 -0.007761690872868639
0.13512226467052874 -0.008386960727746829
0.1412641857919164 -0.00901977729208959
0.14740610691330408 -0.009657940667769687
0.15354802803469175 -0.01029927449738647
0.15968994915607942 -0.010941634925572104
0.16583187027746707 -0.011582919226586448
0.17197379139885474 -0.012221074079005498
0.17811571252024241 -0.01285410347266907
0.1842576336416301 -0.013480076236964336
0.19039955476301776 -0.014097133182929964
0.19654147588440543 -0.014703493854533177
0.2026833970057931 -0.015297462886777117
0.20882531812718078 -0.015877435970032844
0.21496723924856845 -0.01644190542116805
0.22110916036995612 -0.016989465362687656
0.2272510814913438 -0.017518816511246774
0.23339300261273144 -0.01802877057659435
0.2395349237341191 -0.018518254271315593
0.24567684485550678 -0.01898631293073239
0.25181876597689445 -0.019432113741068704
0.2579606870982821 -0.01985494857257257
0.2641026082196698 -0.020254236412790977
0.27024452934105747 -0.020629525393701765
0.27638645046244514 -0.02098049440499938
0.2825283715838328 -0.021306954284587343
0.2886702927052205 -0.021608848576322087
0.29481221382660816 -0.021886253844345768
0.30095413494799583 -0.022139379532996682
0.3070960560693835 -0.022368567361341626
0.3132379771907712 -0.02257429024186999
0.31937989831215885 -0.022757150713848612
0.3255218194335465 -0.022917878883269894
0.33166374055493414 -0.02305732986323161
0.3378056616763218 -0.023176480710950575
0.3439475827977095 -0.023276426860406565
0.35008950391909716 -0.023358378052798705
0.35623142504048483 -0.02342365377052343
0.3623733461618725 -0.02347367818419172
0.3685152672832602 -0.023509974626224363
0.37465718840464785 -0.02353415960872242
0.3807991095260355 -0.02354793640752478
0.3869410306474232 -0.02355308823855191
0.39308295176881086 -0.023551471056608275
0.39922487289019853 -0.0235450060106914
0.4053667940115862 -0.023535671593450193
0.4115087151329739 -0.023525495525671354
0.41765063625436155 -0.02351654641947962
0.4237925573757492 -0.023510925266252137
0.4299344784971369 -0.023510756797016724
0.43607639961852457 -0.02351818076428656
0.44221832073991224 -0.023535343194850535
0.4483602418612999 -0.023564387662973686
0.4545021629826876 -0.02360744663276302
0.4606440841040752 -0.02366663291713263
0.4667860052254629 -0.023744031298883892
0.47292792634685055 -0.023841690356939917
0.4790698474682382 -0.0239616145377897
0.4852117685896259 -0.024105756508768592
0.49135368971101356 -0.024276009825999596
0.49749561083240124 -0.02447420194572458
0.5036375319537889 -0.02470208760345144
0.5097794530751766 -0.02496134258092249
0.5159213741965643 -0.025253557876462183
0.5220632953179519 -0.025580234289879624
0.5282052164393396 -0.02594277742887121
0.5343471375607273 -0.02634249313987384
0.5404890586821149 -0.026780583362635797
0.5466309798035026 -0.02725814240446643
0.5527729009248903 -0.027776153627254815
0.558914822046278 -0.0283354865379539
0.5650567431676656 -0.02893689427134311
0.5711986642890533 -0.029581011452525167
0.577340585410441 -0.030268352425785693
0.5834825065318286 -0.03099930983613639
0.5896244276532163 -0.03177415355004963
0.595766348774604 -0.03259302990253738
0.6019082698959917 -0.033455961258781246
0.6080501910173793 -0.034362845879924456
0.614192112138767 -0.035313458084322936
0.6203340332601547 -0.03630744869744637
0.6264759543815424 -0.037344345785643156
0.63261787550293 -0.038423555671052885
0.6387597966243177 -0.03954436422698498
0.6449017177457054 -0.040705938455002234
0.651043638867093 -0.041907328346677084
0.6571855599884806 -0.04314746903445606
0.6633274811098683 -0.04442518323721227
0.669469402231256 -0.04573918400683315
0.6756113233526436 -0.04708807778253902
0.6817532444740313 -0.048470367759526914
0.687895165595419 -0.04988445757796475
0.6940370867168066 -0.05132865533731849
0.7001790078381943 -0.052801177939487166
0.706320928959582 -0.05430015576226708
0.7124628500809697 -0.05582363766230096
0.7186047712023573 -0.05736959630393318
0.724746692323745 -0.0589359338073428
0.7308886134451327 -0.06052048770602543
0.7370305345665203 -0.062121037200212205
0.743172455687908 -0.06373530968922661
0.7493143768092957 -0.06536098756216563
0.7554562979306834 -0.06699571522273327
0.761598219052071 -0.06863710632063293
0.7677401401734587 -0.07028275115871921
0.7738820612948464 -0.07193022424219603
0.780023982416234 -0.07357709193359381
0.7861659035376217 -0.07522092017512913
0.7923078246590094 -0.07685928223839676
0.7984497457803971 -0.07848976646021001
0.8045916669017847 -0.08010998392282448
0.8107335880231724 -0.08171757603677048
0.8168755091445601 -0.08331022198509072
0.8230174302659478 -0.08488564598892431
0.8291593513873354 -0.08644162435608259
0.8353012725087231 -0.0879759922764914
0.8414431936301108 -0.08948665033109131
0.8475851147514984 -0.09097157068393671
0.8537270358728861 -0.09242880293075648
0.8598689569942738 -0.09385647958106107
0.8660108781156615 -0.09525282115492868
0.8721527992370491 -0.09661614087979349
0.8782947203584368 -0.09794484897680675
0.8844366414798245 -0.09923745653056329
0.8905785626012122 -0.10049257894009443
0.8967204837225998 -0.10170893895294296
0.9028624048439875 -0.10288536928778041
0.9090043259653752 -0.10402081485433046
0.9151462470867628 -0.10511433458226419
0.9212881682081504 -0.10616510287318216
0.9274300893295381 -0.10717241069175401
0.9335720104509257 -0.10813566631352288
0.9397139315723134 -0.10905439574778371
0.9458558526937011 -0.10992824285431119
0.9519977738150888 -0.11075696917255874
0.9581396949364764 -0.11154045348129933
0.9642816160578641 -0.11227869110557342
0.9704235371792518 -0.11297179298629732
0.9765654583006395 -0.11361998452603095
0.9827073794220271 -0.1142236042222766
0.9888493005434148 -0.11478310209735691
0.9949912216648025 -0.11529903793148534
1.0011331427861903 -0.11577207930318181
1.0072750639075778 -0.11620299943878384
1.0134169850289656 -0.11659267487054839
1.0195589061503532 -0.11694208290081053
1.025700827271741 -0.11725229886793677
1.0318427483931285 -0.11752449320845301
1.0379846695145163 -0.1177599283087927
1.0441265906359039 -0.11795995513965074
1.0502685117572914 -0.11812600966596906
1.0564104328786792 -0.11825960902614646
1.0625523540000668 -0.1183623474751562
1.0686942751214545 -0.11843589208786431
1.074836196242842 -0.11848197822094246
1.0809781173642299 -0.11850240473432276
1.0871200384856174 -0.11849902897609735
1.0932619596070052 -0.11847376153805747
1.0994038807283928 -0.11842856079262241
1.1055458018497806 -0.11836542722564387
1.1116877229711681 -0.11828639758339873
1.117829644092556 -0.11819353885590676
1.1239715652139435 -0.11808894212243701
1.1301134863353313 -0.11797471628859856
1.1362554074567188 -0.11785298174765911
1.1423973285781066 -0.11772586400160774
1.1485392496994942 -0.11759548727989576
1.154681170820882 -0.11746396819568199
1.1608230919422695 -0.11733340948071204
1.1669650130636573 -0.11720589384062668
1.1731069341850449 -0.11708347797248782
1.1792488553064326 -0.11696818678560827
1.1853907764278202 -0.11686200786536698
1.191532697549208 -0.11676688621759213
1.1976746186705955 -0.11668471932832485
1.2038165397919833 -0.11661735257036973
1.209958460913371 -0.11656657498404967
1.2161003820347587 -0.11653411545507225
1.2222423031561462 -0.11652163930745836
1.228384224277534 -0.11653074532416711
1.2345261453989216 -0.11656296320246479
1.2406680665203094 -0.11661975144533207
1.246809987641697 -0.11670249568438493
1.2529519087630847 -0.11681250742400713
1.2590938298844723 -0.11695102319076525
1.26523575100586 -0.11711920406680378
1.2713776721272476 -0.11731813558090089
1.2775195932486354 -0.11754882792630275
1.283661514370023 -0.11781221647043201
1.2898034354914107 -0.11810916251816733
1.2959453566127983 -0.11844045428768236
1.302087277734186 -0.11880680805587308
1.3082291988555736 -0.11920886942923441
1.3143711199769612 -0.11964721469570147
1.320513041098349 -0.12012235221345961
1.3266549622197366 -0.12063472379405377
1.3327968833411243 -0.1211847060392678
1.338938804462512 -0.12177261159417331
1.3450807255838997 -0.12239869028241057
1.3512226467052872 -0.12306313009410225
1.357364567826675 -0.12376605800173396
1.3635064889480626 -0.12450754058477825
1.3696484100694504 -0.12528758444968405
1.375790331190838 -0.12610613643799723
1.3819322523122257 -0.12696308362169628
1.3880741734336133 -0.1278582530911995
1.394216094555001 -0.12879141154779813
1.4003580156763886 -0.12976226471836627
1.4064999367977764 -0.13077045661596687
1.412641857919164 -0.13181556867529218
1.4187837790405518 -0.13289711879663235
1.4249257001619393 -0.13401456033615253
1.431067621283327 -0.13516728108358317
1.4372095424047147 -0.13635460227091273
1.4433514635261024 -0.1375757776572532
1.44949338464749 -0.13882999273568286
1.4556353057688778 -0.14011636410753128
1.4617772268902653 -0.1414339390682565
1.4679191480116531 -0.14278169544678448
1.4740610691330407 -0.1441585417369808
1.4802029902544285 -0.14556331755585256
1.486344911375816 -0.14699479445822006
1.4924868324972038 -0.14845167713204185
1.4986287536185914 -0.14993260499244007
1.5047706747399792 -0.15143615418587622
1.5109125958613667 -0.1529608400090138
1.5170545169827545 -0.15450511973971442
1.523196438104142 -0.15606739587050236
1.5293383592255299 -0.1576460197278501
1.5354802803469174 -0.1592392954539375
1.5416222014683052 -0.16084548432126192
1.5477641225896928 -0.16246280934476864
1.5539060437110805 -0.16408946015114845
1.560047964832468 -0.16572359806072864
1.5661898859538559 -0.167363361334052
1.5723318070752434 -0.1690068705328719
1.578473728196631 -0.17065223394393636
1.5846156493180188 -0.1722975530136213
1.5907575704394064 -0.173940927742204
1.5968994915607941 -0.1755804619883221
1.6030414126821817 -0.17721426863690057
1.6091833338035695 -0.17884047458747676
1.615325254924957 -0.18045722552433668
1.6214671760463448 -0.18206269043507523
1.6276090971677324 -0.18365506585000355
1.6337510182891202 -0.18523257978110286
1.6398929394105077 -0.18679349534583214
1.6460348605318955 -0.18833611406788078
1.652176781653283 -0.18985877885377164
1.6583187027746709 -0.1913598766509087
1.6644606238960584 -0.19283784079908572
1.6706025450174462 -0.19429115309348308
1.6767444661388338 -0.19571834558265916
1.6828863872602216 -0.19711800212986827
1.6890283083816091 -0.1984887597701173
1.695170229502997 -0.1998293098986212
1.7013121506243845 -0.20113839932867741
1.7074540717457722 -0.20241483125840537
1.7135959928671598 -0.2036574661862697
1.7197379139885476 -0.20486522281482872
1.7258798351099351 -0.20603707898073478
1.732021756231323 -0.207172072646709
1.7381636773527105 -0.2082693029880712
1.7443055984740983 -0.2093279316025001
1.7504475195954858 -0.2103471838671233
1.7565894407168736 -0.21132635046188214
1.7627313618382612 -0.21226478907250254
1.768873282959649 -0.21316192628044037
1.7750152040810365 -0.21401725964098411
1.7811571252024243 -0.21483035994441327
1.7872990463238119 -0.21560087364884967
1.7934409674451997 -0.21632852546732534
1.7995828885665872 -0.21701312108574117
1.805724809687975 -0.2176545499829102
1.8118667308093626 -0.21825278831887765
1.8180086519307503 -0.21880790185326685
1.824150573052138 -0.21932004885160414
1.8302924941735257 -0.21978948293448303
1.8364344152949132 -0.22021655582209804
1.8425763364163008 -0.22060171992514188
1.8487182575376886 -0.22094553073234388
1.8548601786590762 -0.2212486489450357
1.861002099780464 -0.22151184231005888
1.8671440209018515 -0.221735987104055
1.8732859420232393 -0.2219220692246675
1.8794278631446268 -0.2220711848473884
1.8855697842660146 -0.2221845406106457
1.8917117053874022 -0.22226345329617478
1.89785362650879 -0.22230934897667598
1.9039955476301775 -0.22232376160814346
1.9101374687515653 -0.22230833104996392
1.9162793898729529 -0.22226480050183633
1.9224213109943407 -0.22219501335265518
1.9285632321157282 -0.22210090944262934
1.934705153237116 -0.2219845207459857
1.9408470743585036 -0.2218479664875278
1.9469889954798913 -0.2216934477120029
1.953130916601279 -0.2215232413305871
1.9592728377226667 -0.22133969367375494
1.9654147588440543 -0.22114521358428577
1.971556679965442 -0.22094226508812195
1.9776986010868296 -0.22073335968418534
1.9838405222082174 -0.22052104829704228
1.989982443329605 -0.2203079129384677
1.9961243644509927 -0.2200965581254807
2.0022662855723805 -0.21988960210331537
2.008408206693768 -0.2196896679220641
2.0145501278151556 -0.21949937441541986
2.020692048936543 -0.21932132712907937
2.026833970057931 -0.21915810924500886
2.0329758911793188 -0.21901227254596978
2.0391178123007063 -0.21888632846252132
2.045259733422094 -0.21878273924223102
2.051401654543482 -0.2187039092781055
2.0575435756648695 -0.21865217663038208
2.063685496786257 -0.21862980477287167
2.0698274179076446 -0.21863897459208967
2.0759693390290326 -0.21868177666452634
2.08211126015042 -0.21876020383465744
2.0882531812718077 -0.21887614411373657
2.0943951023931953 -0.2190313739170952
2.100537023514583 -0.21922755165564245
2.106678944635971 -0.21946621169553768
2.1128208657573584 -0.21974875869861812
2.118962786878746 -0.22007646235511455
2.1251047080001335 -0.2204504525194667
2.1312466291215215 -0.22087171475965067
2.137388550242909 -0.2213410863303154
2.1435304713642966 -0.22185925258016448
2.149672392485684 -0.22242674380436286
2.155814313607072 -0.2230439325532448
2.1619562347284598 -0.22371103140918677
2.1680981558498473 -0.22442809124412624
2.174240076971235 -0.22519499997078743
2.180381998092623 -0.226011481801152
2.1865239192140105 -0.22687709702602035
2.192665840335398 -0.22779124232958803
2.1988077614567856 -0.22875315165275503
2.2049496825781736 -0.22976189761834118
2.211091603699561 -0.2308163935304616
2.2172335248209487 -0.2319153959589857
2.2233754459423363 -0.23305750791824062
2.2295173670637243 -0.2342411826469189
2.235659288185112 -0.23546472799350207
2.2418012093064994 -0.23672631140843936
2.247943130427887 -0.23802396554083943
2.254085051549275 -0.23935559443358065
2.2602269726706625 -0.2407189803065696
2.26636889379205 -0.24211179091342508
2.2725108149134376 -0.24353158745220785
2.2786527360348257 -0.24497583300601522
2.284794657156213 -0.24644190148439696
2.2909365782776008 -0.24792708703169627
2.2970784993989883 -0.2494286138636647
2.3032204205203763 -0.25094364648911793
2.309362341641764 -0.25246930026907644
2.3155042627631515 -0.25400265226183966
2.321646183884539 -0.25554075229886186
2.327788105005927 -0.2570806342331787
2.3339300261273146 -0.2586193272995572
2.340071947248702 -0.26015386752354114
2.3462138683700897 -0.26168130911519
2.3523557894914777 -0.2631987357825937
2.3584977106128653 -0.26470327190020065
2.364639631734253 -0.2661920934676397
2.3707815528556404 -0.26766243879604185
2.376923473977028 -0.2691116188608551
2.383065395098416 -0.2705370272627854
2.3892073162198035 -0.2719361497417312
2.395349237341191 -0.27330657319238194
2.4014911584625787 -0.27464599413445584
2.4076330795839667 -0.2759522265952977
2.4137750007053542 -0.2772232093676793
2.419916921826742 -0.27845701261105227
2.4260588429481293 -0.27965184377014574
2.4322007640695174 -0.28080605279055376
2.438342685190905 -0.2819181366167833
2.4444846063122925 -0.28298674296401205
2.45062652743368 -0.2840106733604827
2.456768448555068 -0.284988885462938
2.4629103696764556 -0.2859204946527298
2.469052290797843 -0.2868047749251287
2.4751942119192307 -0.28764115908887716
2.4813361330406187 -0.28842923829711126
2.4874780541620063 -0.2891687609343865
2.493619975283394 -0.2898596308876574
2.4997618964047814 -0.2905019052316521
2.5059038175261694 -0.29109579136115216
2.512045738647557 -0.29164164360423533
2.5181876597689445 -0.29213995935157494
2.524329580890332 -0.2925913747374458
2.53047150201172 -0.29299665990818885
2.5366134231331077 -0.2933567139135806
2.5427553442544952 -0.293672559255884
2.548897265375883 -0.29394533613038526
2.555039186497271 -0.2941762963899962
2.5611811076186584 -0.29436679726508924
2.567323028740046 -0.2945182948681989
2.5734649498614335 -0.2946323375116233
2.5796068709828215 -0.2947105588643541
2.585748792104209 -0.29475467097321645
2.5918907132255966 -0.2947664571716498
2.598032634346984 -0.29474776489826515
2.604174555468372 -0.294700498446199
2.6103164765897597 -0.2946266116633872
2.6164583977111473 -0.2945281006232175
2.622600318832535 -0.2944069962846052
2.6287422399539224 -0.29426535716035945
2.6348841610753104 -0.2941052620127824
2.641026082196698 -0.2939288025957274
2.6471680033180855 -0.2937380764628312
2.653309924439473 -0.2935351798622806
2.659451845560861 -0.2933222007392456
2.6655937666822487 -0.2931012118679577
2.6717356878036362 -0.2928742641362895
2.677877608925024 -0.2926433800065397
2.684019530046412 -0.2924105471769052
2.6901614511677994 -0.2921777124687622
2.696303372289187 -0.2919467759653425
2.7024452934105745 -0.29171958542762005
2.7085872145319625 -0.291497931013185
2.71472913565335 -0.29128354032352716
2.7208710567747376 -0.2910780738044586
2.727012977896125 -0.2908831205233434
2.733154899017513 -0.2907001943453635
2.7392968201389007 -0.2905307305292201
2.7454387412602883 -0.2903760827604595
2.751580662381676 -0.2902375206380225
2.757722583503064 -0.29011622762668327
2.7638645046244514 -0.29001329948477417
2.770006425745839 -0.28992974317304815
2.7761483468672266 -0.28986647624673195
2.7822902679886146 -0.2898243267288389
2.788432189110002 -0.28980403345868233
2.7945741102313897 -0.2898062469053296
2.8007160313527772 -0.2898315304315166
2.8068579524741653 -0.28988036198937517
2.812999873595553 -0.2899531362252707
2.8191417947169404 -0.29005016696717784
2.825283715838328 -0.2901716900643873
2.831425636959716 -0.2903178665460167
2.8375675580811035 -0.290488786061827
2.843709479202491 -0.2906844705662977
2.8498514003238786 -0.29090487820481137
2.8559933214452666 -0.29114990735919877
2.862135242566654 -0.29141940080882006
2.8682771636880418 -0.29171314996283
2.8744190848094293 -0.29203089911931346
2.8805610059308173 -0.2923723497075839
2.886702927052205 -0.2927371644711108
2.8928448481735924 -0.29312497155026856
2.89898676929498 -0.29353536842635525
2.9051286904163676 -0.2939679256910917
2.9112706115377556 -0.29442219060903213
2.917412532659143 -0.2948976904439545
2.9235544537805307 -0.29539393552430254
2.9296963749019183 -0.295910422027051
2.9358382960233063 -0.29644663446390657
2.941980217144694 -0.2970020478584623
2.9481221382660814 -0.29757612960772245
2.954264059387469 -0.29816834102622947
2.960405980508857 -0.2987781385757819
2.9665479016302445 -0.2994049747883544
2.972689822751632 -0.3000482988942411
2.9788317438730196 -0.3007075571715769
2.9849736649944076 -0.30138219303717495
2.991115586115795 -0.30207164690199745
2.9972575072371828 -0.30277535581749065
3.0033994283585703 -0.3034927529414307
3.0095413494799583 -0.3042232668537892
3.015683270601346 -0.30496632075443303
3.0218251917227335 -0.30572133157518566
3.027967112844121 -0.3064877090389088
3.034109033965509 -0.30726485469780895
3.0402509550868966 -0.3080521609821594
3.046392876208284 -0.3088490102890801
3.0525347973296717 -0.3096547741389776
3.0586767184510597 -0.31046881242475804
3.0648186395724473 -0.31129047277606164
3.070960560693835 -0.31211909005756977
3.0771024818152224 -0.31295398601700325
3.0832444029366104 -0.31379446909481795
3.089386324057998 -0.3146398344039041
3.0955282451793855 -0.31548936388388077
3.101670166300773 -0.31634232663093875
3.107812087422161 -0.3171979794006779
3.1139540085435486 -0.3180555672781113
3.120095929664936 -0.31891432450600943
3.1262378507863238 -0.31977347546010504
3.1323797719077118 -0.32063223575742306
3.1385216930290993 -0.3214898134821738
3.144663614150487 -0.3223454105122882
3.1508055352718745 -0.3231982239287917
3.156947456393262 -0.32404744748982145
3.16308937751465 -0.3248922731511766
3.1692312986360376 -0.3257318926158397
3.175373219757425 -0.3265654988958909
3.1815151408788127 -0.327392287871613
3.1876570620002007 -0.328211459834308
3.1937989831215883 -0.3290222210013645
3.199940904242976 -0.329823784994354
3.2060828253643634 -0.3306153742733451
3.2122247464857514 -0.3313962215231219
3.218366667607139 -0.3321655709895165
3.2245085887285265 -0.3329226797665402
3.230650509849914 -0.3336668190373598
3.236792430971302 -0.3343972752743462
3.2429343520926897 -0.33511335140537385
3.249076273214077 -0.33581436795520403
3.2552181943354648 -0.3364996641721207
3.261360115456853 -0.33716859915094755
3.2675020365782403 -0.3378205529641553
3.273643957699628 -0.338454927812935
3.2797858788210155 -0.3390711492098765
3.2859277999424035 -0.3396686672042448
3.292069721063791 -0.3402469576598136
3.2982116421851786 -0.3408055235938079
3.304353563306566 -0.34134389658377295
3.310495484427954 -0.34186163824714605
3.3166374055493417 -0.3423583417960212
3.3227793266707293 -0.3428336336671064
3.328921247792117 -0.343287175224237
3.335063168913505 -0.34371866452808386
3.3412050900348924 -0.34412783816493697
3.34734701115628 -0.34451447312372124
3.3534889322776675 -0.3448783887077556
3.3596308533990555 -0.3452194484652723
3.365772774520443 -0.3455375621204065
3.3719146956418307 -0.34583268748430646
3.3780566167632182 -0.3461048323242413
3.3841985378846062 -0.3463540561671312
3.390340459005994 -0.3465804720128331
3.3964823801273814 -0.346784247931795
3.402624301248769 -0.34696560852138064
3.4087662223701565 -0.3471248361952461
3.4149081434915445 -0.34726227228065687
3.421050064612932 -0.3473783178995319
3.4271919857343196 -0.3474734346102984
3.433333906855707 -0.34754814478931834
3.439475827977095 -0.34760303173266516
3.4456177490984827 -0.34763873946137885
3.4517596702198703 -0.3476559722159534
3.457901591341258 -0.3476554936286912
3.464043512462646 -0.347638125565632
3.4701854335840334 -0.34760474663300295
3.476327354705421 -0.3475562903464732
3.4824692758268085 -0.3474937429648979
3.4886111969481965 -0.3474181409936405
3.494753118069584 -0.3473305683659233
3.5008950391909717 -0.34723215331392887
3.5070369603123592 -0.3471240649445026
3.5131788814337472 -0.3470075095372589
3.519320802555135 -0.3468837265856148
3.5254627236765224 -0.34675398460374474
3.53160464479791 -0.3466195767246216
3.537746565919298 -0.3464818161161686
3.5438884870406855 -0.34634203124406765
3.550030408162073 -0.34620156101093613
3.5561723292834606 -0.3460617498023933
3.5623142504048486 -0.34592394247098357
3.568456171526236 -0.3457894792890103
3.5745980926476237 -0.34565969090107507
3.5807400137690113 -0.3455358933065255
3.5868819348903993 -0.3454193829011126
3.593023856011787 -0.34531143160597344
3.5991657771331744 -0.34521328211061725
3.605307698254562 -0.34512614325493485
3.61144961937595 -0.3450511855734104
3.6175915404973376 -0.34498953702273494
3.623733461618725 -0.3449422789119302
3.6298753827401127 -0.34491044205194704
3.6360173038615007 -0.34489500313952226
3.6421592249828882 -0.34489688138792374
3.648301146104276 -0.34491693541509744
3.6544430672256634 -0.34495596039770177
3.6605849883470514 -0.3450146854975919
3.666726909468439 -0.34509377156552845
3.6728688305898265 -0.34519380912524844
3.679010751711214 -0.34531531663956483
3.6851526728326016 -0.34545873905886376
3.6912945939539896 -0.3456244466512519
3.697436515075377 -0.3458127341126577
3.7035784361967647 -0.3460238199544193
3.7097203573181523 -0.3462578461652669
3.7158622784395403 -0.346514878144134
3.722004199560928 -0.34679490489986753
3.7281461206823154 -0.34709783951365064
3.734288041803703 -0.3474235198597644
3.740429962925091 -0.34777170958017684
3.7465718840464786 -0.34814209930833345
3.752713805167866 -0.3485343081373993
3.7588557262892537 -0.3489478853280577
3.7649976474106417 -0.3493823122507681
3.7711395685320293 -0.3498370045571107
3.777281489653417 -0.3503113145744851
3.7834234107748044 -0.35080453391795996
3.7895653318961924 -0.35131589631249655
3.79570725301758 -0.3518445806180659
3.8018491741389675 -0.3523897140493702
3.807991095260355 -0.3529503755809435
3.814133016381743 -0.35352559952737656
3.8202749375031306 -0.3541143792872771
3.826416858624518 -0.3547156712383766
3.8325587797459058 -0.355328398769931
3.8387007008672938 -0.35595145643727216
3.8448426219886813 -0.3565837142220674
3.850984543110069 -0.35722402188056707
3.8571264642314564 -0.3578712133608927
3.8632683853528444 -0.35852411126927336
3.869410306474232 -0.3591815313640983
3.8755522275956196 -0.35984228705575505
3.881694148717007 -0.3605051938894853
3.887836069838395 -0.36116907398794335
3.8939779909597827 -0.36183276042980517
3.9001199120811703 -0.3624951015406642
3.906261833202558 -0.3631549650725843
3.912403754323946 -0.3638112422490626
3.9185456754453334 -0.36446285165279785
3.924687596566721 -0.36510874293456236
3.9308295176881085 -0.36574790032262433
3.936971438809496 -0.3663793459135772
3.943113359930884 -0.367002142727057
3.9492552810522716 -0.367615397508684
3.955397202173659 -0.36821826326760065
3.9615391232950468 -0.3688099415371907
3.9676810444164348 -0.36938968434990876
3.9738229655378223 -0.3699567959196032
3.97996488665921 -0.37051063402724266
3.9861068077805974 -0.37105061110852083
3.9922487289019855 -0.37157619504437595
3.998390650023373 -0.3720869096579943
4.004532571144761 -0.3725823349243211
4.010674492266149 -0.3730621069004546
4.016816413387536 -0.3735259173875075
4.022958334508924 -0.3739735133365631
4.029100255630311 -0.374404696013189
4.035242176751699 -0.3748193199365974
4.041384097873086 -0.37521729161090966
4.047526018994474 -0.3755985680671082
4.053667940115862 -0.37596315523510093
4.05980986123725 -0.37631110616590546
4.0659517823586375 -0.3766425191242511
4.072093703480025 -0.37695753557192985
4.078235624601413 -0.37725633806198866
4.0843775457228 -0.3775391480633706
4.090519466844188 -0.3778062237348989
4.096661387965575 -0.3780578576665719
4.102803309086964 -0.37829437460502896
4.108945230208351 -0.3785161291787869
4.115087151329739 -0.3787235036374562
4.1212290724511265 -0.3789169056176691
4.127370993572514 -0.37909676594690844
4.133512914693902 -0.3792635364948655
4.139654835815289 -0.3794176880803869
4.145796756936677 -0.3795597084405514
4.151938678058065 -0.379690100266954
4.158080599179453 -0.37980937931290537
4.16422252030084 -0.379918072574001
4.170364441422228 -0.38001671654338837
4.176506362543615 -0.3801058555420841
4.182648283665003 -0.3801860401238785
4.1887902047863905 -0.3802578255537068
4.194932125907778 -0.38032177035788056
4.201074047029166 -0.3803784349442479
4.207215968150554 -0.380428380290178
4.213357889271942 -0.3804721666962438
4.219499810393329 -0.38051035260358135
4.225641731514717 -0.3805434934731162
4.231783652636104 -0.3805721407251622
4.237925573757492 -0.38059684073827094
4.2440674948788795 -0.38061813390663574
4.250209416000267 -0.3806365537557995
4.2563513371216555 -0.3806526261168568
4.262493258243043 -0.38066686835975816
4.268635179364431 -0.38067978868669244
4.274777100485818 -0.38069188548682104
4.280919021607206 -0.3807036467538503
4.287060942728593 -0.3807155495680394
4.293202863849981 -0.38072805964423634
4.299344784971368 -0.38074163094740865
4.305486706092757 -0.3807567053768831
4.311628627214144 -0.3807737125201266
4.317770548335532 -0.3807930694763955
4.3239124694569195 -0.380815180749955
4.330054390578307 -0.3808404382118384
4.336196311699695 -0.3808692211282871
4.342338232821082 -0.38090189625310816
4.34848015394247 -0.38093881798021795
4.354622075063858 -0.3809803285516405
4.360763996185246 -0.3810267583152072
4.366905917306633 -0.3810784260251973
4.373047838428021 -0.3811356391781815
4.3791897595494085 -0.3811986943754133
4.385331680670796 -0.38126787770228043
4.391473601792184 -0.3813434651145997
4.397615522913571 -0.3814257228209401
4.40375744403496 -0.3815149076497124
4.409899365156347 -0.3816112673894778
4.416041286277735 -0.3817150410908345
4.422183207399122 -0.38182645931832937
4.42832512852051 -0.38194574434114936
4.434467049641897 -0.38207311025184904
4.440608970763285 -0.3822087630030928
4.4467508918846725 -0.3823529003533165
4.452892813006061 -0.38250571171334213
4.4590347341274486 -0.38266737788729954
4.465176655248836 -0.3828380707027069
4.471318576370224 -0.3830179525262221
4.477460497491611 -0.38320717566337065
4.483602418612999 -0.3834058816424704
4.489744339734386 -0.38361420038496874
4.495886260855774 -0.38383224926646553
4.5020281819771615 -0.38406013207477335
4.50817010309855 -0.38429793787344146
4.5143120242199375 -0.38454573978119583
4.520453945341325 -0.38480359367970407
4.526595866462713 -0.3850715368639077
4.5327377875841 -0.38534958665086094
4.538879708705488 -0.3856377389645257
4.545021629826875 -0.3859359669152757
4.551163550948263 -0.3862442193939271
4.557305472069651 -0.3865624197009153
4.563447393191039 -0.3868904642317533
4.569589314312426 -0.3872282212401253
4.575731235433814 -0.3875755296998717
4.5818731565552016 -0.3879321982867072
4.588015077676589 -0.38829800449977403
4.594156998797977 -0.3886726939420816
4.600298919919364 -0.38905597977751905
4.606440841040753 -0.38944754238047463
4.61258276216214 -0.38984702919217035
4.618724683283528 -0.39025405479565056
4.624866604404915 -0.39066820121897566
4.631008525526303 -0.39108901847360966
4.6371504466476905 -0.3915160253322841
4.643292367769078 -0.3919487103478147
4.649434288890466 -0.39238653311149146
4.655576210011854 -0.392828925746789
4.661718131133242 -0.3932752946313168
4.667860052254629 -0.3937250223371753
4.674001973376017 -0.39417746977726303
4.680143894497404 -0.394631978542621
4.686285815618792 -0.395087873413658
4.692427736740179 -0.3955444650260912
4.698569657861567 -0.39600105267070806
4.7047115789829554 -0.3964569272046206
4.710853500104343 -0.39691137405057014
4.716995421225731 -0.39736367626005803
4.723137342347118 -0.39781311761563526
4.729279263468506 -0.39825898574757934
4.735421184589893 -0.39870057524042257
4.741563105711281 -0.3991371907053494
4.747705026832668 -0.3995681497953413
4.753846947954056 -0.3999927861410938
4.759988869075444 -0.40041045218713167
4.766130790196832 -0.4008205219091692
4.7722727113182195 -0.40122239339558013
4.778414632439607 -0.40161549127780216
4.784556553560995 -0.4019992689965833
4.790698474682382 -0.4023732108931226
4.79684039580377 -0.4027368341163434
4.802982316925157 -0.40308969033971154
4.809124238046546 -0.4034313672831433
4.815266159167933 -0.4037614900376049
4.821408080289321 -0.4040797221919454
4.8275500014107084 -0.40438576676331595
4.833691922532096 -0.40467936693417134
4.839833843653484 -0.4049603066003138
4.845975764774871 -0.4052284107357102
4.852117685896259 -0.40548354558087546
4.858259607017647 -0.40572561866247014
4.864401528139035 -0.4059545786524029
4.870543449260422 -0.40617041507516677
4.87668537038181 -0.40637315787237627
4.882827291503197 -0.40656287683352976
4.888969212624585 -0.40673968090190293
4.8951111337459725 -0.4069037173642169
4.90125305486736 -0.4070551709323256
4.9073949759887485 -0.4071942627246648
4.913536897110136 -0.4073212491546179
4.919678818231524 -0.40743642073230835
4.925820739352911 -0.40754010078564606
4.931962660474299 -0.4076326441057661
4.938104581595686 -0.4077144355213192
4.944246502717074 -0.4077858884054302
4.9503884238384614 -0.4078474431185508
4.95653034495985 -0.4078995653899167
4.9626722660812375 -0.407942744639887
4.968814187202625 -0.4079774922451191
4.974956108324013 -0.4080043397483038
4.9810980294454 -0.4080238370140889
4.987239950566788 -0.40803655033283015
4.993381871688175 -0.4080430604739446
4.999523792809563 -0.40804396069089904
5.00566571393095 -0.408039854680228
5.011807635052339 -0.4080313544974537
5.017949556173726 -0.4080190784333411
5.024091477295114 -0.4080036488545778
5.0302333984165015 -0.4079856900136799
5.036375319537889 -0.40796582583369884
5.042517240659277 -0.4079446776741067
5.048659161780664 -0.4079228620850574
5.054801082902052 -0.4079009885580432
5.06094300402344 -0.40787965728175696
5.067084925144828 -0.407859456912733
5.073226846266215 -0.40784096237103284
5.079368767387603 -0.40782473267186425
5.0855106885089905 -0.4078113088045503
5.091652609630378 -0.40780121167068634
5.097794530751766 -0.40779494009361905
5.103936451873153 -0.40779296891155153
5.110078372994542 -0.40779574716660283
5.116220294115929 -0.4078036964020288
5.122362215237317 -0.4078172090795361
5.128504136358704 -0.4078366471281973
5.134646057480092 -0.40786234063589116
5.140787978601479 -0.40789458669347284
5.146929899722867 -0.4079336484010015
5.1530718208442545 -0.4079797540443596
5.159213741965643 -0.40803309644947144
5.1653556630870305 -0.4080938325200977
5.171497584208418 -0.4081620829638624
5.177639505329806 -0.40823793220976545
5.183781426451193 -0.4083214285189775
5.189923347572581 -0.4084125842892162
5.196065268693968 -0.40851137655148595
5.202207189815356 -0.408617747656445
5.208349110936744 -0.4087316061461671
5.214491032058132 -0.4088528278056017
5.2206329531795195 -0.4089812568866403
5.226774874300907 -0.4091167074963583
5.232916795422295 -0.40925896513976984
5.239058716543682 -0.4094077884062874
5.24520063766507 -0.40956291078806306
5.251342558786457 -0.40972404261748363
5.257484479907845 -0.4098908731103301
5.263626401029233 -0.41006307250048196
5.269768322150621 -0.41024029425155806
5.275910243272008 -0.41042217733054226
5.282052164393396 -0.41060834852823097
5.2881940855147835 -0.4107984248112726
5.294336006636171 -0.4109920156906288
5.300477927757559 -0.41118872559147046
5.306619848878946 -0.4113881562098235
5.312761770000335 -0.4115899088416841
5.318903691121722 -0.4117935866708252
5.32504561224311 -0.4119987970021021
5.331187533364497 -0.41220515342772174
5.337329454485885 -0.4124122779146622
5.3434713756072725 -0.41261980280219746
5.34961329672866 -0.41282737269928993
5.355755217850048 -0.41303464627245356
5.361897138971436 -0.41324129791554226
5.368039060092824 -0.4134470192937899
5.374180981214211 -0.41365152075529676
5.380322902335599 -0.41385453260402444
5.386464823456986 -0.4140558062292214
5.392606744578374 -0.4142551150870505
5.398748665699761 -0.4144522555310216
5.404890586821149 -0.4146470474886496
5.411032507942537 -0.41483933498256076
5.417174429063925 -0.4150289864950499
5.4233163501853126 -0.4152158951758639
5.4294582713067 -0.41539997889373487
5.435600192428088 -0.41558118013293216
5.441742113549475 -0.4157594657368259
5.447884034670863 -0.41593482650118196
5.45402595579225 -0.4161072766206165
5.460167876913639 -0.4162768529923458
5.466309798035026 -0.41644361438207284
5.472451719156414 -0.4166076404575428
5.4785936402778015 -0.4167690306959951
5.484735561399189 -0.41692790317242284
5.490877482520577 -0.41708439323622254
5.497019403641964 -0.41723865208448185
5.503161324763352 -0.4173908452407968
5.509303245884739 -0.4175411509491328
5.515445167006128 -0.4176897584928428
5.521587088127515 -0.41783686644951346
5.527729009248903 -0.417982680892835
5.53387093037029 -0.4181274135531615
5.540012851491678 -0.4182712799488427
5.5461547726130656 -0.41841449750076265
5.552296693734453 -0.41855728364279643
5.558438614855841 -0.41869985394109627
5.564580535977229 -0.4188424202352306
5.570722457098617 -0.41898518881421565
5.576864378220004 -0.4191283586403985
5.583006299341392 -0.4192721196339637
5.589148220462779 -0.4194166510305437
5.595290141584167 -0.41956211982401
5.6014320627055545 -0.41970867930600586
5.607573983826942 -0.419856467713166
5.6137159049483305 -0.42000560699223144
5.619857826069718 -0.4201562016924457
5.625999747191106 -0.4203083379936839
5.632141668312493 -0.4204620828777551
5.638283589433881 -0.42061748344922206
5.644425510555268 -0.42077456641091693
5.650567431676656 -0.42093333769811103
5.656709352798043 -0.4210937822740313
5.662851273919432 -0.4212558640881183
5.668993195040819 -0.4214195261971114
5.675135116162207 -0.4215846910477287
5.681277037283595 -0.42175126091841736
5.687418958404982 -0.42191911851637265
5.69356087952637 -0.42208812772480325
5.699702800647757 -0.4222581344942497
5.705844721769145 -0.4224289678706652
5.711986642890533 -0.4226004411519546
5.718128564011921 -0.42277235316374423
5.724270485133308 -0.4229444896443384
5.730412406254696 -0.4231166247281083
5.7365543273760835 -0.4232885225159667
5.742696248497471 -0.4234599387211077
5.748838169618859 -0.4236306223778382
5.754980090740246 -0.423800317601098
5.761122011861635 -0.42396876538414935
5.767263932983022 -0.42413570542192464
5.77340585410441 -0.42430087794762855
5.779547775225797 -0.4244640255704135
5.785689696347185 -0.4246248951022493
5.7918316174685724 -0.4247832393625121
5.79797353858996 -0.4249388189492801
5.804115459711348 -0.4250914039668653
5.810257380832735 -0.42524077569968877
5.816399301954124 -0.4253867282232418
5.822541223075511 -0.4255290699435252
5.828683144196899 -0.4256676250570382
5.834825065318286 -0.4258022349240664
5.840966986439674 -0.4259327593486997
5.847108907561061 -0.4260590777596793
5.853250828682449 -0.4261810902868212
5.8593927498038365 -0.42629871872838593
5.865534670925225 -0.42641190740536034
5.8716765920466125 -0.42652062389917184
5.877818513168 -0.42662485966987834
5.883960434289388 -0.42672463055235954
5.890102355410775 -0.426819977128482
5.896244276532163 -0.42691096497361875
5.90238619765355 -0.42699768477628025
5.908528118774938 -0.42708025232996577
5.914670039896326 -0.42715880839666165
5.920811961017714 -0.42723351844172613
5.9269538821391015 -0.42730457224018936
5.933095803260489 -0.42737218335478994
5.939237724381877 -0.4274365884863618
5.945379645503264 -0.4274980466974854
5.951521566624652 -0.42755683851063686
5.957663487746039 -0.42761326488241164
5.963805408867428 -0.42766764605576907
5.969947329988815 -0.4277203202926519
5.976089251110203 -0.427771642489781
5.98223117223159 -0.4278219826809156
5.988373093352978 -0.42787172442940274
5.9945150144743655 -0.42792126311542483
6.000656935595753 -0.4279710041229797
6.006798856717141 -0.42802136093230375
6.012940777838529 -0.42807275312416226
6.019082698959917 -0.428125604303187
6.025224620081304 -0.428180339948221
6.031366541202692 -0.4282373851984417
6.037508462324079 -0.42829716258485373
6.043650383445467 -0.4283600897175713
6.0497923045668545 -0.42842657694012615
6.055934225688242 -0.42849702496284
6.06207614680963 -0.4285718224880674
6.068218067931018 -0.42865134384083137
6.074359989052406 -0.4287359466190366
6.080501910173793 -0.4288259693780242
6.086643831295181 -0.4289217293647263
6.092785752416568 -0.42902352031706187
6.098927673537956 -0.42913161034448477
6.105069594659343 -0.42924623990573196
6.111211515780731 -0.4293676198998096
6.117353436902119 -0.4294959298860972
6.123495358023507 -0.4296313164491268
6.1296372791448945 -0.42977389172310415
6.135779200266282 -0.4299237320905756
6.14192112138767 -0.4300808770688106
6.148063042509057 -0.4302453283964559
6.154204963630445 -0.43041704933184266
6.160346884751832 -0.43059596417298174
6.166488805873221 -0.4307819580077868
6.172630726994608 -0.43097487670142454
6.178772648115996 -0.43117452712592524
6.1849145692373835 -0.4313806776353065
6.191056490358771 -0.43159305878749404
6.197198411480159 -0.43181136431228445
6.203340332601546 -0.432035252322507
6.209482253722934 -0.43226434676343406
6.215624174844322 -0.432498239093385
6.22176609596571 -0.4327364901863944
6.227908017087097 -0.43297863244579865
6.234049938208485 -0.4332241721156606
6.240191859329872 -0.4334725917751285
6.24633378045126 -0.4337233529991315
6.2524757015726475 -0.4339758991672828
6.258617622694035 -0.4342296584014977
6.2647595438154235 -0.4344840466116756
6.270901464936811 -0.43473847062783827
6.277043386058199 -0.4349923313963869
