time TPR_both_A_open_1_rho23_real
0.0 0.0
0.00614192112138767 2.9043502975635e-09
0.01228384224277534 4.611959764154955e-08
0.01842576336416301 2.3137627312192987e-07
0.02456768448555068 7.235857834552687e-07
0.030709605606938348 1.7453889673784399e-06
0.03685152672832602 3.5704520610275637e-06
0.042993447849713685 6.515654594796257e-06
0.04913536897110136 1.093233486214673e-05
0.05527729009248903 1.7196776280046516e-05
0.061419211213876695 2.5700131875758087e-05
0.06756113233526437 3.683799404093811e-05
0.07370305345665204 5.099982243153076e-05
0.07984497457803971 6.855844438783959e-05
0.08598689569942737 8.985983951761651e-05
0.09212881682081504 0.00011521341322552278
0.09827073794220272 0.00014488295316610102
0.10441265906359039 0.00017907844810200965
0.11055458018497806 0.00021794893079175992
0.11669650130636572 0.0002615764856999183
0.12283842242775339 0.00030997153895807433
0.12898034354914106 0.0003630695225891717
0.13512226467052874 0.0004207289780546935
0.1412641857919164 0.0004827311362276603
0.14740610691330408 0.0005487809824778165
0.15354802803469175 0.0006185097872206882
0.15968994915607942 0.0006914790545596115
0.16583187027746707 0.0007671858150480927
0.17197379139885474 0.0008450691635973753
0.17811571252024241 0.0009245179205908749
0.1842576336416301 0.001004879273738029
0.19039955476301776 0.0010854682404488588
0.19654147588440543 0.001165577775825218
0.2026833970057931 0.001244489339974347
0.20882531812718078 0.0013214837304224923
0.21496723924856845 0.0013958519810460717
0.22110916036995612 0.0014669061281875134
0.2272510814913438 0.001533989647463204
0.23339300261273144 0.0015964873711226124
0.2395349237341191 0.0016538347055441512
0.24567684485550678 0.0017055259813642649
0.25181876597689445 0.0017511217845911763
0.2579606870982821 0.0017902551355680574
0.2641026082196698 0.001822636403495887
0.27024452934105747 0.0018480568670428124
0.27638645046244514 0.0018663908559639088
0.2825283715838328 0.0018775964342187341
0.2886702927052205 0.0018817146113726461
0.29481221382660816 0.0018788670956587776
0.30095413494799583 0.0018692526285133126
0.3070960560693835 0.0018531419662310652
0.3132379771907712 0.001830871599182925
0.31937989831215885 0.0018028363223669794
0.3255218194335465 0.0017694807925268939
0.33166374055493414 0.0017312902262862928
0.3378056616763218 0.0016887804103706385
0.3439475827977095 0.0016424872087101366
0.35008950391909716 0.0015929557617733443
0.35623142504048483 0.001540729580653911
0.3623733461618725 0.0014863397420571132
0.3685152672832602 0.0014302943902992672
0.37465718840464785 0.001373068748691605
0.3807991095260355 0.0013150958352420908
0.3869410306474232 0.0012567580665481715
0.39308295176881086 0.0011983799192082718
0.39922487289019853 0.0011402218002505905
0.4053667940115862 0.0010824752572264258
0.4115087151329739 0.0010252596350625192
0.41765063625436155 0.0009686202608881732
0.4237925573757492 0.0009125282102733701
0.4299344784971369 0.0008568816791025405
0.43607639961852457 0.0008015089551701877
0.44221832073991224 0.0007461729530525252
0.4483602418612999 0.0006905772454360225
0.4545021629826876 0.0006343734944309383
0.4606440841040752 0.0005771701580261203
0.4667860052254629 0.0005185423202994439
0.47292792634685055 0.0004580424698124603
0.4790698474682382 0.0003952120292812186
0.4852117685896259 0.00032959342157704334
0.49135368971101356 0.00026074244276732704
0.49749561083240124 0.00018824070259066346
0.5036375319537889 0.00011170788673629375
0.5097794530751766 3.081359375135235e-05
0.5159213741965643 -5.4711497564570774e-05
0.5220632953179519 -0.0001450653667805153
0.5282052164393396 -0.0002403655208029421
0.5343471375607273 -0.0003406412009756549
0.5404890586821149 -0.00044582711540866823
0.5466309798035026 -0.0005557588591342506
0.5527729009248903 -0.0006701701567736417
0.558914822046278 -0.0007886920315366453
0.5650567431676656 -0.0009108539710974029
0.5711986642890533 -0.0010360871257730211
0.577340585410441 -0.001163729538096996
0.5834825065318286 -0.0012930333659741365
0.5896244276532163 -0.0014231740247908407
0.595766348774604 -0.0015532611378000574
0.6019082698959917 -0.0016823511494596878
0.6080501910173793 -0.0018094614238097133
0.614192112138767 -0.0019335856200259158
0.6203340332601547 -0.0020537101105394346
0.6264759543815424 -0.0021688311840589647
0.63261787550293 -0.0022779727569086296
0.6387597966243177 -0.0023802043016592327
0.6449017177457054 -0.002474658692365618
0.651043638867093 -0.002560549661026802
0.6571855599884806 -0.0026371885602710574
0.6633274811098683 -0.0027040001327615104
0.669469402231256 -0.002760536998357999
0.6756113233526436 -0.002806492585512338
0.6817532444740313 -0.0028417122534907316
0.687895165595419 -0.0028662023765046204
0.6940370867168066 -0.0028801371893166358
0.7001790078381943 -0.0028838632259333323
0.706320928959582 -0.0028779012181077744
0.7124628500809697 -0.002862945358011625
0.7186047712023573 -0.002839859869018916
0.724746692323745 -0.002809672869463623
0.7308886134451327 -0.0027735675558626985
0.7370305345665203 -0.0027328707737975253
0.743172455687908 -0.0026890390857816212
0.7493143768092957 -0.0026436424853815313
0.7554562979306834 -0.0025983459449897203
0.761598219052071 -0.002554889020387676
0.7677401401734587 -0.002515063768033474
0.7738820612948464 -0.002480691260351799
0.780023982416234 -0.00245359700973522
0.7861659035376217 -0.002435585633077833
0.7923078246590094 -0.002428415105110673
0.7984497457803971 -0.0024337709603120344
0.8045916669017847 -0.0024532408095134196
0.8107335880231724 -0.0024882895383736164
0.8168755091445601 -0.0025402355505842415
0.8230174302659478 -0.0026102284090106236
0.8291593513873354 -0.002699228213049251
0.8353012725087231 -0.0028079870304606957
0.8414431936301108 -0.0029370326770530243
0.8475851147514984 -0.003086655108156682
0.8537270358728861 -0.003256895652228261
0.8598689569942738 -0.0034475392795938276
0.8660108781156615 -0.0036581100587994844
0.8721527992370491 -0.0038878699098384576
0.8782947203584368 -0.004135820718278623
0.8844366414798245 -0.004400709827669692
0.8905785626012122 -0.004681038880243214
0.8967204837225998 -0.004975075928530236
0.9028624048439875 -0.005280870693820386
0.9090043259653752 -0.005596272802081934
0.9151462470867628 -0.005918952784753179
0.9212881682081504 -0.006246425591377043
0.9274300893295381 -0.006576076324024437
0.9335720104509257 -0.006905187870435063
0.9397139315723134 -0.007230970084336151
0.9458558526937011 -0.007550590137956624
0.9519977738150888 -0.00786120365373471
0.9581396949364764 -0.008159986209937608
0.9642816160578641 -0.008444164808599167
0.9704235371792518 -0.00871104889396556
0.9765654583006395 -0.008958060515551836
0.9827073794220271 -0.00918276324188403
0.9888493005434148 -0.009382889448861866
0.9949912216648025 -0.009556365630155937
1.0011331427861903 -0.009701335405785471
1.0072750639075778 -0.00981617993855369
1.0134169850289656 -0.00989953550580967
1.0195589061503532 -0.009950308015450542
1.025700827271741 -0.009967684299500625
1.0318427483931285 -0.009951140065287661
1.0379846695145163 -0.009900444432415851
1.0441265906359039 -0.009815661032635505
1.0502685117572914 -0.009697145698532623
1.0564104328786792 -0.009545540814929709
1.0625523540000668 -0.00936176645323204
1.0686942751214545 -0.009147008452942914
1.074836196242842 -0.008902703655523786
1.0809781173642299 -0.008630522533062072
1.0871200384856174 -0.00833234948728111
1.0932619596070052 -0.008010261122799999
1.0994038807283928 -0.007666502821842885
1.1055458018497806 -0.007303463965502049
1.1116877229711681 -0.0069236521589816835
1.117829644092556 -0.0065296668248767155
1.1239715652139435 -0.0061241725294734475
1.1301134863353313 -0.005709872402375329
1.1362554074567188 -0.0052894819996449575
1.1423973285781066 -0.004865703945368983
1.1485392496994942 -0.0044412036664485946
1.154681170820882 -0.0040185865109015305
1.1608230919422695 -0.003600376511518086
1.1669650130636573 -0.003188997024864517
1.1731069341850449 -0.002786753440952697
1.1792488553064326 -0.0023958181219888883
1.1853907764278202 -0.002018217690108769
1.191532697549208 -0.001655822744524445
1.1976746186705955 -0.001310340048693111
1.2038165397919833 -0.000983307188579237
1.209958460913371 -0.0006760896644342408
1.2161003820347587 -0.00038988034132492015
1.2222423031561462 -0.00012570114845312488
1.228384224277534 0.00011559311538750465
1.2345261453989216 0.000333309042617307
1.2406680665203094 0.000526907142743861
1.246809987641697 0.0006959928548220856
1.2529519087630847 0.0008403062867699928
1.2590938298844723 0.0009597109363616928
1.26523575100586 0.0010541816589241572
1.2713776721272476 0.0011237921525140665
1.2775195932486354 0.001168702232619059
1.283661514370023 0.0011891451652302105
1.2898034354914107 0.0011854153195648412
1.2959453566127983 0.00115785638991516
1.302087277734186 0.0011068504202690055
1.3082291988555736 0.0010328078457377949
1.3143711199769612 0.0009361587417481263
1.320513041098349 0.0008173454457493356
1.3266549622197366 0.0006768166872627375
1.3327968833411243 0.0005150233308786335
1.338938804462512 0.00033241580376422214
1.3450807255838997 0.00012944324488203173
1.3512226467052872 -9.344562204849285e-05
1.357364567826675 -0.00033579992523476176
1.3635064889480626 -0.0005971624596563599
1.3696484100694504 -0.0008770639828555472
1.375790331190838 -0.0011750161273120395
1.3819322523122257 -0.0014905030959284401
1.3880741734336133 -0.00182297233554643
1.394216094555001 -0.002171824408800543
1.4003580156763886 -0.002536402306529424
1.4064999367977764 -0.0029159804609658257
1.412641857919164 -0.0033097537336431292
1.4187837790405518 -0.0037168266610571815
1.4249257001619393 -0.004136203245359243
1.431067621283327 -0.004566777576536955
1.4372095424047147 -0.005007325566567866
1.4433514635261024 -0.005456498064874628
1.44949338464749 -0.005912815608145958
1.4556353057688778 -0.006374665036359848
1.4617772268902653 -0.00684029818090867
1.4679191480116531 -0.007307832800405604
1.4740610691330407 -0.007775255905477489
1.4802029902544285 -0.008240429576114188
1.486344911375816 -0.008701099334534357
1.4924868324972038 -0.009154905093677694
1.4986287536185914 -0.009599394657052231
1.5047706747399792 -0.01003203970048961
1.5109125958613667 -0.010450254121175508
1.5170545169827545 -0.01085141459491352
1.523196438104142 -0.011232883139753732
1.5293383592255299 -0.011592031443647876
1.5354802803469174 -0.011926266676445826
1.5416222014683052 -0.012233058473025993
1.5477641225896928 -0.012509966745317501
1.5539060437110805 -0.012754669956995602
1.560047964832468 -0.012964993476218666
1.5661898859538559 -0.01313893760931468
1.5723318070752434 -0.013274704912121156
1.578473728196631 -0.013370726375907048
1.5846156493180188 -0.013425686091534108
1.5907575704394064 -0.013438544008686838
1.5968994915607941 -0.013408556426449869
1.6030414126821817 -0.013335293876954243
1.6091833338035695 -0.013218656094850385
1.615325254924957 -0.013058883801510069
1.6214671760463448 -0.012856567073515845
1.6276090971677324 -0.012612650109510678
1.6337510182891202 -0.012328432257112065
1.6398929394105077 -0.012005565211574214
1.6460348605318955 -0.011646046349381479
1.652176781653283 -0.011252208212154028
1.6583187027746709 -0.010826704208292594
1.6644606238960584 -0.010372490650870576
1.6706025450174462 -0.009892805299591509
1.6767444661388338 -0.009391142621424153
1.6828863872602216 -0.008871226028097505
1.6890283083816091 -0.008336977388361897
1.695170229502997 -0.007792484148233404
1.7013121506243845 -0.007241964422876049
1.7074540717457722 -0.006689730448945625
1.7135959928671598 -0.00614015080584375
1.7197379139885476 -0.00559761182820364
1.7258798351099351 -0.005066478639965495
1.732021756231323 -0.004551056242578754
1.7381636773527105 -0.004055551086289013
1.7443055984740983 -0.003584033544283159
1.7504475195954858 -0.003140401694936671
1.7565894407168736 -0.002728346797836725
1.7627313618382612 -0.0023513208250353804
1.768873282959649 -0.002012506380540698
1.7750152040810365 -0.0017147893088713575
1.7811571252024243 -0.001460734258083819
1.7872990463238119 -0.0012525634245860596
1.7934409674451997 -0.0010921386668238768
1.7995828885665872 -0.0009809471331479103
1.805724809687975 -0.0009200905063997978
1.8118667308093626 -0.0009102779245723595
1.8180086519307503 -0.0009518225938415743
1.824150573052138 -0.0010446420678846208
1.8302924941735257 -0.001188262126186474
1.8364344152949132 -0.0013818241444916374
1.8425763364163008 -0.0016240958131151625
1.8487182575376886 -0.0019134850239128007
1.8548601786590762 -0.002248056714688094
1.861002099780464 -0.002625552431023534
1.8671440209018515 -0.0030434123402517184
1.8732859420232393 -0.0034987994107691534
1.8794278631446268 -0.003988625452346376
1.8855697842660146 -0.0045095786996411326
1.8917117053874022 -0.005058152611888715
1.89785362650879 -0.005630675556764788
1.9039955476301775 -0.006223341045704148
1.9101374687515653 -0.006832238191454518
1.9162793898729529 -0.007453382066261253
1.9224213109943407 -0.008082743650658631
1.9285632321157282 -0.008716279078203045
1.934705153237116 -0.009349957900369634
1.9408470743585036 -0.009979790117971558
1.9469889954798913 -0.010601851750509575
1.953130916601279 -0.011212308742461118
1.9592728377226667 -0.011807439035256231
1.9654147588440543 -0.012383652665136817
1.971556679965442 -0.012937509779780318
1.9776986010868296 -0.013465736500015198
1.9838405222082174 -0.013965238586651586
1.989982443329605 -0.014433112905898783
1.9961243644509927 -0.014866656719520727
2.0022662855723805 -0.015263374857299821
2.008408206693768 -0.015620984859039042
2.0145501278151556 -0.015937420200776983
2.020692048936543 -0.01621083174468023
2.026833970057931 -0.016439587573819334
2.0329758911793188 -0.016622271391383347
2.0391178123007063 -0.01675767967854349
2.045259733422094 -0.01684481781591608
2.051401654543482 -0.016882895380215833
2.0575435756648695 -0.01687132083015053
2.063685496786257 -0.016809695793847453
2.0698274179076446 -0.01669780916418545
2.0759693390290326 -0.016535631198443295
2.08211126015042 -0.016323307804877285
2.0882531812718077 -0.016061155181468858
2.0943951023931953 -0.015749654951482617
2.100537023514583 -0.01538944991703246
2.106678944635971 -0.014981340526034049
2.1128208657573584 -0.014526282120215298
2.118962786878746 -0.014025383002800311
2.1251047080001335 -0.013479903334645698
2.1312466291215215 -0.012891254837557566
2.137388550242909 -0.012261001253851706
2.1435304713642966 -0.01159085948250392
2.149672392485684 -0.01088270128504754
2.155814313607072 -0.010138555429229278
2.1619562347284598 -0.00936061011584544
2.1680981558498473 -0.008551215514583209
2.174240076971235 -0.00771288621849634
2.180381998092623 -0.006848303414265782
2.1865239192140105 -0.00596031655691556
2.192665840335398 -0.005051944333349783
2.1988077614567856 -0.0041263746990801405
2.2049496825781736 -0.0031869637768475556
2.211091603699561 -0.002237233414488975
2.2172335248209487 -0.0012808672122337711
2.2233754459423363 -0.00032170484646647083
2.2295173670637243 0.0006362654624034171
2.235659288185112 0.0015889164662655434
2.2418012093064994 0.00253199349099864
2.247943130427887 0.0034611281949021937
2.254085051549275 0.0043718545232614555
2.2602269726706625 0.005259626864740144
2.26636889379205 0.0061198403804211534
2.2725108149134376 0.006947853440783753
2.2786527360348257 0.007739012070279074
2.284794657156213 0.008488676263969831
2.2909365782776008 0.00919224800648736
2.2970784993989883 0.009845200790833928
2.3032204205203763 0.010443110403836234
2.309362341641764 0.010981686716789623
2.3155042627631515 0.0114568061944688
2.321646183884539 0.011864544813601177
2.327788105005927 0.012201211063467506
2.3339300261273146 0.012463378686795501
2.340071947248702 0.01264791880880977
2.3462138683700897 0.012752031096374496
2.3523557894914777 0.012773273587769125
2.3584977106128653 0.012709590836835637
2.364639631734253 0.012559340023065099
2.3707815528556404 0.01232131469160067
2.376923473977028 0.011994765804044717
2.383065395098416 0.011579419802202232
2.3892073162198035 0.011075493412272581
2.395349237341191 0.01048370494625301
2.4014911584625787 0.009805281890120516
2.4076330795839667 0.009041964604362962
2.4137750007053542 0.008196006001215717
2.419916921826742 0.007270167104090468
2.4260588429481293 0.006267708437662624
2.4322007640695174 0.0051923772414105805
2.438342685190905 0.004048390544521649
2.4444846063122925 0.0028404141854469103
2.45062652743368 0.0015735379044199424
2.456768448555068 0.00025324668138652754
2.4629103696764556 -0.0011146114655600362
2.469052290797843 -0.002523860965534707
2.4751942119192307 -0.003968037170287964
2.4813361330406187 -0.00544042749107032
2.4874780541620063 -0.006934114836980256
2.493619975283394 -0.008442022967551267
2.4997618964047814 -0.009956963349472431
2.5059038175261694 -0.011471683089232299
2.512045738647557 -0.012978913500409792
2.5181876597689445 -0.014471418856505215
2.524329580890332 -0.015942044877749875
2.53047150201172 -0.01738376650330146
2.5366134231331077 -0.018789734508611267
2.5427553442544952 -0.020153320541430052
2.548897265375883 -0.02146816016872968
2.555039186497271 -0.022728193550493773
2.5611811076186584 -0.023927703384551514
2.567323028740046 -0.025061349798989038
2.5734649498614335 -0.026124201904720864
2.5796068709828215 -0.027111765760015265
2.585748792104209 -0.028020008540589666
2.5918907132255966 -0.028845378752717917
2.598032634346984 -0.029584822372002856
2.604174555468372 -0.030235794836412415
2.6103164765897597 -0.030796268868217028
2.6164583977111473 -0.03126473814494865
2.622600318832535 -0.03164021688380991
2.6287422399539224 -0.031922235446486924
2.6348841610753104 -0.03211083211150715
2.641026082196698 -0.032206541198614706
2.6471680033180855 -0.032210377763645916
2.653309924439473 -0.03212381911268623
2.659451845560861 -0.03194878341052978
2.6655937666822487 -0.03168760568039793
2.6717356878036362 -0.03134301150930291
2.677877608925024 -0.030918088786268498
2.684019530046412 -0.030416257808793427
2.6901614511677994 -0.02984124009651448
2.696303372289187 -0.02919702625009575
2.7024452934105745 -0.028487843188124962
2.7085872145319625 -0.02771812108546367
2.71472913565335 -0.026892460323382744
2.7208710567747376 -0.026015598745249092
2.727012977896125 -0.02509237949191084
2.733154899017513 -0.02412771966865824
2.7392968201389007 -0.023126580071173665
2.7454387412602883 -0.02209393617167046
2.751580662381676 -0.021034750538938014
2.757722583503064 -0.019953946837709353
2.7638645046244514 -0.01885638552412384
2.770006425745839 -0.017746841325502003
2.7761483468672266 -0.016629982564620484
2.7822902679886146 -0.015510352361555693
2.788432189110002 -0.014392351720336765
2.7945741102313897 -0.013280224483430731
2.8007160313527772 -0.012178044114781598
2.8068579524741653 -0.011089702251976717
2.812999873595553 -0.01001889895034302
2.8191417947169404 -0.008969134526533284
2.825283715838328 -0.007943702896583252
2.831425636959716 -0.00694568629356396
2.8375675580811035 -0.0059779512428698185
2.843709479202491 -0.005043145668847425
2.8498514003238786 -0.004143697004848077
2.8559933214452666 -0.003281811179774161
2.862135242566654 -0.0024594723576773065
2.8682771636880418 -0.0016784433127841442
2.8744190848094293 -0.0009402663302978285
2.8805610059308173 -0.00024626453322017396
2.886702927052205 0.00040245645296542557
2.8928448481735924 0.0010050065728906229
2.89898676929498 0.0015607092121408517
2.9051286904163676 0.0020690989122711338
2.9112706115377556 0.002529918960346803
2.917412532659143 0.0029431188675287582
2.9235544537805307 0.0033088517354680808
2.9296963749019183 0.0036274714938981157
2.9358382960233063 0.003899529978133636
2.941980217144694 0.0041257738014925365
2.9481221382660814 0.004307140965240913
2.954264059387469 0.0044447571377847885
2.960405980508857 0.004539931525748557
2.9665479016302445 0.0045941522524982565
2.972689822751632 0.0046090811547879924
2.9788317438730196 0.004586547905674548
2.9849736649944076 0.004528543371789103
2.991115586115795 0.004437212115541764
2.9972575072371828 0.004314843957908972
3.0033994283585703 0.004163864525095878
3.0095413494799583 0.00398682471252841
3.015683270601346 0.003786389012198014
3.0218251917227335 0.003565322664212425
3.027967112844121 0.0033264776102913665
3.034109033965509 0.0030727772456531958
3.0402509550868966 0.0028071999859723743
3.046392876208284 0.0025327616875338824
3.0525347973296717 0.00225249698100449
3.0586767184510597 0.0019694396020070917
3.0648186395724473 0.0016866018245079366
3.070960560693835 0.0014069531254952675
3.0771024818152224 0.001133398231106246
3.0832444029366104 0.0008687547148296656
3.089386324057998 0.0006157303372491107
3.0955282451793855 0.00037690033360357434
3.101670166300773 0.0001546848698488946
3.107812087422161 -4.8673100426357104e-05
3.1139540085435486 -0.00023112933724952678
3.120095929664936 -0.00039085892735365145
3.1262378507863238 -0.0005262757609306219
3.1323797719077118 -0.0006360506256320224
3.1385216930290993 -0.0007191276768634122
3.144663614150487 -0.0007747390525802378
3.1508055352718745 -0.0008024174136084534
3.156947456393262 -0.0008020062068492337
3.16308937751465 -0.0007736674684074992
3.1692312986360376 -0.0007178870064568544
3.175373219757425 -0.0006354768292166172
3.1815151408788127 -0.0005275747114214895
3.1876570620002007 -0.0003956408227062985
3.1937989831215883 -0.00024145137298266903
3.199940904242976 -6.708926268312848e-05
3.2060828253643634 0.00012506824078137367
3.2122247464857514 0.0003323647453603713
3.218366667607139 0.0005518828071729063
3.2245085887285265 0.0007804647129220515
3.230650509849914 0.0010147358197666301
3.236792430971302 0.0012511302709213418
3.2429343520926897 0.0014859188777774414
3.249076273214077 0.0017152389343332082
3.2552181943354648 0.0019351257075129462
3.261360115456853 0.0021415453278158933
3.2675020365782403 0.002330428788885792
3.273643957699628 0.002497706752200499
3.2797858788210155 0.0026393448442528942
3.2859277999424035 0.0027513791283913466
3.292069721063791 0.0028299514319033263
3.2982116421851786 0.0028713442109141955
3.304353563306566 0.0028720146411270113
3.310495484427954 0.0028286276312104405
3.3166374055493417 0.0027380874675558826
3.3227793266707293 0.0025975678139559416
3.328921247792117 0.0024045398072454374
3.335063168913505 0.002156798009821809
3.3412050900348924 0.0018524840019207005
3.34734701115628 0.0014901074202585648
3.3534889322776675 0.001068564274842535
3.3596308533990555 0.0005871524020710077
3.365772774520443 4.558393937796224e-05
3.3719146956418307 -0.0005560052657018225
3.3780566167632182 -0.0012170493713636356
3.3841985378846062 -0.0019365494138793597
3.390340459005994 -0.002713073340776207
3.3964823801273814 -0.003544759182513418
3.402624301248769 -0.004429321314572562
3.4087662223701565 -0.005364059737245411
3.4149081434915445 -0.006345872277095807
3.421050064612932 -0.007371269592264872
3.4271919857343196 -0.00843639284363853
3.433333906855707 -0.009537033875538132
3.439475827977095 -0.010668657733136884
3.4456177490984827 -0.011826427329338403
3.4517596702198703 -0.013005230061443331
3.457901591341258 -0.014199706167623127
3.464043512462646 -0.01540427860503895
3.4701854335840334 -0.016613184225394373
3.476327354705421 -0.017820506019776132
3.4824692758268085 -0.01902020620278426
3.4886111969481965 -0.020206159906126533
3.494753118069584 -0.021372189253983175
3.5008950391909717 -0.022512097596446623
3.5070369603123592 -0.02361970368310445
3.5131788814337472 -0.024688875566240453
3.519320802555135 -0.025713564032046207
3.5254627236765224 -0.026687835368514188
3.53160464479791 -0.027605903290167218
3.537746565919298 -0.028462159852293764
3.5438884870406855 -0.029251205200731205
3.550030408162073 -0.02996787601727993
3.5561723292834606 -0.03060727253535612
3.5623142504048486 -0.03116478401530354
3.568456171526236 -0.03163611258369866
3.5745980926476237 -0.03201729535580797
3.5807400137690113 -0.03230472477491217
3.5868819348903993 -0.03249516711632293
3.593023856011787 -0.03258577911742571
3.5991657771331744 -0.03257412270783468
3.605307698254562 -0.032458177825617794
3.61144961937595 -0.032236353316421426
3.6175915404973376 -0.031907495922111145
3.623733461618725 -0.03147089737417215
3.6298753827401127 -0.03092629961454233
3.6360173038615007 -0.030273898172752344
3.6421592249828882 -0.02951434373323726
3.648301146104276 -0.028648741930480576
3.6544430672256634 -0.027678651412319462
3.6605849883470514 -0.026606080213345335
3.666726909468439 -0.025433480480984674
3.6728688305898265 -0.024163741596649163
3.679010751711214 -0.022800181733446227
3.6851526728326016 -0.021346537890475786
3.6912945939539896 -0.019806954441874768
3.697436515075377 -0.018185970236666793
3.7035784361967647 -0.01648850428329499
3.7097203573181523 -0.014719840050637346
3.7158622784395403 -0.012885608415474167
3.722004199560928 -0.010991769284964535
3.7281461206823154 -0.009044591921822562
3.734288041803703 -0.0070506339997055455
3.740429962925091 -0.005016719416930869
3.7465718840464786 -0.0029499148981316278
3.752713805167866 -0.0008575054158979122
3.7588557262892537 0.0012530315321085572
3.7649976474106417 0.003374052750628745
3.7711395685320293 0.005497777233460437
3.777281489653417 0.007616315057430201
3.7834234107748044 0.009721697224426862
3.7895653318961924 0.011805906383991866
3.79570725301758 0.013860908359942374
3.8018491741389675 0.015878684394839828
3.807991095260355 0.01785126401593124
3.814133016381743 0.019770758415644893
3.8202749375031306 0.02162939422896361
3.826416858624518 0.023419547579210664
3.8325587797459058 0.025133778253131952
3.8387007008672938 0.026764863855837942
3.8448426219886813 0.028305833786352763
3.850984543110069 0.029750002865396363
3.8571264642314564 0.031091004438769637
3.8632683853528444 0.032322822772503264
3.869410306474232 0.033439824549921254
3.8755522275956196 0.0344367892761212
3.881694148717007 0.03530893839221526
3.887836069838395 0.036051962900142086
3.8939779909597827 0.03666204929904888
3.9001199120811703 0.03713590363625198
3.906261833202558 0.03747077347967665
3.912403754323946 0.037664467624510575
3.9185456754453334 0.03771537335460215
3.924687596566721 0.037622471088907865
3.9308295176881085 0.03738534625502163
3.936971438809496 0.037004198245472054
3.943113359930884 0.03647984632798348
3.9492552810522716 0.03581373239818489
3.955397202173659 0.03500792048220859
3.9615391232950468 0.03406509291711884
3.9676810444164348 0.03298854315900134
3.9738229655378223 0.03178216519165322
3.97996488665921 0.03045043953295072
3.9861068077805974 0.02899841586092898
3.9922487289019855 0.027431692307156846
3.998390650023373 0.025756391490891276
4.004532571144761 0.023979133393494008
4.010674492266149 0.022107005198427947
4.016816413387536 0.02014752824754649
4.022958334508924 0.01810862228907696
4.029100255630311 0.015998567216397395
4.035242176751699 0.013825962519146556
4.041384097873086 0.011599684689120513
4.047526018994474 0.009328842842540253
4.053667940115862 0.0070227328373813295
4.05980986123725 0.004690790179314742
4.0659517823586375 0.0023425420222115043
4.072093703480025 -1.2441421056603068e-05
4.078235624601413 -0.002364595734794206
4.0843775457228 -0.0047044110968080454
4.090519466844188 -0.007022480686932449
4.096661387965575 -0.0093095483817129
4.102803309086964 -0.011556555414152082
4.108945230208351 -0.01375468568537742
4.115087151329739 -0.015895409425989552
4.1212290724511265 -0.01797052491858115
4.127370993572514 -0.019972198009347197
4.133512914693902 -0.02189299915564527
4.139654835815289 -0.02372593777760661
4.145796756936677 -0.025464493705196108
4.151938678058065 -0.027102645537203412
4.158080599179453 -0.028634895755223377
4.16422252030084 -0.030056292463442928
4.170364441422228 -0.031362447653660565
4.176506362543615 -0.03254955192410065
4.182648283665003 -0.03361438560989901
4.1887902047863905 -0.03455432631230108
4.194932125907778 -0.03536735284229781
4.201074047029166 -0.03605204562231212
4.207215968150554 -0.03660758361634166
4.213357889271942 -0.03703373788438381
4.219499810393329 -0.037330861880765565
4.225641731514717 -0.03749987863794795
4.231783652636104 -0.03754226499728506
4.237925573757492 -0.037460033065928225
4.2440674948788795 -0.037255709094458134
4.250209416000267 -0.03693230998281238
4.2563513371216555 -0.03649331763260377
4.262493258243043 -0.03594265137198159
4.268635179364431 -0.03528463868479232
4.274777100485818 -0.034523984479003095
4.280919021607206 -0.03366573913024219
4.287060942728593 -0.03271526553499949
4.293202863849981 -0.03167820540465157
4.299344784971368 -0.030560445026190864
4.305486706092757 -0.029368080708520875
4.311628627214144 -0.028107384124623182
4.317770548335532 -0.02678476775000562
4.3239124694569195 -0.025406750586817742
4.330054390578307 -0.023979924351075054
4.336196311699695 -0.022510920287785705
4.342338232821082 -0.02100637676562567
4.34848015394247 -0.01947290778936454
4.354622075063858 -0.017917072554694928
4.360763996185246 -0.016345346156645242
4.366905917306633 -0.014764091549520748
4.373047838428021 -0.01317953284347855
4.3791897595494085 -0.011597730010520883
4.385331680670796 -0.010024555061012314
4.391473601792184 -0.008465669740878241
4.397615522913571 -0.006926504789503407
4.40375744403496 -0.005412240789074586
4.409899365156347 -0.003927790627738244
4.416041286277735 -0.0024777835914859005
4.422183207399122 -0.0010665510931431403
4.42832512852051 0.00030188595880764645
4.434467049641897 0.001623828153619799
4.440608970763285 0.002895906939909962
4.4467508918846725 0.004115092364764092
4.452892813006061 0.005278699202119982
4.4590347341274486 0.006384391484196922
4.465176655248836 0.007430185451232449
4.471318576370224 0.008414450935890088
4.477460497491611 0.009335911199538558
4.483602418612999 0.010193641238274388
4.489744339734386 0.010987064577186019
4.495886260855774 0.011715948572047689
4.5020281819771615 0.012380398238495528
4.50817010309855 0.01298084862988079
4.5143120242199375 0.013518055786512962
4.520453945341325 0.013993086280988363
4.526595866462713 0.01440730538682216
4.5327377875841 0.014762363900733141
4.538879708705488 0.015060183652717066
4.545021629826875 0.015302941742524083
4.551163550948263 0.01549305354634504
4.557305472069651 0.015633154543410813
4.563447393191039 0.015726081018798976
4.569589314312426 0.015774849705985406
4.575731235433814 0.015782636440515946
4.5818731565552016 0.01575275390453003
4.588015077676589 0.01568862855064662
4.594156998797977 0.015593776802811309
4.600298919919364 0.015471780640971591
4.606440841040753 0.015326262685751537
4.61258276216214 0.015160860908480879
4.618724683283528 0.014979203100829964
4.624866604404915 0.014784881246738994
4.631008525526303 0.014581425947128178
4.6371504466476905 0.014372281054858244
4.643292367769078 0.01416077868340185
4.649434288890466 0.013950114757517167
4.655576210011854 0.013743325277726065
4.661718131133242 0.013543263472445626
4.667860052254629 0.013352578012073254
4.674001973376017 0.013173692458076952
4.680143894497404 0.01300878611710304
4.686285815618792 0.012859776465228453
4.692427736740179 0.012728303300717449
4.698569657861567 0.01261571477499139
4.7047115789829554 0.012523055441010532
4.710853500104343 0.012451056445955611
4.716995421225731 0.012400127981069818
4.723137342347118 0.012370354085897211
4.729279263468506 0.012361489887070472
4.735421184589893 0.012372961333432962
4.741563105711281 0.012403867469816008
4.747705026832668 0.012452985271445222
4.753846947954056 0.012518777039947237
4.759988869075444 0.012599400340510646
4.766130790196832 0.01269272043817154
4.7722727113182195 0.012796325169695009
4.778414632439607 0.012907542166366276
4.784556553560995 0.01302345832242938
4.790698474682382 0.013140941384162629
4.79684039580377 0.013256663515879908
4.802982316925157 0.013367126681706865
4.809124238046546 0.01346868966598996
4.815266159167933 0.01355759654082323
4.821408080289321 0.013630006376562786
4.8275500014107084 0.013682023980465469
4.833691922532096 0.013709731439817015
4.839833843653484 0.013709220239177386
4.845975764774871 0.013676623716694827
4.852117685896259 0.013608149621836546
4.858259607017647 0.013500112536331807
4.864401528139035 0.013348965921581918
4.870543449260422 0.013151333559191172
4.87668537038181 0.012904040156534973
4.882827291503197 0.012604140896291392
4.888969212624585 0.012248949717512439
4.8951111337459725 0.011836066125962722
4.90125305486736 0.011363400342968802
4.9073949759887485 0.010829196614754195
4.913536897110136 0.010232054518032756
4.919678818231524 0.009570948112340587
4.925820739352911 0.008845242805061593
4.931962660474299 0.008054709811182026
4.938104581595686 0.007199538106365367
4.944246502717074 0.006280343788823998
4.9503884238384614 0.005298176782553322
4.95653034495985 0.004254524831664899
4.9626722660812375 0.0031513147526972536
4.968814187202625 0.0019909109287889245
4.974956108324013 0.0007761110463862368
4.9810980294454 -0.0004898609083724485
4.987239950566788 -0.0018033643603623075
4.993381871688175 -0.0031603545143972056
4.999523792809563 -0.004556397318377719
5.00566571393095 -0.005986686942103175
5.011807635052339 -0.0074460656792384285
5.017949556173726 -0.008929046166628195
5.024091477295114 -0.010429835802550002
5.0302333984165015 -0.011942363233614207
5.036375319537889 -0.013460306768906822
5.042517240659277 -0.014977124569640819
5.048659161780664 -0.016486086453075147
5.054801082902052 -0.017980307140801777
5.06094300402344 -0.01945278077371808
5.067084925144828 -0.020896416509120164
5.073226846266215 -0.022304075009403682
5.079368767387603 -0.023668605626855334
5.0855106885089905 -0.024982884085001607
5.091652609630378 -0.026239850453956003
5.097794530751766 -0.027432547215203253
5.103936451873153 -0.028554157210290178
5.110078372994542 -0.029598041267973652
5.116220294115929 -0.03055777530551321
5.122362215237317 -0.03142718670199921
5.128504136358704 -0.032200389744866414
5.134646057480092 -0.03287181995506473
5.140787978601479 -0.033436267101717626
5.146929899722867 -0.03388890672348394
5.1530718208442545 -0.03422532998122015
5.159213741965643 -0.034441571674885645
5.1653556630870305 -0.03453413626690258
5.171497584208418 -0.034500021764327864
5.177639505329806 -0.03433674132316023
5.183781426451193 -0.03404234244983627
5.189923347572581 -0.03361542368739084
5.196065268693968 -0.03305514868680383
5.202207189815356 -0.03236125757764616
5.208349110936744 -0.03153407556619294
5.214491032058132 -0.030574518703606928
5.2206329531795195 -0.029484096781521488
5.226774874300907 -0.028264913327283318
5.232916795422295 -0.02691966268615783
5.239058716543682 -0.025451624192867586
5.24520063766507 -0.023864653449835287
5.251342558786457 -0.022163170744351333
5.257484479907845 -0.020352146651496494
5.263626401029233 -0.018437084883940875
5.269768322150621 -0.01642400246363404
5.275910243272008 -0.014319407303821573
5.282052164393396 -0.012130273302707476
5.2881940855147835 -0.009864013062358555
5.294336006636171 -0.007528448358066256
5.300477927757559 -0.005131778494286988
5.306619848878946 -0.0026825466934305704
5.312761770000335 -0.00018960467311819406
5.318903691121722 0.002337924423945233
5.32504561224311 0.004890684575674218
5.331187533364497 0.007459126723276934
5.337329454485885 0.010033549726398418
5.3434713756072725 0.01260414224122678
5.34961329672866 0.015161025327957793
5.355755217850048 0.017694295590814722
5.361897138971436 0.020194068651516784
5.368039060092824 0.02265052275567069
5.374180981214211 0.02505394231101418
5.380322902335599 0.027394761156745925
5.386464823456986 0.029663605364323137
5.392606744578374 0.031851335372066136
5.398748665699761 0.03394908725866316
5.404890586821149 0.03594831296419241
5.411032507942537 0.037840819271549524
5.417174429063925 0.039618805366164536
5.4233163501853126 0.04127489879759092
5.4294582713067 0.04280218967292567
5.435600192428088 0.04419426291905838
5.441742113549475 0.04544522845842434
5.447884034670863 0.04654974915123537
5.45402595579225 0.047503066366066896
5.460167876913639 0.04830102305017141
5.466309798035026 0.048940084180954996
5.472451719156414 0.04941735449067656
5.4785936402778015 0.04973059336759764
5.484735561399189 0.049878226848504785
5.490877482520577 0.049859356629732086
5.497019403641964 0.04967376603650861
5.503161324763352 0.04932192290362228
5.509303245884739 0.048804979334003885
5.515445167006128 0.048124768315861814
5.521587088127515 0.0472837971934071
5.527729009248903 0.04628523800095413
5.53387093037029 0.0451329146852295
5.540012851491678 0.043831287255998816
5.5461547726130656 0.042385432920585976
5.552296693734453 0.04080102427342883
5.558438614855841 0.03908430462742079
5.564580535977229 0.03724206058933949
5.570722457098617 0.035281591997075167
5.576864378220004 0.03321067935153293
5.583006299341392 0.03103754889090715
5.589148220462779 0.028770835469375585
5.595290141584167 0.026419543416044935
5.6014320627055545 0.02399300556306075
5.607573983826942 0.02150084064406079
5.6137159049483305 0.018952909275475865
5.619857826069718 0.016359268743450166
5.625999747191106 0.013730126828237032
5.632141668312493 0.011075794905734114
5.638283589433881 0.008406640572220413
5.644425510555268 0.00573304004327911
5.650567431676656 0.0030653305812308536
5.656709352798043 0.0004137632070975335
5.662851273919432 -0.002211544046893176
5.668993195040819 -0.00480065209000797
5.675135116162207 -0.0073438456801933095
5.681277037283595 -0.009831677040328541
5.687418958404982 -0.012255007945217194
5.69356087952637 -0.014605050049800242
5.699702800647757 -0.016873403239583563
5.705844721769145 -0.01905209179639966
5.711986642890533 -0.021133598186283364
5.718128564011921 -0.023110894291328423
5.724270485133308 -0.024977469923789485
5.730412406254696 -0.02672735847824961
5.7365543273760835 -0.028355159596261788
5.742696248497471 -0.02985605873730547
5.748838169618859 -0.03122584357002292
5.754980090740246 -0.03246091711832681
5.761122011861635 -0.033558307617920516
5.767263932983022 -0.034515675059856574
5.77340585410441 -0.03533131441879766
5.779547775225797 -0.036004155584440124
5.785689696347185 -0.0365337600349562
5.7918316174685724 -0.03692031431111403
5.79797353858996 -0.037164620368798036
5.804115459711348 -0.03726808290581882
5.810257380832735 -0.03723269377603589
5.816399301954124 -0.03706101361979589
5.822541223075511 -0.03675615085440543
5.828683144196899 -0.03632173818172416
5.834825065318286 -0.035761906781901026
5.840966986439674 -0.035081258372739545
5.847108907561061 -0.03428483532312087
5.853250828682449 -0.033378089016321257
5.8593927498038365 -0.0323668466649312
5.865534670925225 -0.031257276783430585
5.8716765920466125 -0.03005585352732781
5.877818513168 -0.028769320109177033
5.883960434289388 -0.02740465150180044
5.890102355410775 -0.025969016637736427
5.896244276532163 -0.024469740311383385
5.90238619765355 -0.022914264986603615
5.908528118774938 -0.02131011270778556
5.914670039896326 -0.019664847306634016
5.920811961017714 -0.01798603709036909
5.9269538821391015 -0.01628121818966982
5.933095803260489 -0.014557858736699049
5.939237724381877 -0.012823324034995148
5.945379645503264 -0.01108484287401082
5.951521566624652 -0.009349475131712623
5.957663487746039 -0.007624080799015514
5.963805408867428 -0.005915290549995016
5.969947329988815 -0.004229477971868694
5.976089251110203 -0.0025727335587342635
5.98223117223159 -0.0009508405630500557
5.988373093352978 0.0006307472111087019
5.9945150144743655 0.0021669255988470116
6.000656935595753 0.0036529581848752934
6.006798856717141 0.005084492278743569
6.012940777838529 0.0064575727095203764
6.019082698959917 0.0077686534038507535
6.025224620081304 0.009014606720471509
6.031366541202692 0.010192730523259141
6.037508462324079 0.011300752983749749
6.043650383445467 0.012336835112816405
6.0497923045668545 0.013299571029839027
6.055934225688242 0.014187985986274607
6.06207614680963 0.015001532169053495
6.068218067931018 0.015740082317711127
6.074359989052406 0.016403921197631736
6.080501910173793 0.016993734980246016
6.086643831295181 0.01751059858949984
6.092785752416568 0.017955961082398643
6.098927673537956 0.018331629139932026
6.105069594659343 0.01863974875318562
6.111211515780731 0.018882785197934626
6.117353436902119 0.01906350139946107
6.123495358023507 0.019184934797710135
6.1296372791448945 0.01925037283115473
6.135779200266282 0.019263327165824615
6.14192112138767 0.019227506803809722
6.148063042509057 0.01914679021310465
6.154204963630445 0.01902519662784356
6.160346884751832 0.01886685667470185
6.166488805873221 0.018675982487425875
6.172630726994608 0.018456837477005543
6.178772648115996 0.018213705929832028
6.1849145692373835 0.01795086261019734
6.191056490358771 0.017672542546594554
6.197198411480159 0.01738291118338753
6.203340332601546 0.017086035080448668
6.209482253722934 0.016785853343239766
6.215624174844322 0.01648614996446593
6.22176609596571 0.016190527255811972
6.227908017087097 0.015902380544326352
6.234049938208485 0.0156248743027285
6.240191859329872 0.015360919876254103
6.24633378045126 0.015113154960633382
6.2524757015726475 0.014883924976429493
6.258617622694035 0.014675266474287841
6.2647595438154235 0.014488892693714188
6.270901464936811 0.014326181384882371
6.277043386058199 0.0141881649887551
