time TPR_both_A_closed_1_rho12_imag
0.0 0.0
0.00614192112138767 -0.006138938852896852
0.01228384224277534 -0.012260007174618105
0.01842576336416301 -0.018345449244912593
0.02456768448555068 -0.024377737919524245
0.030709605606938348 -0.030339686320039135
0.03685152672832602 -0.03621455645172518
0.042993447849713685 -0.041986163800513746
0.04913536897110136 -0.04763897702244751
0.05527729009248903 -0.05315821191390994
0.061419211213876695 -0.058529918937048904
0.06756113233526437 -0.06374106367006797
0.07370305345665204 -0.0687795996543547
0.07984497457803971 -0.07363453321749179
0.08598689569942737 -0.07829597996073415
0.09212881682081504 -0.08275521270920307
0.09827073794220272 -0.08700470083057467
0.10441265906359039 -0.09103814093125918
0.11055458018497806 -0.09485047903598105
0.11669650130636572 -0.09843792444548892
0.12283842242775339 -0.10179795554631715
0.12898034354914106 -0.10492931791483791
0.13512226467052874 -0.10783201511435299
0.1412641857919164 -0.11050729262807198
0.14740610691330408 -0.11295761540224097
0.15354802803469175 -0.11518663949249092
0.15968994915607942 -0.11719917831306086
0.16583187027746707 -0.11900116398361679
0.17197379139885474 -0.1205996042529135
0.17811571252024241 -0.12200253545376132
0.1842576336416301 -0.12321897191110548
0.19039955476301776 -0.12425885218610268
0.19654147588440543 -0.12513298249562635
0.2026833970057931 -0.12585297760044378
0.20882531812718078 -0.12643119940822237
0.21496723924856845 -0.12688069349134198
0.22110916036995612 -0.12721512367595933
0.2272510814913438 -0.1274487048195116
0.23339300261273144 -0.12759613386033714
0.2395349237341191 -0.12767251919661177
0.24567684485550678 -0.12769330843341337
0.25181876597689445 -0.12767421452724864
0.2579606870982821 -0.1276311403573511
0.2641026082196698 -0.12758010176275417
0.27024452934105747 -0.12753714910353448
0.27638645046244514 -0.1275182874333947
0.2825283715838328 -0.1275393954083172
0.2886702927052205 -0.12761614310150313
0.29481221382660816 -0.12776390894709175
0.30095413494799583 -0.12799769609288944
0.3070960560693835 -0.1283320485039703
0.3132379771907712 -0.128780967222835
0.31937989831215885 -0.12935782725598405
0.3255218194335465 -0.13007529561935946
0.33166374055493414 -0.1309452511341622
0.3378056616763218 -0.13197870661811445
0.3439475827977095 -0.1331857341633961
0.35008950391909716 -0.1345753942294485
0.35623142504048483 -0.13615566930495587
0.3623733461618725 -0.1379334029071296
0.3685152672832602 -0.13991424468670946
0.37465718840464785 -0.1421026023929205
0.3807991095260355 -0.14450160142333326
0.3869410306474232 -0.1471130526388693
0.39308295176881086 -0.14993742906410845
0.39922487289019853 -0.1529738520180017
0.4053667940115862 -0.15622008713084198
0.4115087151329739 -0.1596725506010325
0.41765063625436155 -0.1633263259312997
0.4237925573757492 -0.16717519126033298
0.4299344784971369 -0.1712116572744924
0.43607639961852457 -0.17542701554756668
0.44221832073991224 -0.1798113970171324
0.4483602418612999 -0.1843538401665775
0.4545021629826876 -0.1890423683450935
0.4606440841040752 -0.19386407552673618
0.4667860052254629 -0.19880521968677736
0.47292792634685055 -0.2038513228616893
0.4790698474682382 -0.20898727686070828
0.4852117685896259 -0.2141974535142562
0.49135368971101356 -0.21946581827951
0.49749561083240124 -0.22477604597768128
0.5036375319537889 -0.23011163741228727
0.5097794530751766 -0.2354560356136081
0.5159213741965643 -0.24079274047191188
0.5220632953179519 -0.24610542056068596
0.5282052164393396 -0.25137802101036194
0.5343471375607273 -0.25659486637169937
0.5404890586821149 -0.2617407575044977
0.5466309798035026 -0.26680106163961326
0.5527729009248903 -0.2717617948879612
0.558914822046278 -0.2766096966065978
0.5650567431676656 -0.2813322951761114
0.5711986642890533 -0.2859179648922891
0.577340585410441 -0.29035597382510997
0.5834825065318286 -0.2946365226462874
0.5896244276532163 -0.2987507745696234
0.595766348774604 -0.3026908766832866
0.6019082698959917 -0.30644997307690536
0.6080501910173793 -0.3100222102765171
0.614192112138767 -0.31340273559468074
0.6203340332601547 -0.31658768907962886
0.6264759543815424 -0.31957418980479907
0.63261787550293 -0.322360317277535
0.6387597966243177 -0.3249450887627633
0.6449017177457054 -0.32732843331411426
0.651043638867093 -0.32951116328183744
0.6571855599884806 -0.33149494402503255
0.6633274811098683 -0.33328226249667214
0.669469402231256 -0.3348763952955625
0.6756113233526436 -0.33628137669203656
0.6817532444740313 -0.3375019670363957
0.687895165595419 -0.33854362185371306
0.6940370867168066 -0.33941246181857476
0.7001790078381943 -0.34011524369173557
0.706320928959582 -0.34065933219060074
0.7124628500809697 -0.3410526726599472
0.7186047712023573 -0.34130376431128234
0.724746692323745 -0.34142163371141154
0.7308886134451327 -0.3414158081256029
0.7370305345665203 -0.34129628826032965
0.743172455687908 -0.3410735199067001
0.7493143768092957 -0.34075836395971515
0.7554562979306834 -0.3403620642813343
0.761598219052071 -0.3398962128874369
0.7677401401734587 -0.33937271197012425
0.7738820612948464 -0.3388037323169177
0.780023982416234 -0.33820166775631455
0.7861659035376217 -0.33757908534346714
0.7923078246590094 -0.3369486710986132
0.7984497457803971 -0.3363231712221362
0.8045916669017847 -0.3357153288312134
0.8107335880231724 -0.3351378163911207
0.8168755091445601 -0.33460316414638447
0.8230174302659478 -0.33412368498990463
0.8291593513873354 -0.3337113963386757
0.8353012725087231 -0.3333779397095149
0.8414431936301108 -0.33313449880406915
0.8475851147514984 -0.3329917170162323
0.8537270358728861 -0.3329596153641019
0.8598689569942738 -0.333047511920141
0.8660108781156615 -0.3332639438650455
0.8721527992370491 -0.3336165933210842
0.8782947203584368 -0.33411221812798453
0.8844366414798245 -0.3347565887078504
0.8905785626012122 -0.3355544321247308
0.8967204837225998 -0.33650938437944133
0.9028624048439875 -0.33762395189177163
0.9090043259653752 -0.33889948301150674
0.9151462470867628 -0.34033615026852954
0.9212881682081504 -0.34193294392288537
0.9274300893295381 -0.3436876772108118
0.9335720104509257 -0.3455970035054701
0.9397139315723134 -0.3476564454249161
0.9458558526937011 -0.34986043572844094
0.9519977738150888 -0.3522023696496999
0.9581396949364764 -0.3546746681250273
0.9642816160578641 -0.3572688511920257
0.9704235371792518 -0.3599756206608318
0.9765654583006395 -0.36278495100213465
0.9827073794220271 -0.3656861872555395
0.9888493005434148 -0.36866814864232567
0.9949912216648025 -0.3717192364707351
1.0011331427861903 -0.3748275448518171
1.0072750639075778 -0.3779809727011775
1.0134169850289656 -0.38116733548774023
1.0195589061503532 -0.3843744752052371
1.025700827271741 -0.38759036708532857
1.0318427483931285 -0.39080322164214937
1.0379846695145163 -0.39400158073514174
1.0441265906359039 -0.39717440645820395
1.0502685117572914 -0.40031116180579657
1.0564104328786792 -0.4034018822276106
1.0625523540000668 -0.4064372373592065
1.0686942751214545 -0.4094085824028477
1.074836196242842 -0.4123079988265455
1.0809781173642299 -0.4151283242459194
1.0871200384856174 -0.4178631715486711
1.0932619596070052 -0.42050693751113916
1.0994038807283928 -0.42305480133659784
1.1055458018497806 -0.42550271371199044
1.1116877229711681 -0.42784737713029597
1.117829644092556 -0.43008621835679917
1.1239715652139435 -0.43221735402670464
1.1301134863353313 -0.43423955044691276
1.1362554074567188 -0.4361521787349931
1.1423973285781066 -0.43795516646270455
1.1485392496994942 -0.4396489469796545
1.154681170820882 -0.4412344075752967
1.1608230919422695 -0.44271283759542174
1.1669650130636573 -0.4440858775641465
1.1731069341850449 -0.4453554702761534
1.1792488553064326 -0.44652381471903463
1.1853907764278202 -0.44759332356486664
1.191532697549208 -0.4485665848366957
1.1976746186705955 -0.44944632821278235
1.2038165397919833 -0.4502353962827135
1.209958460913371 -0.45093672091837667
1.2161003820347587 -0.451553304772827
1.2222423031561462 -0.4520882077746821
1.228384224277534 -0.45254453834812935
1.2345261453989216 -0.4529254489619339
1.2406680665203094 -0.4532341354977552
1.246809987641697 -0.4534738398309852
1.2529519087630847 -0.45364785493823234
1.2590938298844723 -0.45375953178606887
1.26523575100586 -0.4538122872168544
1.2713776721272476 -0.45380961203002335
1.2775195932486354 -0.45375507846134816
1.283661514370023 -0.45365234628809087
1.2898034354914107 -0.4535051668338706
1.2959453566127983 -0.453317384212317
1.302087277734186 -0.45309293323153704
1.3082291988555736 -0.45283583348009776
1.3143711199769612 -0.4525501792272881
1.320513041098349 -0.45224012489324666
1.3266549622197366 -0.4519098659752482
1.3327968833411243 -0.45156361545199203
1.338938804462512 -0.4512055758249535
1.3450807255838997 -0.4508399070915134
1.3512226467052872 -0.45047069107545584
1.357364567826675 -0.4501018926633754
1.3635064889480626 -0.4497373186075561
1.3696484100694504 -0.44938057465418996
1.375790331190838 -0.4490350218378563
1.3819322523122257 -0.44870373284680004
1.3880741734336133 -0.44838944940690073
1.394216094555001 -0.4480945416539325
1.4003580156763886 -0.4478209704628565
1.4064999367977764 -0.447570253679034
1.412641857919164 -0.44734343714949537
1.4187837790405518 -0.4471410713833714
1.4249257001619393 -0.44696319458042677
1.431067621283327 -0.4468093226569942
1.4372095424047147 -0.4466784467716304
1.4433514635261024 -0.44656903871109654
1.44949338464749 -0.44647906434378287
1.4556353057688778 -0.4464060051857824
1.4617772268902653 -0.4463468879580564
1.4679191480116531 -0.44629832184528884
1.4740610691330407 -0.44625654300198286
1.4802029902544285 -0.44621746569296983
1.486344911375816 -0.4461767393075768
1.4924868324972038 -0.44612981035282917
1.4986287536185914 -0.44607198841457646
1.5047706747399792 -0.4459985149792819
1.5109125958613667 -0.4459046339359171
1.5170545169827545 -0.44578566252895635
1.523196438104142 -0.4456370615112732
1.5293383592255299 -0.4454545032506212
1.5354802803469174 -0.4452339365754559
1.5416222014683052 -0.44497164720462223
1.5477641225896928 -0.44466431268971096
1.5539060437110805 -0.4443090509068619
1.560047964832468 -0.44390346126406943
1.5661898859538559 -0.4434456579376649
1.5723318070752434 -0.4429342946142231
1.578473728196631 -0.44236858038786114
1.5846156493180188 -0.44174828664370563
1.5907575704394064 -0.4410737449419474
1.5968994915607941 -0.440345836099057
1.6030414126821817 -0.4395659708391247
1.6091833338035695 -0.4387360625547966
1.615325254924957 -0.43785849287002826
1.6214671760463448 -0.436936070832374
1.6276090971677324 -0.43597198667770837
1.6337510182891202 -0.43496976120260067
1.6398929394105077 -0.4339331918470871
1.6460348605318955 -0.43286629663197773
1.652176781653283 -0.43177325710944314
1.6583187027746709 -0.430658361473437
1.6644606238960584 -0.42952594893819507
1.6706025450174462 -0.42838035642990047
1.6767444661388338 -0.42722586855049444
1.6828863872602216 -0.4260666716659729
1.6890283083816091 -0.42490681284721343
1.695170229502997 -0.42375016425270384
1.7013121506243845 -0.42260039339305083
1.7074540717457722 -0.42146093956061337
1.7135959928671598 -0.4203349965479049
1.7197379139885476 -0.4192255016194293
1.7258798351099351 -0.4181351305471719
1.732021756231323 -0.41706629837368037
1.7381636773527105 -0.41602116543193096
1.7443055984740983 -0.41500164803102235
1.7504475195954858 -0.4140094331138281
1.7565894407168736 -0.413045996109276
1.7627313618382612 -0.4121126211396221
1.768873282959649 -0.4112104227031487
1.7750152040810365 -0.4103403679358047
1.7811571252024243 -0.4095032985615461
1.7872990463238119 -0.40869995167012646
1.7934409674451997 -0.4079309785119107
1.7995828885665872 -0.4071969605705534
1.805724809687975 -0.4064984222642431
1.8118667308093626 -0.4058358397324502
1.8180086519307503 -0.40520964528512704
1.824150573052138 -0.40462022722225377
1.8302924941735257 -0.40406792487040216
1.8364344152949132 -0.4035530188263702
1.8425763364163008 -0.4030757165425951
1.8487182575376886 -0.40263613353163075
1.8548601786590762 -0.4022342706041839
1.861002099780464 -0.40186998768384824
1.8671440209018515 -0.401542974858754
1.8732859420232393 -0.4012527214330909
1.8794278631446268 -0.4009984838273716
1.8855697842660146 -0.4007792532432594
1.8917117053874022 -0.4005937240550139
1.89785362650879 -0.40044026391379384
1.9039955476301775 -0.4003168865523103
1.9101374687515653 -0.4002212282552475
1.9162793898729529 -0.40015052891553626
1.9224213109943407 -0.40010161852857307
1.9285632321157282 -0.400070909886873
1.934705153237116 -0.40005439812799204
1.9408470743585036 -0.4000476676608394
1.9469889954798913 -0.40004590685214925
1.953130916601279 -0.4000439306986983
1.9592728377226667 -0.40003621154496455
1.9654147588440543 -0.40001691773373677
1.971556679965442 -0.39997995990231
1.9776986010868296 -0.399919044463082
1.9838405222082174 -0.39982773363841556
1.989982443329605 -0.3996995112593162
1.9961243644509927 -0.3995278533894837
2.0022662855723805 -0.39930630270411127
2.008408206693768 -0.39902854543964184
2.0145501278151556 -0.3986884896394282
2.020692048936543 -0.3982803433533197
2.026833970057931 -0.3977986914085886
2.0329758911793188 -0.39723856935673924
2.0391178123007063 -0.39659553321645036
2.045259733422094 -0.3958657236774105
2.051401654543482 -0.3950459235027253
2.0575435756648695 -0.3941336069678297
2.063685496786257 -0.3931269802997905
2.0698274179076446 -0.3920250122302375
2.0759693390290326 -0.3908274539451056
2.08211126015042 -0.38953484790158066
2.0882531812718077 -0.38814852518335496
2.0943951023931953 -0.38667059127542397
2.100537023514583 -0.38510390035482617
2.106678944635971 -0.3834520184094375
2.1128208657573584 -0.3817191757085901
2.118962786878746 -0.37991020935240527
2.1251047080001335 -0.3780304968169143
2.1312466291215215 -0.3760858815852228
2.137388550242909 -0.3740825921073901
2.1435304713642966 -0.3720271554600599
2.149672392485684 -0.36992630717841263
2.155814313607072 -0.36778689880553883
2.1619562347284598 -0.3656158047462997
2.1680981558498473 -0.3634198300232837
2.174240076971235 -0.36120562051139893
2.180381998092623 -0.3589795771754728
2.1865239192140105 -0.3567477757531533
2.192665840335398 -0.35451589321524807
2.1988077614567856 -0.35228914219982604
2.2049496825781736 -0.3500722144579197
2.211091603699561 -0.34786923417091203
2.2172335248209487 -0.3456837218065102
2.2233754459423363 -0.3435185689756743
2.2295173670637243 -0.3413760245413048
2.235659288185112 -0.33925769201528044
2.2418012093064994 -0.3371645380679869
2.247943130427887 -0.33509691176807443
2.254085051549275 -0.33305457397396043
2.2602269726706625 -0.33103673611637724
2.26636889379205 -0.32904210744655077
2.2725108149134376 -0.3270689496804556
2.2786527360348257 -0.3251151378486269
2.284794657156213 -0.32317822606528834
2.2909365782776008 -0.3212555168616181
2.2970784993989883 -0.31934413268676615
2.3032204205203763 -0.3174410881671424
2.309362341641764 -0.3155433617293064
2.3155042627631515 -0.3136479652337698
2.321646183884539 -0.31175201033486216
2.327788105005927 -0.3098527703737585
2.3339300261273146 -0.3079477367255699
2.340071947248702 -0.3060346686544574
2.3462138683700897 -0.3041116358800753
2.3523557894914777 -0.3021770532210592
2.3584977106128653 -0.3002297068533275
2.364639631734253 -0.2982687718990747
2.3707815528556404 -0.2962938212429106
2.376923473977028 -0.29430482565099025
2.383065395098416 -0.2923021454436691
2.3892073162198035 -0.29028651413879747
2.395349237341191 -0.2882590146380504
2.4014911584625787 -0.2862210486697485
2.4076330795839667 -0.28417430032583785
2.4137750007053542 -0.2821206946358391
2.419916921826742 -0.2800623522047624
2.4260588429481293 -0.2780015410038324
2.4322007640695174 -0.2759406264414
2.438342685190905 -0.27388202085614055
2.4444846063122925 -0.2718281335655611
2.45062652743368 -0.2697813225703943
2.456768448555068 -0.2677438489606052
2.4629103696764556 -0.26571783499281276
2.469052290797843 -0.2637052267137465
2.4751942119192307 -0.2617077618920536
2.4813361330406187 -0.2597269438938577
2.4874780541620063 -0.25776402199870985
2.493619975283394 -0.2558199785049685
2.4997618964047814 -0.2538955228203637
2.5059038175261694 -0.2519910925777923
2.512045738647557 -0.25010686166155405
2.5181876597689445 -0.2482427548785057
2.524329580890332 -0.24639846886513164
2.53047150201172 -0.24457349868825673
2.5366134231331077 -0.24276716947678792
2.5427553442544952 -0.2409786723168877
2.548897265375883 -0.23920710355542568
2.555039186497271 -0.2374515065881234
2.5611811076186584 -0.23571091516072956
2.567323028740046 -0.23398439718467376
2.5734649498614335 -0.2322710980632428
2.5796068709828215 -0.23057028254029913
2.585748792104209 -0.2288813741202872
2.5918907132255966 -0.22720399116471382
2.598032634346984 -0.2255379788449638
2.604174555468372 -0.2238834362223764
2.6103164765897597 -0.22224073783178325
2.6164583977111473 -0.2206105492617167
2.622600318832535 -0.2189938363505789
2.6287422399539224 -0.21739186775037303
2.6348841610753104 -0.2158062107452273
2.641026082196698 -0.21423872034795705
2.6471680033180855 -0.21269152183144277
2.653309924439473 -0.21116698697987982
2.659451845560861 -0.20966770446541358
2.6655937666822487 -0.20819644486597444
2.6717356878036362 -0.20675612093819376
2.677877608925024 -0.20534974384340812
2.684019530046412 -0.2039803760935514
2.6901614511677994 -0.2026510820361995
2.696303372289187 -0.2013648767335576
2.7024452934105745 -0.20012467410853824
2.7085872145319625 -0.19893323523244472
2.71472913565335 -0.1977931176136363
2.7208710567747376 -0.19670662631581315
2.727012977896125 -0.19567576768933634
2.733154899017513 -0.19470220644075564
2.7392968201389007 -0.19378722669607548
2.7454387412602883 -0.19293169763409165
2.751580662381676 -0.19213604417929564
2.757722583503064 -0.19140022315140337
2.7638645046244514 -0.19072370517255874
2.770006425745839 -0.19010546253568306
2.7761483468672266 -0.1895439631402589
2.7822902679886146 -0.1890371705068576
2.788432189110002 -0.1885825497906491
2.7945741102313897 -0.18817707962847588
2.8007160313527772 -0.1878172695751103
2.8068579524741653 -0.18749918281319944
2.812999873595553 -0.1872184637589091
2.8191417947169404 -0.18697037013212126
2.825283715838328 -0.18674980901651536
2.831425636959716 -0.1865513764012232
2.8375675580811035 -0.18636939967185948
2.843709479202491 -0.18619798250437797
2.8498514003238786 -0.18603105160993857
2.8559933214452666 -0.18586240478218377
2.862135242566654 -0.18568575970930362
2.8682771636880418 -0.18549480303115726
2.8744190848094293 -0.18528323914560693
2.8805610059308173 -0.1850448382971576
2.886702927052205 -0.1847734835139521
2.8928448481735924 -0.1844632159952025
2.89898676929498 -0.1841082785892413
2.9051286904163676 -0.18370315704168017
2.9112706115377556 -0.18324261873277087
2.917412532659143 -0.18272174866227506
2.9235544537805307 -0.18213598247824403
2.9296963749019183 -0.18148113638258173
2.9358382960233063 -0.18075343378063952
2.941980217144694 -0.17994952857407007
2.9481221382660814 -0.17906652502554216
2.954264059387469 -0.17810199415057013
2.960405980508857 -0.17705398661571517
2.9665479016302445 -0.17592104214380969
2.972689822751632 -0.1747021954459125
2.9788317438730196 -0.17339697871662255
2.9849736649944076 -0.17200542074455188
2.991115586115795 -0.17052804270349897
2.9972575072371828 -0.16896585070258271
3.0033994283585703 -0.16732032518568513
3.0095413494799583 -0.16559340728236524
3.015683270601346 -0.16378748222432135
3.0218251917227335 -0.16190535995376115
3.027967112844121 -0.15995025306295513
3.034109033965509 -0.15792575221796012
3.0402509550868966 -0.1558357992340843
3.046392876208284 -0.1536846579861489
3.0525347973296717 -0.15147688335287718
3.0586767184510597 -0.14921728841165535
3.0648186395724473 -0.1469109101171785
3.070960560693835 -0.1445629737148066
3.0771024818152224 -0.14217885615637407
3.0832444029366104 -0.13976404880227342
3.089386324057998 -0.13732411970834554
3.0955282451793855 -0.13486467580892852
3.101670166300773 -0.13239132531778205
3.107812087422161 -0.1299096406759881
3.1139540085435486 -0.12742512237981896
3.120095929664936 -0.12494316402148889
3.1262378507863238 -0.12246901887128271
3.1323797719077118 -0.12000776832045652
3.1385216930290993 -0.1175642924903208
3.144663614150487 -0.11514324329393424
3.1508055352718745 -0.11274902021285577
3.156947456393262 -0.11038574902257334
3.16308937751465 -0.10805726366678257
3.1692312986360376 -0.10576709144303012
3.175373219757425 -0.10351844162084799
3.1815151408788127 -0.10131419756900557
3.1876570620002007 -0.09915691242160496
3.1937989831215883 -0.09704880826422561
3.199940904242976 -0.09499177877205761
3.2060828253643634 -0.09298739518284135
3.2122247464857514 -0.09103691543939797
3.218366667607139 -0.08914129629050899
3.2245085887285265 -0.08730120809581605
3.230650509849914 -0.08551705204112131
3.236792430971302 -0.08378897943579937
3.2429343520926897 -0.08211691273470424
3.249076273214077 -0.0805005679036102
3.2552181943354648 -0.07893947773036906
3.261360115456853 -0.07743301567399806
3.2675020365782403 -0.07598041984108411
3.273643957699628 -0.07458081668331051
3.2797858788210155 -0.07323324402155351
3.2859277999424035 -0.07193667302068107
3.292069721063791 -0.07069002876459803
3.2982116421851786 -0.06949220911277532
3.304353563306566 -0.06834210155689016
3.310495484427954 -0.06723859783862976
3.3166374055493417 -0.06618060613635739
3.3227793266707293 -0.06516706067838333
3.328921247792117 -0.06419692869305152
3.335063168913505 -0.0632692146598205
3.3412050900348924 -0.06238296187994492
3.34734701115628 -0.06153725143926371
3.3534889322776675 -0.060731198687970785
3.3596308533990555 -0.05996394741210764
3.365772774520443 -0.0592346619179607
3.3719146956418307 -0.05854251729269294
3.3780566167632182 -0.05788668814161263
3.3841985378846062 -0.05726633613378523
3.390340459005994 -0.05668059671262039
3.3964823801273814 -0.05612856534614655
3.402624301248769 -0.055609283702539446
3.4087662223701565 -0.05512172613987828
3.4149081434915445 -0.05466478689492882
3.421050064612932 -0.05423726834405312
3.4271919857343196 -0.05383787069024452
3.433333906855707 -0.05346518340409949
3.439475827977095 -0.05311767871366228
3.4456177490984827 -0.052793707399066
3.4517596702198703 -0.052491497103399475
3.457901591341258 -0.0522091533219946
3.464043512462646 -0.05194466317925495
3.4701854335840334 -0.05169590204611676
3.476327354705421 -0.05146064299331708
3.4824692758268085 -0.051236569016843314
3.4886111969481965 -0.05102128791340608
3.494753118069584 -0.050812349626586935
3.5008950391909717 -0.05060726582959175
3.5070369603123592 -0.05040353145938219
3.5131788814337472 -0.05019864787039138
3.519320802555135 -0.049990147235056216
3.5254627236765224 -0.04977561778389185
3.53160464479791 -0.04955272945060043
3.537746565919298 -0.04931925946841561
3.5438884870406855 -0.04907311745305042
3.550030408162073 -0.0488123695056352
3.5561723292834606 -0.04853526087609457
3.5623142504048486 -0.04824023674357179
3.568456171526236 -0.04792596069559167
3.5745980926476237 -0.04759133052136235
3.5807400137690113 -0.04723549097640737
3.5868819348903993 -0.04685784322493249
3.593023856011787 -0.046458050722092796
3.5991657771331744 -0.04603604135965122
3.605307698254562 -0.045592005764250876
3.61144961937595 -0.04512639170642554
3.6175915404973376 -0.044639894649207014
3.623733461618725 -0.04413344453634484
3.6298753827401127 -0.04360818899032248
3.6360173038615007 -0.04306547315809204
3.6421592249828882 -0.042506816506371795
3.648301146104276 -0.04193388692712457
3.6544430672256634 -0.04134847256620711
3.6605849883470514 -0.04075245183307257
3.666726909468439 -0.0401477620858089
3.6728688305898265 -0.03953636751296295
3.679010751711214 -0.03892022675088657
3.6851526728326016 -0.038301260782399094
3.6912945939539896 -0.03768132165918153
3.697436515075377 -0.0370621625765643
3.7035784361967647 -0.036445409805509414
3.7097203573181523 -0.03583253695309464
3.7158622784395403 -0.03522484198038183
3.722004199560928 -0.03462342735605027
3.7281461206823154 -0.03402918366666499
3.734288041803703 -0.03344277694109241
3.740429962925091 -0.032864639878691704
3.7465718840464786 -0.03229496709987324
3.752713805167866 -0.0317337144648788
3.7588557262892537 -0.031180602433650253
3.7649976474106417 -0.03063512336787422
3.7711395685320293 -0.030096552607124606
3.777281489653417 -0.029563963085797732
3.7834234107748044 -0.02903624319748755
3.7895653318961924 -0.02851211755967544
3.79570725301758 -0.027990170285072516
3.8018491741389675 -0.027468870327441816
3.807991095260355 -0.026946598439844347
3.814133016381743 -0.02642167526244334
3.8202749375031306 -0.025892390045467357
3.826416858624518 -0.025357029510746854
3.8325587797459058 -0.02481390636222256
3.8387007008672938 -0.024261386971680496
3.8448426219886813 -0.023697917790182543
3.850984543110069 -0.02312205006759765
3.8571264642314564 -0.022532462501518004
3.8632683853528444 -0.021927981481765235
3.869410306474232 -0.021307598646675967
3.8755522275956196 -0.02067048552133397
3.881694148717007 -0.020016005064789885
3.887836069838395 -0.019343720011945467
3.8939779909597827 -0.01865339795503949
3.9001199120811703 -0.01794501316844894
3.906261833202558 -0.017218745237731415
3.912403754323946 -0.016474974608472043
3.9185456754453334 -0.01571427522161166
3.924687596566721 -0.014937404448682197
3.9308295176881085 -0.014145290582001821
3.936971438809496 -0.013339018170759937
3.943113359930884 -0.012519811523532714
3.9492552810522716 -0.011689016720729598
3.955397202173659 -0.010848082496525026
3.9615391232950468 -0.009998540358848503
3.9676810444164348 -0.009141984318005348
3.9738229655378223 -0.008280050589601773
3.97996488665921 -0.0074143976259175865
3.9861068077805974 -0.006546686812067104
3.9922487289019855 -0.005678564139699171
3.998390650023373 -0.004811643142175038
4.004532571144761 -0.003947489341787074
4.010674492266149 -0.00308760642236873
4.016816413387536 -0.002233424300379815
4.022958334508924 -0.001386289225058703
4.029100255630311 -0.0005474559943677597
4.035242176751699 0.00028191767091330426
4.041384097873086 0.001100774596608719
4.047526018994474 0.0019081595125663713
4.053667940115862 0.002703218383378648
4.05980986123725 0.003485195835767758
4.0659517823586375 0.004253430840608472
4.072093703480025 0.0050073508381072536
4.078235624601413 0.005746464520606907
4.0843775457228 0.006470353508415732
4.090519466844188 0.007178663169642839
4.096661387965575 0.007871092845045183
4.102803309086964 0.008547385743259151
4.108945230208351 0.009207318770519366
4.115087151329739 0.0098506925521928
4.1212290724511265 0.01047732189142386
4.127370993572514 0.011087026893243916
4.133512914693902 0.011679624961098426
4.139654835815289 0.012254923847418378
4.145796756936677 0.012812715911221429
4.151938678058065 0.013352773704441835
4.158080599179453 0.013874846975473896
4.16422252030084 0.014378661144015517
4.170364441422228 0.014863917266475807
4.176506362543615 0.015330293476716803
4.182648283665003 0.015777447853467713
4.1887902047863905 0.016205022634075774
4.194932125907778 0.016612649664985674
4.201074047029166 0.016999956953047738
4.207215968150554 0.01736657615894481
4.213357889271942 0.017712150855113563
4.219499810393329 0.01803634535583563
4.225641731514717 0.018338853916913044
4.231783652636104 0.01861941009663021
4.237925573757492 0.018877796068565066
4.2440674948788795 0.019113851680156314
4.250209416000267 0.01932748305858382
4.2563513371216555 0.01951867057720741
4.262493258243043 0.019687476011189118
4.268635179364431 0.019834048729578856
4.274777100485818 0.01995863079260121
4.280919021607206 0.020061560846620367
4.287060942728593 0.020143276734736103
4.293202863849981 0.020204316767604157
4.299344784971368 0.020245319626308173
4.305486706092757 0.02026702289637175
4.311628627214144 0.020270260258743917
4.317770548335532 0.020255957389301495
4.3239124694569195 0.020225126642615145
4.330054390578307 0.02017886061799331
4.336196311699695 0.02011832472577876
4.342338232821082 0.020044748889211306
4.34848015394247 0.019959418531638587
4.354622075063858 0.01986366501026769
4.360763996185246 0.019758855665882334
4.366905917306633 0.019646383662941233
4.373047838428021 0.01952765779623021
4.3791897595494085 0.019404092438813518
4.385331680670796 0.019277097801533027
4.391473601792184 0.019148070666890796
4.397615522913571 0.01901838575001796
4.40375744403496 0.018889387826811654
4.409899365156347 0.018762384754471263
4.416041286277735 0.018638641492867033
4.422183207399122 0.018519375216731283
4.42832512852051 0.01840575158887754
4.434467049641897 0.01829888224385171
4.440608970763285 0.018199823509915527
4.4467508918846725 0.018109576375375816
4.452892813006061 0.01802908768331614
4.4590347341274486 0.0179592525170654
4.465176655248836 0.017900917717546913
4.471318576370224 0.017854886453275143
4.477460497491611 0.017821923744476487
4.483602418612999 0.01780276282486336
4.489744339734386 0.017798112208228228
4.495886260855774 0.01780866331247228
4.5020281819771615 0.017835098481151234
4.50817010309855 0.01787809923229811
4.5143120242199375 0.01793835455634086
4.520453945341325 0.01801656907952217
4.526595866462713 0.018113470906474503
4.5327377875841 0.018229818955609586
4.538879708705488 0.018366409603821646
4.545021629826875 0.018524082462722864
4.551163550948263 0.018703725117240024
4.557305472069651 0.018906276668881186
4.563447393191039 0.019132729940269436
4.569589314312426 0.01938413221454032
4.575731235433814 0.019661584402760907
4.5818731565552016 0.019966238554478422
4.588015077676589 0.020299293650604573
4.594156998797977 0.0206619896438212
4.600298919919364 0.02105559973923541
4.606440841040753 0.02148142093676208
4.61258276216214 0.021940762886270726
4.618724683283528 0.02243493513647637
4.624866604404915 0.022965232888416436
4.631008525526303 0.023532921393669082
4.6371504466476905 0.024139219165725048
4.643292367769078 0.024785280199634153
4.649434288890466 0.025472175419709323
4.655576210011854 0.02620087359719864
4.661718131133242 0.02697222199896906
4.667860052254629 0.027786927043955464
4.674001973376017 0.02864553525602959
4.680143894497404 0.02954841480970083
4.686285815618792 0.030495737968402787
4.692427736740179 0.03148746471384475
4.698569657861567 0.03252332785888711
4.7047115789829554 0.033602819925586225
4.710853500104343 0.0347251820544866
4.716995421225731 0.035889395191046294
4.723137342347118 0.03709417377045696
4.729279263468506 0.03833796209337784
4.735421184589893 0.039618933552599045
4.741563105711281 0.04093499283483755
4.747705026832668 0.04228378118325678
4.753846947954056 0.0436626847654595
4.759988869075444 0.045068846149249685
4.766130790196832 0.04649917884503856
4.7722727113182195 0.04795038483006308
4.778414632439607 0.04941897492626395
4.784556553560995 0.05090129186144015
4.790698474682382 0.052393535802795016
4.79684039580377 0.05389179211388079
4.802982316925157 0.05539206105082713
4.809124238046546 0.056890289082160636
4.815266159167933 0.05838240148898447
4.821408080289321 0.05986433587922829
4.8275500014107084 0.06133207623145866
4.833691922532096 0.06278168707064874
4.839833843653484 0.06420934737055273
4.845975764774871 0.06561138377505085
4.852117685896259 0.06698430273407217
4.858259607017647 0.06832482115843967
4.864401528139035 0.0696298952121139
4.870543449260422 0.07089674687967386
4.87668537038181 0.07212288797120353
4.882827291503197 0.07330614125577473
4.888969212624585 0.07444465844805263
4.8951111337459725 0.07553693480979867
4.90125305486736 0.07658182016874517
4.9073949759887485 0.0775785262009811
4.913536897110136 0.07852662986908346
4.919678818231524 0.07942607295621155
4.925820739352911 0.08027715768564953
4.931962660474299 0.0810805384652815
4.938104581595686 0.0818372098465693
4.944246502717074 0.08254849083718228
4.9503884238384614 0.08321600575487982
4.95653034495985 0.08384166185695395
4.9626722660812375 0.08442762402389196
4.968814187202625 0.08497628681731739
4.974956108324013 0.08549024427012553
4.9810980294454 0.08597225780049683
4.987239950566788 0.08642522267059279
4.993381871688175 0.08685213343472917
4.999523792809563 0.08725604884021448
5.00566571393095 0.08764005665642373
5.011807635052339 0.08800723891369346
5.017949556173726 0.08836063803298536
5.024091477295114 0.08870322431976005
5.0302333984165015 0.08903786528098223
5.036375319537889 0.08936729720262099
5.042517240659277 0.08969409939645731
5.048659161780664 0.09002067148963654
5.054801082902052 0.09034921408848065
5.06094300402344 0.09068171310000146
5.067084925144828 0.09101992794084376
5.073226846266215 0.09136538380468
5.079368767387603 0.09171936809611074
5.0855106885089905 0.09208293107279784
5.091652609630378 0.09245689066881421
5.097794530751766 0.09284184140212282
5.103936451873153 0.09323816719884706
5.110078372994542 0.09364605789777806
5.116220294115929 0.09406552913164502
5.122362215237317 0.09449644521833515
5.128504136358704 0.09493854463676135
5.134646057480092 0.09539146760970607
5.140787978601479 0.09585478527088463
5.146929899722867 0.09632802985679302
5.1530718208442545 0.096810725336617
5.159213741965643 0.09730241787642142
5.1653556630870305 0.09780270552769159
5.171497584208418 0.09831126653554378
5.177639505329806 0.09882788567882969
5.183781426451193 0.09935247808296892
5.189923347572581 0.09988510998645575
5.196065268693968 0.10042601599315629
5.202207189815356 0.10097561240404355
5.208349110936744 0.10153450629297502
5.214491032058132 0.1021035000703337
5.2206329531795195 0.10268359136446206
5.226774874300907 0.1032759681422263
5.232916795422295 0.10388199908505952
5.239058716543682 0.10450321933357246
5.24520063766507 0.10514131181035583
5.251342558786457 0.10579808442494171
5.257484479907845 0.1064754435550485
5.263626401029233 0.10717536428226022
5.269768322150621 0.10789985793631722
5.275910243272008 0.1086509375684919
5.282052164393396 0.10943058202951769
5.2881940855147835 0.11024069936990069
5.294336006636171 0.11108309030902769
5.300477927757559 0.11195941253347838
5.306619848878946 0.11287114658379446
5.312761770000335 0.11381956407241954
5.318903691121722 0.11480569894367676
5.32504561224311 0.11583032243990578
5.331187533364497 0.11689392237694282
5.337329454485885 0.11799668725801697
5.3434713756072725 0.11913849566914565
5.34961329672866 0.12031891130280466
5.355755217850048 0.1215371838517926
5.361897138971436 0.12279225590377689
5.368039060092824 0.12408277585111985
5.374180981214211 0.1254071167124571
5.380322902335599 0.12676340064442387
5.386464823456986 0.1281495288062038
5.392606744578374 0.12956321612846455
5.398748665699761 0.13100203043398287
5.404890586821149 0.1324634352618764
5.411032507942537 0.13394483566281803
5.417174429063925 0.13544362616064173
5.4233163501853126 0.13695724001784046
5.4294582713067 0.13848319889986313
5.435600192428088 0.14001916200687475
5.441742113549475 0.14156297373233473
5.447884034670863 0.1431127089158454
5.45402595579225 0.14466671478323648
5.460167876913639 0.146223648709533
5.466309798035026 0.1477825109997724
5.472451719156414 0.1493426719576813
5.4785936402778015 0.15090389260183895
5.484735561399189 0.15246633849177674
5.490877482520577 0.15403058624070284
5.497019403641964 0.15559762241538452
5.503161324763352 0.15716883465505221
5.509303245884739 0.1587459949777165
5.515445167006128 0.16033123538169083
5.521587088127515 0.16192701598989648
5.527729009248903 0.16353608612219514
5.53387093037029 0.16516143881405485
5.540012851491678 0.16680625942584018
5.5461547726130656 0.16847386910354187
5.552296693734453 0.17016766395662045
5.558438614855841 0.1718910509096971
5.564580535977229 0.17364738126026694
5.570722457098617 0.1754398830328236
5.576864378220004 0.17727159325940753
5.583006299341392 0.1791452913366171
5.589148220462779 0.18106343460894544
5.595290141584167 0.18302809730750105
5.6014320627055545 0.18504091393191738
5.607573983826942 0.18710302810194596
5.6137159049483305 0.18921504782470946
5.619857826069718 0.1913770080251219
5.625999747191106 0.19358834107210243
5.632141668312493 0.19584785590385095
5.638283589433881 0.19815372621393368
5.644425510555268 0.20050348800864012
5.650567431676656 0.20289404668786365
5.656709352798043 0.20532169363953365
5.662851273919432 0.20778213217438327
5.668993195040819 0.21027051246676087
5.675135116162207 0.2127814750113294
5.681277037283595 0.2153092019579198
5.687418958404982 0.21784747555039852
5.69356087952637 0.22038974277289405
5.699702800647757 0.22292918520052107
5.705844721769145 0.22545879296402793
5.711986642890533 0.22797144167026098
5.718128564011921 0.23045997107439
5.724270485133308 0.23291726427641357
5.730412406254696 0.23533632621388492
5.7365543273760835 0.23771036024518274
5.742696248497471 0.24003284166238367
5.748838169618859 0.24229758703888984
5.754980090740246 0.24449881840303542
5.761122011861635 0.2466312213330394
5.767263932983022 0.24868999618864562
5.77340585410441 0.2506709018281037
5.779547775225797 0.25257029130284075
5.785689696347185 0.2543851391733547
5.7918316174685724 0.2561130602452865
5.79797353858996 0.25775231968107576
5.804115459711348 0.2593018345968883
5.810257380832735 0.2607611674035107
5.816399301954124 0.2621305112906053
5.822541223075511 0.26341066838343613
5.828683144196899 0.26460302121738755
5.834825065318286 0.2657094982761868
5.840966986439674 0.26673253442293815
5.847108907561061 0.2676750271175193
5.853250828682449 0.26854028935863095
5.8593927498038365 0.2693320003133877
5.865534670925225 0.27005415460166643
5.8716765920466125 0.27071101118693414
5.877818513168 0.27130704279076945
5.883960434289388 0.27184688669587836
5.890102355410775 0.27233529773374093
5.896244276532163 0.2727771041699007
5.90238619765355 0.27317716710444323
5.908528118774938 0.27354034389977444
5.914670039896326 0.2738714560348676
5.920811961017714 0.2741752616672797
5.9269538821391015 0.2744564330641326
5.933095803260489 0.2747195389434409
5.939237724381877 0.2749690316502951
5.945379645503264 0.2752092389808609
5.951521566624652 0.27544436036320286
5.957663487746039 0.27567846700966336
5.963805408867428 0.275915505572767
5.969947329988815 0.27615930476686124
5.976089251110203 0.2764135843622649
5.98223117223159 0.2766819659184613
5.988373093352978 0.2769679845984539
5.9945150144743655 0.27727510139806955
6.000656935595753 0.27760671513167373
6.006798856717141 0.27796617353903713
6.012940777838529 0.2783567829162904
6.019082698959917 0.2787818157259452
6.025224620081304 0.2792445157056139
6.031366541202692 0.27974810007074735
6.037508462324079 0.2802957584916884
6.043650383445467 0.2808906486176504
6.0497923045668545 0.28153588801782325
6.055934225688242 0.2822345425104391
6.06207614680963 0.28298961095209824
6.068218067931018 0.28380400665966465
6.074359989052406 0.2846805357333356
6.080501910173793 0.2856218726399768
6.086643831295181 0.2866305334983123
6.092785752416568 0.28770884758032134
6.098927673537956 0.28885892760444337
6.105069594659343 0.2900826394444897
6.111211515780731 0.2913815719123504
6.117353436902119 0.2927570072917985
6.123495358023507 0.29420989330432296
6.1296372791448945 0.2957408171758337
6.135779200266282 0.2973499824453563
6.14192112138767 0.29903718911400773
6.148063042509057 0.30080181767544156
6.154204963630445 0.30264281749877825
6.160346884751832 0.30455869995325513
6.166488805873221 0.30654753657230255
6.172630726994608 0.30860696245541247
6.178772648115996 0.3107341850013514
6.1849145692373835 0.3129259979583233
6.191056490358771 0.31517880066813025
6.197198411480159 0.3174886222747301
6.203340332601546 0.31985115056541813
6.209482253722934 0.3222617650175246
6.215624174844322 0.3247155735373866
6.22176609596571 0.3272074523034571
6.227908017087097 0.32973208806361115
6.234049938208485 0.33228402218947994
6.240191859329872 0.33485769575919916
6.24633378045126 0.3374474949249957
6.2524757015726475 0.3400477958240305
6.258617622694035 0.34265300830967804
6.2647595438154235 0.3452576178155578
6.270901464936811 0.3478562247152292
6.277043386058199 0.3504435806051831
