time TPR_both_A_open_1_rho22
0.0 0.0
0.00614192112138767 3.74815314733216e-05
0.01228384224277534 0.00014878898862778122
0.01842576336416301 0.0003318406263626716
0.02456768448555068 0.0005840689061780382
0.030709605606938348 0.0009024432590872212
0.03685152672832602 0.0012834965789126666
0.042993447849713685 0.001723355188887454
0.04913536897110136 0.002217771995793768
0.05527729009248903 0.0027621625204934
0.061419211213876695 0.003351643471898065
0.06756113233526437 0.003981073513384158
0.07370305345665204 0.004645095856512127
0.07984497457803971 0.005338182306737691
0.08598689569942737 0.006054678379611917
0.09212881682081504 0.00678884910371107
0.09827073794220272 0.007534925128109496
0.10441265906359039 0.00828714875745086
0.11055458018497806 0.009039819546377883
0.11669650130636572 0.00978733909699929
0.12283842242775339 0.010524254717919946
0.12898034354914106 0.011245301620822722
0.13512226467052874 0.01194544335033323
0.1412641857919164 0.012619910164572574
0.14740610691330408 0.013264235107053435
0.15354802803469175 0.013874287535046359
0.15968994915607942 0.014446303894889757
0.16583187027746707 0.014976915560605505
0.17197379139885474 0.01546317357829933
0.17811571252024241 0.01590257018488253
0.1842576336416301 0.016293056995388928
0.19039955476301776 0.016633059778349814
0.19654147588440543 0.01692148976313598
0.2026833970057931 0.01715775144671984
0.20882531812718078 0.01734174688982932
0.21496723924856845 0.01747387651386927
0.22110916036995612 0.017555036430221264
0.2272510814913438 0.01758661235257483
0.23339300261273144 0.01757047016079805
0.2395349237341191 0.017508943201553013
0.24567684485550678 0.01740481642645391
0.25181876597689445 0.01726130748312149
0.2579606870982821 0.017082044888088156
0.2641026082196698 0.01687104342324317
0.27024452934105747 0.016632676909469336
0.27638645046244514 0.016371648522403064
0.2825283715838328 0.016092958825934197
0.2886702927052205 0.015801871709227117
0.29481221382660816 0.015503878422752972
0.30095413494799583 0.015204659918120932
0.3070960560693835 0.014910047705411864
0.3132379771907712 0.014625983450256876
0.31937989831215885 0.01435847754105017
0.3255218194335465 0.014113566864401317
0.33166374055493414 0.013897272034154867
0.3378056616763218 0.013715554325950794
0.3439475827977095 0.013574272575262981
0.35008950391909716 0.013479140302011127
0.35623142504048483 0.013435683329055054
0.3623733461618725 0.013449198164997102
0.3685152672832602 0.013524711423578018
0.37465718840464785 0.013666940552388773
0.3807991095260355 0.013880256142470524
0.3869410306474232 0.014168646087476996
0.39308295176881086 0.01453568185627759
0.39922487289019853 0.01498448713604991
0.4053667940115862 0.015517709093930875
0.4115087151329739 0.016137492494073907
0.41765063625436155 0.01684545689343226
0.4237925573757492 0.017642677123722923
0.4299344784971369 0.01852966724882547
0.43607639961852457 0.019506368166375833
0.44221832073991224 0.020572138999606537
0.4483602418612999 0.021725752400682745
0.4545021629826876 0.022965393860047298
0.4606440841040752 0.02428866508781746
0.4667860052254629 0.02569259150330881
0.47292792634685055 0.027173633837568253
0.4790698474682382 0.028727703821682014
0.4852117685896259 0.0303501839009152
0.49135368971101356 0.032035950881788317
0.49749561083240124 0.03377940338637013
0.5036375319537889 0.03557449295574319
0.5097794530751766 0.03741475861315847
0.5159213741965643 0.039293364667216085
0.5220632953179519 0.041203141506857256
0.5282052164393396 0.04313662911337842
0.5343471375607273 0.04508612299040891
0.5404890586821149 0.04704372219112696
0.5466309798035026 0.049001379103186936
0.5527729009248903 0.050950950636119055
0.558914822046278 0.0528842504435203
0.5650567431676656 0.05479310180331642
0.5711986642890533 0.05666939077382613
0.577340585410441 0.05850511924133441
0.5834825065318286 0.06029245747637038
0.5896244276532163 0.06202379582082397
0.595766348774604 0.0636917951363157
0.6019082698959917 0.06528943565570408
0.6080501910173793 0.06681006389408259
0.614192112138767 0.06824743729285547
0.6203340332601547 0.06959576629023231
0.6264759543815424 0.07084975353345942
0.63261787550293 0.07200462997201518
0.6387597966243177 0.07305618759651736
0.6449017177457054 0.0740008086149065
0.651043638867093 0.07483549088525696
0.6571855599884806 0.07555786945301253
0.6633274811098683 0.07616623406924022
0.669469402231256 0.07665954259535528
0.6756113233526436 0.07703743022842478
0.6817532444740313 0.07730021450935902
0.687895165595419 0.07744889610383249
0.6940370867168066 0.07748515537244954
0.7001790078381943 0.07741134477232314
0.706320928959582 0.0772304771567409
0.7124628500809697 0.07694621006285185
0.7186047712023573 0.07656282609924933
0.724746692323745 0.07608520956591124
0.7308886134451327 0.07551881945816839
0.7370305345665203 0.07486965902421422
0.743172455687908 0.07414424206216554
0.7493143768092957 0.07334955615787751
0.7554562979306834 0.07249302307865572
0.761598219052071 0.07158245655075189
0.7677401401734587 0.07062601766014218
0.7738820612948464 0.06963216812662466
0.780023982416234 0.06860962171079553
0.7861659035376217 0.06756729402201787
0.7923078246590094 0.06651425100312318
0.7984497457803971 0.06545965637430379
0.8045916669017847 0.06441271832447891
0.8107335880231724 0.06338263574333584
0.8168755091445601 0.062378544291238174
0.8230174302659478 0.06140946260721151
0.8291593513873354 0.060484238957206136
0.8353012725087231 0.059611498625717754
0.8414431936301108 0.058799592353536545
0.8475851147514984 0.058056546122789876
0.8537270358728861 0.057390012587437915
0.8598689569942738 0.05680722444286198
0.8660108781156615 0.05631495002204066
0.8721527992370491 0.05591945139792795
0.8782947203584368 0.055626445261930994
0.8844366414798245 0.05544106683674324
0.8905785626012122 0.05536783706814899
0.8967204837225998 0.055410633324727794
0.9028624048439875 0.055572663816624235
0.9090043259653752 0.05585644592471359
0.9151462470867628 0.05626378860961939
0.9212881682081504 0.05679577904619355
0.9274300893295381 0.05745277360335473
0.9335720104509257 0.058234393261737134
0.9397139315723134 0.05913952353260387
0.9458558526937011 0.06016631891113915
0.9519977738150888 0.06131221186579609
0.9581396949364764 0.06257392633311915
0.9642816160578641 0.06394749565468592
0.9704235371792518 0.06542828485985222
0.9765654583006395 0.06701101716518056
0.9827073794220271 0.06868980452915087
0.9888493005434148 0.070458182069355
0.9949912216648025 0.07230914611923606
1.0011331427861903 0.07423519567290962
1.0072750639075778 0.076228376940046
1.0134169850289656 0.07828033070853097
1.0195589061503532 0.08038234219096092
1.025700827271741 0.08252539301223931
1.0318427483931285 0.08470021497985783
1.0379846695145163 0.08689734526606345
1.0441265906359039 0.08910718262217343
1.0502685117572914 0.09132004423990574
1.0564104328786792 0.09352622287278489
1.0625523540000668 0.09571604383245756
1.0686942751214545 0.09787992148004906
1.074836196242842 0.10000841484140266
1.0809781173642299 0.10209228198700551
1.0871200384856174 0.1041225328324191
1.0932619596070052 0.1060904800328465
1.0994038807283928 0.10798778766580494
1.1055458018497806 0.10980651741841409
1.1116877229711681 0.1115391720202201
1.117829644092556 0.11317873568839822
1.1239715652139435 0.11471871137924236
1.1301134863353313 0.11615315466769018
1.1362554074567188 0.11747670410487665
1.1423973285781066 0.11868460793200072
1.1485392496994942 0.1197727470567855
1.154681170820882 0.12073765422619423
1.1608230919422695 0.12157652935553724
1.1669650130636573 0.12228725099941312
1.1731069341850449 0.12286838397384232
1.1792488553064326 0.12331918316129192
1.1853907764278202 0.1236395935509107
1.191532697549208 0.12383024658509191
1.1976746186705955 0.1238924529004001
1.2038165397919833 0.12382819156591722
1.209958460913371 0.12364009593520665
1.2161003820347587 0.1233314362394215
1.2222423031561462 0.12290609905868725
1.228384224277534 0.1223685638168989
1.2345261453989216 0.1217238764516343
1.2406680665203094 0.12097762041617739
1.246809987641697 0.1201358851748515
1.2529519087630847 0.11920523235618899
1.2590938298844723 0.11819265973110964
1.26523575100586 0.1171055631854573
1.2713776721272476 0.11595169685814584
1.2775195932486354 0.11473913161798614
1.283661514370023 0.11347621205417306
1.2898034354914107 0.1121715121575604
1.2959453566127983 0.11083378987236882
1.302087277734186 0.10947194070095416
1.3082291988555736 0.10809495054778187
1.3143711199769612 0.10671184799283744
1.320513041098349 0.1053316561893546
1.3266549622197366 0.1039633445859237
1.3327968833411243 0.10261578067867771
1.338938804462512 0.10129768200523648
1.3450807255838997 0.10001756859827608
1.3512226467052872 0.09878371612280842
1.357364567826675 0.09760410992730253
1.3635064889480626 0.09648640024442992
1.3696484100694504 0.09543785878222572
1.375790331190838 0.09446533695056514
1.3819322523122257 0.09357522597079482
1.3880741734336133 0.09277341911785897
1.394216094555001 0.09206527634405644
1.4003580156763886 0.0914555915313995
1.4064999367977764 0.09094856261518426
1.412641857919164 0.09054776481460888
1.4187837790405518 0.09025612719691053
1.4249257001619393 0.09007591278938741
1.431067621283327 0.09000870243872673
1.4372095424047147 0.09005538259921685
1.4433514635261024 0.09021613721067792
1.44949338464749 0.09049044380335089
1.4556353057688778 0.09087707394064647
1.4617772268902653 0.09137409808173791
1.4679191480116531 0.09197889491470566
1.4740610691330407 0.09268816517758584
1.4802029902544285 0.09349794994956576
1.486344911375816 0.09440365335809048
1.4924868324972038 0.0954000696102093
1.4986287536185914 0.09648141421856514
1.5047706747399792 0.09764135925449263
1.5109125958613667 0.09887307242325423
1.5170545169827545 0.10016925972002233
1.523196438104142 0.10152221139033095
1.5293383592255299 0.1029238508858831
1.5354802803469174 0.10436578647630161
1.5416222014683052 0.10583936515011691
1.5477641225896928 0.10733572841442011
1.5539060437110805 0.10884586958255257
1.560047964832468 0.11036069212327902
1.5661898859538559 0.1118710686333613
1.5723318070752434 0.11336789998850928
1.578473728196631 0.11484217422545673
1.5846156493180188 0.1162850247104415
1.5907575704394064 0.11768778715663251
1.5968994915607941 0.11904205506493842
1.6030414126821817 0.12033973317897659
1.6091833338035695 0.12157308856552984
1.615325254924957 0.12273479895626127
1.6214671760463448 0.1238179980144217
1.6276090971677324 0.12481631722135249
1.6337510182891202 0.1257239241112923
1.6398929394105077 0.1265355566188444
1.6460348605318955 0.1272465533409327
1.652176781653283 0.12785287955363553
1.6583187027746709 0.12835114886340496
1.6644606238960584 0.12873864041132335
1.6706025450174462 0.12901331158771412
1.6767444661388338 0.12917380625212024
1.6828863872602216 0.12921945848994768
1.6890283083816091 0.12915029197152947
1.695170229502997 0.12896701501164382
1.7013121506243845 0.12867101145730633
1.7074540717457722 0.12826432755870365
1.7135959928671598 0.12774965500225094
1.7197379139885476 0.1271303103058083
1.7258798351099351 0.12641021079400536
1.732021756231323 0.1255938473863917
1.7381636773527105 0.12468625444278417
1.7443055984740983 0.12369297691882299
1.7504475195954858 0.12262003509050985
1.7565894407168736 0.1214738871095651
1.7627313618382612 0.12026138965202457
1.768873282959649 0.11898975692084482
1.7750152040810365 0.11766651825966414
1.7811571252024243 0.11629947462956049
1.7872990463238119 0.1148966541939456
1.7934409674451997 0.11346626724893003
1.7995828885665872 0.11201666072787489
1.805724809687975 0.11055627249968779
1.8118667308093626 0.10909358567098429
1.8180086519307503 0.10763708309275975
1.824150573052138 0.10619520226291211
1.8302924941735257 0.10477629080700819
1.8364344152949132 0.10338856271124425
1.8425763364163008 0.1020400554737325
1.8487182575376886 0.10073858833313076
1.8548601786590762 0.09949172172726665
1.861002099780464 0.09830671812879979
1.8671440209018515 0.09719050440009042
1.8732859420232393 0.09614963580524179
1.8794278631446268 0.0951902618136681
1.8855697842660146 0.09431809382639277
1.8917117053874022 0.09353837495346413
1.89785362650879 0.09285585196822581
1.9039955476301775 0.09227474956152308
1.9101374687515653 0.0917987470160772
1.9162793898729529 0.09143095741802501
1.9224213109943407 0.09117390951881012
1.9285632321157282 0.09102953235603342
1.934705153237116 0.09099914273634992
1.9408470743585036 0.09108343567686793
1.9469889954798913 0.09128247789362325
1.953130916601279 0.09159570441644191
1.9592728377226667 0.09202191839877556
1.9654147588440543 0.09255929417883184
1.971556679965442 0.0932053836344942
1.9776986010868296 0.09395712585914018
1.9838405222082174 0.09481086016856273
1.989982443329605 0.09576234243085731
1.9961243644509927 0.09680676469147269
2.0022662855723805 0.09793877804479074
2.008408206693768 0.09915251868178407
2.0145501278151556 0.1004416370207223
2.020692048936543 0.10179932980480372
2.026833970057931 0.10321837502725119
2.0329758911793188 0.1046911695211224
2.0391178123007063 0.10620976902814998
2.045259733422094 0.10776593053866301
2.051401654543482 0.10935115667336523
2.0575435756648695 0.1109567418577737
2.063685496786257 0.11257382002175856
2.0698274179076446 0.11419341354016138
2.0759693390290326 0.115806483116176
2.08211126015042 0.11740397829729149
2.0882531812718077 0.11897688830433428
2.0943951023931953 0.12051629284767906
2.100537023514583 0.12201341260115703
2.106678944635971 0.1234596590036705
2.1128208657573584 0.12484668306106647
2.118962786878746 0.12616642282643076
2.1251047080001335 0.1274111492455916
2.1312466291215215 0.1285735100661761
2.137388550242909 0.1296465715229082
2.1435304713642966 0.13062385752879968
2.149672392485684 0.13149938612124815
2.155814313607072 0.13226770293357948
2.1619562347284598 0.13292391148597263
2.1680981558498473 0.13346370011469302
2.174240076971235 0.13388336538481965
2.180381998092623 0.13417983185885257
2.1865239192140105 0.1343506681214089
2.192665840335398 0.13439409898831792
2.1988077614567856 0.1343090138564984
2.2049496825781736 0.13409497117872624
2.211091603699561 0.13375219907449135
2.2172335248209487 0.13328159211432966
2.2233754459423363 0.13268470434005689
2.2295173670637243 0.1319637386070113
2.235659288185112 0.13112153235655588
2.2418012093064994 0.13016153994754545
2.247943130427887 0.12908781169412148
2.254085051549275 0.1279049697739827
2.2602269726706625 0.1266181811861419
2.26636889379205 0.1252331279501176
2.2725108149134376 0.12375597474953988
2.2786527360348257 0.12219333423231965
2.284794657156213 0.12055223018691788
2.2909365782776008 0.11884005881994714
2.2970784993989883 0.11706454836445665
2.3032204205203763 0.11523371725091752
2.309362341641764 0.11335583107427388
2.3155042627631515 0.11143935859059567
2.321646183884539 0.10949292697600023
2.327788105005927 0.10752527657874208
2.3339300261273146 0.10554521539282874
2.340071947248702 0.10356157347833049
2.3462138683700897 0.10158315754981627
2.3523557894914777 0.09961870595016037
2.3584977106128653 0.09767684422239954
2.364639631734253 0.09576604148743169
2.3707815528556404 0.09389456783017522
2.376923473977028 0.0920704528913662
2.383065395098416 0.09030144585646034
2.3892073162198035 0.08859497702710688
2.395349237341191 0.08695812115433703
2.4014911584625787 0.08539756270590991
2.4076330795839667 0.08391956323312347
2.4137750007053542 0.08252993099475327
2.419916921826742 0.08123399298755375
2.4260588429481293 0.08003656952386427
2.4322007640695174 0.07894195148722692
2.438342685190905 0.07795388038647245
2.4444846063122925 0.07707553131739692
2.45062652743368 0.07630949892888157
2.456768448555068 0.07565778647706373
2.4629103696764556 0.07512179803692003
2.469052290797843 0.0747023339253804
2.4751942119192307 0.07439958937386507
2.4813361330406187 0.07421315647097552
2.4874780541620063 0.07414202937804187
2.493619975283394 0.0741846128014257
2.4997618964047814 0.0743387336860213
2.5059038175261694 0.07460165607442851
2.512045738647557 0.07497009905595703
2.5181876597689445 0.07544025770914808
2.524329580890332 0.07600782692107141
2.53047150201172 0.07666802794649094
2.5366134231331077 0.07741563755032205
2.5427553442544952 0.07824501955786263
2.548897265375883 0.07915015861930917
2.555039186497271 0.08012469597830268
2.5611811076186584 0.08116196701891938
2.567323028740046 0.08225504035184174
2.5734649498614335 0.08339675818862252
2.5796068709828215 0.08457977774316354
2.585748792104209 0.08579661339193077
2.5918907132255966 0.08703967931914504
2.598032634346984 0.0883013323703159
2.604174555468372 0.0895739148370907
2.6103164765897597 0.09084979689849504
2.6164583977111473 0.09212141844823427
2.622600318832535 0.09338133004476278
2.6287422399539224 0.09462223273022216
2.6348841610753104 0.09583701647598399
2.641026082196698 0.09701879702625472
2.6471680033180855 0.09816095092682763
2.653309924439473 0.09925714854338923
2.659451845560861 0.10030138489257528
2.6655937666822487 0.10128800812896888
2.6717356878036362 0.1022117455521811
2.677877608925024 0.10306772701977307
2.684019530046412 0.1038515056737933
2.6901614511677994 0.1045590759108366
2.696303372289187 0.10518688854751046
2.7024452934105745 0.10573186315476094
2.7085872145319625 0.10619139755542002
2.71472913565335 0.1065633744993611
2.7208710567747376 0.10684616554959085
2.727012977896125 0.10703863223028409
2.733154899017513 0.10714012450403736
2.7392968201389007 0.10715047666035901
2.7454387412602883 0.10707000071054046
2.751580662381676 0.10689947739551146
2.757722583503064 0.10664014492304871
2.7638645046244514 0.10629368555878602
2.770006425745839 0.10586221020190575
2.7761483468672266 0.10534824108123635
2.7822902679886146 0.1047546927108275
2.788432189110002 0.10408485124603493
2.7945741102313897 0.10334235238184619
2.8007160313527772 0.10253115793476514
2.8068579524741653 0.10165553124819549
2.812999873595553 0.10072001155909133
2.8191417947169404 0.09972938746083682
2.825283715838328 0.0986886695940457
2.831425636959716 0.09760306269339834
2.8375675580811035 0.09647793711491166
2.843709479202491 0.09531879996431211
2.8498514003238786 0.09413126594358538
2.8559933214452666 0.09292102802942118
2.862135242566654 0.09169382809425644
2.8682771636880418 0.09045542757802022
2.8744190848094293 0.08921157831655187
2.8805610059308173 0.08796799363103486
2.886702927052205 0.08673031978166802
2.8928448481735924 0.08550410788816952
2.89898676929498 0.08429478641954097
2.9051286904163676 0.0831076343557467
2.9112706115377556 0.08194775512451108
2.917412532659143 0.08082005141720264
2.9235544537805307 0.07972920098864524
2.9296963749019183 0.07867963354654532
2.9358382960233063 0.07767550883690974
2.941980217144694 0.07672069603220617
2.9481221382660814 0.07581875452893536
2.954264059387469 0.0749729162605921
2.960405980508857 0.07418606963054022
2.9665479016302445 0.07346074516697694
2.972689822751632 0.07279910299878406
2.9788317438730196 0.0722029222465404
2.9849736649944076 0.0716735924172078
2.991115586115795 0.07121210688392245
2.9972575072371828 0.07081905852387449
3.0033994283585703 0.07049463757741538
3.0095413494799583 0.07023863178029631
3.015683270601346 0.07005042880834689
3.0218251917227335 0.06992902106000966
3.027967112844121 0.06987301278705331
3.034109033965509 0.06988062956761143
3.0402509550868966 0.06994973009859409
3.046392876208284 0.07007782026667156
3.0525347973296717 0.07026206943863908
3.0586767184510597 0.07049932889326523
3.0648186395724473 0.07078615229794419
3.070960560693835 0.07111881811487493
3.0771024818152224 0.0714933538033387
3.0832444029366104 0.07190556166721195
3.089386324057998 0.07235104618040107
3.0955282451793855 0.07282524260767691
3.101670166300773 0.07332344672467071
3.107812087422161 0.07384084542879785
3.1139540085435486 0.07437254802280878
3.120095929664936 0.07491361794471141
3.1262378507863238 0.0754591047121113
3.1323797719077118 0.07600407584569649
3.1385216930290993 0.0765436485357258
3.144663614150487 0.07707302081700737
3.1508055352718745 0.07758750202197351
3.156947456393262 0.07808254228803146
3.16308937751465 0.07855376090431397
3.1692312986360376 0.07899697329415159
3.175373219757425 0.07940821644288663
3.1815151408788127 0.07978377259585585
3.1876570620002007 0.08012019106827302
3.1937989831215883 0.0804143080270974
3.199940904242976 0.08066326412452328
3.2060828253643634 0.08086451988318756
3.2122247464857514 0.08101586875428522
3.218366667607139 0.08111544779121445
3.2245085887285265 0.0811617459028566
3.230650509849914 0.08115360967185017
3.236792430971302 0.08109024674397254
3.2429343520926897 0.0809712268147463
3.249076273214077 0.08079648025840763
3.2552181943354648 0.08056629446220342
3.261360115456853 0.08028130794544412
3.2675020365782403 0.07994250235767929
3.273643957699628 0.07955119246366638
3.2797858788210155 0.07910901423438205
3.2859277999424035 0.07861791117312864
3.292069721063791 0.0780801190137938
3.2982116421851786 0.0774981489345394
3.304353563306566 0.07687476943466548
3.310495484427954 0.07621298702518288
3.3166374055493417 0.07551602588482374
3.3227793266707293 0.07478730663293495
3.328921247792117 0.07403042436906483
3.335063168913505 0.07324912612621026
3.3412050900348924 0.07244728788079582
3.34734701115628 0.07162889125766751
3.3534889322776675 0.07079800006286564
3.3596308533990555 0.06995873677085693
3.365772774520443 0.06911525908641608
3.3719146956418307 0.06827173669460095
3.3780566167632182 0.06743232830540866
3.3841985378846062 0.06660115909286204
3.390340459005994 0.0657822986215703
3.3964823801273814 0.06497973934733839
3.402624301248769 0.06419737577224582
3.4087662223701565 0.06343898432884248
3.4149081434915445 0.06270820406276408
3.421050064612932 0.062008518178176764
3.4271919857343196 0.061343236506031414
3.433333906855707 0.06071547895113137
3.439475827977095 0.06012815997047005
3.4456177490984827 0.05958397413213388
3.4517596702198703 0.05908538280123961
3.457901591341258 0.05863460199681576
3.464043512462646 0.05823359146117208
3.4701854335840334 0.057884044981044235
3.476327354705421 0.05758738199756875
3.4824692758268085 0.05734474053984268
3.4886111969481965 0.05715697151436656
3.494753118069584 0.057024634379968936
3.5008950391909717 0.056947994234784784
3.5070369603123592 0.05692702033843238
3.5131788814337472 0.05696138608863829
3.519320802555135 0.057050470467142934
3.5254627236765224 0.05719336096473821
3.53160464479791 0.057388857989715235
3.537746565919298 0.0576354807578238
3.5438884870406855 0.05793147465506843
3.550030408162073 0.058274820057310606
3.5561723292834606 0.05866324258275032
3.5623142504048486 0.05909422474497686
3.568456171526236 0.05956501896547957
3.5745980926476237 0.060072661895378486
3.5807400137690113 0.060613989986772886
3.5868819348903993 0.06118565624462187
3.593023856011787 0.061784148080588436
3.5991657771331744 0.062405806180924256
3.605307698254562 0.06304684429138134
3.61144961937595 0.06370336981344644
3.6175915404973376 0.06437140509804105
3.623733461618725 0.06504690931534846
3.6298753827401127 0.06572580077274835
3.6360173038615007 0.06640397954708077
3.6421592249828882 0.067077350292732
3.648301146104276 0.06774184508343542
3.6544430672256634 0.06839344614328842
3.6605849883470514 0.06902820832136994
3.666726909468439 0.06964228116454435
3.6728688305898265 0.07023193044458514
3.679010751711214 0.07079355899865049
3.6851526728326016 0.07132372674637708
3.6912945939539896 0.07181916975239404
3.697436515075377 0.07227681820983826
3.7035784361967647 0.07269381322840465
3.7097203573181523 0.07306752231949333
3.7158622784395403 0.07339555348101791
3.722004199560928 0.07367576779528984
3.7281461206823154 0.07390629046496193
3.734288041803703 0.07408552022415929
3.740429962925091 0.07421213707449785
3.7465718840464786 0.0742851083085405
3.752713805167866 0.0743036927962173
3.7588557262892537 0.07426744352268701
3.7649976474106417 0.07417620837890132
3.7711395685320293 0.07403012921861052
3.777281489653417 0.07382963920759225
3.7834234107748044 0.07357545850237884
3.7895653318961924 0.07326858830659641
3.79570725301758 0.07291030336312433
3.8018491741389675 0.07250214294956116
3.807991095260355 0.07204590045288528
3.814133016381743 0.07154361160668414
3.8202749375031306 0.07099754148086784
3.826416858624518 0.07041017031937281
3.8325587797459058 0.06978417832600332
3.8387007008672938 0.06912242950227063
3.8448426219886813 0.06842795464390392
3.850984543110069 0.06770393360466578
3.8571264642314564 0.06695367693725687
3.8632683853528444 0.06618060702150269
3.869410306474232 0.06538823878973914
3.8755522275956196 0.06458016015842505
3.881694148717007 0.06376001227357564
3.887836069838395 0.06293146967570282
3.8939779909597827 0.06209822048763206
3.9001199120811703 0.061263946725907285
3.906261833202558 0.06043230483355339
3.912403754323946 0.059606906528794905
3.9185456754453334 0.05879130006097474
3.924687596566721 0.05798895196141906
3.9308295176881085 0.05720322937338294
3.936971438809496 0.056437383041508526
3.943113359930884 0.055694531037449084
3.9492552810522716 0.054977643294460796
3.955397202173659 0.054289527019841265
3.9615391232950468 0.05363281305008794
3.9676810444164348 0.05300994320954769
3.9738229655378223 0.05242315872910995
3.97996488665921 0.051874489777137725
3.9861068077805974 0.05136574615030607
3.9922487289019855 0.05089850916730128
3.998390650023373 0.05047412480339762
4.004532571144761 0.05009369809874987
4.010674492266149 0.04975808886779569
4.016816413387536 0.049467908731437624
4.022958334508924 0.04922351948765844
4.029100255630311 0.049025032829912864
4.035242176751699 0.04887231141603791
4.041384097873086 0.048764971283546
4.047526018994474 0.04870238560003276
4.053667940115862 0.04868368973007634
4.05980986123725 0.04870778759246965
4.0659517823586375 0.048773359273960676
4.072093703480025 0.04887886985794002
4.078235624601413 0.049022579418776205
4.0843775457228 0.049202554124832834
4.090519466844188 0.04941667838568919
4.096661387965575 0.04966266797181133
4.102803309086964 0.04993808402797447
4.108945230208351 0.05024034789520673
4.115087151329739 0.050566756650000794
4.1212290724511265 0.050914499264108334
4.127370993572514 0.051280673283475416
4.133512914693902 0.05166230192087221
4.139654835815289 0.052056351453584775
4.145796756936677 0.05245974881522942
4.151938678058065 0.05286939926937038
4.158080599179453 0.053282204052202374
4.16422252030084 0.05369507787212617
4.170364441422228 0.054104966155603715
4.176506362543615 0.05450886193122505
4.182648283665003 0.054903822247429804
4.1887902047863905 0.05528698402376766
4.194932125907778 0.055655579240903856
4.201074047029166 0.05600694938071611
4.207215968150554 0.056338559034711765
4.213357889271942 0.0566480086065338
4.219499810393329 0.05693304604242509
4.225641731514717 0.05719157753207884
4.231783652636104 0.057421677131211206
4.237925573757492 0.05762159526633524
4.2440674948788795 0.05778976609148043
4.250209416000267 0.05792481367587364
4.2563513371216555 0.058025557010763736
4.262493258243043 0.058091013832525705
4.268635179364431 0.05812040326781916
4.274777100485818 0.058113147314806775
4.280919021607206 0.05806887118217738
4.287060942728593 0.05798740251489036
4.293202863849981 0.057868769542103876
4.299344784971368 0.05771319818861675
4.305486706092757 0.05752110819630914
4.311628627214144 0.05729310830648557
4.317770548335532 0.05702999055769668
4.3239124694569195 0.05673272375654615
4.330054390578307 0.05640244618119204
4.336196311699695 0.05604045757875549
4.342338232821082 0.055648210518690476
4.34848015394247 0.05522730116439592
4.354622075063858 0.05477945952501891
4.360763996185246 0.05430653924857013
4.366905917306633 0.053810507016214884
4.373047838428021 0.053293431595988726
4.3791897595494085 0.05275747261228777
4.385331680670796 0.05220486908537465
4.391473601792184 0.051637927792894556
4.397615522913571 0.05105901150308233
4.40375744403496 0.05047052712702744
4.409899365156347 0.04987491383510991
4.416041286277735 0.04927463118058281
4.422183207399122 0.048672147271301494
4.42832512852051 0.048069927028828334
4.434467049641897 0.047470420572602215
4.440608970763285 0.046876051765577936
4.4467508918846725 0.04628920695672256
4.452892813006061 0.04571222395500554
4.4590347341274486 0.04514738126903031
4.465176655248836 0.044596887646208797
4.471318576370224 0.04406287194535206
4.477460497491611 0.0435473733767047
4.483602418612999 0.043052332143746985
4.489744339734386 0.04257958052147721
4.495886260855774 0.042130834406314856
4.5020281819771615 0.04170768537317344
4.50817010309855 0.04131159327557946
4.5143120242199375 0.040943879424898015
4.520453945341325 0.04060572038470258
4.526595866462713 0.040298142416034834
4.5327377875841 0.040022016608680586
4.538879708705488 0.03977805473258612
4.545021629826875 0.0395668058421044
4.551163550948263 0.039388653663853454
4.557305472069651 0.03924381479655288
4.563447393191039 0.03913233774825733
4.569589314312426 0.0390541028329122
4.575731235433814 0.03900882294411503
4.5818731565552016 0.03899604521938457
4.588015077676589 0.0390151536031401
4.594156998797977 0.03906537231100893
4.600298919919364 0.03914577019205617
4.606440841040753 0.039255265979124286
4.61258276216214 0.03939263441074888
4.618724683283528 0.03955651320115971
4.624866604404915 0.039745410827767634
4.631008525526303 0.03995771509837475
4.6371504466476905 0.040191702453224065
4.643292367769078 0.04044554795003174
4.649434288890466 0.04071733587342391
4.655576210011854 0.041005070903836524
4.661718131133242 0.04130668977503419
4.667860052254629 0.04162007334406119
4.674001973376017 0.04194305899274672
4.680143894497404 0.042273453275931745
4.686285815618792 0.042609044728440335
4.692427736740179 0.04294761674054554
4.698569657861567 0.043286960410328965
4.7047115789829554 0.043624887280937295
4.710853500104343 0.04395924187131929
4.716995421225731 0.044287913910584994
4.723137342347118 0.04460885018865493
4.729279263468506 0.04492006593933112
4.735421184589893 0.045219655676282104
4.741563105711281 0.045505803407631995
4.747705026832668 0.04577679216080867
4.753846947954056 0.04603101275595497
4.759988869075444 0.0462669717734461
4.766130790196832 0.04648329866878439
4.7722727113182195 0.046678751996250864
4.778414632439607 0.04685222471106885
4.784556553560995 0.04700274852836317
4.790698474682382 0.047129497325764505
4.79684039580377 0.04723178958499892
4.802982316925157 0.047309089876109135
4.809124238046546 0.04736100939597332
4.815266159167933 0.04738730558042483
4.821408080289321 0.04738788081644586
4.8275500014107084 0.04736278028753492
4.833691922532096 0.047312188991367826
4.839833843653484 0.04723642797423434
4.845975764774871 0.04713594983139746
4.852117685896259 0.04701133352646578
4.858259607017647 0.04686327858607631
4.864401528139035 0.04669259872865734
4.870543449260422 0.04650021498778784
4.87668537038181 0.04628714839171525
4.882827291503197 0.04605451226096911
4.888969212624585 0.04580350418575581
4.8951111337459725 0.045535397743987516
4.90125305486736 0.04525153401944356
4.9073949759887485 0.04495331297774245
4.913536897110136 0.044642184755583444
4.919678818231524 0.04431964091616148
4.925820739352911 0.0439872057208359
4.931962660474299 0.04364642746410581
4.938104581595686 0.04329886991577711
4.944246502717074 0.04294610391095858
4.9503884238384614 0.04258969912525177
4.95653034495985 0.042231216069255006
4.9626722660812375 0.04187219833332898
4.968814187202625 0.04151416511051136
4.974956108324013 0.041158604022551976
4.9810980294454 0.04080696427129542
4.987239950566788 0.04046065013508291
4.993381871688175 0.040121014827491974
4.999523792809563 0.039789354733587516
5.00566571393095 0.03946690403691911
5.011807635052339 0.03915482974876117
5.017949556173726 0.038854227149542626
5.024091477295114 0.0385661156510341
5.0302333984165015 0.03829143508663276
5.036375319537889 0.0380310424359834
5.042517240659277 0.03778570898917272
5.048659161780664 0.03755611795480342
5.054801082902052 0.03734286251536686
5.06094300402344 0.037146444332457264
5.067084925144828 0.03696727250347949
5.073226846266215 0.03680566297056758
5.079368767387603 0.03666183838142949
5.0855106885089905 0.03653592840073977
5.091652609630378 0.03642797046950126
5.097794530751766 0.03633791100847067
5.103936451873153 0.036265607060284644
5.110078372994542 0.03621082836332282
5.116220294115929 0.036173259848605525
5.122362215237317 0.0361525045491476
5.128504136358704 0.03614808690918678
5.134646057480092 0.03615945647858902
5.140787978601479 0.036185991975523066
5.146929899722867 0.0362270056982145
5.1530718208442545 0.03628174826426441
5.159213741965643 0.03634941365367754
5.1653556630870305 0.03642914452942487
5.171497584208418 0.03652003780709944
5.177639505329806 0.03662115044304946
5.183781426451193 0.036731505408326155
5.189923347572581 0.03685009781390248
5.196065268693968 0.0369759011509389
5.202207189815356 0.03710787360842771
5.208349110936744 0.03724496442937052
5.214491032058132 0.037386120265761276
5.2206329531795195 0.037530291492086545
5.226774874300907 0.037676438436833125
5.232916795422295 0.03782353749162781
5.239058716543682 0.03797058705813401
5.24520063766507 0.03811661329369891
5.251342558786457 0.03826067561798266
5.257484479907845 0.038401871944399486
5.263626401029233 0.038539343602146815
5.269768322150621 0.038672279916875156
5.275910243272008 0.03879992242063403
5.282052164393396 0.03892156866459009
5.2881940855147835 0.03903657561112135
5.294336006636171 0.03914436258520908
5.300477927757559 0.039244413768538544
5.306619848878946 0.039336280223341874
5.312761770000335 0.03941958143672601
5.318903691121722 0.039494006379987054
5.32504561224311 0.03955931408117357
5.331187533364497 0.03961533371288664
5.337329454485885 0.03966196420095142
5.3434713756072725 0.039699173363128545
5.34961329672866 0.03972699659041648
5.355755217850048 0.03974553508669836
5.361897138971436 0.039754953685480286
5.368039060092824 0.03975547826522839
5.374180981214211 0.03974739278732119
5.380322902335599 0.03973103598287473
5.386464823456986 0.03970679771666211
5.392606744578374 0.03967511505802796
5.398748665699761 0.03963646809009201
5.404890586821149 0.03959137548964336
5.411032507942537 0.03954038991095651
5.417174429063925 0.03948409320731743
5.4233163501853126 0.039423091524346275
5.4294582713067 0.03935801029925468
5.435600192428088 0.03928948919999753
5.441742113549475 0.039218177037885445
5.447884034670863 0.03914472668663603
5.45402595579225 0.03906979004007439
5.460167876913639 0.03899401303976643
5.466309798035026 0.03891803080279898
5.472451719156414 0.0388424628787254
5.4785936402778015 0.038767908663390416
5.484735561399189 0.03869494299594701
5.490877482520577 0.03862411196389553
5.497019403641964 0.03855592893941998
5.503161324763352 0.038490870868680575
5.509303245884739 0.03842937483405062
5.515445167006128 0.038371834907568333
5.521587088127515 0.03831859931211253
5.527729009248903 0.038269967905011026
5.53387093037029 0.03822618999695264
5.540012851491678 0.03818746251720098
5.5461547726130656 0.03815392853420041
5.552296693734453 0.03812567613872358
5.558438614855841 0.03810273769473618
5.564580535977229 0.038085089461148997
5.570722457098617 0.038072651585592886
5.576864378220004 0.038065288469290894
5.583006299341392 0.038062809500018016
5.589148220462779 0.038064970148038724
5.595290141584167 0.038071473417802336
5.6014320627055545 0.03808197164606533
5.607573983826942 0.038096068635009146
5.6137159049483305 0.03811332210684305
5.619857826069718 0.03813324646433974
5.625999747191106 0.03815531583976144
5.632141668312493 0.0381789674127133
5.638283589433881 0.038203604975627886
5.644425510555268 0.03822860272385773
5.650567431676656 0.03825330924575282
5.656709352798043 0.038277051686645046
5.662851273919432 0.03829914005937341
5.668993195040819 0.0383188716728788
5.675135116162207 0.038335535649494934
5.681277037283595 0.038348417500877564
5.687418958404982 0.03835680373206185
5.69356087952637 0.038359986442929546
5.699702800647757 0.038357267896411966
5.705844721769145 0.038347965023057956
5.711986642890533 0.0383314138321601
5.718128564011921 0.03830697370045693
5.724270485133308 0.03827403151050827
5.730412406254696 0.038232005612167344
5.7365543273760835 0.038180349582134704
5.742696248497471 0.03811855575835904
5.748838169618859 0.03804615852803007
5.754980090740246 0.03796273735006651
5.761122011861635 0.03786791949531213
5.767263932983022 0.03776138249008839
5.77340585410441 0.03764285625128274
5.779547775225797 0.03751212490374746
5.785689696347185 0.037369028273412506
5.7918316174685724 0.03721346305214473
5.79797353858996 0.03704538363298453
5.804115459711348 0.036864802616926234
5.810257380832735 0.036671790994852314
5.816399301954124 0.036466478010554734
5.822541223075511 0.03624905071295397
5.828683144196899 0.036019753207634606
5.834825065318286 0.035778885619636026
5.840966986439674 0.03552680278105102
5.847108907561061 0.03526391265838151
5.853250828682449 0.034990674535770365
5.8593927498038365 0.03470759697116598
5.865534670925225 0.03441523554318091
5.8716765920466125 0.034114190406880955
5.877818513168 0.033805103676991966
5.883960434289388 0.03348865665704922
5.890102355410775 0.03316556693285125
5.896244276532163 0.032836585348233346
5.90238619765355 0.032502492880663245
5.908528118774938 0.03216409743350446
5.914670039896326 0.031822230561014256
5.920811961017714 0.03147774414126553
5.9269538821391015 0.031131507011231747
5.933095803260489 0.030784401577274623
5.939237724381877 0.030437320413251336
5.945379645503264 0.030091162857435263
5.951521566624652 0.02974683161844522
5.957663487746039 0.029405229399424197
5.963805408867428 0.02906725554881977
5.969947329988815 0.02873380274531251
5.976089251110203 0.028405753723731286
5.98223117223159 0.028083978048197424
5.988373093352978 0.027769328938264178
5.9945150144743655 0.027462640153469442
6.000656935595753 0.027164722941502795
6.006798856717141 0.026876363055102666
6.012940777838529 0.02659831784284322
6.019082698959917 0.026331313419137962
6.025224620081304 0.026076041919068635
6.031366541202692 0.02583315884403277
6.037508462324079 0.025603280504676536
6.043650383445467 0.02538698156812483
6.0497923045668545 0.02518479271711832
6.055934225688242 0.02499719842929812
6.06207614680963 0.024824634885518976
6.068218067931018 0.02466748801669947
6.074359989052406 0.024526091699308344
6.080501910173793 0.024400726110115508
6.086643831295181 0.0242916162512809
6.092785752416568 0.024198930657190965
6.098927673537956 0.024122780294659335
6.105069594659343 0.02406321766816449
6.111211515780731 0.024020236141685393
6.117353436902119 0.023993769488399857
6.123495358023507 0.02398369167901753
6.1296372791448945 0.023989816918820205
6.135779200266282 0.024011899942570865
6.14192112138767 0.02404963657532763
6.148063042509057 0.024102664565861465
6.154204963630445 0.024170564697833616
6.160346884751832 0.024252862182150867
6.166488805873221 0.02434902833199806
6.172630726994608 0.024458482519967573
6.178772648115996 0.02458059441448626
6.1849145692373835 0.024714686490408932
6.191056490358771 0.024860036806232416
6.197198411480159 0.02501588203791838
6.203340332601546 0.025181420756830632
6.209482253722934 0.025355816936829447
6.215624174844322 0.025538203673158934
6.22176609596571 0.025727687093450857
6.227908017087097 0.02592335043898628
6.234049938208485 0.026124258292341603
6.240191859329872 0.02632946092573106
6.24633378045126 0.02653799874277593
6.2524757015726475 0.026748906785109487
6.258617622694035 0.026961219274191095
6.2647595438154235 0.027173974157972774
6.270901464936811 0.0273862176316531
6.277043386058199 0.02759700860167689
