time TPR_both_B_closed_1_rho12_imag
0.0 0.0
0.00614192112138767 -0.001227826766949379
0.01228384224277534 -0.002452312464219094
0.01842576336416301 -0.0036701343007522246
0.02456768448555068 -0.004878005940277321
0.030709605606938348 -0.006072695473186341
0.03685152672832602 -0.007251043083568105
0.042993447849713685 -0.008409978312721635
0.04913536897110136 -0.009546536822960945
0.05527729009248903 -0.010657876568592035
0.061419211213876695 -0.011741293284568648
0.06756113233526437 -0.012794235207485651
0.07370305345665204 -0.013814316948213992
0.07984497457803971 -0.014799332440581901
0.08598689569942737 -0.015747266896023127
0.09212881682081504 -0.01665630770000198
0.09827073794220272 -0.01752485419224272
0.10441265906359039 -0.01835152627929115
0.11055458018497806 -0.01913517183467357
0.11669650130636572 -0.019874872848845287
0.12283842242775339 -0.0205699502981914
0.12898034354914106 -0.02121996770951172
0.13512226467052874 -0.021824733403644214
0.1412641857919164 -0.022384301409115164
0.14740610691330408 -0.022898971043908246
0.15354802803469175 -0.023369285170580352
0.15968994915607942 -0.023796027136982693
0.16583187027746707 -0.024180216421738145
0.17197379139885474 -0.024523103010348313
0.17811571252024241 -0.024826160534328102
0.1842576336416301 -0.02509107821206553
0.19039955476301776 -0.025319751636156712
0.19654147588440543 -0.025514272457749006
0.2026833970057931 -0.025676917023920515
0.20882531812718078 -0.025810134029314154
0.21496723924856845 -0.025916531248114247
0.22110916036995612 -0.025998861416989334
0.2272510814913438 -0.026060007343813623
0.23339300261273144 -0.02610296632081062
0.2395349237341191 -0.02613083392422407
0.24567684485550678 -0.026146787285704576
0.25181876597689445 -0.02615406792329401
0.2579606870982821 -0.026155964222186485
0.2641026082196698 -0.026155793657332678
0.27024452934105747 -0.026156884851427042
0.27638645046244514 -0.02616255956286403
0.2825283715838328 -0.026176114698862288
0.2886702927052205 -0.026200804449125925
0.29481221382660816 -0.026239822635131787
0.30095413494799583 -0.026296285369393397
0.3070960560693835 -0.026373214117850163
0.3132379771907712 -0.026473519256858515
0.31937989831215885 -0.026599984214117123
0.3255218194335465 -0.026755250280238063
0.33166374055493414 -0.026941802174581548
0.3378056616763218 -0.027161954445404545
0.3439475827977095 -0.027417838780340795
0.35008950391909716 -0.027711392298737952
0.35623142504048483 -0.028044346892441
0.3623733461618725 -0.028418219676244038
0.3685152672832602 -0.028834304603454944
0.37465718840464785 -0.029293665295853973
0.3807991095260355 -0.029797129130803807
0.3869410306474232 -0.030345282621419275
0.39308295176881086 -0.030938468118563354
0.39922487289019853 -0.03157678185604432
0.4053667940115862 -0.032260073352788465
0.4115087151329739 -0.03298794617800258
0.41765063625436155 -0.03375976007746873
0.4237925573757492 -0.03457463445118491
0.4299344784971369 -0.03543145316463234
0.43607639961852457 -0.03632887066807112
0.44221832073991224 -0.03726531939049715
0.4483602418612999 -0.03823901836729211
0.4545021629826876 -0.03924798305322368
0.4606440841040752 -0.04029003626535902
0.4667860052254629 -0.04136282019369713
0.47292792634685055 -0.04246380941095682
0.4790698474682382 -0.04359032480702448
0.4852117685896259 -0.04473954836811686
0.49135368971101356 -0.045908538715787775
0.49749561083240124 -0.04709424731654205
0.5036375319537889 -0.04829353526904426
0.5097794530751766 -0.04950319057275104
0.5159213741965643 -0.0507199457792721
0.5220632953179519 -0.05194049592589092
0.5282052164393396 -0.05316151664945744
0.5343471375607273 -0.054379682378304546
0.5404890586821149 -0.05559168449993126
0.5466309798035026 -0.056794249402927564
0.5527729009248903 -0.05798415629297289
0.558914822046278 -0.05915825468469987
0.5650567431676656 -0.06031348147374988
0.5711986642890533 -0.061446877496427715
0.577340585410441 -0.06255560348795246
0.5834825065318286 -0.06363695535436446
0.5896244276532163 -0.0646883786776422
0.595766348774604 -0.06570748237846637
0.6019082698959917 -0.06669205146629736
0.6080501910173793 -0.0676400588119637
0.614192112138767 -0.06854967588374669
0.6203340332601547 -0.06941928239395011
0.6264759543815424 -0.07024747480911737
0.63261787550293 -0.07103307368336555
0.6387597966243177 -0.07177512978070387
0.6449017177457054 -0.0724729289586605
0.651043638867093 -0.07312599579202025
0.6571855599884806 -0.07373409592194813
0.6633274811098683 -0.07429723712221023
0.669469402231256 -0.07481566908058164
0.6756113233526436 -0.07528988189982645
0.6817532444740313 -0.07572060332883088
0.687895165595419 -0.07610879474054832
0.6940370867168066 -0.0764556458793621
0.7001790078381943 -0.07676256840627262
0.706320928959582 -0.07703118827596336
0.7124628500809697 -0.07726333698527973
0.7186047712023573 -0.077461041737961
0.724746692323745 -0.07762651457558717
0.7308886134451327 -0.07776214052963
0.7370305345665203 -0.07787046485422204
0.743172455687908 -0.0779541794037669
0.7493143768092957 -0.0780161082237976
0.7554562979306834 -0.07805919242753313
0.761598219052071 -0.0780864744343701
0.7677401401734587 -0.07810108165006314
0.7738820612948464 -0.07810620967157093
0.780023982416234 -0.07810510510245745
0.7861659035376217 -0.07810104806731745
0.7923078246590094 -0.0780973345159159
0.7984497457803971 -0.0780972584095715
0.8045916669017847 -0.07810409388374795
0.8107335880231724 -0.0781210774818162
0.8168755091445601 -0.078151390555496
0.8230174302659478 -0.07819814192754662
0.8291593513873354 -0.07826435091183473
0.8353012725087231 -0.078352930784942
0.8414431936301108 -0.07846667280196491
0.8475851147514984 -0.07860823084709469
0.8537270358728861 -0.0787801068069317
0.8598689569942738 -0.07898463675128226
0.8660108781156615 -0.07922397800240485
0.8721527992370491 -0.07950009716932331
0.8782947203584368 -0.07981475921891354
0.8844366414798245 -0.08016951765001962
0.8905785626012122 -0.08056570583088234
0.8967204837225998 -0.08100442955370157
0.9028624048439875 -0.08148656085323744
0.9090043259653752 -0.08201273312902545
0.9151462470867628 -0.08258333760308681
0.9212881682081504 -0.08319852113700986
0.9274300893295381 -0.0838581854240185
0.9335720104509257 -0.08456198756319541
0.9397139315723134 -0.08530934201445345
0.9458558526937011 -0.08609942392422092
0.9519977738150888 -0.0869311738031945
0.9581396949364764 -0.0878033035289913
0.9642816160578641 -0.08871430363817011
0.9704235371792518 -0.08966245186396478
0.9765654583006395 -0.09064582286824742
0.9827073794220271 -0.09166229910878594
0.9888493005434148 -0.09270958277583909
0.9949912216648025 -0.09378520872560474
1.0011331427861903 -0.09488655833205507
1.0072750639075778 -0.09601087417330298
1.0134169850289656 -0.09715527546388851
1.0195589061503532 -0.09831677414028545
1.025700827271741 -0.09949229150353042
1.0318427483931285 -0.10067867532019116
1.0379846695145163 -0.10187271728092097
1.0441265906359039 -0.10307117071460055
1.0502685117572914 -0.10427076845553465
1.0564104328786792 -0.10546824076133905
1.0625523540000668 -0.10666033318000051
1.0686942751214545 -0.10784382426609064
1.074836196242842 -0.10901554304823219
1.0809781173642299 -0.11017238615261121
1.0871200384856174 -0.1113113344905612
1.0932619596070052 -0.11242946942196522
1.0994038807283928 -0.11352398831038167
1.1055458018497806 -0.11459221939034757
1.1116877229711681 -0.11563163587219553
1.117829644092556 -0.11663986921488839
1.1239715652139435 -0.11761472150277445
1.1301134863353313 -0.1185541768677487
1.1362554074567188 -0.11945641190402467
1.1423973285781066 -0.12031980502853286
1.1485392496994942 -0.12114294474582596
1.154681170820882 -0.12192463678225206
1.1608230919422695 -0.12266391006002363
1.1669650130636573 -0.12336002148763453
1.1731069341850449 -0.12401245954884045
1.1792488553064326 -0.12462094667809726
1.1853907764278202 -0.1251854404159404
1.191532697549208 -0.12570613334327285
1.1976746186705955 -0.12618345179890558
1.2038165397919833 -0.12661805338996332
1.209958460913371 -0.1270108233099268
1.2161003820347587 -0.12736286948413647
1.2222423031561462 -0.12767551656753517
1.228384224277534 -0.12795029882428174
1.2345261453989216 -0.12818895192363228
1.2406680665203094 -0.12839340369115942
1.246809987641697 -0.12856576385897028
1.2529519087630847 -0.1287083128630861
1.2590938298844723 -0.12882348974056199
1.26523575100586 -0.12891387918324376
1.2713776721272476 -0.12898219780927636
1.2775195932486354 -0.12903127971757394
1.283661514370023 -0.1290640613944265
1.2898034354914107 -0.12908356604522103
1.2959453566127983 -0.12909288742787883
1.302087277734186 -0.12909517326801828
1.3082291988555736 -0.1290936083390175
1.3143711199769612 -0.1290913972930302
1.320513041098349 -0.1290917473315701
1.3266549622197366 -0.12909785080647682
1.3327968833411243 -0.12911286784387338
1.338938804462512 -0.1291399090850774
1.3450807255838997 -0.12918201863929604
1.3512226467052872 -0.12924215734327857
1.357364567826675 -0.12932318642288526
1.3635064889480626 -0.12942785165072443
1.3696484100694504 -0.12955876809258005
1.375790331190838 -0.12971840553328493
1.3819322523122257 -0.12990907466996446
1.3880741734336133 -0.1301329141571817
1.394216094555001 -0.1303918785844494
1.4003580156763886 -0.13068772746184984
1.4064999367977764 -0.1310220152841295
1.412641857919164 -0.13139608273764064
1.4187837790405518 -0.13181104910791727
1.4249257001619393 -0.1322678059385373
1.431067621283327 -0.1327670119842899
1.4372095424047147 -0.13330908949359166
1.4433514635261024 -0.13389422184664176
1.44949338464749 -0.1345223525670461
1.4556353057688778 -0.13519318571565217
1.4617772268902653 -0.1359061876661975
1.4679191480116531 -0.13666059025317048
1.4740610691330407 -0.13745539527310452
1.4802029902544285 -0.13828938031145224
1.486344911375816 -0.13916110585831556
1.4924868324972038 -0.14006892366771403
1.4986287536185914 -0.14101098630684805
1.5047706747399792 -0.14198525783403007
1.5109125958613667 -0.14298952553668912
1.5170545169827545 -0.1440214126541685
1.523196438104142 -0.14507839200399214
1.5293383592255299 -0.14615780042492144
1.5354802803469174 -0.1472568539455033
1.5416222014683052 -0.14837266358295303
1.5477641225896928 -0.14950225167414494
1.5539060437110805 -0.15064256863820757
1.560047964832468 -0.15179051006874691
1.5661898859538559 -0.1529429340530332
1.5723318070752434 -0.15409667861557266
1.578473728196631 -0.15524857918431664
1.5846156493180188 -0.1563954859792973
1.5907575704394064 -0.157534281225685
1.5968994915607941 -0.1586618960960818
1.6030414126821817 -0.1597753272902472
1.6091833338035695 -0.1608716531643362
1.615325254924957 -0.16194804932605064
1.6214671760463448 -0.1630018036168066
1.6276090971677324 -0.1640303304070255
1.6337510182891202 -0.16503118413591733
1.6398929394105077 -0.1660020720325618
1.6460348605318955 -0.1669408659606627
1.652176781653283 -0.16784561333498718
1.6583187027746709 -0.1687145470631598
1.6644606238960584 -0.16954609447211452
1.6706025450174462 -0.17033888518407841
1.6767444661388338 -0.17109175791243475
1.6828863872602216 -0.1718037661531683
1.6890283083816091 -0.17247418275281118
1.695170229502997 -0.17310250333886978
1.7013121506243845 -0.17368844860362545
1.7074540717457722 -0.17423196543695058
1.7135959928671598 -0.17473322690838972
1.7197379139885476 -0.1751926311032188
1.7258798351099351 -0.17561079882154051
1.732021756231323 -0.1759885701537107
1.7381636773527105 -0.17632699994954323
1.7443055984740983 -0.17662735220282824
1.7504475195954858 -0.17689109337674122
1.7565894407168736 -0.17711988469973824
1.7627313618382612 -0.17731557346554327
1.768873282959649 -0.17748018337484667
1.7750152040810365 -0.17761590396036828
1.7811571252024243 -0.17772507914098581
1.7872990463238119 -0.1778101949547044
1.7934409674451997 -0.17787386652432488
1.7995828885665872 -0.17791882431375428
1.805724809687975 -0.17794789973696867
1.8118667308093626 -0.1779640101856592
1.8180086519307503 -0.17797014354553714
1.824150573052138 -0.17796934227510391
1.8302924941735257 -0.17796468712436417
1.8364344152949132 -0.17795928057442575
1.8425763364163008 -0.17795623008213862
1.8487182575376886 -0.17795863121682087
1.8548601786590762 -0.17796955077864587
1.861002099780464 -0.17799200999036657
1.8671440209018515 -0.1780289678556717
1.8732859420232393 -0.17808330477855022
1.8794278631446268 -0.17815780653853752
1.8855697842660146 -0.17825514871657688
1.8917117053874022 -0.17837788166541857
1.89785362650879 -0.178528416116956
1.9039955476301775 -0.17870900951664673
1.9101374687515653 -0.17892175317215736
1.9162793898729529 -0.1791685602996113
1.9224213109943407 -0.17945115504629755
1.9285632321157282 -0.17977106256344166
1.934705153237116 -0.1801296001966619
1.9408470743585036 -0.18052786985507885
1.9469889954798913 -0.180966751612753
1.953130916601279 -0.18144689858825533
1.9592728377226667 -0.18196873313979303
1.9654147588440543 -0.18253244440449043
1.971556679965442 -0.18313798720125124
1.9776986010868296 -0.18378508230718552
1.9838405222082174 -0.18447321810797163
1.989982443329605 -0.18520165361283922
1.9961243644509927 -0.1859694228152002
2.0022662855723805 -0.18677534037042787
2.008408206693768 -0.18761800855298527
2.0145501278151556 -0.18849582544613605
2.020692048936543 -0.18940699430892335
2.026833970057931 -0.19034953405706562
2.0329758911793188 -0.19132129078697696
2.0391178123007063 -0.19231995026533968
2.045259733422094 -0.19334305130060875
2.051401654543482 -0.19438799990756148
2.0575435756648695 -0.19545208417156276
2.063685496786257 -0.19653248971562765
2.0698274179076446 -0.1976263156706482
2.0759693390290326 -0.19873059104730997
2.08211126015042 -0.1998422914072593
2.0882531812718077 -0.2009583557309636
2.0943951023931953 -0.20207570338041878
2.100537023514583 -0.20319125105634583
2.106678944635971 -0.20430192965174473
2.1128208657573584 -0.20540470090657398
2.118962786878746 -0.20649657377183422
2.1251047080001335 -0.20757462039538602
2.1312466291215215 -0.20863599164634888
2.137388550242909 -0.20967793209983182
2.1435304713642966 -0.21069779440896366
2.149672392485684 -0.21169305299663516
2.155814313607072 -0.2126613170049724
2.1619562347284598 -0.21360034244624734
2.1680981558498473 -0.21450804350463804
2.174240076971235 -0.21538250294391392
2.180381998092623 -0.21622198158168507
2.1865239192140105 -0.21702492679627305
2.192665840335398 -0.2177899800374995
2.1988077614567856 -0.21851598331771305
2.2049496825781736 -0.2192019846641707
2.211091603699561 -0.2198472425184427
2.2172335248209487 -0.22045122907281792
2.2233754459423363 -0.2210136325377612
2.2295173670637243 -0.22153435833832152
2.235659288185112 -0.22201352924103795
2.2418012093064994 -0.22245148441636486
2.247943130427887 -0.22284877744496495
2.254085051549275 -0.22320617327944378
2.2602269726706625 -0.22352464417624882
2.26636889379205 -0.22380536461557568
2.2725108149134376 -0.2240497052302462
2.2786527360348257 -0.2242592257676867
2.284794657156213 -0.2244356671123671
2.2909365782776008 -0.22458094239939191
2.2970784993989883 -0.2246971272533875
2.3032204205203763 -0.22478644919040905
2.309362341641764 -0.22485127622431755
2.3155042627631515 -0.22489410472293564
2.321646183884539 -0.2249175465632815
2.327788105005927 -0.22492431563927703
2.3339300261273146 -0.2249172137795026
2.340071947248702 -0.22489911613679361
2.3462138683700897 -0.224872956115691
2.3523557894914777 -0.22484170990792526
2.3584977106128653 -0.2248083807101631
2.364639631734253 -0.22477598270212285
2.3707815528556404 -0.22474752486679264
2.376923473977028 -0.22472599473779628
2.383065395098416 -0.22471434216187292
2.3892073162198035 -0.2247154631668957
2.395349237341191 -0.22473218402777914
2.4014911584625787 -0.22476724562394979
2.4076330795839667 -0.22482328818271877
2.4137750007053542 -0.22490283650283968
2.419916921826742 -0.22500828575171775
2.4260588429481293 -0.22514188792811626
2.4322007640695174 -0.225305739079758
2.438342685190905 -0.22550176736192717
2.4444846063122925 -0.22573172201903888
2.45062652743368 -0.22599716336616832
2.456768448555068 -0.22629945384174055
2.4629103696764556 -0.22663975019601718
2.469052290797843 -0.22701899687271848
2.4751942119192307 -0.22743792063315868
2.4813361330406187 -0.2278970264637137
2.4874780541620063 -0.22839659479837418
2.493619975283394 -0.2289366800786514
2.4997618964047814 -0.2295171106633022
2.5059038175261694 -0.23013749009032952
2.512045738647557 -0.23079719968360643
2.5181876597689445 -0.23149540248638184
2.524329580890332 -0.23223104849397042
2.53047150201172 -0.23300288114821868
2.5366134231331077 -0.23380944504698925
2.5427553442544952 -0.2346490948130227
2.548897265375883 -0.23552000505821508
2.555039186497271 -0.23642018137168758
2.5611811076186584 -0.2373474722531009
2.567323028740046 -0.23829958190654774
2.5734649498614335 -0.23927408380510784
2.5796068709828215 -0.24026843493180575
2.585748792104209 -0.24127999059930907
2.5918907132255966 -0.24230601974825833
2.598032634346984 -0.24334372062262843
2.604174555468372 -0.24439023671997556
2.6103164765897597 -0.2454426729147951
2.6164583977111473 -0.246498111654465
2.622600318832535 -0.2475536291293267
2.6287422399539224 -0.24860631132129696
2.6348841610753104 -0.24965326983893865
2.641026082196698 -0.2506916574510684
2.6471680033180855 -0.2517186832356573
2.653309924439473 -0.2527316272658991
2.659451845560861 -0.25372785476078635
2.6655937666822487 -0.254704829633259
2.6717356878036362 -0.2556601273748736
2.677877608925024 -0.25659144722191096
2.684019530046412 -0.2574966235537976
2.6901614511677994 -0.25837363648059575
2.696303372289187 -0.2592206215820482
2.7024452934105745 -0.2600358787661849
2.7085872145319625 -0.2608178802207618
2.71472913565335 -0.26156527743577107
2.7208710567747376 -0.2622769072799045
2.727012977896125 -0.2629517971181555
2.733154899017513 -0.26358916896170587
2.7392968201389007 -0.26418844264486024
2.7454387412602883 -0.2647492380270911
2.751580662381676 -0.26527137622125396
2.757722583503064 -0.2657548798517707
2.7638645046244514 -0.2661999723490903
2.770006425745839 -0.26660707628907415
2.7761483468672266 -0.2669768107881631
2.7822902679886146 -0.26730998796732397
2.788432189110002 -0.2676076084998901
2.7945741102313897 -0.26787085626056306
2.8007160313527772 -0.26810109209508154
2.8068579524741653 -0.2682998467324254
2.812999873595553 -0.2684688128639591
2.8191417947169404 -0.26860983641665287
2.825283715838328 -0.2687249070504827
2.831425636959716 -0.2688161479133125
2.8375675580811035 -0.2688858046900075
2.843709479202491 -0.2689362339862168
2.8498514003238786 -0.26896989109117064
2.8559933214452666 -0.26898931716794316
2.862135242566654 -0.2689971259238889
2.8682771636880418 -0.2689959898183294
2.8744190848094293 -0.26898862586898153
2.8805610059308173 -0.2689777811230179
2.886702927052205 -0.2689662178629565
2.8928448481735924 -0.2689566986217168
2.89898676929498 -0.2689519710850643
2.9051286904163676 -0.2689547529632138
2.9112706115377556 -0.2689677169164895
2.917412532659143 -0.26899347562255566
2.9235544537805307 -0.26903456707476764
2.9296963749019183 -0.26909344020256043
2.9358382960233063 -0.26917244090543513
2.941980217144694 -0.26927379859195477
2.9481221382660814 -0.26939961331417556
2.954264059387469 -0.2695518435860865
2.960405980508857 -0.26973229497186985
2.9665479016302445 -0.2699426095261387
2.972689822751632 -0.27018425616374275
2.9788317438730196 -0.27045852203128934
2.9849736649944076 -0.2707665049462353
2.991115586115795 -0.27110910696231316
2.9972575072371828 -0.2714870291122333
3.0033994283585703 -0.2719007673701188
3.0095413494799583 -0.27235060986707904
3.015683270601346 -0.2728366353838082
3.0218251917227335 -0.2733587131342124
3.027967112844121 -0.27391650384394506
3.034109033965509 -0.2745094621174839
3.0402509550868966 -0.27513684007713524
3.046392876208284 -0.2757976922472392
3.0525347973296717 -0.276490881646985
3.0586767184510597 -0.2772150870457581
3.0648186395724473 -0.27796881132595
3.070960560693835 -0.27875039088976084
3.0771024818152224 -0.27955800603883457
3.0832444029366104 -0.2803896922486556
3.089386324057998 -0.2812433522535902
3.0955282451793855 -0.28211676885333437
3.101670166300773 -0.28300761834737714
3.107812087422161 -0.28391348450093473
3.1139540085435486 -0.2848318729436743
3.120095929664936 -0.28576022590141825
3.1262378507863238 -0.2866959371608911
3.1323797719077118 -0.28763636716839847
3.1385216930290993 -0.2885788581650747
3.144663614150487 -0.2895207492639316
3.1508055352718745 -0.29045939137731863
3.156947456393262 -0.2913921619074816
3.16308937751465 -0.2923164791175868
3.1692312986360376 -0.2932298161057704
3.175373219757425 -0.2941297143103688
3.1815151408788127 -0.29501379648038606
3.1876570620002007 -0.2958797790513557
3.1937989831215883 -0.2967254838729489
3.199940904242976 -0.2975488492408791
3.2060828253643634 -0.2983479401917605
3.2122247464857514 -0.2991209580255052
3.218366667607139 -0.2998662490255335
3.2245085887285265 -0.3005823123524386
3.230650509849914 -0.3012678070917632
3.236792430971302 -0.3019215584411558
3.2429343520926897 -0.302542563026361
3.249076273214077 -0.30312999333925006
3.2552181943354648 -0.3036832012944149
3.261360115456853 -0.3042017209037423
3.2675020365782403 -0.30468527007088747
3.273643957699628 -0.3051337515097084
3.2797858788210155 -0.30554725279255396
3.2859277999424035 -0.30592604553587494
3.292069721063791 -0.30627058373200317
3.2982116421851786 -0.3065815012371943
3.304353563306566 -0.30685960842721455
3.310495484427954 -0.3071058880329409
3.3166374055493417 -0.3073214901697103
3.3227793266707293 -0.30750772657554903
3.328921247792117 -0.3076660640750131
3.335063168913505 -0.30779811728720263
3.3412050900348924 -0.3079056405986458
3.34734701115628 -0.3079905194241938
3.3534889322776675 -0.3080547607818569
3.3596308533990555 -0.3081004832106518
3.365772774520443 -0.3081299060640164
3.3719146956418307 -0.3081453382151664
3.3780566167632182 -0.30814916621488414
3.3841985378846062 -0.30814384194660793
3.390340459005994 -0.3081318698282685
3.3964823801273814 -0.30811579361504104
3.402624301248769 -0.30809818286196283
3.4087662223701565 -0.3080816191101308
3.4149081434915445 -0.3080686818648488
3.421050064612932 -0.30806193443854046
3.4271919857343196 -0.30806390973539244
3.433333906855707 -0.3080770960584395
3.439475827977095 -0.30810392302304745
3.4456177490984827 -0.3081467476634093
3.4517596702198703 -0.3082078408206478
3.457901591341258 -0.3082893739023377
3.464043512462646 -0.30839340610365557
3.4701854335840334 -0.308521872179875
3.476327354705421 -0.3086765708585013
3.4824692758268085 -0.30885915397696556
3.4886111969481965 -0.30907111642844093
3.494753118069584 -0.30931378699402223
3.5008950391909717 -0.30958832013423104
3.5070369603123592 -0.3098956888066143
3.5131788814337472 -0.31023667836914437
3.519320802555135 -0.3106118816212684
3.5254627236765224 -0.3110216950258812
3.53160464479791 -0.3114663161463016
3.537746565919298 -0.3119457423226288
3.5438884870406855 -0.31245977060175484
3.550030408162073 -0.3130079989249478
3.5561723292834606 -0.3135898285664224
3.5623142504048486 -0.3142044678058198
3.568456171526236 -0.3148509368071658
3.5745980926476237 -0.3155280736667978
3.5807400137690113 -0.31623454158308256
3.5868819348903993 -0.31696883709161483
3.593023856011787 -0.31772929930110155
3.5991657771331744 -0.31851412005741986
3.605307698254562 -0.31932135495646297
3.61144961937595 -0.32014893512045756
3.6175915404973376 -0.32099467964749684
3.623733461618725 -0.32185630864014103
3.6298753827401127 -0.32273145671612175
3.6360173038615007 -0.3236176869024533
3.6421592249828882 -0.32451250481360566
3.648301146104276 -0.3254133730148003
3.6544430672256634 -0.32631772547290894
3.6605849883470514 -0.3272229819998197
3.666726909468439 -0.32812656259639833
3.6728688305898265 -0.329025901609244
3.679010751711214 -0.32991846161721167
3.6851526728326016 -0.3308017469700534
3.6912945939539896 -0.33167331690739094
3.697436515075377 -0.33253079819247827
3.7035784361967647 -0.33337189720169885
3.7097203573181523 -0.334194411417381
3.7158622784395403 -0.3349962402781633
3.722004199560928 -0.3357753953477138
3.7281461206823154 -0.33653000976898134
3.734288041803703 -0.33725834697726
3.740429962925091 -0.33795880865107886
3.7465718840464786 -0.338629941885237
3.752713805167866 -0.339270445575124
3.7588557262892537 -0.3398791760057601
3.7649976474106417 -0.3404551516427395
3.7711395685320293 -0.340997557125449
3.777281489653417 -0.34150574646557524
3.7834234107748044 -0.3419792454560221
3.7895653318961924 -0.34241775329698065
3.79570725301758 -0.3428211434470649
3.8018491741389675 -0.3431894637082135
3.807991095260355 -0.34352293555353164
3.814133016381743 -0.3438219527074739
3.8202749375031306 -0.3440870789878491
3.826416858624518 -0.3443190454191243
3.8325587797459058 -0.3445187466265255
3.8387007008672938 -0.34468723652054417
3.8448426219886813 -0.344825723281755
3.850984543110069 -0.3449355636563965
3.8571264642314564 -0.34501825657403945
3.8632683853528444 -0.3450754360999141
3.869410306474232 -0.3451088637361393
3.8755522275956196 -0.3451204200882276
3.881694148717007 -0.3451120959158402
3.887836069838395 -0.34508598258984735
3.8939779909597827 -0.34504426198129784
3.9001199120811703 -0.3449891958118839
3.906261833202558 -0.3449231144998749
3.912403754323946 -0.344848405540211
3.9185456754453334 -0.3447675014624479
3.924687596566721 -0.3446828674154215
3.9308295176881085 -0.3445969884327842
3.936971438809496 -0.34451235643883793
3.943113359930884 -0.34443145705925743
3.9492552810522716 -0.34435675630623136
3.955397202173659 -0.34429068721216427
3.9615391232950468 -0.34423563649023387
3.9676810444164348 -0.34419393130370096
3.9738229655378223 -0.34416782622881276
3.97996488665921 -0.34415949049831956
3.9861068077805974 -0.3441709956139754
3.9922487289019855 -0.34420430341681924
3.998390650023373 -0.34426125470349705
4.004532571144761 -0.34434355847532844
4.010674492266149 -0.34445278190423223
4.016816413387536 -0.34459034109598374
4.022958334508924 -0.3447574927266057
4.029100255630311 -0.34495532662201495
4.035242176751699 -0.34518475934441223
4.041384097873086 -0.34544652884137805
4.047526018994474 -0.3457411902053042
4.053667940115862 -0.34606911258175166
4.05980986123725 -0.3464304772556881
4.0659517823586375 -0.3468252769344499
4.072093703480025 -0.3472533162358326
4.078235624601413 -0.3477142133790713
4.0843775457228 -0.34820740306578596
4.090519466844188 -0.3487321405273757
4.096661387965575 -0.3492875067050088
4.102803309086964 -0.34987241451839685
4.108945230208351 -0.3504856161701273
4.115087151329739 -0.3511257114235563
4.1212290724511265 -0.35179115678428047
4.127370993572514 -0.3524802755080926
4.133512914693902 -0.3531912683521866
4.139654835815289 -0.35392222498127895
4.145796756936677 -0.35467113593630334
4.151938678058065 -0.35543590507046563
4.158080599179453 -0.35621436235571075
4.16422252030084 -0.3570042769620634
4.170364441422228 -0.35780337051283
4.176506362543615 -0.3586093304202499
4.182648283665003 -0.3594198232087907
4.1887902047863905 -0.3602325077368401
4.194932125907778 -0.3610450482319338
4.201074047029166 -0.36185512705979955
4.207215968150554 -0.3626604571532637
4.213357889271942 -0.36345879403333714
4.219499810393329 -0.3642479473614512
4.225641731514717 -0.3650257919687206
4.231783652636104 -0.3657902783151357
4.237925573757492 -0.3665394423386127
4.2440674948788795 -0.36727141466073115
4.250209416000267 -0.36798442912265467
4.2563513371216555 -0.36867683063106066
4.262493258243043 -0.3693470822998016
4.268635179364431 -0.3699937718784262
4.274777100485818 -0.3706156174635122
4.280919021607206 -0.3712114724929964
4.287060942728593 -0.37178033002726685
4.293202863849981 -0.37232132632372833
4.299344784971368 -0.3728337437138481
4.305486706092757 -0.37331701279336726
4.311628627214144 -0.3737707139374695
4.317770548335532 -0.37419457815326335
4.3239124694569195 -0.3745884872820506
4.330054390578307 -0.37495247356357403
4.336196311699695 -0.3752867185738608
4.342338232821082 -0.3755915515474915
4.34848015394247 -0.3758674470942226
4.354622075063858 -0.3761150223189713
4.360763996185246 -0.3763350333533362
4.366905917306633 -0.3765283713061542
4.373047838428021 -0.3766960576401927
4.3791897595494085 -0.3768392389820011
4.385331680670796 -0.3769591813722855
4.391473601792184 -0.3770572639649671
4.397615522913571 -0.37713497218439196
4.40375744403496 -0.3771938903519983
4.409899365156347 -0.3772356937961325
4.416041286277735 -0.3772621404616313
4.422183207399122 -0.37727506203923744
4.42832512852051 -0.37727635463884646
4.434467049641897 -0.3772679690349487
4.440608970763285 -0.37725190051735646
4.4467508918846725 -0.37723017838532014
4.452892813006061 -0.3772048551283391
4.4590347341274486 -0.3771779953422642
4.465176655248836 -0.37715166443455944
4.471318576370224 -0.37712791717772326
4.477460497491611 -0.37710878617474924
4.483602418612999 -0.37709627030500786
4.489744339734386 -0.3770923232229522
4.495886260855774 -0.37709884198546206
4.5020281819771615 -0.377117655886357
4.50817010309855 -0.3771505155785255
4.5143120242199375 -0.37719908256516077
4.520453945341325 -0.3772649191416873
4.526595866462713 -0.3773494788690745
4.5327377875841 -0.37745409765730537
4.538879708705488 -0.3775799855348132
4.545021629826875 -0.37772821917569704
4.551163550948263 -0.3778997352515199
4.557305472069651 -0.3780953246685138
4.563447393191039 -0.3783156277441331
4.569589314312426 -0.3785611303691803
4.575731235433814 -0.37883216119329316
4.5818731565552016 -0.3791288898625094
4.588015077676589 -0.3794513263280732
4.594156998797977 -0.37979932123572013
4.600298919919364 -0.3801725673945373
4.606440841040753 -0.3805706023142797
4.61258276216214 -0.38099281178988414
4.618724683283528 -0.38143843450201276
4.624866604404915 -0.3819065675929184
4.631008525526303 -0.38239617316789837
4.6371504466476905 -0.3829060856642243
4.643292367769078 -0.38343502002181684
4.649434288890466 -0.3839815805831912
4.655576210011854 -0.38454427064441393
4.661718131133242 -0.3851215025740638
4.667860052254629 -0.3857116084135297
4.674001973376017 -0.3863128508694416
4.680143894497404 -0.3869234346076362
4.686285815618792 -0.3875415177577929
4.692427736740179 -0.3881652235387178
4.698569657861567 -0.3887926519161576
4.7047115789829554 -0.3894218912079254
4.710853500104343 -0.3900510295549383
4.716995421225731 -0.39067816618140444
4.723137342347118 -0.3913014223727487
4.729279263468506 -0.3919189521058119
4.735421184589893 -0.392528952272271
4.741563105711281 -0.39312967244297453
4.747705026832668 -0.39371942412783867
4.753846947954056 -0.39429658949296664
4.759988869075444 -0.39485962950360853
4.766130790196832 -0.3954070914683518
4.7722727113182195 -0.3959376159663997
4.778414632439607 -0.396449943145862
4.784556553560995 -0.3969429183865509
4.790698474682382 -0.3974154973257734
4.79684039580377 -0.39786675024998236
4.802982316925157 -0.3982958658588368
4.809124238046546 -0.3987021544112268
4.815266159167933 -0.39908505026510954
4.821408080289321 -0.3994441138246069
4.8275500014107084 -0.3997790329087608
4.833691922532096 -0.4000896235566683
4.839833843653484 -0.40037583028349416
4.845975764774871 -0.4006377258011554
4.852117685896259 -0.40087551021636997
4.858259607017647 -0.40108950971737056
4.864401528139035 -0.40128017475898853
4.870543449260422 -0.4014480777541282
4.87668537038181 -0.4015939102779859
4.882827291503197 -0.40171847978981695
4.888969212624585 -0.401822705875734
4.8951111337459725 -0.40190761601500546
4.90125305486736 -0.40197434087172595
4.9073949759887485 -0.4020241091135958
4.913536897110136 -0.40205824175996036
4.919678818231524 -0.4020781460622517
4.925820739352911 -0.4020853089215818
4.931962660474299 -0.4020812898504712
4.938104581595686 -0.40206771348854486
4.944246502717074 -0.4020462616854825
4.9503884238384614 -0.40201866516851253
4.95653034495985 -0.4019866948162459
4.9626722660812375 -0.40195215256557476
4.968814187202625 -0.4019168619836274
4.974956108324013 -0.4018826585422738
4.9810980294454 -0.40185137963830664
4.987239950566788 -0.40182485440805416
4.993381871688175 -0.40180489339069925
4.999523792809563 -0.40179327809985094
5.00566571393095 -0.4017917505678078
5.011807635052339 -0.40180200293135504
5.017949556173726 -0.4018256671317167
5.024091477295114 -0.4018643048043371
5.0302333984165015 -0.40191939743639393
5.036375319537889 -0.40199233687125546
5.042517240659277 -0.4020844162394216
5.048659161780664 -0.4021968213947784
5.054801082902052 -0.40233062293320887
5.06094300402344 -0.4024867688677325
5.067084925144828 -0.4026660780303876
5.073226846266215 -0.40286923426605853
5.079368767387603 -0.4030967814774265
5.0855106885089905 -0.4033491195732594
5.091652609630378 -0.40362650136442524
5.097794530751766 -0.4039290304434415
5.103936451873153 -0.4042566600741535
5.110078372994542 -0.4046091931084151
5.116220294115929 -0.40498628293656486
5.122362215237317 -0.40538743546819933
5.128504136358704 -0.4058120121294016
5.134646057480092 -0.40625923385234347
5.140787978601479 -0.406728186023207
5.146929899722867 -0.40721782434481574
5.1530718208442545 -0.4077269815613776
5.159213741965643 -0.4082543749844582
5.1653556630870305 -0.40879861475184864
5.171497584208418 -0.40935821274448003
5.177639505329806 -0.4099315920810601
5.183781426451193 -0.4105170971057342
5.189923347572581 -0.4111130037808685
5.196065268693968 -0.4117175303950443
5.202207189815356 -0.4123288484955443
5.208349110936744 -0.41294509395500867
5.214491032058132 -0.41356437808348756
5.2206329531795195 -0.41418479869978675
5.226774874300907 -0.41480445107969627
5.232916795422295 -0.4154214387033394
5.239058716543682 -0.4160338837293541
5.24520063766507 -0.4166399371298175
5.251342558786457 -0.41723778842659365
5.257484479907845 -0.417825674977009
5.263626401029233 -0.41840189076426565
5.269768322150621 -0.4189647946556647
5.275910243272008 -0.4195128180993707
5.282052164393396 -0.4200444722379596
5.2881940855147835 -0.4205583544242313
5.294336006636171 -0.4210531541315882
5.300477927757559 -0.4215276582575963
5.306619848878946 -0.4219807558250214
5.312761770000335 -0.4224114420896259
5.318903691121722 -0.42281882206821825
5.32504561224311 -0.4232021135038592
5.331187533364497 -0.4235606492876884
5.337329454485885 -0.42389387935856404
5.3434713756072725 -0.4242013721026087
5.34961329672866 -0.42448281527486414
5.355755217850048 -0.42473801646463305
5.361897138971436 -0.42496690312480134
5.368039060092824 -0.42516952218356685
5.374180981214211 -0.42534603925466363
5.380322902335599 -0.42549673745946204
5.386464823456986 -0.4256220158713723
5.392606744578374 -0.4257223875899032
5.398748665699761 -0.42579847744865285
5.404890586821149 -0.42585101935855685
5.411032507942537 -0.42588085328502795
5.417174429063925 -0.42588892185527305
5.4233163501853126 -0.4258762665902089
5.4294582713067 -0.42584402375408154
5.435600192428088 -0.4257934198142164
5.441742113549475 -0.42572576650334587
5.447884034670863 -0.4256424554777215
5.45402595579225 -0.4255449525657423
5.460167876913639 -0.425434791604126
5.466309798035026 -0.42531356786169533
5.472451719156414 -0.4251829310546167
5.4785936402778015 -0.42504457796136
5.484735561399189 -0.4249002446506561
5.490877482520577 -0.4247516983412505
5.497019403641964 -0.4246007289181541
5.503161324763352 -0.4244491401362746
5.509303245884739 -0.4242987405486381
5.515445167006128 -0.42415133420274675
5.521587088127515 -0.42400871115482597
5.527729009248903 -0.4238726378576384
5.53387093037029 -0.42374484748306523
5.540012851491678 -0.4236270302456144
5.5461547726130656 -0.42352082379729944
5.552296693734453 -0.42342780376782174
5.558438614855841 -0.42334947452656596
5.564580535977229 -0.4232872602445155
5.570722457098617 -0.42324249633471633
5.576864378220004 -0.42321642134933085
5.583006299341392 -0.4232101694095944
5.589148220462779 -0.42322476324209035
5.595290141584167 -0.42326110789073845
5.6014320627055545 -0.4233199851687513
5.607573983826942 -0.4234020489086336
5.6137159049483305 -0.4235078210611485
5.619857826069718 -0.42363768868615226
5.625999747191106 -0.4237919018694221
5.632141668312493 -0.4239705725902054
5.638283589433881 -0.42417367455433685
5.644425510555268 -0.42440104399757145
5.650567431676656 -0.42465238145341894
5.656709352798043 -0.42492725446940754
5.662851273919432 -0.42522510124551977
5.668993195040819 -0.4255452351586976
5.675135116162207 -0.4258868501279623
5.681277037283595 -0.42624902676598836
5.687418958404982 -0.42663073925505324
5.69356087952637 -0.42703086287827
5.699702800647757 -0.4274481821310155
5.705844721769145 -0.4278813993325694
5.711986642890533 -0.4283291436542579
5.718128564011921 -0.4287899804778798
5.724270485133308 -0.4292624209969224
5.730412406254696 -0.42974493197303076
5.7365543273760835 -0.4302359455613654
5.742696248497471 -0.430733869120819
5.748838169618859 -0.4312370949284938
5.754980090740246 -0.43174400972227933
5.761122011861635 -0.43225300400072086
5.767263932983022 -0.4327624810154931
5.77340585410441 -0.43327086539857546
5.779547775225797 -0.4337766113735146
5.785689696347185 -0.4342782105078018
5.7918316174685724 -0.43477419897124725
5.79797353858996 -0.43526316427312894
5.804115459711348 -0.4357437514586973
5.810257380832735 -0.4362146687531688
5.816399301954124 -0.43667469264851183
5.822541223075511 -0.4371226724349986
5.828683144196899 -0.43755753418554033
5.834825065318286 -0.43797828420616636
5.840966986439674 -0.438384011970559
5.847108907561061 -0.4387738925602695
5.853250828682449 -0.43914718863507596
5.8593927498038365 -0.43950325195988704
5.865534670925225 -0.4398415245156587
5.8716765920466125 -0.44016153922199097
5.877818513168 -0.4404629202984688
5.883960434289388 -0.4407453832904573
5.890102355410775 -0.4410087347830491
5.896244276532163 -0.44125287182428097
5.90238619765355 -0.44147778107570057
5.908528118774938 -0.4416835377049845
5.914670039896326 -0.4418703040317182
5.920811961017714 -0.4420383279337689
5.9269538821391015 -0.4421879410180427
5.933095803260489 -0.44231955655595007
5.939237724381877 -0.44243366718072197
5.945379645503264 -0.44253084234093654
5.951521566624652 -0.4426117255023415
5.957663487746039 -0.442677031088367
5.963805408867428 -0.442727541148699
5.969947329988815 -0.4427641017449766
5.976089251110203 -0.44278761904312136
5.98223117223159 -0.44279905510302725
5.988373093352978 -0.442799423358325
5.9945150144743655 -0.44278978378166695
6.000656935595753 -0.4427712377344167
6.006798856717141 -0.4427449225037045
6.012940777838529 -0.4427120055344506
6.019082698959917 -0.4426736783690723
6.025224620081304 -0.4426311503130622
6.031366541202692 -0.44258564185034044
6.037508462324079 -0.44253837783811284
6.043650383445467 -0.4424905805167774
6.0497923045668545 -0.4424434623760719
6.055934225688242 -0.4423982189240177
6.06207614680963 -0.44235602141014685
6.068218067931018 -0.44231800955887557
6.074359989052406 -0.442285284372598
6.080501910173793 -0.4422589010669967
6.086643831295181 -0.4422398622031274
6.092785752416568 -0.4422291110819443
6.098927673537956 -0.44222752546703953
6.105069594659343 -0.44223591170043536
6.111211515780731 -0.44225499927428014
6.117353436902119 -0.4422854359182484
6.123495358023507 -0.44232778325837857
6.1296372791448945 -0.44238251309802895
6.135779200266282 -0.44245000436566684
6.14192112138767 -0.44253054076742177
6.148063042509057 -0.4426243091748198
6.154204963630445 -0.4427313987700077
6.160346884751832 -0.44285180096219573
6.166488805873221 -0.4429854100801468
6.172630726994608 -0.44313202483645686
6.178772648115996 -0.4432913505502799
6.1849145692373835 -0.44346300210618944
6.191056490358771 -0.4436465076182033
6.197198411480159 -0.4438413127597744
6.203340332601546 -0.4440467857129116
6.209482253722934 -0.44426222268266735
6.215624174844322 -0.4444868539171351
6.22176609596571 -0.4447198501679365
6.227908017087097 -0.4449603295220286
6.234049938208485 -0.44520736453258575
6.240191859329872 -0.44545998957475996
6.24633378045126 -0.4457172083512976
6.2524757015726475 -0.4459780014733113
6.258617622694035 -0.44624133404292643
6.2647595438154235 -0.4465061631670095
6.270901464936811 -0.44677144533466834
6.277043386058199 -0.4470361435956089
