time TPR_both_A_open_1_rho12_imag
0.0 0.0
0.00614192112138767 -0.006121060117942227
0.01228384224277534 -0.01218869061985856
0.01842576336416301 -0.018185520765823616
0.02456768448555068 -0.024094522666500903
0.030709605606938348 -0.02989911922372399
0.03685152672832602 -0.03558328795295084
0.042993447849713685 -0.04113165982671375
0.04913536897110136 -0.04652961235636473
0.05527729009248903 -0.05176335621762365
0.061419211213876695 -0.05682001482165048
0.06756113233526437 -0.061687696335420907
0.07370305345665204 -0.06635555776083787
0.07984497457803971 -0.07081386078898805
0.08598689569942737 -0.07505401925201426
0.09212881682081504 -0.0790686380980747
0.09827073794220272 -0.08285154391279498
0.10441265906359039 -0.08639780710167735
0.11055458018497806 -0.08970375593053724
0.11669650130636572 -0.09276698269387712
0.12283842242775339 -0.09558634234316905
0.12898034354914106 -0.09816194395759187
0.13512226467052874 -0.1004951354784741
0.1412641857919164 -0.10258848215546389
0.14740610691330408 -0.10444573916752872
0.15354802803469175 -0.10607181888582382
0.15968994915607942 -0.1074727532390718
0.16583187027746707 -0.10865565162642231
0.17197379139885474 -0.10962865479907194
0.17811571252024241 -0.11040088510164647
0.1842576336416301 -0.11098239342903705
0.19039955476301776 -0.11138410321566301
0.19654147588440543 -0.11161775173367974
0.2026833970057931 -0.1116958289361095
0.20882531812718078 -0.111631514041851
0.21496723924856845 -0.11143861002352311
0.22110916036995612 -0.11113147612749624
0.2272510814913438 -0.1107249585294667
0.23339300261273144 -0.11023431920955168
0.2395349237341191 -0.10967516311891967
0.24567684485550678 -0.10906336370598498
0.25181876597689445 -0.10841498687449726
0.2579606870982821 -0.10774621345850889
0.2641026082196698 -0.10707326032000689
0.27024452934105747 -0.10641230020351093
0.27638645046244514 -0.10577938051748192
0.2825283715838328 -0.10519034125405556
0.2886702927052205 -0.10466073230531056
0.29481221382660816 -0.10420573048472405
0.30095413494799583 -0.10384005661524015
0.3070960560693835 -0.10357789309894702
0.3132379771907712 -0.10343280243611684
0.31937989831215885 -0.10341764721166867
0.3255218194335465 -0.10354451211331833
0.33166374055493414 -0.10382462858618467
0.3378056616763218 -0.10426830276189882
0.3439475827977095 -0.1048848473249148
0.35008950391909716 -0.10568251799349089
0.35623142504048483 -0.10666845529664574
0.3623733461618725 -0.10784863232044946
0.3685152672832602 -0.10922780907669041
0.37465718840464785 -0.11080949411393934
0.3807991095260355 -0.11259591394526264
0.3869410306474232 -0.11458799080856928
0.39308295176881086 -0.11678532920534532
0.39922487289019853 -0.119186211582179
0.4053667940115862 -0.12178760342811526
0.4115087151329739 -0.124585167960885
0.41765063625436155 -0.12757329046804744
0.4237925573757492 -0.13074511225688906
0.4299344784971369 -0.13409257405153635
0.43607639961852457 -0.13760646855929104
0.44221832073991224 -0.1412765018128875
0.4483602418612999 -0.14509136278345078
0.4545021629826876 -0.14903880065261674
0.4606440841040752 -0.15310570903371448
0.4667860052254629 -0.15727821634312772
0.47292792634685055 -0.16154178144580092
0.4790698474682382 -0.16588129363495543
0.4852117685896259 -0.17028117595680092
0.49135368971101356 -0.17472549085742076
0.49749561083240124 -0.17919804711180684
0.5036375319537889 -0.18368250699459063
0.5097794530751766 -0.18816249266836885
0.5159213741965643 -0.19262169079829022
0.5220632953179519 -0.19704395445001457
0.5282052164393396 -0.201413401391205
0.5343471375607273 -0.20571450799294447
0.5404890586821149 -0.20993219801518453
0.5466309798035026 -0.21405192565757106
0.5527729009248903 -0.21805975236158356
0.558914822046278 -0.22194241695955735
0.5650567431676656 -0.22568739887840505
0.5711986642890533 -0.22928297421827382
0.577340585410441 -0.23271826463652534
0.5834825065318286 -0.23598327907297495
0.5896244276532163 -0.23906894845105472
0.595766348774604 -0.24196715357947549
0.6019082698959917 -0.24467074655828064
0.6080501910173793 -0.24717356606043345
0.614192112138767 -0.24947044691409587
0.6203340332601547 -0.2515572244507259
0.6264759543815424 -0.2534307341095921
0.63261787550293 -0.25508880680018675
0.6387597966243177 -0.25653026052060895
0.6449017177457054 -0.2577548887129119
0.651043638867093 -0.2587634458066541
0.6571855599884806 -0.259557630360736
0.6633274811098683 -0.2601400661626004
0.669469402231256 -0.26051428158481543
0.6756113233526436 -0.26068468743389844
0.6817532444740313 -0.26065655345709515
0.687895165595419 -0.26043598360186176
0.6940370867168066 -0.26002989005221966
0.7001790078381943 -0.2594459659981282
0.706320928959582 -0.258692657030649
0.7124628500809697 -0.2577791309988889
0.7186047712023573 -0.25671524611630786
0.724746692323745 -0.25551151706549213
0.7308886134451327 -0.2541790788232294
0.7370305345665203 -0.2527296479126854
0.743172455687908 -0.2511754807873607
0.7493143768092957 -0.24952932906267924
0.7554562979306834 -0.2478043913355569
0.761598219052071 -0.246014261369814
0.7677401401734587 -0.24417287247520714
0.7738820612948464 -0.24229443796920547
0.780023982416234 -0.24039338768218957
0.7861659035376217 -0.23848430054699155
0.7923078246590094 -0.2365818334008713
0.7984497457803971 -0.23470064622019537
0.8045916669017847 -0.23285532410314055
0.8107335880231724 -0.2310602964114678
0.8168755091445601 -0.22932975357653
0.8230174302659478 -0.22767756216488572
0.8291593513873354 -0.22611717888294397
0.8353012725087231 -0.2246615642757855
0.8414431936301108 -0.2233230969406667
0.8475851147514984 -0.222113489128862
0.8537270358728861 -0.221043704648819
0.8598689569942738 -0.2201238800077329
0.8660108781156615 -0.21936324973654234
0.8721527992370491 -0.21877007683428168
0.8782947203584368 -0.21835158924132933
0.8844366414798245 -0.21811392320736145
0.8905785626012122 -0.21806207435912633
0.8967204837225998 -0.21819985719624477
0.9028624048439875 -0.21852987365121468
0.9090043259653752 -0.21905349124411522
0.9151462470867628 -0.21977083124493046
0.9212881682081504 -0.22068076712900897
0.9274300893295381 -0.22178093347623742
0.9335720104509257 -0.22306774532454246
0.9397139315723134 -0.22453642784597616
0.9458558526937011 -0.22618105607162747
0.9519977738150888 -0.2279946042526855
0.9581396949364764 -0.22996900431187983
0.9642816160578641 -0.2320952127148707
0.9704235371792518 -0.234363284977413
0.9765654583006395 -0.2367624569235312
0.9827073794220271 -0.23928123172449495
0.9888493005434148 -0.24190747167974203
0.9949912216648025 -0.24462849365036762
1.0011331427861903 -0.24743116702430315
1.0072750639075778 -0.2503020130803549
1.0134169850289656 -0.2532273046259485
1.0195589061503532 -0.25619316481038673
1.025700827271741 -0.25918566406091675
1.0318427483931285 -0.2621909141517631
1.0379846695145163 -0.26519515849498004
1.0441265906359039 -0.2681848578346506
1.0502685117572914 -0.27114677063045883
1.0564104328786792 -0.27406802753059395
1.0625523540000668 -0.2769361994547549
1.0686942751214545 -0.27973935893301627
1.074836196242842 -0.2824661344727741
1.0809781173642299 -0.2851057578511906
1.0871200384856174 -0.2876481043518483
1.0932619596070052 -0.2900837260792297
1.0994038807283928 -0.2924038785908248
1.1055458018497806 -0.2946005411820974
1.1116877229711681 -0.296666431242434
1.117829644092556 -0.29859501316911513
1.1239715652139435 -0.30038050238019964
1.1301134863353313 -0.3020178650052945
1.1362554074567188 -0.3035028138551409
1.1423973285781066 -0.3048318012768566
1.1485392496994942 -0.3060020094919319
1.154681170820882 -0.30701133898947325
1.1608230919422695 -0.3078583955088135
1.1669650130636573 -0.3085424760948684
1.1731069341850449 -0.30906355464816093
1.1792488553064326 -0.309422267321126
1.1853907764278202 -0.30961989803518625
1.191532697549208 -0.3096583643112897
1.1976746186705955 -0.309540203522353
1.2038165397919833 -0.3092685595915718
1.209958460913371 -0.3088471700780505
1.2161003820347587 -0.30828035351277516
1.2222423031561462 -0.30757299677559213
1.228384224277534 -0.3067305422393877
1.2345261453989216 -0.30575897435270866
1.2406680665203094 -0.30466480528800727
1.246809987641697 -0.30345505925066885
1.2529519087630847 -0.3021372550248354
1.2590938298844723 -0.3007193863263358
1.26523575100586 -0.29920989954103017
1.2713776721272476 -0.29761766844853105
1.2775195932486354 -0.29595196556623016
1.283661514370023 -0.29422242979620683
1.2898034354914107 -0.29243903011700306
1.2959453566127983 -0.2906120251322544
1.302087277734186 -0.2887519183673532
1.3082291988555736 -0.28686940929207155
1.3143711199769612 -0.28497534013959064
1.320513041098349 -0.28308063868872607
1.3266549622197366 -0.281196257274258
1.3327968833411243 -0.27933310838804193
1.338938804462512 -0.2775019973288537
1.3450807255838997 -0.27571355244956613
1.3512226467052872 -0.2739781536341853
1.357364567826675 -0.2723058597125153
1.3635064889480626 -0.2707063355849238
1.3696484100694504 -0.2691887798821798
1.375790331190838 -0.26776185402419517
1.3819322523122257 -0.26643361356550616
1.3880741734336133 -0.26521144272359
1.394216094555001 -0.26410199297799125
1.4003580156763886 -0.2631111266034751
1.4064999367977764 -0.26224386595907645
1.412641857919164 -0.2615043492973906
1.4187837790405518 -0.2608957937855145
1.4249257001619393 -0.26042046634179367
1.431067621283327 -0.26007966279239175
1.4372095424047147 -0.2598736957404015
1.4433514635261024 -0.2598018914197724
1.44949338464749 -0.25986259567896375
1.4556353057688778 -0.2600531891073864
1.4617772268902653 -0.26037011118392456
1.4679191480116531 -0.26080889319379114
1.4740610691330407 -0.26136419953033063
1.4802029902544285 -0.2620298768747881
1.486344911375816 -0.2627990106320408
1.4924868324972038 -0.263663987896222
1.4986287536185914 -0.2646165661292093
1.5047706747399792 -0.26564794665898744
1.5109125958613667 -0.26674885204548243
1.5170545169827545 -0.2679096063198105
1.523196438104142 -0.2691202170797722
1.5293383592255299 -0.27037045842024926
1.5354802803469174 -0.27164995369186296
1.5416222014683052 -0.27294825711434734
1.5477641225896928 -0.2742549333216772
1.5539060437110805 -0.27555963398273925
1.560047964832468 -0.27685217072258855
1.5661898859538559 -0.2781225836630609
1.5723318070752434 -0.2793612050054359
1.578473728196631 -0.2805587171894677
1.5846156493180188 -0.2817062052797385
1.5907575704394064 -0.282795203349223
1.5968994915607941 -0.28381773474839067
1.6030414126821817 -0.2847663462634271
1.6091833338035695 -0.28563413627662343
1.615325254924957 -0.2864147771432737
1.6214671760463448 -0.2871025320903719
1.6276090971677324 -0.28769226702115624
1.6337510182891202 -0.28817945767459874
1.6398929394105077 -0.28856019263912097
1.6460348605318955 -0.2888311727544067
1.652176781653283 -0.2889897074538157
1.6583187027746709 -0.2890337086026664
1.6644606238960584 -0.2889616823749996
1.6706025450174462 -0.2887727196842158
1.6767444661388338 -0.28846648564238025
1.6828863872602216 -0.2880432084705167
1.6890283083816091 -0.28750366821963014
1.695170229502997 -0.2868491855914926
1.7013121506243845 -0.2860816110715338
1.7074540717457722 -0.2852033145057464
1.7135959928671598 -0.28421717517163075
1.7197379139885476 -0.28312657231214655
1.7258798351099351 -0.28193537602361063
1.732021756231323 -0.28064793831558577
1.7381636773527105 -0.27926908409495205
1.7443055984740983 -0.27780410176927656
1.7504475195954858 -0.2762587331177608
1.7565894407168736 -0.274639162042664
1.7627313618382612 -0.27295200179108314
1.768873282959649 -0.27120428022693077
1.7750152040810365 -0.2694034227361828
1.7811571252024243 -0.2675572323649641
1.7872990463238119 -0.2656738668194708
1.7934409674451997 -0.2637618119984982
1.7995828885665872 -0.2618298517825598
1.805724809687975 -0.25988703386711737
1.8118667308093626 -0.25794263149994634
1.8180086519307503 -0.2560061010625812
1.824150573052138 -0.2540870355214304
1.8302924941735257 -0.2521951138636926
1.8364344152949132 -0.25034004672474075
1.8425763364163008 -0.24853151850521857
1.8487182575376886 -0.24677912636574895
1.8548601786590762 -0.24509231657296426
1.861002099780464 -0.2434803187506594
1.8671440209018515 -0.24195207866248147
1.8732859420232393 -0.24051619021607346
1.8794278631446268 -0.2391808274315104
1.8855697842660146 -0.2379536771579418
1.8917117053874022 -0.236841873350509
1.89785362650879 -0.23585193373403618
1.9039955476301775 -0.23498969968012004
1.9101374687515653 -0.2342602801097772
1.9162793898729529 -0.23366800020472314
1.9224213109943407 -0.2332163556669189
1.9285632321157282 -0.23290797320876516
1.934705153237116 -0.2327445778860724
1.9408470743585036 -0.23272696780375987
1.9469889954798913 -0.2328549966314693
1.953130916601279 -0.2331275642644692
1.9592728377226667 -0.23354261585612504
1.9654147588440543 -0.23409714933374318
1.971556679965442 -0.23478723139181576
1.9776986010868296 -0.23560802183774834
1.9838405222082174 -0.23655380604725257
1.989982443329605 -0.23761803517193736
1.9961243644509927 -0.23879337363242087
2.0022662855723805 -0.24007175332859484
2.008408206693768 -0.24144443390648485
2.0145501278151556 -0.24290206834024103
2.020692048936543 -0.2444347730197609
2.026833970057931 -0.24603220148060959
2.0329758911793188 -0.24768362087430942
2.0391178123007063 -0.2493779902544652
2.045259733422094 -0.25110403974795337
2.051401654543482 -0.25285034969062936
2.0575435756648695 -0.25460542883336046
2.063685496786257 -0.25635779076608184
2.0698274179076446 -0.25809602776398083
2.0759693390290326 -0.2598088813295946
2.08211126015042 -0.26148530878594395
2.0882531812718077 -0.2631145453670162
2.0943951023931953 -0.2646861613508971
2.100537023514583 -0.26619011388542513
2.106678944635971 -0.26761679326409804
2.1128208657573584 -0.2689570635186848
2.118962786878746 -0.2702022973022491
2.1251047080001335 -0.2713444051396889
2.1312466291215215 -0.27237585922027147
2.137388550242909 -0.27328971199588853
2.1435304713642966 -0.2740796099280585
2.149672392485684 -0.2747398027944315
2.155814313607072 -0.2752651490204292
2.1619562347284598 -0.2756511175426677
2.1680981558498473 -0.27589378673732085
2.174240076971235 -0.27598984095829593
2.180381998092623 -0.275936565227064
2.1865239192140105 -0.2757318385986216
2.192665840335398 -0.27537412669712
2.1988077614567856 -0.27486247387122215
2.2049496825781736 -0.2741964953646088
2.211091603699561 -0.27337636983283237
2.2172335248209487 -0.27240283246572367
2.2233754459423363 -0.27127716889676845
2.2295173670637243 -0.27000120999935906
2.235659288185112 -0.26857732758675007
2.2418012093064994 -0.2670084309500628
2.247943130427887 -0.2652979640889113
2.254085051549275 -0.2634499034142045
2.2602269726706625 -0.26146875563431776
2.26636889379205 -0.2593595554758531
2.2725108149134376 -0.2571278628401419
2.2786527360348257 -0.25477975895777333
2.284794657156213 -0.25232184107675826
2.2909365782776008 -0.24976121520619696
2.2970784993989883 -0.24710548643694152
2.3032204205203763 -0.24436274637383976
2.309362341641764 -0.24154155724056242
2.3155042627631515 -0.2386509322572456
2.321646183884539 -0.23570031194249733
2.327788105005927 -0.2326995360536716
2.3339300261273146 -0.22965881095146087
2.340071947248702 -0.22658867225530857
2.3462138683700897 -0.22349994274324808
2.3523557894914777 -0.22040368554172282
2.3584977106128653 -0.21731115274582502
2.364639631734253 -0.21423372970622326
2.3707815528556404 -0.2111828753138249
2.376923473977028 -0.2081700587049292
2.383065395098416 -0.20520669289633037
2.3892073162198035 -0.20230406593966474
2.395349237341191 -0.19947327025552694
2.4014911584625787 -0.1967251308689409
2.4076330795839667 -0.19407013331728604
2.4137750007053542 -0.19151835203858678
2.419916921826742 -0.1890793800712701
2.4260588429481293 -0.18676226090543735
2.4322007640695174 -0.1845754233200087
2.438342685190905 -0.1825266200197185
2.4444846063122925 -0.18062287085106837
2.45062652743368 -0.17887041132749903
2.456768448555068 -0.17727464713199856
2.4629103696764556 -0.17584011519118786
2.469052290797843 -0.17457045182990943
2.4751942119192307 -0.1734683684210264
2.4813361330406187 -0.17253563484323475
2.4874780541620063 -0.171773070952084
2.493619975283394 -0.17118054615809739
2.4997618964047814 -0.17075698709296283
2.5059038175261694 -0.17050039323235755
2.512045738647557 -0.1704078602341846
2.5181876597689445 -0.17047561064590297
2.524329580890332 -0.17069903153619076
2.53047150201172 -0.17107271851622188
2.5366134231331077 -0.17159052553600318
2.5427553442544952 -0.17224561977295225
2.548897265375883 -0.1730305408743656
2.555039186497271 -0.17393726377356752
2.5611811076186584 -0.17495726427192734
2.567323028740046 -0.17608158656593834
2.5734649498614335 -0.17730091190012573
2.5796068709828215 -0.17860562754241618
2.585748792104209 -0.17998589530812614
2.5918907132255966 -0.1814317189010218
2.598032634346984 -0.1829330093938084
2.604174555468372 -0.18447964823452673
2.6103164765897597 -0.18606154723808674
2.6164583977111473 -0.187668705101787
2.622600318832535 -0.18929126006830194
2.6287422399539224 -0.1909195384473203
2.6348841610753104 -0.19254409879582265
2.641026082196698 -0.19415577164495618
2.6471680033180855 -0.19574569474671816
2.653309924439473 -0.19730534389443408
2.659451845560861 -0.19882655944568373
2.6655937666822487 -0.2003015687434672
2.6717356878036362 -0.20172300468976834
2.677877608925024 -0.20308392077429666
2.684019530046412 -0.20437780289932628
2.6901614511677994 -0.2055985783687369
2.696303372289187 -0.2067406224253936
2.7024452934105745 -0.20779876272594658
2.7085872145319625 -0.2087682821363233
2.71472913565335 -0.2096449202151599
2.7208710567747376 -0.2104248737270071
2.727012977896125 -0.21110479649329333
2.733154899017513 -0.21168179884791996
2.7392968201389007 -0.21215344691727311
2.7454387412602883 -0.21251776189278013
2.751580662381676 -0.21277321940936003
2.757722583503064 -0.21291874908673752
2.7638645046244514 -0.2129537342341022
2.770006425745839 -0.21287801166345596
2.7761483468672266 -0.2126918715046242
2.7822902679886146 -0.21239605686659488
2.788432189110002 -0.21199176314680301
2.7945741102313897 -0.2114806367532337
2.8007160313527772 -0.2108647729746534
2.8068579524741653 -0.21014671271263577
2.812999873595553 -0.20932943777581872
2.8191417947169404 -0.20841636443238004
2.825283715838328 -0.20741133492116784
2.831425636959716 -0.2063186066352374
2.8375675580811035 -0.20514283871347316
2.843709479202491 -0.20388907580610058
2.8498514003238786 -0.2025627288176282
2.8559933214452666 -0.2011695524753539
2.862135242566654 -0.1997156196221383
2.8682771636880418 -0.19820729218768696
2.8744190848094293 -0.19665118885196997
2.8805610059308173 -0.1950541494764647
2.886702927052205 -0.19342319644237158
2.8928448481735924 -0.1917654930985447
2.89898676929498 -0.19008829958429485
2.9051286904163676 -0.18839892635217817
2.9112706115377556 -0.18670468577212482
2.917412532659143 -0.18501284224959497
2.9235544537805307 -0.18333056133576298
2.9296963749019183 -0.18166485834601154
2.9358382960233063 -0.18002254703338438
2.941980217144694 -0.1784101888853423
2.9481221382660814 -0.17683404362461375
2.954264059387469 -0.1753000214977018
2.960405980508857 -0.17381363792746912
2.9665479016302445 -0.1723799710891244
2.972689822751632 -0.17100362294202384
2.9788317438730196 -0.16968868421331892
2.9849736649944076 -0.16843870378416453
2.991115586115795 -0.1672566628756603
2.9972575072371828 -0.16614495437083027
3.0033994283585703 -0.16510536754180016
3.0095413494799583 -0.16413907837909333
3.015683270601346 -0.16324664564395114
3.0218251917227335 -0.16242801268618126
3.027967112844121 -0.16168251499071692
3.034109033965509 -0.16100889333732366
3.0402509550868966 -0.16040531238121125
3.046392876208284 -0.15986938438916257
3.0525347973296717 -0.15939819779757014
3.0586767184510597 -0.15898835019678
3.0648186395724473 -0.1586359852915395
3.070960560693835 -0.15833683334115642
3.0771024818152224 -0.15808625454602124
3.0832444029366104 -0.15787928482005498
3.089386324057998 -0.15771068337183508
3.0955282451793855 -0.15757498151079538
3.101670166300773 -0.15746653209894984
3.107812087422161 -0.15737955908275747
3.1139540085435486 -0.157308206563529
3.120095929664936 -0.15724658689743812
3.1262378507863238 -0.15718882735683196
3.1323797719077118 -0.15712911493204162
3.1385216930290993 -0.1570617389060442
3.144663614150487 -0.1569811308917804
3.1508055352718745 -0.1568819020822589
3.156947456393262 -0.1567588775253348
3.16308937751465 -0.15660712729675638
3.1692312986360376 -0.1564219945053183
3.175373219757425 -0.15619912012137518
3.1815151408788127 -0.15593446467330904
3.1876570620002007 -0.15562432690469133
3.1937989831215883 -0.1552653595268739
3.199940904242976 -0.15485458223681356
3.2060828253643634 -0.1543893921975068
3.2122247464857514 -0.15386757219811578
3.218366667607139 -0.15328729672255653
3.2245085887285265 -0.15264713615905307
3.230650509849914 -0.15194605937920824
3.236792430971302 -0.15118343490396327
3.2429343520926897 -0.15035903085605254
3.249076273214077 -0.14947301387500786
3.2552181943354648 -0.1485259471423459
3.261360115456853 -0.1475187876323255
3.2675020365782403 -0.14645288266868514
3.273643957699628 -0.14532996583122068
3.2797858788210155 -0.14415215221910294
3.2859277999424035 -0.14292193304161263
3.292069721063791 -0.14164216947259262
3.2982116421851786 -0.14031608567341955
3.304353563306566 -0.13894726086161746
3.310495484427954 -0.13753962027920755
3.3166374055493417 -0.13609742489719892
3.3227793266707293 -0.13462525968083514
3.328921247792117 -0.13312802023470802
3.335063168913505 -0.13161089764788286
3.3412050900348924 -0.13007936136681622
3.34734701115628 -0.1285391399380112
3.3534889322776675 -0.12699619948281285
3.3596308533990555 -0.12545671979311174
3.365772774520443 -0.12392706796849036
3.3719146956418307 -0.12241376955187387
3.3780566167632182 -0.12092347716130043
3.3841985378846062 -0.11946293665917665
3.390340459005994 -0.11803895094643561
3.3964823801273814 -0.1166583415164232
3.402624301248769 -0.11532790795112102
3.4087662223701565 -0.11405438558948762
3.4149081434915445 -0.11284440164327275
3.421050064612932 -0.11170443007868418
3.4271919857343196 -0.11064074562184069
3.433333906855707 -0.1096593772811821
3.439475827977095 -0.10876606181014341
3.4456177490984827 -0.10796619755774986
3.4517596702198703 -0.10726479917276859
3.457901591341258 -0.10666645363817524
3.464043512462646 -0.10617527811662685
3.4701854335840334 -0.1057948800841273
3.476327354705421 -0.10552832021806285
3.4824692758268085 -0.10537807848729062
3.4886111969481965 -0.10534602386618788
3.494753118069584 -0.1054333880618123
3.5008950391909717 -0.1056407436040335
3.5070369603123592 -0.10596798660324741
3.5131788814337472 -0.10641432442975092
3.519320802555135 -0.10697826851383489
3.5254627236765224 -0.1076576324070136
3.53160464479791 -0.10844953518350924
3.537746565919298 -0.10935041019816595
3.5438884870406855 -0.1103560191534183
3.550030408162073 -0.11146147136487163
3.5561723292834606 -0.1126612480535233
3.5623142504048486 -0.11394923143373331
3.568456171526236 -0.11531873831072127
3.5745980926476237 -0.11676255785060308
3.5807400137690113 -0.11827299314061158
3.5868819348903993 -0.1198419061179592
3.593023856011787 -0.12146076541341606
3.5991657771331744 -0.12312069663062328
3.605307698254562 -0.12481253456477828
3.61144961937595 -0.12652687685484482
3.6175915404973376 -0.12825413856189996
3.623733461618725 -0.12998460717251467
3.6298753827401127 -0.13170849753991754
3.6360173038615007 -0.13341600629667522
3.6421592249828882 -0.13509736530018274
3.648301146104276 -0.13674289370568865
3.6544430672256634 -0.13834304830005106
3.6605849883470514 -0.1398884717720628
3.666726909468439 -0.14137003864094919
3.6728688305898265 -0.1427788986125575
3.679010751711214 -0.14410651718168543
3.6851526728326016 -0.1453447133479362
3.6912945939539896 -0.14648569436033784
3.697436515075377 -0.14752208745175374
3.7035784361967647 -0.1484469685669035
3.7097203573181523 -0.1492538881267683
3.7158622784395403 -0.14993689390655335
3.722004199560928 -0.1504905511336104
3.7281461206823154 -0.15090995993534434
3.734288041803703 -0.15119077028480965
3.740429962925091 -0.15132919460330493
3.7465718840464786 -0.15132201818478141
3.752713805167866 -0.15116660760646045
3.7588557262892537 -0.1508609172839866
3.7649976474106417 -0.15040349431817537
3.7711395685320293 -0.1497934817644968
3.777281489653417 -0.14903062043653323
3.7834234107748044 -0.1481152493315171
3.7895653318961924 -0.14704830474051073
3.79570725301758 -0.14583131807870808
3.8018491741389675 -0.14446641244360642
3.807991095260355 -0.1429562978813171
3.814133016381743 -0.14130426531493395
3.8202749375031306 -0.13951417906449298
3.826416858624518 -0.13759046786642182
3.8325587797459058 -0.13553811428218965
3.8387007008672938 -0.1333626423717427
3.8448426219886813 -0.13107010349774909
3.850984543110069 -0.12866706012207424
3.8571264642314564 -0.12616056745652726
3.8632683853528444 -0.12355815283590532
3.869410306474232 -0.12086779269272048
3.8755522275956196 -0.11809788702961478
3.881694148717007 -0.1152572313071091
3.887836069838395 -0.1123549856906269
3.8939779909597827 -0.10940064163123238
3.9001199120811703 -0.10640398578864362
3.906261833202558 -0.10337506134218892
3.912403754323946 -0.10032412677473518
3.9185456754453334 -0.09726161225546896
3.924687596566721 -0.09419807378891991
3.9308295176881085 -0.0911441453389608
3.936971438809496 -0.08811048917683832
3.943113359930884 -0.08510774474076258
3.9492552810522716 -0.08214647633039324
3.955397202173659 -0.07923711999195
3.9615391232950468 -0.07638992997794761
3.9676810444164348 -0.07361492518905503
3.9738229655378223 -0.07092183602379554
3.97996488665921 -0.06832005207424738
3.9861068077805974 -0.06581857111227113
3.9922487289019855 -0.06342594981080703
3.998390650023373 -0.06115025663836934
4.004532571144761 -0.05899902735200373
4.010674492266149 -0.056979223494797865
4.016816413387536 -0.055097194278790396
4.022958334508924 -0.05335864220316778
4.029100255630311 -0.05176859272144218
4.035242176751699 -0.05033136823043085
4.041384097873086 -0.04905056660897007
4.047526018994474 -0.04792904448612496
4.053667940115862 -0.04696890536799803
4.05980986123725 -0.04617149269993519
4.0659517823586375 -0.045537387887852186
4.072093703480025 -0.04506641324943974
4.078235624601413 -0.044757639814030865
4.0843775457228 -0.04460939983978443
4.090519466844188 -0.044619303869366814
4.096661387965575 -0.04478426210125351
4.102803309086964 -0.04510050981380678
4.108945230208351 -0.04556363654400571
4.115087151329739 -0.046168618692605835
4.1212290724511265 -0.0469098552029648
4.127370993572514 -0.04778120594206715
4.133512914693902 -0.04877603239954293
4.139654835815289 -0.04988724031373556
4.145796756936677 -0.051107323833028864
4.151938678058065 -0.05242841082547131
4.158080599179453 -0.053842308959905216
4.16422252030084 -0.055340552196892705
4.170364441422228 -0.05691444734719883
4.176506362543615 -0.05855512037885208
4.182648283665003 -0.060253562180185745
4.1887902047863905 -0.06200067351507573
4.194932125907778 -0.06378730893709104
4.201074047029166 -0.06560431946072622
4.207215968150554 -0.0674425938195593
4.213357889271942 -0.06929309817236921
4.219499810393329 -0.0711469141482996
4.225641731514717 -0.07299527515043373
4.231783652636104 -0.0748296008631679
4.237925573757492 -0.07664152993202791
4.2440674948788795 -0.07842295080473258
4.250209416000267 -0.0801660307390876
4.2563513371216555 -0.08186324299652681
4.262493258243043 -0.0835073922497259
4.268635179364431 -0.08509163823873107
4.274777100485818 -0.08660951771257694
4.280919021607206 -0.08805496469264891
4.287060942728593 -0.08942232909032695
4.293202863849981 -0.09070639370511455
4.299344784971368 -0.09190238962091465
4.305486706092757 -0.09300601000782237
4.311628627214144 -0.09401342232526148
4.317770548335532 -0.09492127891001614
4.3239124694569195 -0.09572672592022129
4.330054390578307 -0.09642741059419568
4.336196311699695 -0.09702148677163107
4.342338232821082 -0.09750761861456358
4.34848015394247 -0.09788498245718469
4.354622075063858 -0.09815326670727899
4.360763996185246 -0.09831266971824461
4.366905917306633 -0.09836389554952849
4.373047838428021 -0.09830814753508381
4.3791897595494085 -0.09814711958428712
4.385331680670796 -0.0978829851476824
4.391473601792184 -0.09751838379095266
4.397615522913571 -0.097056405334573
4.40375744403496 -0.09650057153353098
4.409899365156347 -0.09585481529109707
4.416041286277735 -0.0951234574226256
4.422183207399122 -0.09431118100942794
4.42832512852051 -0.09342300340853092
4.434467049641897 -0.0924642460111793
4.440608970763285 -0.09144050187082518
4.4467508918846725 -0.09035760134958958
4.452892813006061 -0.0892215759602861
4.4590347341274486 -0.08803862060856174
4.465176655248836 -0.08681505446602751
4.471318576370224 -0.08555728072992473
4.477460497491611 -0.08427174554741738
4.483602418612999 -0.08296489640255986
4.489744339734386 -0.0816431402809358
4.495886260855774 -0.08031280194051373
4.5020281819771615 -0.07898008262707959
4.50817010309855 -0.07765101957840702
4.5143120242199375 -0.07633144666288791
4.520453945341325 -0.07502695649551623
4.526595866462713 -0.07374286436681643
4.5327377875841 -0.07248417430851951
4.538879708705488 -0.07125554760358879
4.545021629826875 -0.07006127402772298
4.551163550948263 -0.06890524608494289
4.557305472069651 -0.06779093647159248
4.563447393191039 -0.06672137897142377
4.569589314312426 -0.06569915294982104
4.575731235433814 -0.06472637157814795
4.5818731565552016 -0.06380467388020886
4.588015077676589 -0.06293522065249418
4.594156998797977 -0.062118694268842645
4.600298919919364 -0.06135530233903556
4.606440841040753 -0.06064478515028298
4.61258276216214 -0.059986426781205686
4.618724683283528 -0.05937906974037641
4.624866604404915 -0.058821132946346256
4.631008525526303 -0.05831063283388303
4.6371504466476905 -0.05784520734237874
4.643292367769078 -0.057422142517452694
4.649434288890466 -0.05703840143603041
4.655576210011854 -0.056690655148868854
4.661718131133242 -0.05637531532279466
4.667860052254629 -0.056088568257894454
4.674001973376017 -0.05582640995252475
4.680143894497404 -0.05558468189117746
4.686285815618792 -0.05535910723674118
4.692427736740179 -0.05514532711924649
4.698569657861567 -0.05493893672741145
4.7047115789829554 -0.05473552092677618
4.710853500104343 -0.054530689148443764
4.716995421225731 -0.054320109314898085
4.723137342347118 -0.0540995405934854
4.729279263468506 -0.053864864793349995
4.735421184589893 -0.05361211624732901
4.741563105711281 -0.05333751004597546
4.747705026832668 -0.05303746851595677
4.753846947954056 -0.05270864585907487
4.759988869075444 -0.05234795089063047
4.766130790196832 -0.051952567836427446
4.7722727113182195 -0.0515199751660715
4.778414632439607 -0.05104796245612348
4.784556553560995 -0.050534645289962786
4.790698474682382 -0.04997847821182269
4.79684039580377 -0.049378265760376364
4.802982316925157 -0.04873317161255707
4.809124238046546 -0.04804272587113494
4.815266159167933 -0.047306830530159424
4.821408080289321 -0.0465257631509771
4.8275500014107084 -0.0457001787784662
4.833691922532096 -0.04483111012274162
4.839833843653484 -0.04391996602625692
4.845975764774871 -0.04296852823035272
4.852117685896259 -0.04197894644927095
4.858259607017647 -0.0409537317538594
4.864401528139035 -0.03989574826200191
4.870543449260422 -0.03880820312856889
4.87668537038181 -0.03769463482470393
4.882827291503197 -0.036558899694807155
4.888969212624585 -0.03540515677986906
4.8951111337459725 -0.03423785089801414
4.90125305486736 -0.03306169397734805
4.9073949759887485 -0.03188164464251843
4.913536897110136 -0.030702886064801333
4.919678818231524 -0.029530802095954246
4.925820739352911 -0.028370951718429026
4.931962660474299 -0.027229041858650414
4.938104581595686 -0.026110898625739485
4.944246502717074 -0.02502243705505124
4.9503884238384614 -0.023969629453921622
4.95653034495985 -0.022958472465776873
4.9626722660812375 -0.021994952987915952
4.968814187202625 -0.021085013097491022
4.974956108324013 -0.020234514159126415
4.9810980294454 -0.019449200305877854
4.987239950566788 -0.018734661502487853
4.993381871688175 -0.01809629641579831
4.999523792809563 -0.017539275331412245
5.00566571393095 -0.01706850336794896
5.011807635052339 -0.0166885842502338
5.017949556173726 -0.01640378491025921
5.024091477295114 -0.016218001189541618
5.0302333984165015 -0.016134724918401185
5.036375319537889 -0.01615701264658879
5.042517240659277 -0.016287456295486512
5.048659161780664 -0.016528155994780042
5.054801082902052 -0.016880695356050954
5.06094300402344 -0.017346119422221976
5.067084925144828 -0.017924915515311904
5.073226846266215 -0.018616997185674094
5.079368767387603 -0.019421691443979334
5.0855106885089905 -0.020337729432925004
5.091652609630378 -0.021363240669252295
5.097794530751766 -0.02249575095845624
5.103936451873153 -0.02373218405491148
5.110078372994542 -0.02506886710937371
5.116220294115929 -0.026501539914330446
5.122362215237317 -0.02802536792586287
5.128504136358704 -0.02963495900893178
5.134646057480092 -0.03132438382173621
5.140787978601479 -0.03308719972437619
5.146929899722867 -0.034916478067881306
5.1530718208442545 -0.03680483469209355
5.159213741965643 -0.03874446343524599
5.1653556630870305 -0.04072717243465515
5.171497584208418 -0.04274442297701044
5.177639505329806 -0.04478737063850931
5.183781426451193 -0.04684690843972937
5.189923347572581 -0.04891371172776588
5.196065268693968 -0.05097828448887625
5.202207189815356 -0.05303100678867681
5.208349110936744 -0.055062183033806146
5.214491032058132 -0.057062090748825
5.2206329531795195 -0.05902102956485323
5.226774874300907 -0.060929370121858804
5.232916795422295 -0.0627776025944388
5.239058716543682 -0.06455638456111133
5.24520063766507 -0.06625658794931504
5.251342558786457 -0.06786934480220434
5.257484479907845 -0.0693860916286396
5.263626401029233 -0.07079861211419915
5.269768322150621 -0.07209907798828045
5.275910243272008 -0.07328008786011776
5.282052164393396 -0.07433470385453853
5.2881940855147835 -0.0752564858962592
5.294336006636171 -0.07603952350922873
5.300477927757559 -0.07667846501477048
5.306619848878946 -0.07716854402886902
5.312761770000335 -0.0775056031747521
5.318903691121722 -0.07768611494182866
5.32504561224311 -0.07770719963598927
5.331187533364497 -0.0775666403792216
5.337329454485885 -0.07726289512844228
5.3434713756072725 -0.07679510569442934
5.34961329672866 -0.07616310375181863
5.355755217850048 -0.0753674138403887
5.361897138971436 -0.0744092533664103
5.368039060092824 -0.07329052962080103
5.374180981214211 -0.07201383383833872
5.380322902335599 -0.07058243232938777
5.386464823456986 -0.06900025472262378
5.392606744578374 -0.06727187936424349
5.398748665699761 -0.06540251592623975
5.404890586821149 -0.06339798528363513
5.411032507942537 -0.061264696728194484
5.417174429063925 -0.059009622594152246
5.4233163501853126 -0.056640270379966315
5.4294582713067 -0.05416465245907884
5.435600192428088 -0.05159125348211182
5.441742113549475 -0.04892899558287735
5.447884034670863 -0.04618720151095615
5.45402595579225 -0.04337555582434869
5.460167876913639 -0.04050406428674076
5.466309798035026 -0.03758301162511701
5.472451719156414 -0.03462291781469453
5.4785936402778015 -0.03163449306928384
5.484735561399189 -0.02862859172601802
5.490877482520577 -0.02561616522381262
5.497019403641964 -0.022608214384704166
5.503161324763352 -0.01961574121619259
5.509303245884739 -0.01664970046073218
5.515445167006128 -0.01372095112536698
5.521587088127515 -0.01084020823005409
5.527729009248903 -0.008017995017299988
5.53387093037029 -0.005264595868219936
5.540012851491678 -0.0025900101709016494
5.5461547726130656 -3.907385927878925e-06
5.552296693734453 0.002484416449003451
5.558438614855841 0.004866080538238607
5.564580535977229 0.007132659240742584
5.570722457098617 0.009276219854408818
5.576864378220004 0.01128935806098368
5.583006299341392 0.013165230832854497
5.589148220462779 0.014897586617060232
5.595290141584167 0.01648079262756862
5.6014320627055545 0.017909859094022935
5.607573983826942 0.019180460333605855
5.6137159049483305 0.020288952532218796
5.619857826069718 0.021232388141642237
5.625999747191106 0.02200852682050283
5.632141668312493 0.022615842868514112
5.638283589433881 0.023053529125364326
5.644425510555268 0.023321497327556232
5.650567431676656 0.023420374938257868
5.656709352798043 0.023351498486578137
5.662851273919432 0.023116903473438224
5.668993195040819 0.022719310921183043
5.675135116162207 0.022162110663095674
5.681277037283595 0.021449341486891954
5.687418958404982 0.020585668262954753
5.69356087952637 0.019576356203410174
5.699702800647757 0.018427242412076005
5.705844721769145 0.017144704897757185
5.711986642890533 0.0157356292343065
5.718128564011921 0.014207373060293106
5.724270485133308 0.012567728619027854
5.730412406254696 0.010824883546147445
5.7365543273760835 0.008987380116971934
5.742696248497471 0.007064073169506497
5.748838169618859 0.0050640869213433954
5.754980090740246 0.0029967708999000843
5.761122011861635 0.0008716552055126597
5.767263932983022 -0.0013015946740086194
5.77340585410441 -0.003513223280597894
5.779547775225797 -0.005753430620784586
5.785689696347185 -0.008012417407407164
5.7918316174685724 -0.010280429901425834
5.79797353858996 -0.012547804151633994
5.804115459711348 -0.014805009435140742
5.810257380832735 -0.01704269070702905
5.816399301954124 -0.019251709873517188
5.822541223075511 -0.021423185709271646
5.828683144196899 -0.023548532246194284
5.834825065318286 -0.025619495468039533
5.840966986439674 -0.027628188152606932
5.847108907561061 -0.02956712271101494
5.853250828682449 -0.03142924188169898
5.8593927498038365 -0.033207947145337674
5.865534670925225 -0.03489712473588573
5.8716765920466125 -0.03649116913233231
5.877818513168 -0.037985003925742354
5.883960434289388 -0.039374099966555214
5.890102355410775 -0.040654490708086334
5.896244276532163 -0.041822784673681244
5.90238619765355 -0.04287617498701684
5.908528118774938 -0.043812445917649295
5.914670039896326 -0.04462997640704822
5.920811961017714 -0.045327740554011606
5.9269538821391015 -0.04590530505252021
5.933095803260489 -0.04636282358968565
5.939237724381877 -0.046701028226466754
5.945379645503264 -0.04692121779918952
5.951521566624652 -0.04702524339554186
5.957663487746039 -0.04701549097455462
5.963805408867428 -0.04689486121603723
5.969947329988815 -0.046666746700903976
5.976089251110203 -0.04633500653971722
5.98223117223159 -0.04590393858246525
5.988373093352978 -0.0453782493579744
5.9945150144743655 -0.04476302190630352
6.000656935595753 -0.04406368168185875
6.006798856717141 -0.043285960718667395
6.012940777838529 -0.04243586026213077
6.019082698959917 -0.04151961208350302
6.025224620081304 -0.040543638704184586
6.031366541202692 -0.03951451276654262
6.037508462324079 -0.03843891579625025
6.043650383445467 -0.037323596607947894
6.0497923045668545 -0.036175329611255476
6.055934225688242 -0.03500087327769949
6.06207614680963 -0.0338069290308633
6.068218067931018 -0.03260010082193803
6.074359989052406 -0.031386855650779644
6.080501910173793 -0.030173485288499266
6.086643831295181 -0.02896606945151343
6.092785752416568 -0.02777044066882306
6.098927673537956 -0.026592151074094742
6.105069594659343 -0.025436441341915722
6.111211515780731 -0.02430821197343681
6.117353436902119 -0.0232119971205848
6.123495358023507 -0.02215194112023471
6.1296372791448945 -0.021131777890302312
6.135779200266282 -0.02015481331881598
6.14192112138767 -0.01922391075483036
6.148063042509057 -0.01834147968675877
6.154204963630445 -0.01750946766954768
6.160346884751832 -0.016729355537339778
6.166488805873221 -0.0160021559131175
6.172630726994608 -0.015328415001562951
6.178772648115996 -0.014708217626270703
6.1849145692373835 -0.01414119544778624
6.191056490358771 -0.013626538274979106
6.197198411480159 -0.013163008359260429
6.203340332601546 -0.01274895753935994
6.209482253722934 -0.012382347084029554
6.215624174844322 -0.012060770061338263
6.22176609596571 -0.011781476046357885
6.227908017087097 -0.011541397964164637
6.234049938208485 -0.011337180852323254
6.240191859329872 -0.01116521231646978
6.24633378045126 -0.011021654444325329
6.2524757015726475 -0.010902476937473484
6.258617622694035 -0.010803491216512319
6.2647595438154235 -0.010720385253696311
6.270901464936811 -0.01064875888783525
6.277043386058199 -0.010584159378910853
