time TPR_both_A_closed_1_rho23_real
0.0 0.0
0.00614192112138767 2.9198164600902995e-09
0.01228384224277534 4.661203376333735e-08
0.01842576336416301 2.3509216726665997e-07
0.02456768448555068 7.391257966583887e-07
0.030709605606938348 1.7923927167417777e-06
0.03685152672832602 3.68622475052466e-06
0.042993447849713685 6.7630225979506446e-06
0.04913536897110136 1.1408483508782787e-05
0.05527729009248903 1.8042795324538e-05
0.061419211213876695 2.7110973059811844e-05
0.06756113233526437 3.907253128230782e-05
0.07370305345665204 5.439069877265221e-05
0.07984497457803971 7.352139105004321e-05
0.08598689569942737 9.690216117397097e-05
0.09212881682081504 0.00012494134969977881
0.09827073794220272 0.00015800765078944682
0.10441265906359039 0.00019642030335855263
0.11055458018497806 0.000240440103959616
0.11669650130636572 0.0002902614221234509
0.12283842242775339 0.0003460053794383524
0.12898034354914106 0.0004077143311407141
0.13512226467052874 0.0004753477638737987
0.1412641857919164 0.0005487796960426704
0.14740610691330408 0.0006277976383859377
0.15354802803469175 0.0007121031425554683
0.15968994915607942 0.0008013139352124547
0.16583187027746707 0.0008949676049821193
0.17197379139885474 0.0009925267801206648
0.17811571252024241 0.001093385706477906
0.1842576336416301 0.0011968781087997237
0.19039955476301776 0.001302286194080959
0.19654147588440543 0.0014088506339816963
0.2026833970057931 0.0015157813446367437
0.20882531812718078 0.0016222688668414383
0.21496723924856845 0.0017274961378477098
0.22110916036995612 0.0018306504380495648
0.2272510814913438 0.001930935291807674
0.23339300261273144 0.00202758210162256
0.2395349237341191 0.0021198612988120023
0.24567684485550678 0.002207092801711993
0.25181876597689445 0.0022886555840691846
0.2579606870982821 0.0023639961715324676
0.2641026082196698 0.0024326359027303755
0.27024452934105747 0.002494176813034336
0.27638645046244514 0.0025483060234009975
0.2825283715838328 0.002594798543262113
0.2886702927052205 0.0026335184248517576
0.29481221382660816 0.002664418236160001
0.30095413494799583 0.0026875368503863893
0.3070960560693835 0.0027029955808235556
0.3132379771907712 0.0027109927210078114
0.31937989831215885 0.0027117965802019224
0.3255218194335465 0.0027057371333016338
0.33166374055493414 0.0026931964315687314
0.3378056616763218 0.0026745979456958818
0.3439475827977095 0.0026503950351347847
0.35008950391909716 0.0026210587569368655
0.35623142504048483 0.0025870652431741613
0.3623733461618725 0.002548882887985973
0.3685152672832602 0.0025069595931492754
0.37465718840464785 0.002461710324575301
0.3807991095260355 0.002413505231136765
0.3869410306474232 0.0023626585716486665
0.39308295176881086 0.002309418685655983
0.39922487289019853 0.0022539592289991853
0.4053667940115862 0.0021963718760895845
0.4115087151329739 0.0021366606676687825
0.41765063625436155 0.002074738155867511
0.4237925573757492 0.00201042346801358
0.4299344784971369 0.0019434423773339597
0.43607639961852457 0.0018734294329861496
0.44221832073991224 0.0017999321643320763
0.4483602418612999 0.0017224173356768372
0.4545021629826876 0.001640279188517297
0.4606440841040752 0.0015528495693922153
0.4667860052254629 0.0014594098034217307
0.47292792634685055 0.001359204137296705
0.4790698474682382 0.001251454541542206
0.4852117685896259 0.0011353766310218702
0.49135368971101356 0.0010101964355177355
0.49749561083240124 0.000875167729404909
0.5036375319537889 0.000729589611465764
0.5097794530751766 0.000572824013197487
0.5159213741965643 0.0004043128069123127
0.5220632953179519 0.00022359418376403229
0.5282052164393396 3.0317976702736668e-05
0.5343471375607273 -0.00017574038570461456
0.5404890586821149 -0.000394667591729355
0.5466309798035026 -0.0006264020996446302
0.5527729009248903 -0.0008707259778437513
0.558914822046278 -0.0011272591449159827
0.5650567431676656 -0.0013954561849026318
0.5711986642890533 -0.001674605871255497
0.577340585410441 -0.0019638334880948422
0.5834825065318286 -0.002262105989981288
0.5896244276532163 -0.0025682399923963547
0.595766348774604 -0.0028809125353304885
0.6019082698959917 -0.003198674512688599
0.6080501910173793 -0.003519966611531412
0.614192112138767 -0.0038431375583552287
0.6203340332601547 -0.004166464425524924
0.6264759543815424 -0.0044881747104236714
0.63261787550293 -0.0048064698636181465
0.6387597966243177 -0.0051195499110380386
0.6449017177457054 -0.005425638789427134
0.651043638867093 -0.00572300999463941
0.6571855599884806 -0.006010012129122529
0.6633274811098683 -0.006285093928438913
0.669469402231256 -0.006546828347092853
0.6756113233526436 -0.006793935291314506
0.6817532444740313 -0.007025302600737903
0.687895165595419 -0.007240004901922059
0.6940370867168066 -0.007437319984114788
0.7001790078381943 -0.007616742381154565
0.706320928959582 -0.00777799388245517
0.7124628500809697 -0.007921030740040002
0.7186047712023573 -0.008046047386927017
0.724746692323745 -0.008153476534082042
0.7308886134451327 -0.008243985567870765
0.7370305345665203 -0.008318469226617041
0.743172455687908 -0.008378038592653583
0.7493143768092957 -0.00842400649424793
0.7554562979306834 -0.00845786946911297
0.761598219052071 -0.008481286496984578
0.7677401401734587 -0.008496054762105501
0.7738820612948464 -0.008504082756562455
0.780023982416234 -0.008507361081492337
0.7861659035376217 -0.008507931344467834
0.7923078246590094 -0.008507853587220443
0.7984497457803971 -0.00850917270766142
0.8045916669017847 -0.008513884363402242
0.8107335880231724 -0.008523900860229078
0.8168755091445601 -0.0085410175379207
0.8230174302659478 -0.008566880167188318
0.8291593513873354 -0.008602953865237952
0.8353012725087231 -0.008650494023499938
0.8414431936301108 -0.008710519719536548
0.8475851147514984 -0.008783790056241267
0.8537270358728861 -0.008870783835506078
0.8598689569942738 -0.008971682930991192
0.8660108781156615 -0.009086359676024475
0.8721527992370491 -0.009214368528624681
0.8782947203584368 -0.00935494221691695
0.8844366414798245 -0.009506992505606514
0.8905785626012122 -0.009669115658589
0.8967204837225998 -0.009839602605154608
0.9028624048439875 -0.010016453748591645
0.9090043259653752 -0.01019739828734689
0.9151462470867628 -0.010379917851312358
0.9212881682081504 -0.01056127419033518
0.9274300893295381 -0.010738540589732695
0.9335720104509257 -0.010908636629447722
0.9397139315723134 -0.011068365850456938
0.9458558526937011 -0.01121445584504199
0.9519977738150888 -0.011343600247354781
0.9581396949364764 -0.011452502068062666
0.9642816160578641 -0.011537917792340736
0.9704235371792518 -0.011596701644552329
0.9765654583006395 -0.011625849415955946
0.9827073794220271 -0.011622541253879947
0.9888493005434148 -0.011584182822048601
0.9949912216648025 -0.011508444262003198
1.0011331427861903 -0.01139329641456388
1.0072750639075778 -0.01123704379759682
1.0134169850289656 -0.011038353881413603
1.0195589061503532 -0.010796282255234676
1.025700827271741 -0.010510293336455647
1.0318427483931285 -0.01018027633803984
1.0379846695145163 -0.009806556277172558
1.0441265906359039 -0.009389899879265848
1.0502685117572914 -0.008931516304318586
1.0564104328786792 -0.008433052696343622
1.0625523540000668 -0.007896584629854203
1.0686942751214545 -0.007324601599078168
1.074836196242842 -0.00671998776448511
1.0809781173642299 -0.006085998236263993
1.0871200384856174 -0.005426231234565191
1.0932619596070052 -0.0047445965206786775
1.0994038807283928 -0.004045280541054195
1.1055458018497806 -0.0033327087664673876
1.1116877229711681 -0.002611505741153409
1.117829644092556 -0.0018864533809274094
1.1239715652139435 -0.001162448074938484
1.1301134863353313 -0.000444457152616037
1.1362554074567188 0.00026252472438611184
1.1423973285781066 0.0009535186957121887
1.1485392496994942 0.0016236038302096774
1.154681170820882 0.0022679577433484914
1.1608230919422695 0.0028818952326803513
1.1669650130636573 0.003460904499793505
1.1731069341850449 0.00400068057289926
1.1792488553064326 0.004497155594805154
1.1853907764278202 0.004946525695665286
1.191532697549208 0.005345274227631717
1.1976746186705955 0.005690191198370097
1.2038165397919833 0.00597838880139009
1.209958460913371 0.006207313002278269
1.2161003820347587 0.0063747512002753385
1.2222423031561462 0.006478836043265685
1.228384224277534 0.006518045530293791
1.2345261453989216 0.00649119958834856
1.2406680665203094 0.006397453358638084
1.246809987641697 0.006236287471219178
1.2529519087630847 0.006007495625083661
1.2590938298844723 0.005711169823116348
1.26523575100586 0.005347683637348938
1.2713776721272476 0.004917673899307917
1.2775195932486354 0.004422021222812868
1.283661514370023 0.0038618297721904073
1.2898034354914107 0.00323840668754604
1.2959453566127983 0.002553241570546225
1.302087277734186 0.0018079864193156657
1.3082291988555736 0.0010044363798035136
1.3143711199769612 0.00014451165370718146
1.320513041098349 -0.0007697591298097846
1.3266549622197366 -0.0017362538092603114
1.3327968833411243 -0.0027527696258313537
1.338938804462512 -0.0038170340173545366
1.3450807255838997 -0.004926713139535693
1.3512226467052872 -0.006079418034187396
1.357364567826675 -0.007272708417115543
1.3635064889480626 -0.008504094111842327
1.3696484100694504 -0.009771034208609733
1.375790331190838 -0.011070934080242085
1.3819322523122257 -0.012401140436551284
1.3880741734336133 -0.013758934646201015
1.394216094555001 -0.015141524598445226
1.4003580156763886 -0.01654603541614464
1.4064999367977764 -0.017969499365174044
1.412641857919164 -0.019408845333107695
1.4187837790405518 -0.020860888271284725
1.4249257001619393 -0.022322319008532404
1.431067621283327 -0.023789694851529573
1.4372095424047147 -0.02525943138576924
1.4433514635261024 -0.02672779588213416
1.44949338464749 -0.02819090269723219
1.4556353057688778 -0.029644711030924375
1.4617772268902653 -0.03108502537219874
1.4679191480116531 -0.032507498925052516
1.4740610691330407 -0.03390764025990731
1.4802029902544285 -0.03528082338392782
1.486344911375816 -0.03662230136626705
1.4924868324972038 -0.03792722359259779
1.4986287536185914 -0.03919065665835122
1.5047706747399792 -0.040407608842936996
1.5109125958613667 -0.04157305803906065
1.5170545169827545 -0.04268198294326486
1.523196438104142 -0.043729397247270804
1.5293383592255299 -0.0447103865057893
1.5354802803469174 -0.0456201472964575
1.5416222014683052 -0.046454028232566384
1.5477641225896928 -0.04720757234040692
1.5539060437110805 -0.047876560271339706
1.560047964832468 -0.04845705378500058
1.5661898859538559 -0.048945438915098824
1.5723318070752434 -0.049338468213671896
1.578473728196631 -0.049633301463812646
1.5846156493180188 -0.04982754425506301
1.5907575704394064 -0.0499192838298971
1.5968994915607941 -0.049907121633885866
1.6030414126821817 -0.049790202035933456
1.6091833338035695 -0.049568236727883346
1.615325254924957 -0.049241524364182256
1.6214671760463448 -0.04881096506129805
1.6276090971677324 -0.04827806944229452
1.6337510182891202 -0.047644961983243
1.6398929394105077 -0.04691437849386245
1.6460348605318955 -0.046089657643619476
1.652176781653283 -0.04517472652522861
1.6583187027746709 -0.044174080328691315
1.6644606238960584 -0.04309275627941593
1.6706025450174462 -0.041936302072219496
1.6767444661388338 -0.040710739107922354
1.6828863872602216 -0.039422520909579165
1.6890283083816091 -0.0380784871601116
1.695170229502997 -0.03668581386119455
1.7013121506243845 -0.03525196016390632
1.7074540717457722 -0.033784612464125056
1.7135959928671598 -0.032291626389431734
1.7197379139885476 -0.03078096732890884
1.7258798351099351 -0.02926065017250767
1.732021756231323 -0.027738678932445474
1.7381636773527105 -0.02622298691550535
1.7443055984740983 -0.024721378102289228
1.7504475195954858 -0.023241470367819646
1.7565894407168736 -0.021790641147807457
1.7627313618382612 -0.020375976117039632
1.768873282959649 -0.019004221401320662
1.7750152040810365 -0.017681739793048393
1.7811571252024243 -0.01641447138360358
1.7872990463238119 -0.0152078989642382
1.7934409674451997 -0.014067018481939446
1.7995828885665872 -0.012996314768848386
1.805724809687975 -0.011999742694144258
1.8118667308093626 -0.011080713816896248
1.8180086519307503 -0.010242088548147451
1.824150573052138 -0.00948617376141307
1.8302924941735257 -0.008814725723701185
1.8364344152949132 -0.008228958155001666
1.8425763364163008 -0.007729555163687881
1.8487182575376886 -0.007316688749228169
1.8548601786590762 -0.006990040512630737
1.861002099780464 -0.0067488271697790855
1.8671440209018515 -0.006591829423767104
1.8732859420232393 -0.0065174237199243906
1.8794278631446268 -0.0065236163818321044
1.8855697842660146 -0.006608079608467664
1.8917117053874022 -0.006768188801918511
1.89785362650879 -0.007001060691881387
1.9039955476301775 -0.007303591727465205
1.9101374687515653 -0.007672496218466303
1.9162793898729529 -0.008104343727146336
1.9224213109943407 -0.008595595237255267
1.9285632321157282 -0.009142637659282063
1.934705153237116 -0.009741816269146922
1.9408470743585036 -0.010389464721275492
1.9469889954798913 -0.01108193232552035
1.953130916601279 -0.011815608330068367
1.9592728377226667 -0.012586943008460794
1.9654147588440543 -0.013392465407384249
1.971556679965442 -0.014228797672026026
1.9776986010868296 -0.015092665926674463
1.9838405222082174 -0.015980907748882597
1.989982443329605 -0.016890476335017442
1.9961243644509927 -0.017818441512377645
2.0022662855723805 -0.018761987807418095
2.008408206693768 -0.019718409830015264
2.0145501278151556 -0.02068510527935197
2.020692048936543 -0.021659565917082364
2.026833970057931 -0.02263936688726351
2.0329758911793188 -0.0236221547895194
2.0391178123007063 -0.02460563493150002
2.045259733422094 -0.025587558198586925
2.051401654543482 -0.02656570798264453
2.0575435756648695 -0.027537887607381913
2.063685496786257 -0.02850190867552057
2.0698274179076446 -0.029455580742688968
2.0759693390290326 -0.030396702695010148
2.08211126015042 -0.03132305617223275
2.0882531812718077 -0.032232401336483474
2.0943951023931953 -0.03312247523905385
2.100537023514583 -0.03399099298481985
2.106678944635971 -0.03483565183689474
2.1128208657573584 -0.03565413834390091
2.118962786878746 -0.036444138509856325
2.1251047080001335 -0.03720335096326257
2.1312466291215215 -0.0379295030186022
2.137388550242909 -0.03862036946131381
2.1435304713642966 -0.03927379382745542
2.149672392485684 -0.03988771189283759
2.155814313607072 -0.04046017703433793
2.1619562347284598 -0.040989387079416004
2.1680981558498473 -0.04147371221930851
2.174240076971235 -0.041911723527790275
2.180381998092623 -0.042302221601277695
2.1865239192140105 -0.04264426481797169
2.192665840335398 -0.042937196703958125
2.1988077614567856 -0.043180671892959044
2.2049496825781736 -0.04337468017372387
2.211091603699561 -0.04351956813483595
2.2172335248209487 -0.043616057940678646
2.2233754459423363 -0.04366526280413663
2.2295173670637243 -0.0436686987607238
2.235659288185112 -0.04362829239468229
2.2418012093064994 -0.04354638421939429
2.247943130427887 -0.04342572747145416
2.254085051549275 -0.043269482138988596
2.2602269726706625 -0.04308120410944065
2.26636889379205 -0.04286482938898688
2.2725108149134376 -0.04262465341411741
2.2786527360348257 -0.04236530554457211
2.284794657156213 -0.04209171889488622
2.2909365782776008 -0.041809095728196854
2.2970784993989883 -0.04152286869983684
2.3032204205203763 -0.041238658298617385
2.309362341641764 -0.040962226889832115
2.3155042627631515 -0.04069942981506891
2.321646183884539 -0.04045616404928899
2.327788105005927 -0.04023831495464281
2.3339300261273146 -0.040051701702725824
2.340071947248702 -0.03990202196194767
2.3462138683700897 -0.039794796464165956
2.3523557894914777 -0.03973531407441791
2.3584977106128653 -0.03972857798945164
2.364639631734253 -0.03977925368471911
2.3707815528556404 -0.03989161921571165
2.376923473977028 -0.04006951845808383
2.383065395098416 -0.04031631784227727
2.3892073162198035 -0.04063486710263138
2.395349237341191 -0.04102746451868874
2.4014911584625787 -0.04149582707814217
2.4076330795839667 -0.04204106593712326
2.4137750007053542 -0.04266366749505
2.419916921826742 -0.04336348033865523
2.4260588429481293 -0.044139708243956105
2.4322007640695174 -0.04499090935650107
2.438342685190905 -0.045915001600175545
2.4444846063122925 -0.04690927429393893
2.45062652743368 -0.04797040588505634
2.456768448555068 -0.04909448763746554
2.4629103696764556 -0.0502770530458481
2.469052290797843 -0.05151311268052694
2.4751942119192307 -0.05279719410639845
2.4813361330406187 -0.0541233864614253
2.4874780541620063 -0.05548538922759481
2.493619975283394 -0.0568765646802876
2.4997618964047814 -0.058289993461391486
2.5059038175261694 -0.05971853268766953
2.512045738647557 -0.06115487597938896
2.5181876597689445 -0.06259161477528925
2.524329580890332 -0.06402130028894665
2.53047150201172 -0.06543650545850715
2.5366134231331077 -0.0668298862467317
2.5427553442544952 -0.06819424166114574
2.548897265375883 -0.06952257188468566
2.555039186497271 -0.07080813393517928
2.5611811076186584 -0.07204449430694848
2.567323028740046 -0.07322557808917639
2.5734649498614335 -0.0743457141028965
2.5796068709828215 -0.07539967565074149
2.585748792104209 -0.07638271653025085
2.5918907132255966 -0.0772906020216642
2.598032634346984 -0.07811963462391551
2.604174555468372 -0.0788666743769926
2.6103164765897597 -0.0795291536740996
2.6164583977111473 -0.08010508653214755
2.622600318832535 -0.08059307235317298
2.6287422399539224 -0.08099229427137741
2.6348841610753104 -0.081302512239842
2.641026082196698 -0.08152405106678429
2.6471680033180855 -0.08165778366278562
2.653309924439473 -0.0817051098071694
2.659451845560861 -0.08166793078303938
2.6655937666822487 -0.08154862026606816
2.6717356878036362 -0.08134999188155866
2.677877608925024 -0.08107526386745667
2.684019530046412 -0.08072802129767885
2.6901614511677994 -0.08031217633043318
2.696303372289187 -0.07983192695017632
2.7024452934105745 -0.07929171466976134
2.7085872145319625 -0.0786961816513821
2.71472913565335 -0.0780501276915876
2.7208710567747376 -0.07735846749728657
2.727012977896125 -0.07662618865688277
2.733154899017513 -0.07585831068393194
2.7392968201389007 -0.0750598454806859
2.7454387412602883 -0.07423575953611374
2.751580662381676 -0.07339093813818295
2.757722583503064 -0.07253015184386757
2.7638645046244514 -0.0716580254132439
2.770006425745839 -0.07077900937663857
2.7761483468672266 -0.06989735436675934
2.7822902679886146 -0.06901708831148196
2.788432189110002 -0.0681419965480643
2.7945741102313897 -0.06727560488633524
2.8007160313527772 -0.06642116561732034
2.8068579524741653 -0.06558164643500781
2.812999873595553 -0.06475972221287705
2.8191417947169404 -0.06395776955348564
2.825283715838328 -0.06317786400905283
2.831425636959716 -0.06242177985352989
2.8375675580811035 -0.06169099227221997
2.843709479202491 -0.06098668182344989
2.8498514003238786 -0.060309741018097024
2.8559933214452666 -0.05966078285667984
2.862135242566654 -0.059040151160154965
2.8682771636880418 -0.05844793252922016
2.8744190848094293 -0.05788396976764917
2.8805610059308173 -0.057347876607622875
2.886702927052205 -0.05683905357899812
2.8928448481735924 -0.05635670486961018
2.89898676929498 -0.05589985602983797
2.9051286904163676 -0.05546737238141356
2.9112706115377556 -0.05505797799764381
2.917412532659143 -0.05467027512954887
2.9235544537805307 -0.05430276395966228
2.9296963749019183 -0.0539538625722502
2.9358382960233063 -0.053621927035212326
2.941980217144694 -0.05330527149487588
2.9481221382660814 -0.0530021881900896
2.954264059387469 -0.05271096729646343
2.960405980508857 -0.05242991651513156
2.9665479016302445 -0.05215738032313096
2.972689822751632 -0.05189175880429843
2.9788317438730196 -0.05163152598064806
2.9849736649944076 -0.05137524756445566
2.991115586115795 -0.051121598050966006
2.9972575072371828 -0.050869377070780895
3.0033994283585703 -0.05061752491982661
3.0095413494799583 -0.050365137183393915
3.015683270601346 -0.05011147836937959
3.0218251917227335 -0.04985599446463128
3.027967112844121 -0.04959832432747907
3.034109033965509 -0.04933830982922914
3.0402509550868966 -0.049076004657868356
3.046392876208284 -0.04881168169857204
3.0525347973296717 -0.04854583890806878
3.0586767184510597 -0.048279203603523654
3.0648186395724473 -0.04801273509157728
3.070960560693835 -0.04774762556951
3.0771024818152224 -0.047485299238340495
3.0832444029366104 -0.047227409576930786
3.089386324057998 -0.04697583473694724
3.0955282451793855 -0.04673267103068406
3.101670166300773 -0.04650022449729504
3.107812087422161 -0.04628100054768779
3.1139540085435486 -0.046077691704160664
3.120095929664936 -0.0458931634675381
3.1262378507863238 -0.04573043836196617
3.1323797719077118 -0.04559267822533657
3.1385216930290993 -0.04548316483136285
3.144663614150487 -0.0454052789472855
3.1508055352718745 -0.04536247794884722
3.156947456393262 -0.045358272131180606
3.16308937751465 -0.04539619987040533
3.1692312986360376 -0.04547980180571782
3.175373219757425 -0.045612594225323835
3.1815151408788127 -0.04579804185152619
3.1876570620002007 -0.04603953023034162
3.1937989831215883 -0.04634033793908918
3.199940904242976 -0.046703608831233916
3.2060828253643634 -0.04713232454134794
3.2122247464857514 -0.0476292774741912
3.218366667607139 -0.04819704450066798
3.2245085887285265 -0.048837961579693015
3.230650509849914 -0.04955409951891893
3.236792430971302 -0.05034724107881528
3.2429343520926897 -0.05121885961394298
3.249076273214077 -0.052170099432498916
3.2552181943354648 -0.05320175804056004
3.261360115456853 -0.05431427042104248
3.2675020365782403 -0.055507695479513584
3.273643957699628 -0.056781704769815665
3.2797858788210155 -0.05813557359230072
3.2859277999424035 -0.05956817453651281
3.292069721063791 -0.06107797351873439
3.2982116421851786 -0.06266302834312537
3.304353563306566 -0.06432098979356174
3.310495484427954 -0.06604910524189056
3.3166374055493417 -0.06784422473748543
3.3227793266707293 -0.06970280952286298
3.328921247792117 -0.07162094290098385
3.335063168913505 -0.07359434336182553
3.3412050900348924 -0.07561837985912051
3.34734701115628 -0.07768808911288057
3.3534889322776675 -0.07979819479967246
3.3596308533990555 -0.08194312848058505
3.365772774520443 -0.08411705210659585
3.3719146956418307 -0.0863138819325871
3.3780566167632182 -0.08852731366467777
3.3841985378846062 -0.09075084866076465
3.390340459005994 -0.09297782100126711
3.3964823801273814 -0.09520142524595089
3.402624301248769 -0.09741474469338927
3.4087662223701565 -0.09961077996196481
3.4149081434915445 -0.10178247771531464
3.421050064612932 -0.1039227593606442
3.4271919857343196 -0.10602454955527532
3.433333906855707 -0.108080804365076
3.439475827977095 -0.11008453892785279
3.4456177490984827 -0.11202885448530583
3.4517596702198703 -0.11390696465854468
3.457901591341258 -0.11571222085435463
3.464043512462646 -0.1174381367021617
3.4701854335840334 -0.11907841143487438
3.476327354705421 -0.12062695214026327
3.4824692758268085 -0.12207789482316003
3.4886111969481965 -0.12342562423228695
3.494753118069584 -0.12466479241885912
3.5008950391909717 -0.1257903360070154
3.5070369603123592 -0.12679749216852054
3.5131788814337472 -0.12768181330582415
3.519320802555135 -0.12843918045837135
3.5254627236765224 -0.1290658154568468
3.53160464479791 -0.12955829185872225
3.537746565919298 -0.12991354470589422
3.5438884870406855 -0.13012887915131152
3.550030408162073 -0.1302019780061667
3.5561723292834606 -0.13013090826246593
3.5623142504048486 -0.1299141266474953
3.568456171526236 -0.12955048426692894
3.5745980926476237 -0.12903923039202994
3.5807400137690113 -0.12838001544368405
3.5868819348903993 -0.12757289322187745
3.593023856011787 -0.12661832242384646
3.5991657771331744 -0.12551716748755154
3.605307698254562 -0.12427069878956441
3.61144961937595 -0.12288059221800422
3.6175915404973376 -0.12134892813207156
3.623733461618725 -0.11967818971015426
3.6298753827401127 -0.11787126067869087
3.6360173038615007 -0.11593142240413634
3.6421592249828882 -0.11386235032078092
3.648301146104276 -0.11166810965800011
3.6544430672256634 -0.10935315042204985
3.6605849883470514 -0.10692230157991746
3.666726909468439 -0.10438076438627482
3.6728688305898265 -0.10173410478937671
3.679010751711214 -0.09898824484804282
3.6851526728326016 -0.09614945308971622
3.6912945939539896 -0.09322433373919085
3.697436515075377 -0.09021981474898193
3.7035784361967647 -0.08714313456552163
3.7097203573181523 -0.08400182757045119
3.7158622784395403 -0.08080370814315505
3.722004199560928 -0.07755685329935733
3.7281461206823154 -0.07426958387091183
3.734288041803703 -0.0709504442038072
3.740429962925091 -0.06760818036464354
3.7465718840464786 -0.0642517168603043
3.752713805167866 -0.06089013189097955
3.7588557262892537 -0.05753263117292399
3.7649976474106417 -0.05418852038404755
3.7711395685320293 -0.05086717630245499
3.777281489653417 -0.04757801672505323
3.7834234107748044 -0.04433046927013737
3.7895653318961924 -0.04113393918412676
3.79570725301758 -0.037997776288172525
3.8018491741389675 -0.0349312412149114
3.807991095260355 -0.03194347109903683
3.814133016381743 -0.02904344489734279
3.8202749375031306 -0.026239948524356647
3.826416858624518 -0.0235415399984167
3.8325587797459058 -0.020956514799997727
3.8387007008672938 -0.0184928716490955
3.8448426219886813 -0.01615827891153839
3.850984543110069 -0.013960041845118048
3.8571264642314564 -0.011905070895454596
3.8632683853528444 -0.009999851248502554
3.869410306474232 -0.008250413841649469
3.8755522275956196 -0.0066623080284810045
3.881694148717007 -0.005240576083608902
3.887836069838395 -0.0039897297235345
3.8939779909597827 -0.0029137288075166694
3.9001199120811703 -0.0020159623689179717
3.906261833202558 -0.0012992321126964904
3.912403754323946 -0.0007657384987031878
3.9185456754453334 -0.0004170695134333268
3.924687596566721 -0.0002541922149930193
3.9308295176881085 -0.0002774471174761436
3.936971438809496 -0.00048654546183389275
3.943113359930884 -0.0008805694008580615
3.9492552810522716 -0.0014579751062349646
3.955397202173659 -0.0022165987859248224
3.9615391232950468 -0.003153665580555028
3.9676810444164348 -0.004265801288216401
3.9738229655378223 -0.005549046848196293
3.97996488665921 -0.006998875495895833
3.9861068077805974 -0.008610212483620443
3.9922487289019855 -0.010377457245217386
3.998390650023373 -0.012294507866808543
4.004532571144761 -0.014354787711236152
4.010674492266149 -0.016551274030430715
4.016816413387536 -0.018876528387811176
4.022958334508924 -0.02132272870215323
4.029100255630311 -0.02388170271517756
4.035242176751699 -0.02654496267750472
4.041384097873086 -0.029303741041651194
4.047526018994474 -0.03214902694645365
4.053667940115862 -0.03507160327474103
4.05980986123725 -0.03806208406524623
4.0659517823586375 -0.041110952060665916
4.072093703480025 -0.04420859617642809
4.078235624601413 -0.047345348679080884
4.0843775457228 -0.05051152186923098
4.090519466844188 -0.05369744407156956
4.096661387965575 -0.05689349474364985
4.102803309086964 -0.060090138525625184
4.108945230208351 -0.0632779580650066
4.115087151329739 -0.06644768546353053
4.1212290724511265 -0.069590232207289
4.127370993572514 -0.07269671745622874
4.133512914693902 -0.07575849458479242
4.139654835815289 -0.07876717588169496
4.145796756936677 -0.08171465533341955
4.151938678058065 -0.08459312943280135
4.158080599179453 -0.08739511597086301
4.16422252030084 -0.09011347078670152
4.170364441422228 -0.09274140246651372
4.176506362543615 -0.0952724849986448
4.182648283665003 -0.09770066840667299
4.1887902047863905 -0.100020287396875
4.194932125907778 -0.10222606806981598
4.201074047029166 -0.1043131327581619
4.207215968150554 -0.10627700306402676
4.213357889271942 -0.1081136011791593
4.219499810393329 -0.10981924957999467
4.225641731514717 -0.11139066919698667
4.231783652636104 -0.1128249761637004
4.237925573757492 -0.11411967725585612
4.2440674948788795 -0.11527266413390216
4.250209416000267 -0.1162822065047846
4.2563513371216555 -0.11714694431942213
4.262493258243043 -0.11786587912204034
4.268635179364431 -0.11843836466605617
4.274777100485818 -0.11886409690868846
4.280919021607206 -0.11914310349302239
4.287060942728593 -0.11927573282194279
4.293202863849981 -0.11926264282328933
4.299344784971368 -0.11910478949986915
4.305486706092757 -0.11880341535169123
4.311628627214144 -0.11836003775105973
4.317770548335532 -0.1177764373440852
4.3239124694569195 -0.117054646544815
4.330054390578307 -0.1161969381806651
4.336196311699695 -0.11520581434020585
4.342338232821082 -0.11408399546671001
4.34848015394247 -0.11283440973327256
4.354622075063858 -0.11146018272782406
4.360763996185246 -0.10996462746903378
4.366905917306633 -0.10835123476699898
4.373047838428021 -0.10662366393576155
4.3791897595494085 -0.10478573385815715
4.385331680670796 -0.10284141439728708
4.391473601792184 -0.10079481814306263
4.397615522913571 -0.09865019247682538
4.40375744403496 -0.0964119119320229
4.409899365156347 -0.0940844708243407
4.416041286277735 -0.09167247612058749
4.422183207399122 -0.08918064051200882
4.42832512852051 -0.08661377565460844
4.434467049641897 -0.08397678553648572
4.440608970763285 -0.08127465993018518
4.4467508918846725 -0.07851246788661656
4.452892813006061 -0.07569535122625692
4.4590347341274486 -0.07282851798310863
4.465176655248836 -0.06991723575727828
4.471318576370224 -0.06696682493305474
4.477460497491611 -0.0639826517210366
4.483602418612999 -0.060970120985163606
4.489744339734386 -0.057934668818459066
4.495886260855774 -0.05488175483487608
4.5020281819771615 -0.051816854148841546
4.50817010309855 -0.04874544901888736
4.5143120242199375 -0.04567302013711081
4.520453945341325 -0.04260503755208393
4.526595866462713 -0.03954695121915858
4.5327377875841 -0.03650418117886554
4.538879708705488 -0.03348210737117425
4.545021629826875 -0.030486059100707563
4.551163550948263 -0.02752130417549532
4.557305472069651 -0.024593037749405584
4.563447393191039 -0.0217063709059058
4.569589314312426 -0.018866319028183167
4.575731235433814 -0.016077790007744973
4.5818731565552016 -0.013345572350361847
4.588015077676589 -0.010674323244441852
4.594156998797977 -0.008068556662551494
4.600298919919364 -0.005532631571703442
4.606440841040753 -0.003070740332112969
4.61258276216214 -0.0006868973672827725
4.618724683283528 0.0016150718095566611
4.624866604404915 0.003831541126564578
4.631008525526303 0.00595909395591582
4.6371504466476905 0.007994532503131481
4.643292367769078 0.009934886500740989
4.649434288890466 0.011777421127542799
4.655576210011854 0.013519644079560663
4.661718131133242 0.015159311724783417
4.667860052254629 0.016694434280849407
4.674001973376017 0.018123279962972597
4.680143894497404 0.019444378058430856
4.686285815618792 0.020656520893819
4.692427736740179 0.021758764671828596
4.698569657861567 0.02275042916543678
4.7047115789829554 0.023631096268908774
4.710853500104343 0.024400607416790284
4.716995421225731 0.025059059893891403
4.723137342347118 0.025606802071039724
4.729279263468506 0.026044427612836703
4.735421184589893 0.026372768714720222
4.741563105711281 0.02659288843709
4.747705026832668 0.02670607221396587
4.753846947954056 0.026713818622472376
4.759988869075444 0.02661782950724913
4.766130790196832 0.026419999560567516
4.7722727113182195 0.026122405464363913
4.778414632439607 0.025727294704575642
4.784556553560995 0.025237074170914343
4.790698474682382 0.0246542986566084
4.79684039580377 0.023981659372601032
4.802982316925157 0.023221972589227202
4.809124238046546 0.02237816851553585
4.815266159167933 0.021453280522206925
4.821408080289321 0.020450434808467328
4.8275500014107084 0.019372840606684084
4.833691922532096 0.01822378101036409
4.839833843653484 0.017006604502344497
4.845975764774871 0.015724717250035106
4.852117685896259 0.014381576223825767
4.858259607017647 0.01298068318330543
4.864401528139035 0.01152557956389968
4.870543449260422 0.010019842283994745
4.87668537038181 0.008467080479819141
4.882827291503197 0.006870933162269007
4.888969212624585 0.005235067776778543
4.8951111337459725 0.003563179634269834
4.90125305486736 0.0018589921683418063
4.9073949759887485 0.00012625796128132885
4.913536897110136 -0.0016312395306671689
4.919678818231524 -0.00340968363398707
4.925820739352911 -0.005205221588676728
4.931962660474299 -0.007013961255555642
4.938104581595686 -0.00883196751185284
4.944246502717074 -0.010655258455262825
4.9503884238384614 -0.012479801544016716
4.95653034495985 -0.014301509806730225
4.9626722660812375 -0.01611623826075806
4.968814187202625 -0.017919780681461526
4.974956108324013 -0.019707866866990158
4.9810980294454 -0.021476160543978592
4.987239950566788 -0.02322025805872188
4.993381871688175 -0.024935687995968025
4.999523792809563 -0.026617911863339748
5.00566571393095 -0.028262325973541703
5.011807635052339 -0.029864264648878775
5.017949556173726 -0.03141900486317331
5.024091477295114 -0.032921772424961956
5.0302333984165015 -0.03436774979277461
5.036375319537889 -0.03575208559854172
5.042517240659277 -0.03706990593862754
5.048659161780664 -0.03831632747383044
5.054801082902052 -0.03948647235997861
5.06094300402344 -0.04057548500962026
5.067084925144828 -0.04157855066290512
5.073226846266215 -0.042490915722308883
5.079368767387603 -0.0433079097814649
5.0855106885089905 -0.04402496925344954
5.091652609630378 -0.044637662478517234
5.097794530751766 -0.04514171616590723
5.103936451873153 -0.04553304299921365
5.110078372994542 -0.0458077702102767
5.116220294115929 -0.04596226890295336
5.122362215237317 -0.045993183885873624
5.128504136358704 -0.04589746375264227
5.134646057480092 -0.045672390929441295
5.140787978601479 -0.04531561139382304
5.146929899722867 -0.0448251637551178
5.1530718208442545 -0.044199507376595504
5.159213741965643 -0.04343754921263422
5.1653556630870305 -0.04253866903091401
5.171497584208418 -0.041502742690345235
5.177639505329806 -0.04033016315012957
5.183781426451193 -0.039021858894326696
5.189923347572581 -0.037579309469466554
5.196065268693968 -0.036004557850222246
5.202207189815356 -0.034300219369834406
5.208349110936744 -0.032469486977744835
5.214491032058132 -0.030516132616546978
5.2206329531795195 -0.028444504543678435
5.226774874300907 -0.026259520459839314
5.232916795422295 -0.02396665634568623
5.239058716543682 -0.021571930950330193
5.24520063766507 -0.01908188591916349
5.251342558786457 -0.016503561593979022
5.257484479907845 -0.013844468564659736
5.263626401029233 -0.011112555098311546
5.269768322150621 -0.008316170617957535
5.275910243272008 -0.005464025448234558
5.282052164393396 -0.0025651470892052108
5.2881940855147835 0.00037116667902537844
5.294336006636171 0.0033353975194533544
5.300477927757559 0.006317858712176583
5.306619848878946 0.00930874937070274
5.312761770000335 0.012298210264629158
5.318903691121722 0.01527638079004362
5.32504561224311 0.018233456611225853
5.331187533364497 0.021159747484782936
5.337329454485885 0.024045734770235964
5.3434713756072725 0.026882128129581323
5.34961329672866 0.029659920922383964
5.355755217850048 0.03237044381254075
5.361897138971436 0.03500541611783918
5.368039060092824 0.0375569944536641
5.374180981214211 0.040017818247363175
5.380322902335599 0.04238105172966847
5.386464823456986 0.044640422043646835
5.392606744578374 0.04679025314965652
5.398748665699761 0.048825495246148605
5.404890586821149 0.05074174947041331
5.411032507942537 0.0525352876899905
5.417174429063925 0.05420306724390771
5.4233163501853126 0.05574274054256232
5.4294582713067 0.057152659485477965
5.435600192428088 0.05843187470659379
5.441742113549475 0.05958012970680896
5.447884034670863 0.06059784998253438
5.45402595579225 0.0614861273065269
5.460167876913639 0.06224669936277837
5.466309798035026 0.06288192498024188
5.472451719156414 0.06339475525020472
5.4785936402778015 0.06378870084887747
5.484735561399189 0.06406779591970728
5.490877482520577 0.06423655889889637
5.497019403641964 0.06429995069220854
5.503161324763352 0.0642633306311868
5.509303245884739 0.06413241065218342
5.515445167006128 0.06391320815197014
5.521587088127515 0.06361199797907677
5.527729009248903 0.06323526402029704
5.53387093037029 0.06278965083714337
5.540012851491678 0.062281915797291414
5.5461547726130656 0.06171888213154151
5.552296693734453 0.06110739332757129
5.558438614855841 0.0604542692480422
5.564580535977229 0.05976626433270323
5.570722457098617 0.0590500282123506
5.576864378220004 0.05831206902716703
5.583006299341392 0.05755871970362796
5.589148220462779 0.05679610740309251
5.595290141584167 0.056030126312093774
5.6014320627055545 0.055266413899613454
5.607573983826942 0.05451033072089365
5.6137159049483305 0.053766943801185095
5.619857826069718 0.05304101358687467
5.625999747191106 0.05233698440624357
5.632141668312493 0.0516589783384276
5.638283589433881 0.05101079234739447
5.644425510555268 0.05039589849871303
5.650567431676656 0.04981744704099206
5.656709352798043 0.049278272101700674
5.662851273919432 0.04878089971910427
5.668993195040819 0.04832755790870509
5.675135116162207 0.047920188444157866
5.681277037283595 0.047560460019561525
5.687418958404982 0.04724978245230481
5.69356087952637 0.046989321583593924
5.699702800647757 0.046780014537301864
5.705844721769145 0.04662258500684922
5.711986642890533 0.04651755825428527
5.718128564011921 0.04646527552534624
5.724270485133308 0.04646590760864543
5.730412406254696 0.046519467295988506
5.7365543273760835 0.04662582053343135
5.742696248497471 0.04678469608871973
5.748838169618859 0.04699569359941841
5.754980090740246 0.04725828990673334
5.761122011861635 0.047571843622014186
5.767263932983022 0.04793559791548943
5.77340585410441 0.04834868155911771
5.779547775225797 0.04881010829692722
5.785689696347185 0.04931877465594719
5.7918316174685724 0.04987345634829682
5.79797353858996 0.050472803449427034
5.804115459711348 0.05111533456835118
5.810257380832735 0.05179943025242576
5.816399301954124 0.05252332589138906
5.822541223075511 0.05328510440258216
5.828683144196899 0.054082688991228874
5.834825065318286 0.054913836286272284
5.840966986439674 0.055776130153279396
5.847108907561061 0.05666697648151697
5.853250828682449 0.05758359923244151
5.8593927498038365 0.05852303802177281
5.865534670925225 0.0594821474872869
5.8716765920466125 0.060457598669830595
5.877818513168 0.061445882606196184
5.883960434289388 0.06244331629999213
5.890102355410775 0.06344605120086634
5.896244276532163 0.06445008428412557
5.90238619765355 0.06545127178244071
5.908528118774938 0.06644534557960792
5.914670039896326 0.06742793223387529
5.920811961017714 0.0683945745557965
5.9269538821391015 0.06934075562352024
5.933095803260489 0.07026192507759331
5.939237724381877 0.07115352749816861
5.945379645503264 0.07201103263068727
5.951521566624652 0.07282996719206195
5.957663487746039 0.07360594795863426
5.963805408867428 0.07433471581013862
5.969947329988815 0.07501217038095255
5.976089251110203 0.0756344049513199
5.98223117223159 0.0761977411973745
5.988373093352978 0.07669876340968766
5.9945150144743655 0.07713435178602827
6.000656935595753 0.077501714405021
6.006798856717141 0.07779841749347836
6.012940777838529 0.07802241361131508
6.019082698959917 0.07817206739403144
6.025224620081304 0.07824617851357366
6.031366541202692 0.07824400154383293
6.037508462324079 0.07816526244669476
6.043650383445467 0.07801017142823603
6.0497923045668545 0.07777943195190533
6.055934225688242 0.07747424573593653
6.06207614680963 0.07709631360536176
6.068218067931018 0.07664783211429686
6.074359989052406 0.07613148590114995
6.080501910173793 0.07555043578742193
6.086643831295181 0.07490830267935085
6.092785752416568 0.07420914738000998
6.098927673537956 0.07345744646714374
6.105069594659343 0.0726580644382745
6.111211515780731 0.0718162223688474
6.117353436902119 0.07093746337077743
6.123495358023507 0.07002761517713026
6.1296372791448945 0.06909275021320023
6.135779200266282 0.06813914354451812
6.14192112138767 0.06717322911769534
6.148063042509057 0.0662015547302246
6.154204963630445 0.06523073617995973
6.160346884751832 0.06426741105374549
6.166488805873221 0.06331819261737298
6.172630726994608 0.06238962426558858
6.178772648115996 0.06148813498124544
6.1849145692373835 0.060619996237041195
6.191056490358771 0.05979128075166734
6.197198411480159 0.05900782348505076
6.203340332601546 0.05827518522497526
6.209482253722934 0.05759861908025415
6.215624174844322 0.056983040154336514
6.22176609596571 0.05643299862842523
6.227908017087097 0.05595265643553095
6.234049938208485 0.05554576765725485
6.240191859329872 0.05521566272413902
6.24633378045126 0.05496523644914004
6.2524757015726475 0.0547969398729157
6.258617622694035 0.05471277585005825
6.2647595438154235 0.054714298257971805
6.270901464936811 0.05480261466557742
6.277043386058199 0.054978392258129956
