time TPR_both_A_closed_1_rho23_imag
0.0 0.0
0.00614192112138767 -1.2963762639790972e-07
0.01228384224277534 -1.034456281969498e-06
0.01842576336416301 -3.4764652071059335e-06
0.02456768448555068 -8.191571032432172e-06
0.030709605606938348 -1.5877124267157342e-05
0.03685152672832602 -2.7180170280551135e-05
0.042993447849713685 -4.268661845852029e-05
0.04913536897110136 -6.291152564712787e-05
0.05527729009248903 -8.82906687143153e-05
0.061419211213876695 -0.00011917355650193962
0.06756113233526437 -0.00015581800409875815
0.07370305345665204 -0.00019838636279071733
0.07984497457803971 -0.0002469434678285871
0.08598689569942737 -0.0003014563339137394
0.09212881682081504 -0.000361795595674889
0.09827073794220272 -0.00042773865802777863
0.10441265906359039 -0.0004989744898005055
0.11055458018497806 -0.0005751099639697049
0.11669650130636572 -0.0006556776198514389
0.12283842242775339 -0.0007401446971428695
0.12898034354914106 -0.0008279232692778262
0.13512226467052874 -0.0009183812845380126
0.1412641857919164 -0.0010108543080776346
0.14740610691330408 -0.0011046577467227529
0.15354802803469175 -0.001199099331268596
0.15968994915607942 -0.0012934916281089153
0.16583187027746707 -0.0013871643534011861
0.17197379139885474 -0.0014794762685313206
0.17811571252024241 -0.0015698264452470908
0.1842576336416301 -0.0016576647022649355
0.19039955476301776 -0.0017425010321387518
0.19654147588440543 -0.0018239138573709253
0.2026833970057931 -0.001901556977752554
0.20882531812718078 -0.0019751650963048106
0.21496723924856845 -0.002044557838484272
0.22110916036995612 -0.002109642208012278
0.2272510814913438 -0.0021704134522740662
0.23339300261273144 -0.002226954340179986
0.2395349237341191 -0.0022794328851598548
0.24567684485550678 -0.002328098575050842
0.25181876597689445 -0.0023732771985327254
0.2579606870982821 -0.0024153643839779806
0.2641026082196698 -0.0024548179906635492
0.27024452934105747 -0.0024921495138180722
0.27638645046244514 -0.0025279146835763796
0.2825283715838328 -0.0025627034532531043
0.2886702927052205 -0.0025971295841522484
0.29481221382660816 -0.0026318200421781893
0.30095413494799583 -0.0026674044256441458
0.3070960560693835 -0.002704504643786779
0.3132379771907712 -0.0027437250615545638
0.31937989831215885 -0.0027856433182722852
0.3255218194335465 -0.0028308020158897855
0.33166374055493414 -0.0028797014568602767
0.3378056616763218 -0.002932793592487109
0.3439475827977095 -0.002990477320114625
0.35008950391909716 -0.0030530952421647965
0.35623142504048483 -0.0031209319721382375
0.3623733461618725 -0.0031942140427578597
0.3685152672832602 -0.0032731114399326034
0.37465718840464785 -0.0033577407536922173
0.3807991095260355 -0.0034481699042571614
0.3869410306474232 -0.0035444243685477704
0.39308295176881086 -0.0036464948003039404
0.39922487289019853 -0.0037543459061839864
0.4053667940115862 -0.00386792641133469
0.4115087151329739 -0.003987179921551514
0.41765063625436155 -0.004112056465827048
0.4237925573757492 -0.004242524483325408
0.4299344784971369 -0.004378583003078297
0.43607639961852457 -0.004520273753371689
0.44221832073991224 -0.004667692931206768
0.4483602418612999 -0.004821002360622522
0.4545021629826876 -0.004980439772220915
0.4606440841040752 -0.005146327945007985
0.4667860052254629 -0.0053190824656272045
0.47292792634685055 -0.005499217879088418
0.4790698474682382 -0.0056873520289596495
0.4852117685896259 -0.00588420841336533
0.49135368971101356 -0.006090616415603434
0.49749561083240124 -0.00630750930424693
0.5036375319537889 -0.00653591993664231
0.5097794530751766 -0.006776974141097797
0.5159213741965643 -0.00703188179604466
0.5220632953179519 -0.007301925668287605
0.5282052164393396 -0.007588448116332339
0.5343471375607273 -0.00789283580787043
0.5404890586821149 -0.008216502641991703
0.5466309798035026 -0.008560871105775964
0.5527729009248903 -0.008927352330812455
0.558914822046278 -0.009317325147177934
0.5650567431676656 -0.009732114459805104
0.5711986642890533 -0.010172969294400412
0.577340585410441 -0.010641040876620714
0.5834825065318286 -0.011137361118687347
0.5896244276532163 -0.011662821891707342
0.595766348774604 -0.01221815545950244
0.6019082698959917 -0.012803916440653665
0.6080501910173793 -0.013420465649809527
0.614192112138767 -0.014067956147255842
0.6203340332601547 -0.014746321797598867
0.6264759543815424 -0.015455268604575545
0.63261787550293 -0.01619426904998535
0.6387597966243177 -0.016962559621141064
0.6449017177457054 -0.017759141663748975
0.651043638867093 -0.018582785646511602
0.6571855599884806 -0.019432038870813875
0.6633274811098683 -0.02030523660446597
0.669469402231256 -0.02120051656351961
0.6756113233526436 -0.022115836611547337
0.6817532444740313 -0.023048995492372708
0.687895165595419 -0.023997656360940176
0.6940370867168066 -0.024959372828662094
0.7001790078381943 -0.02593161719497564
0.706320928959582 -0.026911810496725048
0.7124628500809697 -0.027897353972025807
0.7186047712023573 -0.028885661506058
0.724746692323745 -0.02987419260327992
0.7308886134451327 -0.030860485414258315
0.7370305345665203 -0.03184218933598631
0.743172455687908 -0.03281709670240784
0.7493143768092957 -0.03378317308698532
0.7554562979306834 -0.03473858575152497
0.761598219052071 -0.03568172979499423
0.7677401401734587 -0.03661125158250566
0.7738820612948464 -0.03752606906767719
0.780023982416234 -0.03842538866078953
0.7861659035376217 -0.03930871834003201
0.7923078246590094 -0.04017587675306352
0.7984497457803971 -0.04102699811043652
0.8045916669017847 -0.041862532730397466
0.8107335880231724 -0.04268324315538109
0.8168755091445601 -0.043490195823306425
0.8230174302659478 -0.04428474834066782
0.8291593513873354 -0.045068532468476113
0.8353012725087231 -0.04584343299541112
0.8414431936301108 -0.04661156273416107
0.8475851147514984 -0.047375233935923654
0.8537270358728861 -0.048136926473525556
0.8598689569942738 -0.0488992531947194
0.8660108781156615 -0.04966492289312457
0.8721527992370491 -0.05043670138424058
0.8782947203584368 -0.05121737120730252
0.8844366414798245 -0.052009690499878865
0.8905785626012122 -0.0528163516105426
0.8967204837225998 -0.053639940025293265
0.9028624048439875 -0.054482894185405736
0.9090043259653752 -0.05534746676788845
0.9151462470867628 -0.056235687984735355
0.9212881682081504 -0.05714933143377415
0.9274300893295381 -0.058089883002399575
0.9335720104509257 -0.05905851328622229
0.9397139315723134 -0.06005605393817886
0.9458558526937011 -0.061082978310575506
0.9519977738150888 -0.062139386693636375
0.9581396949364764 -0.06322499639025846
0.9642816160578641 -0.06433913679879591
0.9704235371792518 -0.06548074960484057
0.9765654583006395 -0.0666483941102306
0.9827073794220271 -0.0678402576540414
0.9888493005434148 -0.06905417100726062
0.9949912216648025 -0.07028762855138315
1.0011331427861903 -0.07153781298243697
1.0072750639075778 -0.07280162421707363
1.0134169850289656 -0.07407571211738173
1.0195589061503532 -0.0753565125969801
1.025700827271741 -0.07664028662359573
1.0318427483931285 -0.07792316159349175
1.0379846695145163 -0.07920117452141631
1.0441265906359039 -0.08047031646668872
1.0502685117572914 -0.08172657760196564
1.0564104328786792 -0.08296599232632855
1.0625523540000668 -0.08418468382862947
1.0686942751214545 -0.08537890752039604
1.074836196242842 -0.08654509277974098
1.0809781173642299 -0.08767988247821193
1.0871200384856174 -0.08878016980077157
1.0932619596070052 -0.08984313191441892
1.0994038807283928 -0.09086626009252208
1.1055458018497806 -0.09184738595882022
1.1116877229711681 -0.09278470357626824
1.117829644092556 -0.09367678717038713
1.1239715652139435 -0.09452260434344754
1.1301134863353313 -0.09532152470354185
1.1362554074567188 -0.09607332390027316
1.1423973285781066 -0.09677818312531566
1.1485392496994942 -0.0974366842004269
1.154681170820882 -0.09804980043662077
1.1608230919422695 -0.09861888350521804
1.1669650130636573 -0.09914564661354291
1.1731069341850449 -0.09963214432439318
1.1792488553064326 -0.10008074939845031
1.1853907764278202 -0.10049412707200293
1.191532697549208 -0.10087520720834407
1.1976746186705955 -0.10122715477970169
1.2038165397919833 -0.10155333914743533
1.209958460913371 -0.10185730261145963
1.2161003820347587 -0.10214272869554127
1.2222423031561462 -0.10241341062347552
1.228384224277534 -0.10267322042250679
1.2345261453989216 -0.10292607906513886
1.2406680665203094 -0.10317592802919699
1.246809987641697 -0.1034267026192559
1.2529519087630847 -0.10368230735099278
1.2590938298844723 -0.10394659365439489
1.26523575100586 -0.10422334010281407
1.2713776721272476 -0.10451623532342416
1.2775195932486354 -0.10482886369153963
1.283661514370023 -0.1051646938573383
1.2898034354914107 -0.10552707009965011
1.2959453566127983 -0.10591920644847266
1.302087277734186 -0.10634418346657544
1.3082291988555736 -0.10680494753175887
1.3143711199769612 -0.10730431241580037
1.320513041098349 -0.10784496291456287
1.3266549622197366 -0.10842946024682051
1.3327968833411243 -0.10906024890766668
1.338938804462512 -0.10973966463643553
1.3450807255838997 -0.11046994313933536
1.3512226467052872 -0.11125322919381957
1.357364567826675 -0.11209158575537541
1.3635064889480626 -0.11298700268806648
1.3696484100694504 -0.11394140474788324
1.375790331190838 -0.11495665846270704
1.3819322523122257 -0.1160345775743253
1.3880741734336133 -0.11717692673619545
1.394216094555001 -0.11838542319517834
1.4003580156763886 -0.11966173622577182
1.4064999367977764 -0.12100748413089824
1.412641857919164 -0.12242422867335075
1.4187837790405518 -0.12391346685582155
1.4249257001619393 -0.1254766200241543
1.431067621283327 -0.12711502032716543
1.4372095424047147 -0.12882989462607017
1.4433514635261024 -0.13062234600619824
1.44949338464749 -0.13249333310222555
1.4556353057688778 -0.13444364750451013
1.4617772268902653 -0.13647388956723056
1.4679191480116531 -0.138584442987844
1.4740610691330407 -0.1407754485709141
1.4802029902544285 -0.14304677762667653
1.486344911375816 -0.14539800548497103
1.4924868324972038 -0.14782838562764242
1.4986287536185914 -0.15033682495657652
1.5047706747399792 -0.15292186071973127
1.5109125958613667 -0.15558163961351323
1.5170545169827545 -0.15831389956648964
1.523196438104142 -0.16111595468671902
1.5293383592255299 -0.16398468382312592
1.5354802803469174 -0.1669165231506921
1.5416222014683052 -0.1699074631403329
1.5477641225896928 -0.17295305021786261
1.5539060437110805 -0.1760483933532961
1.560047964832468 -0.1791881757528661
1.5661898859538559 -0.18236667175269008
1.5723318070752434 -0.18557776893620243
1.578473728196631 -0.1888149954185901
1.5846156493180188 -0.19207155216187247
1.5907575704394064 -0.1953403501053371
1.5968994915607941 -0.1986140518191569
1.6030414126821817 -0.2018851173155197
1.6091833338035695 -0.20514585358280032
1.615325254924957 -0.20838846734540142
1.6214671760463448 -0.2116051204960061
1.6276090971677324 -0.21478798759908782
1.6337510182891202 -0.2179293148254653
1.6398929394105077 -0.22102147964813332
1.6460348605318955 -0.2240570506100574
1.652176781653283 -0.2270288464654034
1.6583187027746709 -0.22992999399692815
1.6644606238960584 -0.23275398382392198
1.6706025450174462 -0.235494723536952
1.6767444661388338 -0.2381465875272833
1.6828863872602216 -0.2407044629197037
1.6890283083816091 -0.24316379106680794
1.695170229502997 -0.2455206041197765
1.7013121506243845 -0.24777155625432948
1.7074540717457722 -0.2499139491998031
1.7135959928671598 -0.25194575179303974
1.7197379139885476 -0.2538656133558316
1.7258798351099351 -0.2556728707737927
1.732021756231323 -0.2573675492345465
1.7381636773527105 -0.2589503566627968
1.7443055984740983 -0.26042267196803653
1.7504475195954858 -0.2617865272962246
1.7565894407168736 -0.26304458454867624
1.7627313618382612 -0.26420010649870695
1.768873282959649 -0.26525692289837316
1.7750152040810365 -0.2662193920231956
1.7811571252024243 -0.26709235815138493
1.7872990463238119 -0.2678811055152745
1.7934409674451997 -0.2685913092959818
1.7995828885665872 -0.2692289842574763
1.805724809687975 -0.2698004316330498
1.8118667308093626 -0.27031218488559927
1.8180086519307503 -0.2707709549632142
1.824150573052138 -0.2711835756634481
1.8302924941735257 -0.2715569497036418
1.8364344152949132 -0.2718979960710935
1.8425763364163008 -0.2722135991962025
1.8487182575376886 -0.272510560454474
1.8548601786590762 -0.2727955524600678
1.861002099780464 -0.27307507656507224
1.8671440209018515 -0.27335542392560624
1.8732859420232393 -0.2736426404389677
1.8794278631446268 -0.27394249579616414
1.8855697842660146 -0.2742604568321128
1.8917117053874022 -0.27460166529244107
1.89785362650879 -0.2749709200720194
1.9039955476301775 -0.27537266391698517
1.9101374687515653 -0.2758109745199266
1.9162793898729529 -0.2762895598779337
1.9224213109943407 -0.2768117577262088
1.9285632321157282 -0.2773805388066349
1.934705153237116 -0.2779985136818683
1.9408470743585036 -0.2786679427618239
1.9469889954798913 -0.27939074917148154
1.953130916601279 -0.28016853405728387
1.9592728377226667 -0.2810025939044983
1.9654147588440543 -0.2818939394201204
1.971556679965442 -0.28284331552548725
1.9776986010868296 -0.28385122199990437
1.9838405222082174 -0.28491793432131135
1.989982443329605 -0.28604352426226837
1.9961243644509927 -0.2872278798191484
2.0022662855723805 -0.2884707240790753
2.008408206693768 -0.28977163266244005
2.0145501278151556 -0.29113004941822934
2.020692048936543 -0.29254530009428364
2.026833970057931 -0.29401660375422206
2.0329758911793188 -0.29554308176632305
2.0391178123007063 -0.2971237642462164
2.045259733422094 -0.2987575938938682
2.051401654543482 -0.30044342722501816
2.0575435756648695 -0.3021800332569013
2.063685496786257 -0.30396608976671613
2.0698274179076446 -0.3058001772978158
2.0759693390290326 -0.3076807711419994
2.08211126015042 -0.3096062315755562
2.0882531812718077 -0.3115747926709806
2.0943951023931953 -0.3135845500446658
2.100537023514583 -0.3156334479326838
2.106678944635971 -0.31771926601133127
2.1128208657573584 -0.319839606395971
2.118962786878746 -0.32199188126046957
2.1251047080001335 -0.3241733015199961
2.1312466291215215 -0.32638086701204966
2.137388550242909 -0.328611358594396
2.1435304713642966 -0.33086133255436223
2.149672392485684 -0.33312711769202696
2.155814313607072 -0.3354048154007869
2.1619562347284598 -0.3376903030232128
2.1680981558498473 -0.33997924070879737
2.174240076971235 -0.3422670819440101
2.180381998092623 -0.3445490878649483
2.1865239192140105 -0.34682034539984224
2.192665840335398 -0.34907578922378096
2.1988077614567856 -0.3513102274423701
2.2049496825781736 -0.353518370855716
2.211091603699561 -0.35569486559022845
2.2172335248209487 -0.3578343288243067
2.2233754459423363 -0.3599313872760161
2.2295173670637243 -0.3619807180673289
2.235659288185112 -0.36397709153122815
2.2418012093064994 -0.3659154154857435
2.247943130427887 -0.36779078046344194
2.254085051549275 -0.3695985053565956
2.2602269726706625 -0.3713341829176092
2.26636889379205 -0.3729937245416193
2.2725108149134376 -0.37457340375365467
2.2786527360348257 -0.37606989782642636
2.284794657156213 -0.3774803269666236
2.2909365782776008 -0.3788022905273602
2.2970784993989883 -0.38003389973182333
2.3032204205203763 -0.3811738064278505
2.309362341641764 -0.382221227434586
2.3155042627631515 -0.38317596408997506
2.321646183884539 -0.38403841666098076
2.327788105005927 -0.38480959333634024
2.3339300261273146 -0.38549111358363464
2.340071947248702 -0.3860852057176136
2.3462138683700897 -0.38659469859424844
2.3523557894914777 -0.3870230074140091
2.3584977106128653 -0.3873741136875053
2.364639631734253 -0.3876525394860078
2.3707815528556404 -0.38786331616761366
2.376923473977028 -0.388011947836098
2.383065395098416 -0.3881043698529642
2.3892073162198035 -0.3881469027831154
2.395349237341191 -0.3881462022101526
2.4014911584625787 -0.3881092049079033
2.4076330795839667 -0.38804307189976484
2.4137750007053542 -0.3879551289762435
2.419916921826742 -0.38785280527322696
2.4260588429481293 -0.3877435705385969
2.4322007640695174 -0.38763487173249345
2.438342685190905 -0.38753406961660564
2.4444846063122925 -0.38744837599016724
2.45062652743368 -0.3873847922248108
2.456768448555068 -0.3873500497371347
2.4629103696764556 -0.38735055301689286
2.469052290797843 -0.38739232580037314
2.4751942119192307 -0.3874809609431024
2.4813361330406187 -0.38762157450394585
2.4874780541620063 -0.3878187645044489
2.493619975283394 -0.3880765747735091
2.4997618964047814 -0.38839846422882646
2.5059038175261694 -0.38878728188381817
2.512045738647557 -0.3892452478025817
2.5181876597689445 -0.38977394015692324
2.524329580890332 -0.39037428846931277
2.53047150201172 -0.3910465730548047
2.5366134231331077 -0.3917904306044116
2.5427553442544952 -0.39260486578306397
2.548897265375883 -0.39348826864804165
2.555039186497271 -0.3944384376295272
2.5611811076186584 -0.395452607754527
2.567323028740046 -0.3965274837396455
2.5734649498614335 -0.3976592775277711
2.5796068709828215 -0.3988437497992969
2.585748792104209 -0.40007625495058274
2.5918907132255966 -0.401351789001414
2.598032634346984 -0.4026650398695535
2.604174555468372 -0.40401043943434495
2.6103164765897597 -0.40538221680279324
2.6164583977111473 -0.4067744521906203
2.622600318832535 -0.4081811308373213
2.6287422399539224 -0.4095961963879986
2.6348841610753104 -0.41101360319535607
2.641026082196698 -0.412427367022251
2.6471680033180855 -0.4138316136580808
2.653309924439473 -0.41522062500039153
2.659451845560861 -0.4165888821957615
2.6655937666822487 -0.4179311054804766
2.6717356878036362 -0.41924229041100786
2.677877608925024 -0.42051774022600136
2.684019530046412 -0.4217530941346081
2.6901614511677994 -0.42294435137967995
2.696303372289187 -0.42408789097787847
2.7024452934105745 -0.4251804870912976
2.7085872145319625 -0.42621932003612406
2.71472913565335 -0.427201982982451
2.7208710567747376 -0.42812648444507556
2.727012977896125 -0.4289912467074108
2.733154899017513 -0.4297951003591037
2.7392968201389007 -0.4305372751622294
2.7454387412602883 -0.43121738749075383
2.751580662381676 -0.43183542461314767
2.757722583503064 -0.4323917261085139
2.7638645046244514 -0.43288696272232824
2.770006425745839 -0.43332211297897866
2.7761483468672266 -0.4336984378748416
2.7822902679886146 -0.4340174539778802
2.788432189110002 -0.4342809052579331
2.7945741102313897 -0.4344907339663148
2.8007160313527772 -0.43464905087440736
2.8068579524741653 -0.4347581051689828
2.812999873595553 -0.4348202542874651
2.8191417947169404 -0.43483793395963644
2.825283715838328 -0.4348136287038358
2.831425636959716 -0.4347498430059345
2.8375675580811035 -0.4346490733886873
2.843709479202491 -0.43451378155786147
2.8498514003238786 -0.4343463687902054
2.8559933214452666 -0.43414915170717594
2.862135242566654 -0.43392433955770293
2.8682771636880418 -0.4336740131134079
2.8744190848094293 -0.4334001052608304
2.8805610059308173 -0.4331043833575587
2.886702927052205 -0.4327884334028332
2.8928448481735924 -0.43245364605831754
2.89898676929498 -0.43210120454135986
2.9051286904163676 -0.43173207440122974
2.9112706115377556 -0.43134699517848835
2.917412532659143 -0.4309464739387889
2.9235544537805307 -0.4305307806649193
2.9296963749019183 -0.430099945484684
2.9358382960233063 -0.42965375770713904
2.941980217144694 -0.4291917666355862
2.9481221382660814 -0.42871328412243265
2.954264059387469 -0.4282173888283388
2.960405980508857 -0.42770293214584176
2.9665479016302445 -0.4271685457456416
2.972689822751632 -0.42661265070181303
2.9788317438730196 -0.42603346815016063
2.9849736649944076 -0.42542903143162214
2.991115586115795 -0.4247971996698872
2.9972575072371828 -0.4241356727291198
3.0033994283585703 -0.42344200749374133
3.0095413494799583 -0.4227136354075842
3.015683270601346 -0.4219478812043032
3.0218251917227335 -0.4211419827547352
3.027967112844121 -0.42029311194991875
3.034109033965509 -0.41939839653079725
3.0402509550868966 -0.4184549427672874
3.046392876208284 -0.41745985888051945
3.0525347973296717 -0.4164102790927763
3.0586767184510597 -0.41530338818013696
3.0648186395724473 -0.4141364463932479
3.070960560693835 -0.41290681460220463
3.0771024818152224 -0.4116119795124362
3.0832444029366104 -0.41024957878997614
3.089386324057998 -0.4088174259267955
3.0955282451793855 -0.4073135346701997
3.101670166300773 -0.40573614283486115
3.107812087422161 -0.4040837353120937
3.1139540085435486 -0.40235506608864885
3.120095929664936 -0.4005491790868106
3.1262378507863238 -0.3986654276390081
3.1323797719077118 -0.3967034924136864
3.1385216930290993 -0.3946633976148309
3.144663614150487 -0.3925455252853869
3.1508055352718745 -0.3903506275548416
3.156947456393262 -0.3880798366834156
3.16308937751465 -0.38573467276955636
3.1692312986360376 -0.3833170490036329
3.175373219757425 -0.38082927436873437
3.1815151408788127 -0.3782740537090985
3.1876570620002007 -0.37565448510771254
3.1937989831215883 -0.37297405453679827
3.199940904242976 -0.3702366277679449
3.2060828253643634 -0.3674464395522915
3.2122247464857514 -0.3646080801051075
3.218366667607139 -0.3617264789530419
3.2245085887285265 -0.358806886225923
3.230650509849914 -0.35585485149797474
3.236792430971302 -0.3528762003053884
3.2429343520926897 -0.349877008488059
3.249076273214077 -0.34686357452271976
3.2552181943354648 -0.3438423900324339
3.261360115456853 -0.340820108673238
3.2675020365782403 -0.3378035136124825
3.273643957699628 -0.3347994838249521
3.2797858788210155 -0.3318149594420395
3.2859277999424035 -0.3288569063960434
3.292069721063791 -0.32593228060598917
3.2982116421851786 -0.32304799195324974
3.304353563306566 -0.32021086829468387
3.310495484427954 -0.31742761975807116
3.3166374055493417 -0.31470480355939745
3.3227793266707293 -0.31204878957413745
3.328921247792117 -0.30946572688523344
3.335063168913505 -0.30696151151914236
3.3412050900348924 -0.3045417555682801
3.34734701115628 -0.3022117578836397
3.3534889322776675 -0.2999764765054752
3.3596308533990555 -0.29784050298296133
3.365772774520443 -0.29580803871584316
3.3719146956418307 -0.293882873432522
3.3780566167632182 -0.29206836589996876
3.3841985378846062 -0.29036742694155365
3.390340459005994 -0.2887825048195092
3.3964823801273814 -0.2873155730195176
3.402624301248769 -0.28596812045601405
3.4087662223701565 -0.2847411440984063
3.4149081434915445 -0.2836351440006971
3.421050064612932 -0.2826501207001106
3.4271919857343196 -0.2817855749344155
3.433333906855707 -0.2810405096128348
3.439475827977095 -0.2804134339618447
3.4456177490984827 -0.279902369754909
3.4517596702198703 -0.2795048595243375
3.457901591341258 -0.2792179766440857
3.464043512462646 -0.2790383371644776
3.4701854335840334 -0.27896211327356946
3.476327354705421 -0.27898504825521603
3.4824692758268085 -0.2791024728108357
3.4886111969481965 -0.27930932261041896
3.494753118069584 -0.2796001569384198
3.5008950391909717 -0.27996917830180557
3.5070369603123592 -0.280410252870609
3.5131788814337472 -0.28091693162579373
3.519320802555135 -0.28148247209496546
3.5254627236765224 -0.2820998605633597
3.53160464479791 -0.2827618346554379
3.537746565919298 -0.28346090619123016
3.5438884870406855 -0.2841893842310567
3.550030408162073 -0.2849393982323183
3.5561723292834606 -0.2857029212524399
3.5623142504048486 -0.2864717931426305
3.568456171526236 -0.2872377436876484
3.5745980926476237 -0.28799241565707845
3.5807400137690113 -0.2887273877434908
3.5868819348903993 -0.28943419737211834
3.593023856011787 -0.2901043633751319
3.5991657771331744 -0.2907294085310735
3.605307698254562 -0.2913008819763407
3.61144961937595 -0.29181038150068933
3.6175915404973376 -0.2922495757424056
3.623733461618725 -0.29261022630100997
3.6298753827401127 -0.29288420978602253
3.6360173038615007 -0.29306353981943273
3.6421592249828882 -0.29314038900704303
3.648301146104276 -0.29310711088986285
3.6544430672256634 -0.29295626188123886
3.6605849883470514 -0.29268062318856036
3.666726909468439 -0.29227322271025663
3.6728688305898265 -0.2917273568895926
3.679010751711214 -0.2910366124966224
3.6851526728326016 -0.29019488829880524
3.6912945939539896 -0.2891964165694184
3.697436515075377 -0.2880357843712696
3.7035784361967647 -0.28670795454155357
3.7097203573181523 -0.285208286292259
3.7158622784395403 -0.2835325553295678
3.722004199560928 -0.2816769733854378
3.7281461206823154 -0.27963820704525283
3.734288041803703 -0.27741339574727913
3.740429962925091 -0.27500016882288675
3.7465718840464786 -0.2723966614412454
3.752713805167866 -0.2696015293186435
3.7588557262892537 -0.26661396205081306
3.7649976474106417 -0.2634336949267781
3.7711395685320293 -0.26006101908481316
3.777281489653417 -0.25649678987514407
3.7834234107748044 -0.2527424333000112
3.7895653318961924 -0.24879995040962952
3.79570725301758 -0.24467191954231127
3.8018491741389675 -0.24036149630849835
3.807991095260355 -0.23587241123151478
3.814133016381743 -0.23120896497237522
3.8202749375031306 -0.22637602108177327
3.826416858624518 -0.22137899623924653
3.8325587797459058 -0.21622384795726934
3.8387007008672938 -0.21091705974643973
3.8448426219886813 -0.20546562375679686
3.850984543110069 -0.19987702092940302
3.8571264642314564 -0.19415919871143514
3.8632683853528444 -0.18832054640694568
3.869410306474232 -0.18236986825396392
3.8755522275956196 -0.17631635433652415
3.881694148717007 -0.17016954945734805
3.887836069838395 -0.1639393201131028
3.8939779909597827 -0.15763581972925905
3.9001199120811703 -0.15126945232544378
3.906261833202558 -0.14485083479470545
3.912403754323946 -0.13839075799118322
3.9185456754453334 -0.13190014683021362
3.924687596566721 -0.125390019612846
3.9308295176881085 -0.11887144679302956
3.936971438809496 -0.11235550941033372
3.943113359930884 -0.10585325741395943
3.9492552810522716 -0.09937566810497661
3.955397202173659 -0.09293360492319618
3.9615391232950468 -0.0865377768028666
3.9676810444164348 -0.08019869831751152
3.9738229655378223 -0.0739266508287329
3.97996488665921 -0.06773164484675162
3.9861068077805974 -0.06162338380190275
3.9922487289019855 -0.05561122941631985
3.998390650023373 -0.049704168853714384
4.004532571144761 -0.043910783812572345
4.010674492266149 -0.038239221714349465
4.016816413387536 -0.032697169123460816
4.022958334508924 -0.027291827520141827
4.029100255630311 -0.022029891530736163
4.035242176751699 -0.016917529702768996
4.041384097873086 -0.011960367894434993
4.047526018994474 -0.007163475330012026
4.053667940115862 -0.0025313533543570113
4.05980986123725 0.0019320730987974146
4.0659517823586375 0.006223461328384153
4.072093703480025 0.010340053999146863
4.078235624601413 0.014279679625877579
4.0843775457228 0.018040750465409067
4.090519466844188 0.021622257889484808
4.096661387965575 0.025023765327232602
4.102803309086964 0.028245398880570517
4.108945230208351 0.03128783572934644
4.115087151329739 0.0341522904552277
4.1212290724511265 0.03684049942422615
4.127370993572514 0.039354703377149726
4.133512914693902 0.04169762838516527
4.139654835815289 0.04387246533396721
4.145796756936677 0.04588284810474076
4.151938678058065 0.047732830623171296
4.158080599179453 0.04942686294918549
4.16422252030084 0.05096976657993085
4.170364441422228 0.052366709136774166
4.176506362543615 0.05362317860385299
4.182648283665003 0.05474495728106303
4.1887902047863905 0.055738095608382006
4.194932125907778 0.056608886011236904
4.201074047029166 0.057363836908339266
4.207215968150554 0.05800964701417632
4.213357889271942 0.05855318005829856
4.219499810393329 0.05900144003282263
4.225641731514717 0.05936154706835427
4.231783652636104 0.05964071402693193
4.237925573757492 0.059846223888797026
4.2440674948788795 0.059985407997921604
4.250209416000267 0.060065625219424525
4.2563513371216555 0.060094242050406796
4.262493258243043 0.06007861371446191
4.268635179364431 0.06002606625926207
4.274777100485818 0.05994387966631802
4.280919021607206 0.059839271972291434
4.287060942728593 0.05971938439222683
4.293202863849981 0.059591267426788753
4.299344784971368 0.05946186792809805
4.305486706092757 0.059338017092086075
4.311628627214144 0.05922641933945151
4.317770548335532 0.0591336420423047
4.3239124694569195 0.05906610604945138
4.330054390578307 0.05903007695993964
4.336196311699695 0.05903165709200266
4.342338232821082 0.059076778092816966
4.34848015394247 0.0591711941335452
4.354622075063858 0.059320475633904156
4.360763996185246 0.05953000346096076
4.366905917306633 0.059804963547955156
4.373047838428021 0.060150341880673364
4.3791897595494085 0.06057091980115088
4.385331680670796 0.06107126958129026
4.391473601792184 0.061655750222245315
4.397615522913571 0.06232850343913458
4.40375744403496 0.06309344979475384
4.409899365156347 0.0639542849504219
4.416041286277735 0.06491447600686566
4.422183207399122 0.06597725791311622
4.42832512852051 0.0671456299266618
4.434467049641897 0.06842235211359027
4.440608970763285 0.06980994188307572
4.4467508918846725 0.07131067055629142
4.452892813006061 0.0729265599756096
4.4590347341274486 0.07465937916573064
4.465176655248836 0.076510641064106
4.471318576370224 0.07848159934364403
4.477460497491611 0.08057324535612298
4.483602418612999 0.0827863052299505
4.489744339734386 0.08512123716081349
4.495886260855774 0.08757822893830002
4.5020281819771615 0.09015719575567144
4.50817010309855 0.09285777835354957
4.5143120242199375 0.09567934155129121
4.520453945341325 0.09862097322217733
4.526595866462713 0.10168148377019692
4.5327377875841 0.10485940616707196
4.538879708705488 0.10815299660822106
4.545021629826875 0.11156023584553142
4.551163550948263 0.11507883125307268
4.557305472069651 0.11870621967921272
4.563447393191039 0.12243957113497152
4.569589314312426 0.12627579336387112
4.575731235433814 0.13021153733302548
4.5818731565552016 0.13424320367878528
4.588015077676589 0.138366950132959
4.594156998797977 0.14257869994753095
4.600298919919364 0.14687415132696502
4.606440841040753 0.1512487878677111
4.61258276216214 0.1556978899945277
4.618724683283528 0.16021654737281724
4.624866604404915 0.1647996722654734
4.631008525526303 0.16944201379190552
4.6371504466476905 0.17413817303608406
4.643292367769078 0.17888261893980278
4.649434288890466 0.18366970490703546
4.655576210011854 0.1884936860354408
4.661718131133242 0.19334873688190019
4.667860052254629 0.19822896966060705
4.674001973376017 0.2031284527648161
4.680143894497404 0.20804122949703793
4.686285815618792 0.21296133688734947
4.692427736740179 0.21788282447569143
4.698569657861567 0.2227997729316257
4.7047115789829554 0.22770631238409506
4.710853500104343 0.23259664033431038
4.716995421225731 0.23746503902700916
4.723137342347118 0.242305892158979
4.729279263468506 0.2471137008089046
4.735421184589893 0.25188309847921636
4.741563105711281 0.2566088651486345
4.747705026832668 0.2612859402434154
4.753846947954056 0.26590943444580706
4.759988869075444 0.2704746402697816
4.766130790196832 0.27497704134658774
4.7722727113182195 0.2794123203758975
4.778414632439607 0.28377636571214304
4.784556553560995 0.2880652765698773
4.790698474682382 0.2922753668464686
4.79684039580377 0.29640316757496443
4.802982316925157 0.30044542803437263
4.809124238046546 0.30439911555871285
4.815266159167933 0.30826141409983665
4.821408080289321 0.31202972161203235
4.8275500014107084 0.3157016463386692
4.833691922532096 0.31927500209246473
4.839833843653484 0.32274780263125546
4.845975764774871 0.32611825524029614
4.852117685896259 0.32938475364002334
4.858259607017647 0.33254587034481237
4.864401528139035 0.33560034860347115
4.870543449260422 0.3385470940559981
4.87668537038181 0.34138516624345716
4.882827291503197 0.3441137701086725
4.888969212624585 0.3467322476247991
4.8951111337459725 0.3492400696867167
4.90125305486736 0.3516368283966107
4.9073949759887485 0.3539222298700959
4.913536897110136 0.3560960876828382
4.919678818231524 0.358158317069875
4.925820739352911 0.360108929980799
4.931962660474299 0.36194803108369566
4.938104581595686 0.36367581479929756
4.944246502717074 0.3652925634343056
4.9503884238384614 0.3667986464693168
4.95653034495985 0.368194521042379
4.9626722660812375 0.36948073365396517
4.968814187202625 0.3706579231032237
4.974956108324013 0.3717268246488401
4.9810980294454 0.3726882753708511
4.987239950566788 0.3735432206924238
4.993381871688175 0.374292722003088
4.999523792809563 0.3749379653073397
5.00566571393095 0.3754802708050834
5.011807635052339 0.37592110329321404
5.017949556173726 0.37626208326094346
5.024091477295114 0.3765049985354401
5.0302333984165015 0.37665181631916805
5.036375319537889 0.3767046954461928
5.042517240659277 0.3766659986718713
5.048659161780664 0.3765383047989801
5.054801082902052 0.37632442043366415
5.06094300402344 0.37602739115682465
5.067084925144828 0.37565051189091136
5.073226846266215 0.3751973362387216
5.079368767387603 0.3746716845699432
5.0855106885089905 0.374077650632933
5.091652609630378 0.3734196064737685
5.097794530751766 0.37270220545203375
5.103936451873153 0.37193038315319615
5.110078372994542 0.3711093560108263
5.116220294115929 0.3702446174683287
5.122362215237317 0.3693419315292259
5.128504136358704 0.368407323567318
5.134646057480092 0.3674470682930561
5.140787978601479 0.36646767480007125
5.146929899722867 0.36547586864574405
5.1530718208442545 0.3644785709517095
5.159213741965643 0.36348287454394634
5.1653556630870305 0.36249601718722835
5.171497584208418 0.36152535200480185
5.177639505329806 0.3605783152107723
5.183781426451193 0.3596623913193396
5.189923347572581 0.3587850760312309
5.196065268693968 0.35795383703293115
5.202207189815356 0.35717607297807413
5.208349110936744 0.3564590709521312
5.214491032058132 0.35580996275079274
5.2206329531795195 0.35523568032870606
5.226774874300907 0.35474291079805437
5.232916795422295 0.3543380513753984
5.239058716543682 0.35402716468990186
5.24520063766507 0.3538159348761823
5.251342558786457 0.3537096248803296
5.257484479907845 0.3537130354079012
5.263626401029233 0.35383046593783385
5.269768322150621 0.3540656782161417
5.275910243272008 0.3544218626280377
5.282052164393396 0.35490160782682934
5.2881940855147835 0.3555068739727647
5.294336006636171 0.35623896990522413
5.300477927757559 0.3570985345375674
5.306619848878946 0.35808552272596306
5.312761770000335 0.3591991958220894
5.318903691121722 0.3604381170752101
5.32504561224311 0.36180015200233256
5.331187533364497 0.36328247379653833
5.337329454485885 0.3648815737937335
5.3434713756072725 0.36659327696762145
5.34961329672866 0.3684127623722855
5.355755217850048 0.3703345884019902
5.361897138971436 0.37235272268929653
5.368039060092824 0.37446057641590774
5.374180981214211 0.3766510427663889
5.380322902335599 0.3789165392135438
5.386464823456986 0.3812490532862785
5.392606744578374 0.38364019143663836
5.398748665699761 0.3860812305927712
5.404890586821149 0.3885631719591449
5.411032507942537 0.39107679660468936
5.417174429063925 0.3936127223638496
5.4233163501853126 0.3961614615649557
5.4294582713067 0.39871347909489246
5.435600192428088 0.4012592503088453
5.441742113549475 0.40378931829880577
5.447884034670863 0.4062943500444919
5.45402595579225 0.40876519098518305
5.460167876913639 0.41119291757050136
5.466309798035026 0.41356888737213854
5.472451719156414 0.4158847863666255
5.4785936402778015 0.4181326730311482
5.484735561399189 0.4203050189297561
5.490877482520577 0.42239474550568795
5.497019403641964 0.42439525683652246
5.503161324763352 0.4263004681520076
5.509303245884739 0.4281048299592491
5.515445167006128 0.429803347665965
5.521587088127515 0.43139159663924104
5.527729009248903 0.43286573268413714
5.53387093037029 0.43422249797309237
5.540012851491678 0.43545922250284286
5.5461547726130656 0.4365738211999964
5.552296693734453 0.4375647868389965
5.558438614855841 0.43843117897649053
5.564580535977229 0.4391726091436032
5.570722457098617 0.4397892225718954
5.576864378220004 0.440281676759433
5.583006299341392 0.44065111721002115
5.589148220462779 0.4408991507009803
5.595290141584167 0.44102781645251465
5.6014320627055545 0.44103955558456104
5.607573983826942 0.4409371792548104
5.6137159049483305 0.440723835874255
5.619857826069718 0.4404029777940842
5.625999747191106 0.43997832785005914
5.632141668312493 0.43945384613771593
5.638283589433881 0.43883369737407507
5.644425510555268 0.4381222191791756
5.650567431676656 0.43732389158405455
5.656709352798043 0.43644330804110576
5.662851273919432 0.43548514817855216
5.668993195040819 0.434454152503546
5.675135116162207 0.4333550992187474
5.681277037283595 0.4321927832757204
5.687418958404982 0.430971997745807
5.69356087952637 0.4296975175459295
5.699702800647757 0.4283740855137618
5.705844721769145 0.4270064007845813
5.711986642890533 0.42559910938155104
5.718128564011921 0.4241567968928785
5.724270485133308 0.42268398307386845
5.730412406254696 0.4211851181799421
5.7365543273760835 0.4196645808087636
5.742696248497471 0.418126677006174
5.748838169618859 0.4165756403720668
5.754980090740246 0.4150156328889747
5.761122011861635 0.4134507461881762
5.767263932983022 0.41188500296571184
5.77340585410441 0.4103223582638447
5.779547775225797 0.40876670034213064
5.785689696347185 0.40722185087622853
5.7918316174685724 0.40569156424159397
5.79797353858996 0.4041795256629294
5.804115459711348 0.40268934803826156
5.810257380832735 0.40122456727828565
5.816399301954124 0.3997886360365759
5.822541223075511 0.398384915743795
5.828683144196899 0.39701666689847903
5.834825065318286 0.3956870376076237
5.840966986439674 0.39439905041146506
5.847108907561061 0.39315558746780993
5.853250828682449 0.39195937421132304
5.8593927498038365 0.3908129616416625
5.865534670925225 0.3897187074306074
5.8716765920466125 0.3886787560717509
5.877818513168 0.38769501832640124
5.883960434289388 0.386769150245526
5.890102355410775 0.3859025320695145
5.896244276532163 0.38509624732484055
5.90238619765355 0.3843510624491224
5.908528118774938 0.3836674072834175
5.914670039896326 0.3830453567727265
5.920811961017714 0.38248461421259133
5.9269538821391015 0.3819844963713969
5.933095803260489 0.3815439208046283
5.939237724381877 0.3811613956591005
5.945379645503264 0.38083501224229993
5.951521566624652 0.3805624406047731
5.957663487746039 0.38034092835233174
5.963805408867428 0.3801673028701314
5.969947329988815 0.38003797710286824
5.976089251110203 0.3799489589949348
5.98223117223159 0.3798958646518683
5.988373093352978 0.3798739352403996
5.9945150144743655 0.37987805759938253
6.000656935595753 0.3799027884884548
6.006798856717141 0.37994238235600664
6.012940777838529 0.3799908224634911
6.019082698959917 0.3800418551598677
6.025224620081304 0.38008902705858033
6.031366541202692 0.3801257248304528
6.037508462324079 0.38014521728978273
6.043650383445467 0.38014069941817524
6.0497923045668545 0.38010533794175216
6.055934225688242 0.38003231805270954
6.06207614680963 0.3799148908461309
6.068218067931018 0.37974642102782663
6.074359989052406 0.3795204344390156
6.080501910173793 0.37923066493910823
6.086643831295181 0.3788711001888125
6.092785752416568 0.3784360258823802
6.098927673537956 0.37792006798999395
6.105069594659343 0.3773182325890465
6.111211515780731 0.37662594288620743
6.117353436902119 0.3758390730605014
6.123495358023507 0.37495397859083895
6.1296372791448945 0.3739675227691794
6.135779200266282 0.37287709914229605
6.14192112138767 0.37168064967048514
6.148063042509057 0.3703766784398841
6.154204963630445 0.36896426081574313
6.160346884751832 0.36744304797631033
6.166488805873221 0.3658132668202399
6.172630726994608 0.3640757152938358
6.178772648115996 0.362231753237239
6.1849145692373835 0.3602832889000543
6.191056490358771 0.35823276132614307
6.197198411480159 0.35608311885359556
6.203340332601546 0.35383779401854987
6.209482253722934 0.35150067518986283
6.215624174844322 0.34907607529505774
6.22176609596571 0.3465686980259486
6.227908017087097 0.3439836019344352
6.234049938208485 0.3413261628448129
6.240191859329872 0.3386020350183465
6.24633378045126 0.33581711150865673
6.2524757015726475 0.3329774841426742
6.258617622694035 0.3300894035516438
6.2647595438154235 0.3271592396601194
6.270901464936811 0.324193443018443
6.277043386058199 0.3211985073362915
