delta_wp TPR_A_rho12_imag_RWAanalytical
-4.0 0.026526061901788762
-3.9919839679358717 0.026621098081011707
-3.9839679358717435 0.026716623327984437
-3.975951903807615 0.026812640824015112
-3.967935871743487 0.02690915377446617
-3.9599198396793587 0.027006165408948943
-3.9519038076152304 0.02710367898151977
-3.943887775551102 0.02720169777087749
-3.935871743486974 0.027300225080562533
-3.9278557114228456 0.027399264239157277
-3.9198396793587174 0.027498818600488095
-3.911823647294589 0.027598891543828722
-3.903807615230461 0.027699486474105174
-3.8957915831663326 0.027800606822102097
-3.8877755511022043 0.02790225604467067
-3.879759519038076 0.028004437624937917
-3.8717434869739478 0.028107155072517584
-3.8637274549098195 0.028210411923722402
-3.8557114228456912 0.02831421174177797
-3.847695390781563 0.028418558117038067
-3.8396793587174347 0.02852345466720138
-3.8316633266533064 0.0286289050375299
-3.823647294589178 0.028734912901068693
-3.81563126252505 0.028841481958867137
-3.8076152304609217 0.028948615940201792
-3.799599198396794 0.02905631860280061
-3.791583166332665 0.029164593733068758
-3.7835671342685373 0.02927344514631583
-3.775551102204409 0.02938287668698462
-3.7675350701402808 0.02949289222888137
-3.7595190380761525 0.029603495675407442
-3.7515030060120242 0.029714690959792567
-3.743486973947896 0.02982648204532942
-3.7354709418837677 0.029938872925609848
-3.7274549098196395 0.03005186762476239
-3.719438877755511 0.03016547019769139
-3.711422845691383 0.030279684730317422
-3.7034068136272547 0.0303945153398193
-3.6953907815631264 0.030509966174877404
-3.687374749498998 0.030626041415918525
-3.67935871743487 0.03074274527536202
-3.6713426853707416 0.030860081997867498
-3.6633266533066133 0.030978055860583813
-3.655310621242485 0.031096671173399443
-3.647294589178357 0.031215932279194277
-3.6392785571142285 0.03133584355409277
-3.6312625250501003 0.031456409407718364
-3.623246492985972 0.031577634283449306
-3.6152304609218437 0.031699522658675795
-3.6072144288577155 0.031822079045058335
-3.599198396793587 0.03194530798878746
-3.591182364729459 0.03206921407084465
-3.5831663326653307 0.032193801907264515
-3.5751503006012024 0.03231907614939822
-3.567134268537074 0.032445041484178073
-3.559118236472946 0.03257170263438325
-3.5511022044088176 0.032699064358906765
-3.5430861723446894 0.032827131453023475
-3.535070140280561 0.03295590874865921
-3.527054108216433 0.03308540111466101
-3.5190380761523046 0.0332156134570683
-3.5110220440881763 0.03334655071938518
-3.503006012024048 0.03347821788285364
-3.49498997995992 0.0336106199667277
-3.4869739478957915 0.03374376202854848
-3.4789579158316633 0.03387764916442011
-3.470941883767535 0.03401228650928655
-3.4629258517034067 0.034147679237209065
-3.4549098196392785 0.03428383256164457
-3.44689378757515 0.034420751735724626
-3.438877755511022 0.034558442052535075
-3.4308617234468937 0.03469690884539635
-3.422845691382766 0.03483615748814425
-3.414829659318637 0.034976193395411366
-3.4068136272545093 0.03511702202290878
-3.3987975951903806 0.035258648867708346
-3.390781563126253 0.0354010794685252
-3.382765531062124 0.03554431940600059
-3.3747494989979963 0.03568837430298492
-3.3667334669338675 0.035833249824821015
-3.3587174348697397 0.03597895167962729
-3.350701402805611 0.03612548561858123
-3.342685370741483 0.03627285743620249
-3.3346693386773545 0.03642107297063622
-3.3266533066132267 0.03657013810393578
-3.3186372745490984 0.03672005876234559
-3.31062124248497 0.03687084091658327
-3.302605210420842 0.03702249058212155
-3.2945891783567136 0.03717501381946949
-3.2865731462925853 0.03732841673445314
-3.278557114228457 0.03748270547849546
-3.270541082164329 0.03763788624889538
-3.2625250501002006 0.03779396528910591
-3.2545090180360723 0.037950948889011286
-3.246492985971944 0.03810884338520284
-3.2384769539078158 0.03826765516125371
-3.2304609218436875 0.038427390647992096
-3.2224448897795592 0.03858805632377303
-3.214428857715431 0.03874965871474851
-3.2064128256513027 0.038912204395135847
-3.1983967935871744 0.039075699987484155
-3.190380761523046 0.039240152162938746
-3.182364729458918 0.03940556764150334
-3.1743486973947896 0.03957195319229999
-3.1663326653306614 0.03973931563382642
-3.158316633266533 0.03990766183421087
-3.150300601202405 0.0400769987114639
-3.1422845691382766 0.04024733323372742
-3.1342685370741483 0.04041867241952043
-3.12625250501002 0.040591023337981445
-3.118236472945892 0.040764393109107414
-3.1102204408817635 0.04093878890398882
-3.1022044088176353 0.04111421794504102
-3.094188376753507 0.04129068750623127
-3.0861723446893787 0.041468204913301485
-3.0781563126252505 0.041646777543986484
-3.070140280561122 0.041826412828227306
-3.062124248496994 0.042007118248379584
-3.0541082164328657 0.04218890133941669
-3.0460921843687374 0.04237176968912719
-3.038076152304609 0.0425557309383067
-3.030060120240481 0.04274079278094362
-3.0220440881763526 0.04292696296439847
-3.014028056112225 0.043114249289576766
-3.006012024048096 0.04330265961109492
-2.9979959919839683 0.043492201837438856
-2.9899799599198396 0.04368288393111537
-2.9819639278557117 0.04387471390879535
-2.973947895791583 0.044067699841449044
-2.965931863727455 0.044261849854472776
-2.9579158316633265 0.044457172127806845
-2.9498997995991987 0.04465367489604398
-2.94188376753507 0.0448513664485287
-2.933867735470942 0.045050255129446076
-2.9258517034068134 0.04525034933790076
-2.9178356713426856 0.045451657527984586
-2.909819639278557 0.04565418820883367
-2.901803607214429 0.04585794994467322
-2.8937875751503004 0.04606295135485073
-2.8857715430861726 0.046269201113856406
-2.877755511022044 0.0464767079513307
-2.869739478957916 0.04668548065205817
-2.8617234468937878 0.04689552805594757
-2.8537074148296595 0.047106859057997136
-2.8456913827655312 0.047319482608245075
-2.837675350701403 0.04753340771170422
-2.8296593186372747 0.04774864342828065
-2.8216432865731464 0.047965198872675446
-2.813627254509018 0.048183083214269125
-2.80561122244489 0.048402305676988056
-2.7975951903807617 0.048622875539152254
-2.7895791583166334 0.04884480213330389
-2.781563126252505 0.04906809484601579
-2.773547094188377 0.049292763117679335
-2.7655310621242486 0.04951881644227088
-2.7575150300601203 0.04974626436709616
-2.749498997995992 0.04997511649251166
-2.741482965931864 0.05020538247162246
-2.7334669338677355 0.0504370720099555
-2.7254509018036073 0.05067019486510746
-2.717434869739479 0.0509047608463667
-2.7094188376753507 0.05114077981430786
-2.7014028056112225 0.051378261680358674
-2.693386773547094 0.05161721640633778
-2.685370741482966 0.051857654003962826
-2.6773547094188377 0.052099584534327434
-2.6693386773547094 0.05234301810734657
-2.661322645290581 0.0525879648811688
-2.6533066132264533 0.05283443506155463
-2.6452905811623246 0.053082438901219726
-2.637274549098197 0.05333198669914171
-2.629258517034068 0.053583088799829814
-2.6212424849699403 0.053835755592555476
-2.6132264529058116 0.05408999751054343
-2.6052104208416837 0.05434582503012124
-2.597194388777555 0.05460324866982667
-2.589178356713427 0.054862278989470804
-2.5811623246492985 0.05512292658915625
-2.5731462925851707 0.05538520210824823
-2.565130260521042 0.055649116224298016
-2.557114228456914 0.05591467965191597
-2.5490981963927855 0.0561819031415939
-2.5410821643286576 0.05645079747847405
-2.533066132264529 0.05672137348106387
-2.525050100200401 0.05699364199989417
-2.5170340681362724 0.05726761391611967
-2.5090180360721446 0.05754330014005905
-2.501002004008016 0.05782071160967417
-2.492985971943888 0.05809985928898469
-2.4849699398797593 0.058380754166418025
-2.4769539078156315 0.05866340725309093
-2.468937875751503 0.05894782958102196
-2.460921843687375 0.05923403220127157
-2.4529058116232467 0.059522026182008754
-2.4448897795591185 0.0598118226065008
-2.43687374749499 0.0601034325710248
-2.428857715430862 0.06039686718269795
-2.4208416833667337 0.06069213755722439
-2.4128256513026054 0.060989254816556024
-2.404809619238477 0.061288230086464626
-2.396793587174349 0.0615890744940227
-2.3887775551102206 0.061891799164990303
-2.3807615230460923 0.062196415221104716
-2.372745490981964 0.06250293377727065
-2.364729458917836 0.0628113659386473
-2.3567134268537075 0.06312172279762969
-2.3486973947895793 0.06343401543072091
-2.340681362725451 0.06374825489529198
-2.3326653306613228 0.06406445222622613
-2.3246492985971945 0.06438261843244387
-2.3166332665330662 0.06470276449330555
-2.308617234468938 0.06502490135488753
-2.3006012024048097 0.06534903992612837
-2.2925851703406814 0.06567519107484122
-2.284569138276553 0.06600336562358841
-2.276553106212425 0.06633357434541404
-2.2685370741482966 0.06666582795943081
-2.2605210420841684 0.06700013712625644
-2.25250501002004 0.06733651244329525
-2.2444889779559123 0.06767496443986078
-2.2364729458917836 0.06801550357213447
-2.2284569138276558 0.06835814021795554
-2.220440881763527 0.06870288467143759
-2.2124248496993992 0.06904974713740651
-2.2044088176352705 0.06939873772565466
-2.1963927855711427 0.06974986644500593
-2.188376753507014 0.07010314319718661
-2.180360721442886 0.07045857777049552
-2.1723446893787575 0.07081617983326911
-2.1643286573146296 0.07117595892713391
-2.156312625250501 0.07153792446004188
-2.148296593186373 0.07190208569908108
-2.1402805611222444 0.07226845176305635
-2.1322645290581166 0.07263703161483247
-2.124248496993988 0.073007834053434
-2.11623246492986 0.0733808677058939
-2.1082164328657313 0.07375614101884478
-2.1002004008016035 0.07413366224984463
-2.092184368737475 0.07451343945843028
-2.084168336673347 0.07489548049689021
-2.0761523046092183 0.07527979300074954
-2.0681362725450905 0.0756663843789584
-2.0601202404809618 0.07605526180377604
-2.052104208416834 0.0764464322003416
-2.0440881763527057 0.07683990223592316
-2.0360721442885774 0.07723567830883611
-2.028056112224449 0.07763376653702132
-2.020040080160321 0.07803417274627412
-2.0120240480961926 0.07843690245811415
-2.0040080160320644 0.07884196087728618
-1.9959919839679365 0.07924935287888195
-1.9879759519038078 0.0796590829950725
-1.9799599198396791 0.08007115540144007
-1.9719438877755513 0.08048557390289898
-1.9639278557114235 0.08090234191919456
-1.9559118236472948 0.08132146246996766
-1.947895791583166 0.08174293815937396
-1.9398797595190382 0.08216677116024543
-1.9318637274549104 0.08259296319778232
-1.9238476953907817 0.08302151553276216
-1.915831663326653 0.0834524289442531
-1.9078156312625252 0.08388570371181896
-1.8997995991983974 0.08432133959720181
-1.8917835671342687 0.08475933582546843
-1.88376753507014 0.08519969106560611
-1.8757515030060121 0.085642403410554
-1.8677354709418843 0.0860874703566548
-1.8597194388777556 0.08653488878251125
-1.8517034068136269 0.08698465492723234
-1.843687374749499 0.08743676436805344
-1.8356713426853712 0.08789121199731387
-1.8276553106212425 0.08834799199877562
-1.8196392785571138 0.08880709782326568
-1.811623246492986 0.08926852216362584
-1.8036072144288582 0.08973225692895112
-1.7955911823647295 0.09019829321809977
-1.7875751503006008 0.09066662129245574
-1.779559118236473 0.09113723054792525
-1.7715430861723451 0.09161010948614899
-1.7635270541082164 0.09208524568490871
-1.7555110220440877 0.09256262576771013
-1.74749498997996 0.09304223537252126
-1.739478957915832 0.0935240591196454
-1.7314629258517034 0.09400808057870776
-1.7234468937875755 0.09449428223473483
-1.7154308617234477 0.09498264545330455
-1.707414829659319 0.09547315044474504
-1.6993987975951903 0.09596577622735945
-1.6913827655310625 0.09646050058965451
-1.6833667334669347 0.09695730005154943
-1.675350701402806 0.09745614982454127
-1.6673346693386772 0.09795702377080355
-1.6593186372745494 0.09845989436119336
-1.6513026052104216 0.09896473263214343
-1.643286573146293 0.09947150814141295
-1.6352705410821642 0.09998018892267323
-1.6272545090180364 0.10049074143890246
-1.6192384769539085 0.10100313053456403
-1.6112224448897798 0.10151731938654208
-1.6032064128256511 0.10203326945380876
-1.5951903807615233 0.10255094042579671
-1.5871743486973955 0.1030702901694504
-1.5791583166332668 0.10359127467492928
-1.571142284569138 0.10411384799993616
-1.5631262525050102 0.10463796221264457
-1.5551102204408824 0.10516356733319736
-1.5470941883767537 0.10569061127375005
-1.539078156312625 0.10621903977703169
-1.5310621242484972 0.10674879635339696
-1.5230460921843694 0.1072798222163424
-1.5150300601202407 0.10781205621646009
-1.507014028056112 0.1083454347738024
-1.4989979959919841 0.10887989180863236
-1.4909819639278563 0.1094153586705332
-1.4829659318637276 0.1099517640658519
-1.474949899799599 0.11048903398345196
-1.466933867735471 0.11102709161875121
-1.4589178356713433 0.11156585729602117
-1.4509018036072145 0.11210524838892423
-1.4428857715430858 0.1126451792392674
-1.434869739478958 0.11318556107395138
-1.4268537074148302 0.1137263019200947
-1.4188376753507015 0.11426730651831378
-1.4108216432865728 0.11480847623414157
-1.402805611222445 0.1153497089675688
-1.3947895791583171 0.11589089906069279
-1.3867735470941884 0.11643193720346116
-1.3787575150300597 0.1169727103374991
-1.370741482965932 0.11751310155801208
-1.362725450901804 0.11805299001375645
-1.3547094188376754 0.11859225080507425
-1.3466933867735467 0.11913075487999013
-1.3386773547094188 0.11966836892837264
-1.330661322645291 0.12020495527416356
-1.3226452905811623 0.12074037176568311
-1.3146292585170345 0.12127447166402276
-1.3066132264529067 0.12180710352954159
-1.298597194388778 0.12233811110648446
-1.2905811623246493 0.12286733320574734
-1.2825651302605214 0.12339460358581852
-1.2745490981963936 0.12391975083193009
-1.266533066132265 0.12444259823345916
-1.2585170340681362 0.12496296365962528
-1.2505010020040084 0.1254806594335365
-1.2424849699398806 0.1259954922046432
-1.2344689378757518 0.12650726281966612
-1.2264529058116231 0.1270157661920735
-1.2184368737474953 0.1275207911701905
-1.2104208416833675 0.1280221204040323
-1.2024048096192388 0.12851953021096252
-1.19438877755511 0.12901279044028896
-1.1863727454909823 0.12950166433691873
-1.1783567134268544 0.12998590840420718
-1.1703406813627257 0.13046527226614651
-1.162324649298597 0.1309394985290536
-1.1543086172344692 0.13140832264293012
-1.1462925851703414 0.1318714727626831
-1.1382765531062127 0.1323286696094085
-1.130260521042084 0.13277962633195833
-1.1222444889779561 0.13322404836902868
-1.1142284569138283 0.1336616333120244
-1.1062124248496996 0.13409207076897584
-1.098196392785571 0.13451504222980398
-1.090180360721443 0.13493022093325233
-1.0821643286573153 0.1353372717358272
-1.0741482965931866 0.13573585098311122
-1.0661322645290578 0.13612560638384277
-1.05811623246493 0.13650617688718011
-1.0501002004008022 0.13687719256359787
-1.0420841683366735 0.13723827448989345
-1.0340681362725448 0.13758903463881392
-1.026052104208417 0.13792907577384636
-1.0180360721442892 0.13825799134975117
-1.0100200400801604 0.13857536541945276
-1.0020040080160317 0.13888077254794415
-0.9939879759519039 0.13917377773389977
-0.9859719438877761 0.13945393633973602
-0.9779559118236474 0.13972079403090243
-0.9699398797595187 0.1399738867252343
-0.9619238476953909 0.1402127405532462
-0.953907815631263 0.14043687183029804
-0.9458917835671343 0.1406457870416177
-0.9378757515030056 0.14083898284122173
-0.9298597194388778 0.14101594606583234
-0.92184368737475 0.1411761537649516
-0.9138276553106213 0.14131907324831414
-0.9058116232464934 0.14144416215200778
-0.8977955911823656 0.14155086852461785
-0.8897795591182369 0.14163863093482046
-0.8817635270541082 0.1417068786019253
-0.8737474949899804 0.14175503155093958
-0.8657314629258526 0.1417825007938048
-0.8577154308617239 0.14178868853853527
-0.8496993987975952 0.1417729884280692
-0.8416833667334673 0.14173478581072563
-0.8336673346693395 0.14167345804424458
-0.8256513026052108 0.1415883748354746
-0.8176352705410821 0.14147889861785762
-0.8096192384769543 0.1413443849689493
-0.8016032064128265 0.1411841830703009
-0.7935871743486977 0.1409976362121171
-0.785571142284569 0.14078408234519138
-0.7775551102204412 0.14054285468270653
-0.7695390781563134 0.14027328235457354
-0.7615230460921847 0.13997469111706418
-0.753507014028056 0.1396464041205706
-0.7454909819639282 0.13928774273840142
-0.7374749498998003 0.13889802745959232
-0.7294589178356716 0.1384765788487738
-0.7214428857715429 0.13802271857619353
-0.7134268537074151 0.13753577052103794
-0.7054108216432873 0.1370150619512345
-0.6973947895791586 0.13645992478294064
-0.6893787575150299 0.1358696969229357
-0.681362725450902 0.13524372369712692
-0.6733466933867742 0.13458135936835686
-0.6653306613226455 0.1338819687466583
-0.6573146292585168 0.1331449288950332
-0.649298597194389 0.13236963093374285
-0.6412825651302612 0.13155548194597538
-0.6332665330661325 0.130701906987606
-0.6252505010020037 0.12980835120357903
-0.6172344689378759 0.12887428205321594
-0.6092184368737481 0.12789919164648933
-0.6012024048096194 0.12688259919299205
-0.5931863727454907 0.1258240535649688
-0.5851703406813629 0.1247231359753657
-0.577154308617235 0.12357946277138122
-0.5691382765531063 0.12239268834347221
-0.5611222444889776 0.12116250814916774
-0.5531062124248498 0.11988866185037697
-0.545090180360722 0.11857093656213544
-0.5370741482965933 0.11720917020991581
-0.5290581162324646 0.11580325499172586
-0.5210420841683367 0.11435314094023091
-0.5130260521042089 0.11285883957906495
-0.5050100200400802 0.11132042766633114
-0.4969939879759524 0.10973805101703465
-0.4889779559118246 0.10811192839484099
-0.48096192384769587 0.1064423554621159
-0.47294589178356716 0.10472970877566472
-0.46492985971943934 0.10297444981396675
-0.4569138276553115 0.10117712901999441
-0.4488977955911828 0.09933838984191799
-0.4408817635270541 0.09745897275213479
-0.4328657314629263 0.09553971922313897
-0.42484969939879846 0.09358157563677424
-0.41683366733466976 0.0915855971014003
-0.40881763527054105 0.08955295114947127
-0.4008016032064132 0.08748492128599082
-0.3927855711422854 0.08538291035630045
-0.3847695390781567 0.08324844369969503
-0.376753507014028 0.08108317205347049
-0.36873747494990017 0.0788888741702303
-0.36072144288577235 0.07666745910964297
-0.35270541082164364 0.07442096816438795
-0.34468937875751493 0.0721515763787901
-0.3366733466933871 0.06986159361767368
-0.3286573146292593 0.06755346514230558
-0.3206412825651306 0.06522977164999277
-0.3126252505010019 0.06289322873399199
-0.30460921843687405 0.060546685720936674
-0.29659318637274623 0.05819312384403156
-0.2885771543086175 0.05583565371185002
-0.2805611222444888 0.05347751203473691
-0.272545090180361 0.051122057573610574
-0.2645290581162332 0.0487727662794061
-0.25651302605210446 0.046433225595528815
-0.24849699398797576 0.04410712790051022
-0.24048096192384794 0.041798263073590206
-0.23246492985972012 0.0395105101721874
-0.2244488977955914 0.03724782821714207
-0.2164328657314627 0.03501424608919693
-0.20841683366733488 0.03281385154837794
-0.20040080160320706 0.03065077939669304
-0.19238476953907835 0.028529198813799887
-0.18436873747494964 0.02645329990491373
-0.17635270541082182 0.024427279510130247
-0.168336673346694 0.022455326334400748
-0.1603206412825653 0.020541605467478165
-0.15230460921843658 0.018690242373101563
-0.14428857715430876 0.016905306436347182
-0.13627254509018094 0.01519079416727605
-0.12825651302605223 0.013550612167574402
-0.12024048096192352 0.011988559974638937
-0.1122244488977957 0.010508312904334351
-0.10420841683366788 0.009113405019279154
-0.09619238476953917 0.007807212353838243
-0.08817635270541135 0.006592936529878251
-0.08016032064128353 0.005473588898654581
-0.07214428857715482 0.004451975343853995
-0.06412825651302612 0.0035306818787308124
-0.056112224448898296 0.002712061166421986
-0.048096192384770475 0.0019982200868931825
-0.04008016032064177 0.0013910084665811576
-0.03206412825651306 0.0008920090777204894
-0.024048096192385238 0.0005025290036744807
-0.016032064128257417 0.00022359245446149507
-0.008016032064128709 5.59351032418258e-05
0.0 0.0
0.00801603206412782 5.593510324181342e-05
0.01603206412825653 0.0002235924544614703
0.02404809619238435 0.0005025290036744435
0.03206412825651306 0.0008920090777204894
0.04008016032064088 0.001391008466581096
0.04809619238476959 0.0019982200868931092
0.05611222444889741 0.002712061166421901
0.06412825651302612 0.0035306818787308124
0.07214428857715394 0.004451975343853887
0.08016032064128265 0.005473588898654463
0.08817635270541047 0.006592936529878122
0.09619238476953917 0.007807212353838243
0.104208416833667 0.009113405019279005
0.11222444889779482 0.010508312904334191
0.12024048096192352 0.011988559974638937
0.12825651302605134 0.013550612167574229
0.13627254509018005 0.015190794167275866
0.14428857715430787 0.016905306436346988
0.15230460921843658 0.018690242373101563
0.1603206412825644 0.020541605467477957
0.1683366733466931 0.02245532633440053
0.17635270541082093 0.024427279510130025
0.18436873747494964 0.02645329990491373
0.19238476953907746 0.02852919881379966
0.20040080160320617 0.030650779396692803
0.208416833667334 0.032813851548377695
0.2164328657314627 0.03501424608919693
0.22444889779559052 0.03724782821714183
0.23246492985971923 0.03951051017218714
0.24048096192384705 0.041798263073589956
0.24849699398797576 0.04410712790051022
0.2565130260521036 0.04643322559552856
0.2645290581162323 0.04877276627940583
0.2725450901803601 0.05112205757361032
0.2805611222444888 0.05347751203473691
0.28857715430861663 0.05583565371184976
0.29659318637274534 0.058193123844031296
0.30460921843687316 0.060546685720936404
0.3126252505010019 0.06289322873399199
0.3206412825651297 0.06522977164999251
0.3286573146292584 0.06755346514230533
0.3366733466933862 0.06986159361767341
0.34468937875751493 0.0721515763787901
0.35270541082164275 0.0744209681643877
0.36072144288577146 0.07666745910964273
0.3687374749498993 0.07888887417023005
0.376753507014028 0.08108317205347049
0.3847695390781558 0.08324844369969478
0.3927855711422845 0.08538291035630022
0.40080160320641234 0.08748492128599059
0.40881763527054105 0.08955295114947127
0.41683366733466887 0.09158559710140005
0.4248496993987976 0.09358157563677402
0.4328657314629254 0.09553971922313877
0.4408817635270541 0.09745897275213479
0.4488977955911819 0.09933838984191777
0.45691382765531063 0.1011771290199942
0.46492985971943845 0.10297444981396654
0.47294589178356716 0.10472970877566472
0.480961923847695 0.10644235546211572
0.4889779559118237 0.10811192839484078
0.4969939879759515 0.10973805101703447
0.5050100200400802 0.11132042766633114
0.513026052104208 0.11285883957906478
0.5210420841683359 0.11435314094023073
0.5290581162324646 0.11580325499172586
0.5370741482965924 0.11720917020991564
0.5450901803607211 0.11857093656213527
0.5531062124248489 0.11988866185037679
0.5611222444889776 0.12116250814916774
0.5691382765531054 0.12239268834347206
0.5771543086172342 0.1235794627713811
0.585170340681362 0.12472313597536558
0.5931863727454907 0.1258240535649688
0.6012024048096185 0.12688259919299194
0.6092184368737472 0.12789919164648922
0.617234468937875 0.12887428205321583
0.6252505010020037 0.12980835120357903
0.6332665330661316 0.1307019069876059
0.6412825651302603 0.13155548194597527
0.6492985971943881 0.13236963093374274
0.6573146292585168 0.1331449288950332
0.6653306613226446 0.13388196874665823
0.6733466933867733 0.1345813593683568
0.6813627254509012 0.13524372369712687
0.6893787575150299 0.1358696969229357
0.6973947895791577 0.13645992478294056
0.7054108216432864 0.13701506195123445
0.7134268537074142 0.13753577052103785
0.7214428857715429 0.13802271857619353
0.7294589178356707 0.13847657884877373
0.7374749498997994 0.13889802745959223
0.7454909819639273 0.13928774273840136
0.753507014028056 0.1396464041205706
0.7615230460921838 0.13997469111706412
0.7695390781563125 0.1402732823545735
0.7775551102204403 0.14054285468270653
0.785571142284569 0.14078408234519138
0.7935871743486969 0.14099763621211708
0.8016032064128256 0.14118418307030087
0.8096192384769534 0.14134438496894927
0.8176352705410821 0.14147889861785762
0.8256513026052099 0.14158837483547457
0.8336673346693386 0.14167345804424458
0.8416833667334664 0.1417347858107256
0.8496993987975952 0.1417729884280692
0.857715430861723 0.14178868853853527
0.8657314629258517 0.1417825007938048
0.8737474949899795 0.14175503155093958
0.8817635270541082 0.1417068786019253
0.889779559118236 0.14163863093482046
0.8977955911823647 0.14155086852461785
0.9058116232464926 0.14144416215200784
0.9138276553106213 0.14131907324831414
0.9218436873747491 0.14117615376495163
0.9298597194388769 0.14101594606583237
0.9378757515030056 0.14083898284122173
0.9458917835671334 0.14064578704161773
0.9539078156312621 0.14043687183029807
0.96192384769539 0.14021274055324623
0.9699398797595187 0.1399738867252343
0.9779559118236465 0.13972079403090246
0.9859719438877752 0.13945393633973605
0.993987975951903 0.13917377773389983
1.0020040080160317 0.13888077254794415
1.0100200400801596 0.13857536541945278
1.0180360721442883 0.13825799134975122
1.026052104208416 0.13792907577384642
1.0340681362725448 0.13758903463881392
1.0420841683366726 0.1372382744898935
1.0501002004008013 0.1368771925635979
1.0581162324649291 0.13650617688718011
1.0661322645290578 0.13612560638384277
1.0741482965931857 0.13573585098311125
1.0821643286573144 0.13533727173582724
1.0901803607214422 0.13493022093325238
1.098196392785571 0.13451504222980398
1.1062124248496987 0.1340920707689759
1.1142284569138274 0.13366163331202446
1.1222444889779553 0.13322404836902874
1.130260521042084 0.13277962633195833
1.1382765531062118 0.13232866960940853
1.1462925851703405 0.13187147276268316
1.1543086172344683 0.13140832264293018
1.162324649298597 0.1309394985290536
1.1703406813627248 0.13046527226614657
1.1783567134268536 0.12998590840420723
1.1863727454909814 0.12950166433691876
1.19438877755511 0.12901279044028896
1.202404809619238 0.12851953021096257
1.2104208416833666 0.12802212040403232
1.2184368737474944 0.12752079117019055
1.2264529058116231 0.1270157661920735
1.234468937875751 0.12650726281966618
1.2424849699398797 0.12599549220464323
1.2505010020040075 0.12548065943353656
1.2585170340681362 0.12496296365962528
1.266533066132264 0.12444259823345923
1.2745490981963927 0.12391975083193014
1.2825651302605205 0.1233946035858186
1.2905811623246493 0.12286733320574734
1.298597194388777 0.1223381111064845
1.3066132264529058 0.12180710352954166
1.3146292585170336 0.12127447166402283
1.3226452905811623 0.12074037176568311
1.3306613226452901 0.12020495527416362
1.338677354709418 0.11966836892837268
1.3466933867735467 0.11913075487999013
1.3547094188376745 0.1185922508050743
1.3627254509018032 0.11805299001375652
1.370741482965931 0.11751310155801215
1.3787575150300597 0.1169727103374991
1.3867735470941875 0.1164319372034612
1.3947895791583163 0.11589089906069283
1.402805611222444 0.11534970896756884
1.4108216432865728 0.11480847623414157
1.4188376753507006 0.11426730651831386
1.4268537074148293 0.11372630192009475
1.4348697394789571 0.11318556107395145
1.4428857715430858 0.1126451792392674
1.4509018036072137 0.11210524838892427
1.4589178356713424 0.11156585729602121
1.4669338677354702 0.11102709161875127
1.474949899799599 0.11048903398345196
1.4829659318637267 0.10995176406585194
1.4909819639278554 0.10941535867053326
1.4989979959919832 0.10887989180863243
1.507014028056112 0.1083454347738024
1.5150300601202398 0.10781205621646014
1.5230460921843685 0.10727982221634245
1.5310621242484963 0.10674879635339701
1.539078156312625 0.10621903977703169
1.5470941883767528 0.10569061127375012
1.5551102204408815 0.10516356733319743
1.5631262525050094 0.10463796221264461
1.571142284569138 0.10411384799993616
1.579158316633266 0.10359127467492933
1.5871743486973946 0.10307029016945045
1.5951903807615224 0.10255094042579675
1.6032064128256511 0.10203326945380876
1.611222444889779 0.10151731938654214
1.6192384769539077 0.10100313053456411
1.6272545090180355 0.10049074143890255
1.6352705410821642 0.09998018892267323
1.643286573146292 0.09947150814141299
1.6513026052104207 0.09896473263214346
1.6593186372745485 0.09845989436119343
1.6673346693386772 0.09795702377080355
1.675350701402805 0.09745614982454133
1.6833667334669338 0.09695730005154948
1.6913827655310616 0.09646050058965457
1.6993987975951903 0.09596577622735945
1.7074148296593181 0.09547315044474508
1.7154308617234468 0.09498264545330462
1.7234468937875747 0.09449428223473488
1.7314629258517034 0.09400808057870776
1.7394789579158312 0.09352405911964544
1.747494989979959 0.09304223537252133
1.7555110220440877 0.09256262576771013
1.7635270541082155 0.09208524568490874
1.7715430861723442 0.09161010948614902
1.779559118236472 0.09113723054792532
1.7875751503006008 0.09066662129245574
1.7955911823647286 0.09019829321809984
1.8036072144288573 0.08973225692895118
1.8116232464929851 0.08926852216362591
1.8196392785571138 0.08880709782326568
1.8276553106212416 0.08834799199877567
1.8356713426853704 0.08789121199731392
1.8436873747494982 0.08743676436805348
1.8517034068136269 0.08698465492723234
1.8597194388777547 0.08653488878251134
1.8677354709418834 0.08608747035665486
1.8757515030060112 0.08564240341055405
1.88376753507014 0.08519969106560611
1.8917835671342678 0.08475933582546849
1.8997995991983965 0.08432133959720187
1.9078156312625243 0.083885703711819
1.915831663326653 0.0834524289442531
1.9238476953907808 0.08302151553276221
1.9318637274549095 0.08259296319778238
1.9398797595190373 0.08216677116024546
1.947895791583166 0.08174293815937396
1.9559118236472939 0.08132146246996771
1.9639278557114226 0.08090234191919461
1.9719438877755504 0.08048557390289902
1.9799599198396791 0.08007115540144007
1.987975951903807 0.07965908299507256
1.9959919839679356 0.07924935287888199
2.0040080160320635 0.07884196087728622
2.012024048096192 0.07843690245811416
2.020040080160321 0.07803417274627412
2.028056112224448 0.07763376653702139
2.0360721442885765 0.07723567830883615
2.0440881763527052 0.07683990223592319
2.052104208416832 0.07644643220034168
2.0601202404809627 0.07605526180377602
2.0681362725450896 0.07566638437895845
2.0761523046092183 0.07527979300074954
2.084168336673347 0.07489548049689021
2.092184368737474 0.07451343945843034
2.1002004008016026 0.07413366224984468
2.1082164328657313 0.07375614101884478
2.1162324649298583 0.07338086770589396
2.1242484969939888 0.07300783405343397
2.1322645290581157 0.07263703161483251
2.1402805611222444 0.07226845176305635
2.148296593186373 0.07190208569908108
2.1563126252505 0.07153792446004192
2.1643286573146288 0.07117595892713395
2.1723446893787575 0.07081617983326911
2.1803607214428844 0.0704585777704956
2.188376753507013 0.07010314319718665
2.196392785571142 0.06974986644500598
2.2044088176352687 0.06939873772565475
2.2124248496993992 0.06904974713740651
2.220440881763526 0.06870288467143765
2.228456913827655 0.06835814021795557
2.2364729458917836 0.06801550357213447
2.2444889779559105 0.06767496443986086
2.2525050100200392 0.06733651244329528
2.260521042084168 0.06700013712625645
2.268537074148295 0.06666582795943089
2.2765531062124253 0.06633357434541402
2.2845691382765523 0.06600336562358844
2.292585170340681 0.06567519107484125
2.3006012024048097 0.06534903992612837
2.3086172344689366 0.06502490135488757
2.3166332665330653 0.06470276449330559
2.324649298597194 0.06438261843244387
2.332665330661321 0.06406445222622618
2.3406813627254515 0.06374825489529196
2.3486973947895784 0.06343401543072094
2.356713426853707 0.0631217227976297
2.364729458917836 0.0628113659386473
2.3727454909819627 0.0625029337772707
2.3807615230460915 0.06219641522110476
2.38877755511022 0.06189179916499031
2.396793587174347 0.061589074494022775
2.4048096192384776 0.0612882300864646
2.4128256513026045 0.06098925481655605
2.420841683366733 0.060692137557224406
2.428857715430862 0.06039686718269795
2.436873747494989 0.060103432571024844
2.4448897795591176 0.059811822606500836
2.4529058116232463 0.05952202618200876
2.460921843687373 0.05923403220127164
2.4689378757515037 0.05894782958102194
2.4769539078156306 0.058663407253090966
2.4849699398797593 0.058380754166418025
2.492985971943888 0.05809985928898469
2.501002004008015 0.05782071160967419
2.5090180360721437 0.05754330014005909
2.5170340681362724 0.05726761391611967
2.5250501002003993 0.05699364199989423
2.53306613226453 0.05672137348106385
2.5410821643286567 0.05645079747847408
2.5490981963927855 0.0561819031415939
2.557114228456914 0.05591467965191597
2.565130260521041 0.05564911622429806
2.57314629258517 0.055385202108248266
2.5811623246492985 0.05512292658915625
2.5891783567134254 0.054862278989470874
2.597194388777554 0.05460324866982671
2.605210420841683 0.054345825030121274
2.61322645290581 0.05408999751054348
2.6212424849699403 0.053835755592555476
2.629258517034067 0.05358308879982984
2.637274549098196 0.05333198669914175
2.6452905811623246 0.053082438901219726
2.6533066132264516 0.05283443506155468
2.6613226452905803 0.052587964881168826
2.669338677354709 0.05234301810734658
2.677354709418836 0.05209958453432748
2.6853707414829664 0.051857654003962826
2.6933867735470933 0.05161721640633782
2.701402805611222 0.05137826168035868
2.7094188376753507 0.05114077981430786
2.7174348697394777 0.05090476084636674
2.7254509018036064 0.05067019486510749
2.733466933867735 0.05043707200995551
2.741482965931862 0.050205382471622526
2.7494989979959925 0.04997511649251164
2.7575150300601194 0.04974626436709617
2.765531062124248 0.04951881644227089
2.773547094188377 0.049292763117679335
2.781563126252504 0.049068094846015826
2.7895791583166325 0.04884480213330391
2.797595190380761 0.048622875539152274
2.805611222444888 0.0484023056769881
2.8136272545090186 0.04818308321426911
2.8216432865731456 0.04796519887267547
2.8296593186372743 0.047748643428280654
2.837675350701403 0.04753340771170422
2.84569138276553 0.04731948260824512
2.8537074148296586 0.04710685905799716
2.8617234468937873 0.04689552805594757
2.8697394789579143 0.04668548065205823
2.8777555110220447 0.04647670795133068
2.8857715430861717 0.046269201113856434
2.8937875751503004 0.04606295135485073
2.901803607214429 0.04585794994467322
2.909819639278556 0.0456541882088337
2.9178356713426847 0.045451657527984614
2.9258517034068134 0.04525034933790076
2.9338677354709404 0.045050255129446125
2.941883767535071 0.04485136644852868
2.949899799599198 0.044653674896044
2.9579158316633265 0.044457172127806845
2.965931863727455 0.044261849854472776
2.973947895791582 0.04406769984144907
2.981963927855711 0.04387471390879537
2.9899799599198396 0.04368288393111537
2.9979959919839665 0.0434922018374389
3.006012024048095 0.04330265961109493
3.014028056112224 0.04311424928957679
3.022044088176351 0.04292696296439852
3.0300601202404813 0.042740792780943615
3.0380761523046083 0.04255573093830673
3.046092184368737 0.04237176968912719
3.0541082164328657 0.04218890133941669
3.0621242484969926 0.04200711824837962
3.0701402805611213 0.04182641282822733
3.07815631262525 0.0416467775439865
3.086172344689377 0.04146820491330153
3.0941883767535074 0.04129068750623125
3.1022044088176344 0.04111421794504104
3.110220440881763 0.04093878890398883
3.118236472945892 0.040764393109107414
3.1262525050100187 0.04059102333798147
3.1342685370741474 0.040418672419520456
3.142284569138276 0.04024733323372743
3.150300601202403 0.04007699871146393
3.1583166332665336 0.03990766183421086
3.1663326653306605 0.03973931563382643
3.174348697394789 0.039571953192299995
3.182364729458918 0.03940556764150334
3.190380761523045 0.03924015216293877
3.1983967935871735 0.03907569998748418
3.2064128256513023 0.03891220439513585
3.214428857715429 0.03874965871474853
3.2224448897795597 0.03858805632377301
3.2304609218436866 0.03842739064799211
3.2384769539078153 0.03826765516125372
3.246492985971944 0.03810884338520284
3.254509018036071 0.037950948889011314
3.2625250501001997 0.037793965289105926
3.2705410821643284 0.03763788624889538
3.2785571142284553 0.03748270547849549
3.286573146292586 0.037328416734453126
3.2945891783567127 0.037175013819469506
3.3026052104208414 0.03702249058212156
3.31062124248497 0.03687084091658327
3.318637274549097 0.03672005876234561
3.326653306613226 0.03657013810393579
3.3346693386773545 0.03642107297063622
3.3426853707414814 0.036272857436202524
3.350701402805612 0.036125485618581206
3.358717434869739 0.0359789516796273
3.3667334669338675 0.035833249824821015
3.3747494989979963 0.03568837430298492
3.382765531062123 0.035544319406000606
3.390781563126252 0.03540107946852521
3.3987975951903806 0.035258648867708346
3.4068136272545075 0.035117022022908805
3.4148296593186362 0.03497619339541138
3.422845691382765 0.03483615748814427
3.430861723446892 0.034696908845396376
3.4388777555110224 0.03455844205253507
3.4468937875751493 0.03442075173572463
3.454909819639278 0.03428383256164457
3.4629258517034067 0.034147679237209065
3.4709418837675337 0.034012286509286574
3.4789579158316624 0.03387764916442012
3.486973947895791 0.03374376202854848
3.494989979959918 0.03361061996672773
3.5030060120240485 0.033478217882853635
3.5110220440881754 0.03334655071938519
3.519038076152304 0.033215613457068305
3.527054108216433 0.03308540111466101
3.5350701402805598 0.03295590874865923
3.5430861723446885 0.03282713145302349
3.551102204408817 0.03269906435890678
3.559118236472944 0.03257170263438328
3.5671342685370746 0.03244504148417807
3.5751503006012015 0.03231907614939824
3.5831663326653302 0.032193801907264515
3.591182364729459 0.03206921407084465
3.599198396793586 0.03194530798878748
3.6072144288577146 0.03182207904505835
3.6152304609218433 0.0316995226586758
3.6232464929859702 0.031577634283449334
3.6312625250501007 0.03145640940771836
3.6392785571142277 0.03133584355409278
3.6472945891783564 0.031215932279194284
3.655310621242485 0.031096671173399443
3.663326653306612 0.03097805586058383
3.6713426853707407 0.03086008199786752
3.6793587174348694 0.030742745275362027
3.6873747494989964 0.030626041415918542
3.695390781563127 0.030509966174877397
3.7034068136272538 0.03039451533981931
3.7114228456913825 0.03027968473031743
3.719438877755511 0.03016547019769139
3.727454909819638 0.030051867624762415
3.735470941883767 0.029938872925609854
3.7434869739478955 0.029826482045329426
3.7515030060120225 0.02971469095979259
3.759519038076153 0.02960349567540744
3.76753507014028 0.029492892228881382
3.7755511022044086 0.029382876686984628
3.7835671342685373 0.02927344514631583
3.7915831663326642 0.029164593733068775
3.799599198396793 0.029056318602800623
3.8076152304609217 0.028948615940201792
3.8156312625250486 0.028841481958867158
3.8236472945891773 0.0287349129010687
3.831663326653306 0.02862890503752991
3.839679358717433 0.028523454667201395
3.8476953907815634 0.028418558117038056
3.8557114228456904 0.028314211741777992
3.863727454909819 0.028210411923722405
3.8717434869739478 0.028107155072517584
3.8797595190380747 0.028004437624937942
3.8877755511022034 0.02790225604467068
3.895791583166332 0.027800606822102104
3.903807615230459 0.027699486474105195
3.9118236472945895 0.027598891543828715
3.9198396793587165 0.027498818600488105
3.927855711422845 0.027399264239157284
3.935871743486974 0.027300225080562533
3.943887775551101 0.02720169777087751
3.9519038076152295 0.027103678981519778
3.9599198396793582 0.027006165408948946
3.967935871743485 0.026909153774466187
3.9759519038076157 0.026812640824015105
3.9839679358717426 0.026716623327984444
3.9919839679358713 0.02662109808101171
4.0 0.026526061901788762
