delta_wp TPR_A_rho12_imag
-4.0 -0.02355355743120945
-3.75 -0.026878930471874975
-3.5 -0.03059005859529387
-3.25 -0.034902346165237734
-3.0 -0.039966807403543164
-2.75 -0.046025579112774974
-2.5 -0.05334697641290362
-2.25 -0.062236396484412364
-2.0 -0.07212169710313925
-1.75 -0.08594891572166571
-1.5 -0.10104186729518339
-1.25 -0.11725615638915278
-1.0 -0.13109800085864382
-0.75 -0.13339212476864062
-0.5 -0.10664854693599658
-0.25 -0.0429312752625453
0.0 -0.004495784774707251
0.25 -0.052336554784623054
0.5 -0.11589687930676766
0.75 -0.14445398284915717
1.0 -0.14416656037023803
1.25 -0.13056112579220613
1.5 -0.1132762064248999
1.75 -0.0966218697182558
2.0 -0.08207308802466422
2.25 -0.06986666053311709
2.5 -0.05979129135160307
2.75 -0.05150936869844533
3.0 -0.04468970952247783
3.25 -0.03904709374720932
3.5 -0.03434889905448482
3.75 -0.030409874483545707
4.0 -0.027083883780835323
