delta_wp TPR_A_rho12_imag
-4.0 -0.02652606189938413
-3.75 -0.029735606282582178
-3.5 -0.03352778226784147
-3.25 -0.03803965204992659
-3.0 -0.04344470972835501
-2.75 -0.049960771911612696
-2.5 -0.05785550989392707
-2.25 -0.06744205511729694
-2.0 -0.0790453648878873
-1.75 -0.09289211877952565
-1.5 -0.10881302802127808
-1.25 -0.12551292239520065
-1.0 -0.13895520373001946
-0.75 -0.1394932672866176
-0.5 -0.11033658212826102
-0.25 -0.04454207409915239
0.0 -3.731628174051904e-13
0.25 -0.04454207409921261
0.5 -0.11033658212863219
0.75 -0.13949326728698203
1.0 -0.13895520373021852
1.25 -0.12551292239548814
1.5 -0.10881302802123598
1.75 -0.09289211878021765
2.0 -0.07904536488828554
2.25 -0.0674420551176043
2.5 -0.05785550989412701
2.75 -0.04996077191175827
3.0 -0.04344470972794049
3.25 -0.038039652049930525
3.5 -0.03352778226742947
3.75 -0.029735606282520227
4.0 -0.026526061899297643
