delta_wp TPR_A_rho12_real
-4.0 0.10792896142541984
-3.75 0.11288178688408218
-3.5 0.11809241179711119
-3.25 0.12349981155031066
-3.0 0.12898353223801423
-2.75 0.13432324050418812
-2.5 0.13913093018915124
-2.25 0.14273736287234715
-2.0 0.1440040136948545
-1.75 0.14102280817237967
-1.5 0.13068253765287716
-1.25 0.10822120525514198
-1.0 0.06748834842228103
-0.75 0.0046791425795250285
-0.5 -0.06703818442562545
-0.25 -0.08929044833089406
0.0 -2.3991717596267944e-13
0.25 0.0892904483307427
0.5 0.06703818442561557
0.75 -0.004679142579654259
1.0 -0.06748834842240464
1.25 -0.10822120525556286
1.5 -0.13068253765293444
1.75 -0.14102280817365234
2.0 -0.14400401369595925
2.25 -0.1427373628733941
2.5 -0.13913093019013006
2.75 -0.13432324050503697
3.0 -0.12898353223738812
3.25 -0.12349981155092485
3.5 -0.11809241179632658
3.75 -0.11288178688450597
4.0 -0.10792896142573828
