delta_wp TPR_A_rho12_real
-4.0 0.10019482472404155
-3.75 0.10387943085240733
-3.5 0.11071722749128347
-3.25 0.11708125652288012
-3.0 0.12302243298345654
-2.75 0.12870279655878372
-2.5 0.13391915461160764
-2.25 0.1381388441387959
-2.0 0.13938077065367127
-1.75 0.13905444932555167
-1.5 0.13118128519572936
-1.25 0.11225166443907511
-1.0 0.07581098582811027
-0.75 0.01641718216782885
-0.5 -0.055527073089897065
-0.25 -0.07972056715880543
0.0 0.008865094794559476
0.25 0.09315030403521384
0.5 0.07182332672293767
0.75 0.002390686352525269
1.0 -0.061054205361105764
1.25 -0.10379731321185368
1.5 -0.1281634504552766
1.75 -0.13985963948993138
2.0 -0.14367937861894975
2.25 -0.1429003885602053
2.5 -0.13954464679018588
2.75 -0.13484915012127352
3.0 -0.1295419678605095
3.25 -0.12404691764878158
3.5 -0.11860557402425125
3.75 -0.1133507421656987
4.0 -0.10835047791675637
